scenario_id,ue_id,user_index,rb_index,rate_kbps,sinr_db,cqi
simu5g_00000000,0,0,0,1160.0,,15.0
simu5g_00000000,0,0,1,528.0,,8.0
simu5g_00000000,0,0,2,1160.0,,15.0
simu5g_00000000,0,0,3,984.0,,13.0
simu5g_00000000,0,0,4,1128.0,,14.0
simu5g_00000000,0,0,5,984.0,,13.0
simu5g_00000000,0,0,6,984.0,,13.0
simu5g_00000000,0,0,7,1160.0,,15.0
simu5g_00000000,0,0,8,808.0,,11.0
simu5g_00000000,0,0,9,1128.0,,14.0
simu5g_00000000,0,0,10,1128.0,,14.0
simu5g_00000000,0,0,11,1160.0,,15.0
simu5g_00000000,0,0,12,1128.0,,14.0
simu5g_00000000,0,0,13,1128.0,,14.0
simu5g_00000000,0,0,14,1128.0,,14.0
simu5g_00000000,0,0,15,1160.0,,15.0
simu5g_00000000,0,0,16,984.0,,13.0
simu5g_00000000,0,0,17,1160.0,,15.0
simu5g_00000000,0,0,18,1160.0,,15.0
simu5g_00000000,0,0,19,1128.0,,14.0
simu5g_00000000,0,0,20,1160.0,,15.0
simu5g_00000000,0,0,21,888.0,,12.0
simu5g_00000000,0,0,22,1160.0,,15.0
simu5g_00000000,0,0,23,1160.0,,15.0
simu5g_00000000,0,0,24,984.0,,13.0
simu5g_00000001,0,0,0,1160.0,,15.0
simu5g_00000001,0,0,1,528.0,,8.0
simu5g_00000001,0,0,2,1160.0,,15.0
simu5g_00000001,0,0,3,984.0,,13.0
simu5g_00000001,0,0,4,1128.0,,14.0
simu5g_00000001,0,0,5,984.0,,13.0
simu5g_00000001,0,0,6,984.0,,13.0
simu5g_00000001,0,0,7,1160.0,,15.0
simu5g_00000001,0,0,8,808.0,,11.0
simu5g_00000001,0,0,9,1128.0,,14.0
simu5g_00000001,0,0,10,1128.0,,14.0
simu5g_00000001,0,0,11,1160.0,,15.0
simu5g_00000001,0,0,12,1128.0,,14.0
simu5g_00000001,0,0,13,1128.0,,14.0
simu5g_00000001,0,0,14,1128.0,,14.0
simu5g_00000001,0,0,15,1160.0,,15.0
simu5g_00000001,0,0,16,984.0,,13.0
simu5g_00000001,0,0,17,1160.0,,15.0
simu5g_00000001,0,0,18,1160.0,,15.0
simu5g_00000001,0,0,19,1128.0,,14.0
simu5g_00000001,0,0,20,1160.0,,15.0
simu5g_00000001,0,0,21,888.0,,12.0
simu5g_00000001,0,0,22,1160.0,,15.0
simu5g_00000001,0,0,23,1160.0,,15.0
simu5g_00000001,0,0,24,984.0,,13.0
simu5g_00000002,0,0,0,1160.0,,15.0
simu5g_00000002,0,0,1,528.0,,8.0
simu5g_00000002,0,0,2,1160.0,,15.0
simu5g_00000002,0,0,3,984.0,,13.0
simu5g_00000002,0,0,4,1128.0,,14.0
simu5g_00000002,0,0,5,984.0,,13.0
simu5g_00000002,0,0,6,984.0,,13.0
simu5g_00000002,0,0,7,1160.0,,15.0
simu5g_00000002,0,0,8,808.0,,11.0
simu5g_00000002,0,0,9,1128.0,,14.0
simu5g_00000002,0,0,10,1128.0,,14.0
simu5g_00000002,0,0,11,1160.0,,15.0
simu5g_00000002,0,0,12,1128.0,,14.0
simu5g_00000002,0,0,13,1128.0,,14.0
simu5g_00000002,0,0,14,1128.0,,14.0
simu5g_00000002,0,0,15,1160.0,,15.0
simu5g_00000002,0,0,16,1128.0,,14.0
simu5g_00000002,0,0,17,1160.0,,15.0
simu5g_00000002,0,0,18,1160.0,,15.0
simu5g_00000002,0,0,19,1128.0,,14.0
simu5g_00000002,0,0,20,1160.0,,15.0
simu5g_00000002,0,0,21,888.0,,12.0
simu5g_00000002,0,0,22,1160.0,,15.0
simu5g_00000002,0,0,23,1160.0,,15.0
simu5g_00000002,0,0,24,984.0,,13.0
simu5g_00000003,0,0,0,1160.0,,15.0
simu5g_00000003,0,0,1,528.0,,8.0
simu5g_00000003,0,0,2,1160.0,,15.0
simu5g_00000003,0,0,3,984.0,,13.0
simu5g_00000003,0,0,4,1128.0,,14.0
simu5g_00000003,0,0,5,984.0,,13.0
simu5g_00000003,0,0,6,984.0,,13.0
simu5g_00000003,0,0,7,1160.0,,15.0
simu5g_00000003,0,0,8,808.0,,11.0
simu5g_00000003,0,0,9,1128.0,,14.0
simu5g_00000003,0,0,10,1128.0,,14.0
simu5g_00000003,0,0,11,1160.0,,15.0
simu5g_00000003,0,0,12,1128.0,,14.0
simu5g_00000003,0,0,13,1128.0,,14.0
simu5g_00000003,0,0,14,1128.0,,14.0
simu5g_00000003,0,0,15,1160.0,,15.0
simu5g_00000003,0,0,16,1128.0,,14.0
simu5g_00000003,0,0,17,1160.0,,15.0
simu5g_00000003,0,0,18,1160.0,,15.0
simu5g_00000003,0,0,19,1128.0,,14.0
simu5g_00000003,0,0,20,1160.0,,15.0
simu5g_00000003,0,0,21,888.0,,12.0
simu5g_00000003,0,0,22,1160.0,,15.0
simu5g_00000003,0,0,23,1160.0,,15.0
simu5g_00000003,0,0,24,984.0,,13.0
simu5g_00000004,0,0,0,1160.0,,15.0
simu5g_00000004,0,0,1,528.0,,8.0
simu5g_00000004,0,0,2,1160.0,,15.0
simu5g_00000004,0,0,3,984.0,,13.0
simu5g_00000004,0,0,4,1128.0,,14.0
simu5g_00000004,0,0,5,984.0,,13.0
simu5g_00000004,0,0,6,984.0,,13.0
simu5g_00000004,0,0,7,1160.0,,15.0
simu5g_00000004,0,0,8,808.0,,11.0
simu5g_00000004,0,0,9,1128.0,,14.0
simu5g_00000004,0,0,10,1128.0,,14.0
simu5g_00000004,0,0,11,1160.0,,15.0
simu5g_00000004,0,0,12,1128.0,,14.0
simu5g_00000004,0,0,13,1128.0,,14.0
simu5g_00000004,0,0,14,1128.0,,14.0
simu5g_00000004,0,0,15,1160.0,,15.0
simu5g_00000004,0,0,16,1128.0,,14.0
simu5g_00000004,0,0,17,1160.0,,15.0
simu5g_00000004,0,0,18,1160.0,,15.0
simu5g_00000004,0,0,19,1128.0,,14.0
simu5g_00000004,0,0,20,1160.0,,15.0
simu5g_00000004,0,0,21,888.0,,12.0
simu5g_00000004,0,0,22,1160.0,,15.0
simu5g_00000004,0,0,23,1160.0,,15.0
simu5g_00000004,0,0,24,984.0,,13.0
simu5g_00000005,0,0,0,1160.0,,15.0
simu5g_00000005,0,0,1,528.0,,8.0
simu5g_00000005,0,0,2,1160.0,,15.0
simu5g_00000005,0,0,3,984.0,,13.0
simu5g_00000005,0,0,4,1128.0,,14.0
simu5g_00000005,0,0,5,984.0,,13.0
simu5g_00000005,0,0,6,984.0,,13.0
simu5g_00000005,0,0,7,1160.0,,15.0
simu5g_00000005,0,0,8,808.0,,11.0
simu5g_00000005,0,0,9,1128.0,,14.0
simu5g_00000005,0,0,10,1128.0,,14.0
simu5g_00000005,0,0,11,1160.0,,15.0
simu5g_00000005,0,0,12,1128.0,,14.0
simu5g_00000005,0,0,13,1128.0,,14.0
simu5g_00000005,0,0,14,1128.0,,14.0
simu5g_00000005,0,0,15,1160.0,,15.0
simu5g_00000005,0,0,16,1128.0,,14.0
simu5g_00000005,0,0,17,1160.0,,15.0
simu5g_00000005,0,0,18,1160.0,,15.0
simu5g_00000005,0,0,19,1128.0,,14.0
simu5g_00000005,0,0,20,1160.0,,15.0
simu5g_00000005,0,0,21,888.0,,12.0
simu5g_00000005,0,0,22,1160.0,,15.0
simu5g_00000005,0,0,23,1160.0,,15.0
simu5g_00000005,0,0,24,984.0,,13.0
simu5g_00000006,0,0,0,1160.0,,15.0
simu5g_00000006,0,0,1,528.0,,8.0
simu5g_00000006,0,0,2,1160.0,,15.0
simu5g_00000006,0,0,3,984.0,,13.0
simu5g_00000006,0,0,4,1128.0,,14.0
simu5g_00000006,0,0,5,984.0,,13.0
simu5g_00000006,0,0,6,984.0,,13.0
simu5g_00000006,0,0,7,1160.0,,15.0
simu5g_00000006,0,0,8,808.0,,11.0
simu5g_00000006,0,0,9,1128.0,,14.0
simu5g_00000006,0,0,10,1128.0,,14.0
simu5g_00000006,0,0,11,1160.0,,15.0
simu5g_00000006,0,0,12,1128.0,,14.0
simu5g_00000006,0,0,13,1128.0,,14.0
simu5g_00000006,0,0,14,1128.0,,14.0
simu5g_00000006,0,0,15,1160.0,,15.0
simu5g_00000006,0,0,16,1128.0,,14.0
simu5g_00000006,0,0,17,1160.0,,15.0
simu5g_00000006,0,0,18,1160.0,,15.0
simu5g_00000006,0,0,19,1128.0,,14.0
simu5g_00000006,0,0,20,1160.0,,15.0
simu5g_00000006,0,0,21,888.0,,12.0
simu5g_00000006,0,0,22,1160.0,,15.0
simu5g_00000006,0,0,23,1160.0,,15.0
simu5g_00000006,0,0,24,984.0,,13.0
simu5g_00000007,0,0,0,1160.0,,15.0
simu5g_00000007,0,0,1,528.0,,8.0
simu5g_00000007,0,0,2,1160.0,,15.0
simu5g_00000007,0,0,3,984.0,,13.0
simu5g_00000007,0,0,4,1128.0,,14.0
simu5g_00000007,0,0,5,984.0,,13.0
simu5g_00000007,0,0,6,984.0,,13.0
simu5g_00000007,0,0,7,1160.0,,15.0
simu5g_00000007,0,0,8,808.0,,11.0
simu5g_00000007,0,0,9,1128.0,,14.0
simu5g_00000007,0,0,10,1128.0,,14.0
simu5g_00000007,0,0,11,1160.0,,15.0
simu5g_00000007,0,0,12,1128.0,,14.0
simu5g_00000007,0,0,13,1128.0,,14.0
simu5g_00000007,0,0,14,1128.0,,14.0
simu5g_00000007,0,0,15,1160.0,,15.0
simu5g_00000007,0,0,16,1128.0,,14.0
simu5g_00000007,0,0,17,1160.0,,15.0
simu5g_00000007,0,0,18,1160.0,,15.0
simu5g_00000007,0,0,19,1128.0,,14.0
simu5g_00000007,0,0,20,1160.0,,15.0
simu5g_00000007,0,0,21,888.0,,12.0
simu5g_00000007,0,0,22,1160.0,,15.0
simu5g_00000007,0,0,23,1160.0,,15.0
simu5g_00000007,0,0,24,984.0,,13.0
simu5g_00000008,0,0,0,1160.0,,15.0
simu5g_00000008,0,0,1,528.0,,8.0
simu5g_00000008,0,0,2,1160.0,,15.0
simu5g_00000008,0,0,3,984.0,,13.0
simu5g_00000008,0,0,4,1128.0,,14.0
simu5g_00000008,0,0,5,984.0,,13.0
simu5g_00000008,0,0,6,984.0,,13.0
simu5g_00000008,0,0,7,1160.0,,15.0
simu5g_00000008,0,0,8,808.0,,11.0
simu5g_00000008,0,0,9,1128.0,,14.0
simu5g_00000008,0,0,10,1128.0,,14.0
simu5g_00000008,0,0,11,1160.0,,15.0
simu5g_00000008,0,0,12,1128.0,,14.0
simu5g_00000008,0,0,13,1128.0,,14.0
simu5g_00000008,0,0,14,1128.0,,14.0
simu5g_00000008,0,0,15,1160.0,,15.0
simu5g_00000008,0,0,16,1128.0,,14.0
simu5g_00000008,0,0,17,1160.0,,15.0
simu5g_00000008,0,0,18,1160.0,,15.0
simu5g_00000008,0,0,19,1128.0,,14.0
simu5g_00000008,0,0,20,1160.0,,15.0
simu5g_00000008,0,0,21,888.0,,12.0
simu5g_00000008,0,0,22,1160.0,,15.0
simu5g_00000008,0,0,23,1160.0,,15.0
simu5g_00000008,0,0,24,984.0,,13.0
simu5g_00000009,0,0,0,1160.0,,15.0
simu5g_00000009,0,0,1,528.0,,8.0
simu5g_00000009,0,0,2,1160.0,,15.0
simu5g_00000009,0,0,3,984.0,,13.0
simu5g_00000009,0,0,4,1128.0,,14.0
simu5g_00000009,0,0,5,984.0,,13.0
simu5g_00000009,0,0,6,984.0,,13.0
simu5g_00000009,0,0,7,1160.0,,15.0
simu5g_00000009,0,0,8,808.0,,11.0
simu5g_00000009,0,0,9,1128.0,,14.0
simu5g_00000009,0,0,10,1128.0,,14.0
simu5g_00000009,0,0,11,1160.0,,15.0
simu5g_00000009,0,0,12,1128.0,,14.0
simu5g_00000009,0,0,13,1128.0,,14.0
simu5g_00000009,0,0,14,1128.0,,14.0
simu5g_00000009,0,0,15,1160.0,,15.0
simu5g_00000009,0,0,16,1128.0,,14.0
simu5g_00000009,0,0,17,1160.0,,15.0
simu5g_00000009,0,0,18,1160.0,,15.0
simu5g_00000009,0,0,19,1128.0,,14.0
simu5g_00000009,0,0,20,1160.0,,15.0
simu5g_00000009,0,0,21,888.0,,12.0
simu5g_00000009,0,0,22,1160.0,,15.0
simu5g_00000009,0,0,23,1160.0,,15.0
simu5g_00000009,0,0,24,984.0,,13.0
simu5g_00000010,0,0,0,1160.0,,15.0
simu5g_00000010,0,0,1,528.0,,8.0
simu5g_00000010,0,0,2,1160.0,,15.0
simu5g_00000010,0,0,3,984.0,,13.0
simu5g_00000010,0,0,4,1128.0,,14.0
simu5g_00000010,0,0,5,984.0,,13.0
simu5g_00000010,0,0,6,984.0,,13.0
simu5g_00000010,0,0,7,1160.0,,15.0
simu5g_00000010,0,0,8,808.0,,11.0
simu5g_00000010,0,0,9,1128.0,,14.0
simu5g_00000010,0,0,10,1128.0,,14.0
simu5g_00000010,0,0,11,1160.0,,15.0
simu5g_00000010,0,0,12,1128.0,,14.0
simu5g_00000010,0,0,13,1128.0,,14.0
simu5g_00000010,0,0,14,1128.0,,14.0
simu5g_00000010,0,0,15,1160.0,,15.0
simu5g_00000010,0,0,16,1128.0,,14.0
simu5g_00000010,0,0,17,1160.0,,15.0
simu5g_00000010,0,0,18,1160.0,,15.0
simu5g_00000010,0,0,19,1128.0,,14.0
simu5g_00000010,0,0,20,1160.0,,15.0
simu5g_00000010,0,0,21,888.0,,12.0
simu5g_00000010,0,0,22,1160.0,,15.0
simu5g_00000010,0,0,23,1160.0,,15.0
simu5g_00000010,0,0,24,984.0,,13.0
simu5g_00000011,0,0,0,1160.0,,15.0
simu5g_00000011,0,0,1,528.0,,8.0
simu5g_00000011,0,0,2,1160.0,,15.0
simu5g_00000011,0,0,3,984.0,,13.0
simu5g_00000011,0,0,4,1128.0,,14.0
simu5g_00000011,0,0,5,984.0,,13.0
simu5g_00000011,0,0,6,984.0,,13.0
simu5g_00000011,0,0,7,1160.0,,15.0
simu5g_00000011,0,0,8,808.0,,11.0
simu5g_00000011,0,0,9,1128.0,,14.0
simu5g_00000011,0,0,10,1128.0,,14.0
simu5g_00000011,0,0,11,1160.0,,15.0
simu5g_00000011,0,0,12,1128.0,,14.0
simu5g_00000011,0,0,13,1128.0,,14.0
simu5g_00000011,0,0,14,1128.0,,14.0
simu5g_00000011,0,0,15,1160.0,,15.0
simu5g_00000011,0,0,16,1128.0,,14.0
simu5g_00000011,0,0,17,1160.0,,15.0
simu5g_00000011,0,0,18,1160.0,,15.0
simu5g_00000011,0,0,19,1128.0,,14.0
simu5g_00000011,0,0,20,1160.0,,15.0
simu5g_00000011,0,0,21,888.0,,12.0
simu5g_00000011,0,0,22,1160.0,,15.0
simu5g_00000011,0,0,23,1160.0,,15.0
simu5g_00000011,0,0,24,984.0,,13.0
simu5g_00000012,0,0,0,1160.0,,15.0
simu5g_00000012,0,0,1,528.0,,8.0
simu5g_00000012,0,0,2,1160.0,,15.0
simu5g_00000012,0,0,3,984.0,,13.0
simu5g_00000012,0,0,4,1128.0,,14.0
simu5g_00000012,0,0,5,984.0,,13.0
simu5g_00000012,0,0,6,984.0,,13.0
simu5g_00000012,0,0,7,1160.0,,15.0
simu5g_00000012,0,0,8,808.0,,11.0
simu5g_00000012,0,0,9,1128.0,,14.0
simu5g_00000012,0,0,10,1128.0,,14.0
simu5g_00000012,0,0,11,1160.0,,15.0
simu5g_00000012,0,0,12,1128.0,,14.0
simu5g_00000012,0,0,13,1128.0,,14.0
simu5g_00000012,0,0,14,1128.0,,14.0
simu5g_00000012,0,0,15,1160.0,,15.0
simu5g_00000012,0,0,16,1128.0,,14.0
simu5g_00000012,0,0,17,1160.0,,15.0
simu5g_00000012,0,0,18,1160.0,,15.0
simu5g_00000012,0,0,19,1128.0,,14.0
simu5g_00000012,0,0,20,1160.0,,15.0
simu5g_00000012,0,0,21,888.0,,12.0
simu5g_00000012,0,0,22,1160.0,,15.0
simu5g_00000012,0,0,23,1160.0,,15.0
simu5g_00000012,0,0,24,984.0,,13.0
simu5g_00000013,0,0,0,1160.0,,15.0
simu5g_00000013,0,0,1,528.0,,8.0
simu5g_00000013,0,0,2,1160.0,,15.0
simu5g_00000013,0,0,3,984.0,,13.0
simu5g_00000013,0,0,4,1128.0,,14.0
simu5g_00000013,0,0,5,984.0,,13.0
simu5g_00000013,0,0,6,984.0,,13.0
simu5g_00000013,0,0,7,1160.0,,15.0
simu5g_00000013,0,0,8,808.0,,11.0
simu5g_00000013,0,0,9,1128.0,,14.0
simu5g_00000013,0,0,10,1128.0,,14.0
simu5g_00000013,0,0,11,1160.0,,15.0
simu5g_00000013,0,0,12,1128.0,,14.0
simu5g_00000013,0,0,13,1128.0,,14.0
simu5g_00000013,0,0,14,1128.0,,14.0
simu5g_00000013,0,0,15,1160.0,,15.0
simu5g_00000013,0,0,16,1128.0,,14.0
simu5g_00000013,0,0,17,1160.0,,15.0
simu5g_00000013,0,0,18,1160.0,,15.0
simu5g_00000013,0,0,19,1128.0,,14.0
simu5g_00000013,0,0,20,1160.0,,15.0
simu5g_00000013,0,0,21,888.0,,12.0
simu5g_00000013,0,0,22,1160.0,,15.0
simu5g_00000013,0,0,23,1160.0,,15.0
simu5g_00000013,0,0,24,984.0,,13.0
simu5g_00000014,0,0,0,1160.0,,15.0
simu5g_00000014,0,0,1,608.0,,9.0
simu5g_00000014,0,0,2,1160.0,,15.0
simu5g_00000014,0,0,3,984.0,,13.0
simu5g_00000014,0,0,4,1160.0,,15.0
simu5g_00000014,0,0,5,984.0,,13.0
simu5g_00000014,0,0,6,1128.0,,14.0
simu5g_00000014,0,0,7,1160.0,,15.0
simu5g_00000014,0,0,8,888.0,,12.0
simu5g_00000014,0,0,9,1128.0,,14.0
simu5g_00000014,0,0,10,1160.0,,15.0
simu5g_00000014,0,0,11,1160.0,,15.0
simu5g_00000014,0,0,12,1128.0,,14.0
simu5g_00000014,0,0,13,1128.0,,14.0
simu5g_00000014,0,0,14,1128.0,,14.0
simu5g_00000014,0,0,15,1160.0,,15.0
simu5g_00000014,0,0,16,1128.0,,14.0
simu5g_00000014,0,0,17,1160.0,,15.0
simu5g_00000014,0,0,18,1160.0,,15.0
simu5g_00000014,0,0,19,1128.0,,14.0
simu5g_00000014,0,0,20,1160.0,,15.0
simu5g_00000014,0,0,21,888.0,,12.0
simu5g_00000014,0,0,22,1160.0,,15.0
simu5g_00000014,0,0,23,1160.0,,15.0
simu5g_00000014,0,0,24,984.0,,13.0
simu5g_00000015,15,0,0,1128.0,,14.0
simu5g_00000015,15,0,1,1128.0,,14.0
simu5g_00000015,15,0,2,1160.0,,15.0
simu5g_00000015,15,0,3,1160.0,,15.0
simu5g_00000015,15,0,4,984.0,,13.0
simu5g_00000015,15,0,5,808.0,,11.0
simu5g_00000015,15,0,6,1160.0,,15.0
simu5g_00000015,15,0,7,1128.0,,14.0
simu5g_00000015,15,0,8,1160.0,,15.0
simu5g_00000015,15,0,9,1160.0,,15.0
simu5g_00000015,15,0,10,1160.0,,15.0
simu5g_00000015,15,0,11,1160.0,,15.0
simu5g_00000015,15,0,12,984.0,,13.0
simu5g_00000015,15,0,13,1160.0,,15.0
simu5g_00000015,15,0,14,1128.0,,14.0
simu5g_00000015,15,0,15,1128.0,,14.0
simu5g_00000015,15,0,16,1160.0,,15.0
simu5g_00000015,15,0,17,1160.0,,15.0
simu5g_00000015,15,0,18,1160.0,,15.0
simu5g_00000015,15,0,19,1160.0,,15.0
simu5g_00000015,15,0,20,1160.0,,15.0
simu5g_00000015,15,0,21,1128.0,,14.0
simu5g_00000015,15,0,22,1160.0,,15.0
simu5g_00000015,15,0,23,1160.0,,15.0
simu5g_00000015,15,0,24,1160.0,,15.0
simu5g_00000015,31,1,0,888.0,,12.0
simu5g_00000015,31,1,1,808.0,,11.0
simu5g_00000015,31,1,2,1128.0,,14.0
simu5g_00000015,31,1,3,1128.0,,14.0
simu5g_00000015,31,1,4,1128.0,,14.0
simu5g_00000015,31,1,5,984.0,,13.0
simu5g_00000015,31,1,6,1128.0,,14.0
simu5g_00000015,31,1,7,984.0,,13.0
simu5g_00000015,31,1,8,1160.0,,15.0
simu5g_00000015,31,1,9,1160.0,,15.0
simu5g_00000015,31,1,10,1128.0,,14.0
simu5g_00000015,31,1,11,984.0,,13.0
simu5g_00000015,31,1,12,368.0,,6.0
simu5g_00000015,31,1,13,1128.0,,14.0
simu5g_00000015,31,1,14,1160.0,,15.0
simu5g_00000015,31,1,15,1128.0,,14.0
simu5g_00000015,31,1,16,984.0,,13.0
simu5g_00000015,31,1,17,1160.0,,15.0
simu5g_00000015,31,1,18,1160.0,,15.0
simu5g_00000015,31,1,19,984.0,,13.0
simu5g_00000015,31,1,20,888.0,,12.0
simu5g_00000015,31,1,21,1128.0,,14.0
simu5g_00000015,31,1,22,984.0,,13.0
simu5g_00000015,31,1,23,1128.0,,14.0
simu5g_00000015,31,1,24,1160.0,,15.0
simu5g_00000016,0,0,0,1160.0,,15.0
simu5g_00000016,0,0,1,608.0,,9.0
simu5g_00000016,0,0,2,1160.0,,15.0
simu5g_00000016,0,0,3,984.0,,13.0
simu5g_00000016,0,0,4,1160.0,,15.0
simu5g_00000016,0,0,5,984.0,,13.0
simu5g_00000016,0,0,6,1128.0,,14.0
simu5g_00000016,0,0,7,1160.0,,15.0
simu5g_00000016,0,0,8,888.0,,12.0
simu5g_00000016,0,0,9,1128.0,,14.0
simu5g_00000016,0,0,10,1160.0,,15.0
simu5g_00000016,0,0,11,1160.0,,15.0
simu5g_00000016,0,0,12,1128.0,,14.0
simu5g_00000016,0,0,13,1128.0,,14.0
simu5g_00000016,0,0,14,1128.0,,14.0
simu5g_00000016,0,0,15,1160.0,,15.0
simu5g_00000016,0,0,16,1128.0,,14.0
simu5g_00000016,0,0,17,1160.0,,15.0
simu5g_00000016,0,0,18,1160.0,,15.0
simu5g_00000016,0,0,19,1128.0,,14.0
simu5g_00000016,0,0,20,1160.0,,15.0
simu5g_00000016,0,0,21,888.0,,12.0
simu5g_00000016,0,0,22,1160.0,,15.0
simu5g_00000016,0,0,23,1160.0,,15.0
simu5g_00000016,0,0,24,984.0,,13.0
simu5g_00000017,15,0,0,1128.0,,14.0
simu5g_00000017,15,0,1,1128.0,,14.0
simu5g_00000017,15,0,2,1160.0,,15.0
simu5g_00000017,15,0,3,1160.0,,15.0
simu5g_00000017,15,0,4,984.0,,13.0
simu5g_00000017,15,0,5,808.0,,11.0
simu5g_00000017,15,0,6,1160.0,,15.0
simu5g_00000017,15,0,7,1128.0,,14.0
simu5g_00000017,15,0,8,1160.0,,15.0
simu5g_00000017,15,0,9,1160.0,,15.0
simu5g_00000017,15,0,10,1160.0,,15.0
simu5g_00000017,15,0,11,1160.0,,15.0
simu5g_00000017,15,0,12,984.0,,13.0
simu5g_00000017,15,0,13,1160.0,,15.0
simu5g_00000017,15,0,14,1128.0,,14.0
simu5g_00000017,15,0,15,1128.0,,14.0
simu5g_00000017,15,0,16,1160.0,,15.0
simu5g_00000017,15,0,17,1160.0,,15.0
simu5g_00000017,15,0,18,1160.0,,15.0
simu5g_00000017,15,0,19,1160.0,,15.0
simu5g_00000017,15,0,20,1160.0,,15.0
simu5g_00000017,15,0,21,1128.0,,14.0
simu5g_00000017,15,0,22,1160.0,,15.0
simu5g_00000017,15,0,23,1160.0,,15.0
simu5g_00000017,15,0,24,1160.0,,15.0
simu5g_00000017,31,1,0,888.0,,12.0
simu5g_00000017,31,1,1,808.0,,11.0
simu5g_00000017,31,1,2,1128.0,,14.0
simu5g_00000017,31,1,3,1128.0,,14.0
simu5g_00000017,31,1,4,1128.0,,14.0
simu5g_00000017,31,1,5,984.0,,13.0
simu5g_00000017,31,1,6,1128.0,,14.0
simu5g_00000017,31,1,7,984.0,,13.0
simu5g_00000017,31,1,8,1160.0,,15.0
simu5g_00000017,31,1,9,1160.0,,15.0
simu5g_00000017,31,1,10,1128.0,,14.0
simu5g_00000017,31,1,11,984.0,,13.0
simu5g_00000017,31,1,12,368.0,,6.0
simu5g_00000017,31,1,13,1128.0,,14.0
simu5g_00000017,31,1,14,1160.0,,15.0
simu5g_00000017,31,1,15,1128.0,,14.0
simu5g_00000017,31,1,16,984.0,,13.0
simu5g_00000017,31,1,17,1160.0,,15.0
simu5g_00000017,31,1,18,1160.0,,15.0
simu5g_00000017,31,1,19,984.0,,13.0
simu5g_00000017,31,1,20,888.0,,12.0
simu5g_00000017,31,1,21,1128.0,,14.0
simu5g_00000017,31,1,22,984.0,,13.0
simu5g_00000017,31,1,23,1128.0,,14.0
simu5g_00000017,31,1,24,1160.0,,15.0
simu5g_00000018,0,0,0,1160.0,,15.0
simu5g_00000018,0,0,1,608.0,,9.0
simu5g_00000018,0,0,2,1160.0,,15.0
simu5g_00000018,0,0,3,984.0,,13.0
simu5g_00000018,0,0,4,1160.0,,15.0
simu5g_00000018,0,0,5,984.0,,13.0
simu5g_00000018,0,0,6,1128.0,,14.0
simu5g_00000018,0,0,7,1160.0,,15.0
simu5g_00000018,0,0,8,888.0,,12.0
simu5g_00000018,0,0,9,1128.0,,14.0
simu5g_00000018,0,0,10,1160.0,,15.0
simu5g_00000018,0,0,11,1160.0,,15.0
simu5g_00000018,0,0,12,1128.0,,14.0
simu5g_00000018,0,0,13,1128.0,,14.0
simu5g_00000018,0,0,14,1128.0,,14.0
simu5g_00000018,0,0,15,1160.0,,15.0
simu5g_00000018,0,0,16,1128.0,,14.0
simu5g_00000018,0,0,17,1160.0,,15.0
simu5g_00000018,0,0,18,1160.0,,15.0
simu5g_00000018,0,0,19,1128.0,,14.0
simu5g_00000018,0,0,20,1160.0,,15.0
simu5g_00000018,0,0,21,888.0,,12.0
simu5g_00000018,0,0,22,1160.0,,15.0
simu5g_00000018,0,0,23,1160.0,,15.0
simu5g_00000018,0,0,24,984.0,,13.0
simu5g_00000019,15,0,0,1128.0,,14.0
simu5g_00000019,15,0,1,1128.0,,14.0
simu5g_00000019,15,0,2,1160.0,,15.0
simu5g_00000019,15,0,3,1160.0,,15.0
simu5g_00000019,15,0,4,984.0,,13.0
simu5g_00000019,15,0,5,808.0,,11.0
simu5g_00000019,15,0,6,1160.0,,15.0
simu5g_00000019,15,0,7,1128.0,,14.0
simu5g_00000019,15,0,8,1160.0,,15.0
simu5g_00000019,15,0,9,1160.0,,15.0
simu5g_00000019,15,0,10,1160.0,,15.0
simu5g_00000019,15,0,11,1160.0,,15.0
simu5g_00000019,15,0,12,984.0,,13.0
simu5g_00000019,15,0,13,1160.0,,15.0
simu5g_00000019,15,0,14,1128.0,,14.0
simu5g_00000019,15,0,15,1128.0,,14.0
simu5g_00000019,15,0,16,1160.0,,15.0
simu5g_00000019,15,0,17,1160.0,,15.0
simu5g_00000019,15,0,18,1160.0,,15.0
simu5g_00000019,15,0,19,1160.0,,15.0
simu5g_00000019,15,0,20,1160.0,,15.0
simu5g_00000019,15,0,21,1128.0,,14.0
simu5g_00000019,15,0,22,1160.0,,15.0
simu5g_00000019,15,0,23,1160.0,,15.0
simu5g_00000019,15,0,24,1160.0,,15.0
simu5g_00000019,31,1,0,888.0,,12.0
simu5g_00000019,31,1,1,808.0,,11.0
simu5g_00000019,31,1,2,1128.0,,14.0
simu5g_00000019,31,1,3,1128.0,,14.0
simu5g_00000019,31,1,4,1128.0,,14.0
simu5g_00000019,31,1,5,984.0,,13.0
simu5g_00000019,31,1,6,1128.0,,14.0
simu5g_00000019,31,1,7,984.0,,13.0
simu5g_00000019,31,1,8,1160.0,,15.0
simu5g_00000019,31,1,9,1160.0,,15.0
simu5g_00000019,31,1,10,1128.0,,14.0
simu5g_00000019,31,1,11,984.0,,13.0
simu5g_00000019,31,1,12,368.0,,6.0
simu5g_00000019,31,1,13,1128.0,,14.0
simu5g_00000019,31,1,14,1160.0,,15.0
simu5g_00000019,31,1,15,1128.0,,14.0
simu5g_00000019,31,1,16,984.0,,13.0
simu5g_00000019,31,1,17,1160.0,,15.0
simu5g_00000019,31,1,18,1160.0,,15.0
simu5g_00000019,31,1,19,984.0,,13.0
simu5g_00000019,31,1,20,888.0,,12.0
simu5g_00000019,31,1,21,1128.0,,14.0
simu5g_00000019,31,1,22,984.0,,13.0
simu5g_00000019,31,1,23,1128.0,,14.0
simu5g_00000019,31,1,24,1160.0,,15.0
simu5g_00000020,0,0,0,1160.0,,15.0
simu5g_00000020,0,0,1,608.0,,9.0
simu5g_00000020,0,0,2,1160.0,,15.0
simu5g_00000020,0,0,3,984.0,,13.0
simu5g_00000020,0,0,4,1160.0,,15.0
simu5g_00000020,0,0,5,984.0,,13.0
simu5g_00000020,0,0,6,1128.0,,14.0
simu5g_00000020,0,0,7,1160.0,,15.0
simu5g_00000020,0,0,8,888.0,,12.0
simu5g_00000020,0,0,9,1128.0,,14.0
simu5g_00000020,0,0,10,1160.0,,15.0
simu5g_00000020,0,0,11,1160.0,,15.0
simu5g_00000020,0,0,12,1128.0,,14.0
simu5g_00000020,0,0,13,1128.0,,14.0
simu5g_00000020,0,0,14,1128.0,,14.0
simu5g_00000020,0,0,15,1160.0,,15.0
simu5g_00000020,0,0,16,1128.0,,14.0
simu5g_00000020,0,0,17,1160.0,,15.0
simu5g_00000020,0,0,18,1160.0,,15.0
simu5g_00000020,0,0,19,1128.0,,14.0
simu5g_00000020,0,0,20,1160.0,,15.0
simu5g_00000020,0,0,21,888.0,,12.0
simu5g_00000020,0,0,22,1160.0,,15.0
simu5g_00000020,0,0,23,1160.0,,15.0
simu5g_00000020,0,0,24,984.0,,13.0
simu5g_00000021,15,0,0,1128.0,,14.0
simu5g_00000021,15,0,1,1128.0,,14.0
simu5g_00000021,15,0,2,1160.0,,15.0
simu5g_00000021,15,0,3,1160.0,,15.0
simu5g_00000021,15,0,4,984.0,,13.0
simu5g_00000021,15,0,5,808.0,,11.0
simu5g_00000021,15,0,6,1160.0,,15.0
simu5g_00000021,15,0,7,1128.0,,14.0
simu5g_00000021,15,0,8,1160.0,,15.0
simu5g_00000021,15,0,9,1160.0,,15.0
simu5g_00000021,15,0,10,1160.0,,15.0
simu5g_00000021,15,0,11,1160.0,,15.0
simu5g_00000021,15,0,12,984.0,,13.0
simu5g_00000021,15,0,13,1160.0,,15.0
simu5g_00000021,15,0,14,1128.0,,14.0
simu5g_00000021,15,0,15,1128.0,,14.0
simu5g_00000021,15,0,16,1160.0,,15.0
simu5g_00000021,15,0,17,1160.0,,15.0
simu5g_00000021,15,0,18,1160.0,,15.0
simu5g_00000021,15,0,19,1160.0,,15.0
simu5g_00000021,15,0,20,1160.0,,15.0
simu5g_00000021,15,0,21,1128.0,,14.0
simu5g_00000021,15,0,22,1160.0,,15.0
simu5g_00000021,15,0,23,1160.0,,15.0
simu5g_00000021,15,0,24,1160.0,,15.0
simu5g_00000021,31,1,0,888.0,,12.0
simu5g_00000021,31,1,1,808.0,,11.0
simu5g_00000021,31,1,2,1128.0,,14.0
simu5g_00000021,31,1,3,1128.0,,14.0
simu5g_00000021,31,1,4,1128.0,,14.0
simu5g_00000021,31,1,5,984.0,,13.0
simu5g_00000021,31,1,6,1128.0,,14.0
simu5g_00000021,31,1,7,984.0,,13.0
simu5g_00000021,31,1,8,1160.0,,15.0
simu5g_00000021,31,1,9,1160.0,,15.0
simu5g_00000021,31,1,10,1128.0,,14.0
simu5g_00000021,31,1,11,984.0,,13.0
simu5g_00000021,31,1,12,368.0,,6.0
simu5g_00000021,31,1,13,1128.0,,14.0
simu5g_00000021,31,1,14,1160.0,,15.0
simu5g_00000021,31,1,15,1128.0,,14.0
simu5g_00000021,31,1,16,984.0,,13.0
simu5g_00000021,31,1,17,1160.0,,15.0
simu5g_00000021,31,1,18,1160.0,,15.0
simu5g_00000021,31,1,19,984.0,,13.0
simu5g_00000021,31,1,20,888.0,,12.0
simu5g_00000021,31,1,21,1128.0,,14.0
simu5g_00000021,31,1,22,984.0,,13.0
simu5g_00000021,31,1,23,1128.0,,14.0
simu5g_00000021,31,1,24,1160.0,,15.0
simu5g_00000022,0,0,0,1160.0,,15.0
simu5g_00000022,0,0,1,608.0,,9.0
simu5g_00000022,0,0,2,1160.0,,15.0
simu5g_00000022,0,0,3,984.0,,13.0
simu5g_00000022,0,0,4,1160.0,,15.0
simu5g_00000022,0,0,5,984.0,,13.0
simu5g_00000022,0,0,6,1128.0,,14.0
simu5g_00000022,0,0,7,1160.0,,15.0
simu5g_00000022,0,0,8,888.0,,12.0
simu5g_00000022,0,0,9,1128.0,,14.0
simu5g_00000022,0,0,10,1160.0,,15.0
simu5g_00000022,0,0,11,1160.0,,15.0
simu5g_00000022,0,0,12,1128.0,,14.0
simu5g_00000022,0,0,13,1128.0,,14.0
simu5g_00000022,0,0,14,1128.0,,14.0
simu5g_00000022,0,0,15,1160.0,,15.0
simu5g_00000022,0,0,16,1128.0,,14.0
simu5g_00000022,0,0,17,1160.0,,15.0
simu5g_00000022,0,0,18,1160.0,,15.0
simu5g_00000022,0,0,19,1128.0,,14.0
simu5g_00000022,0,0,20,1160.0,,15.0
simu5g_00000022,0,0,21,888.0,,12.0
simu5g_00000022,0,0,22,1160.0,,15.0
simu5g_00000022,0,0,23,1160.0,,15.0
simu5g_00000022,0,0,24,984.0,,13.0
simu5g_00000023,15,0,0,1128.0,,14.0
simu5g_00000023,15,0,1,1128.0,,14.0
simu5g_00000023,15,0,2,1160.0,,15.0
simu5g_00000023,15,0,3,1160.0,,15.0
simu5g_00000023,15,0,4,984.0,,13.0
simu5g_00000023,15,0,5,808.0,,11.0
simu5g_00000023,15,0,6,1160.0,,15.0
simu5g_00000023,15,0,7,1128.0,,14.0
simu5g_00000023,15,0,8,1160.0,,15.0
simu5g_00000023,15,0,9,1160.0,,15.0
simu5g_00000023,15,0,10,1160.0,,15.0
simu5g_00000023,15,0,11,1160.0,,15.0
simu5g_00000023,15,0,12,984.0,,13.0
simu5g_00000023,15,0,13,1160.0,,15.0
simu5g_00000023,15,0,14,1128.0,,14.0
simu5g_00000023,15,0,15,1128.0,,14.0
simu5g_00000023,15,0,16,1160.0,,15.0
simu5g_00000023,15,0,17,1160.0,,15.0
simu5g_00000023,15,0,18,1160.0,,15.0
simu5g_00000023,15,0,19,1160.0,,15.0
simu5g_00000023,15,0,20,1160.0,,15.0
simu5g_00000023,15,0,21,1128.0,,14.0
simu5g_00000023,15,0,22,1160.0,,15.0
simu5g_00000023,15,0,23,1160.0,,15.0
simu5g_00000023,15,0,24,1160.0,,15.0
simu5g_00000023,31,1,0,888.0,,12.0
simu5g_00000023,31,1,1,808.0,,11.0
simu5g_00000023,31,1,2,1128.0,,14.0
simu5g_00000023,31,1,3,1128.0,,14.0
simu5g_00000023,31,1,4,1128.0,,14.0
simu5g_00000023,31,1,5,984.0,,13.0
simu5g_00000023,31,1,6,1128.0,,14.0
simu5g_00000023,31,1,7,984.0,,13.0
simu5g_00000023,31,1,8,1160.0,,15.0
simu5g_00000023,31,1,9,1160.0,,15.0
simu5g_00000023,31,1,10,1128.0,,14.0
simu5g_00000023,31,1,11,984.0,,13.0
simu5g_00000023,31,1,12,368.0,,6.0
simu5g_00000023,31,1,13,1128.0,,14.0
simu5g_00000023,31,1,14,1160.0,,15.0
simu5g_00000023,31,1,15,1128.0,,14.0
simu5g_00000023,31,1,16,984.0,,13.0
simu5g_00000023,31,1,17,1160.0,,15.0
simu5g_00000023,31,1,18,1160.0,,15.0
simu5g_00000023,31,1,19,984.0,,13.0
simu5g_00000023,31,1,20,888.0,,12.0
simu5g_00000023,31,1,21,1128.0,,14.0
simu5g_00000023,31,1,22,984.0,,13.0
simu5g_00000023,31,1,23,1128.0,,14.0
simu5g_00000023,31,1,24,1160.0,,15.0
simu5g_00000024,0,0,0,1160.0,,15.0
simu5g_00000024,0,0,1,608.0,,9.0
simu5g_00000024,0,0,2,1160.0,,15.0
simu5g_00000024,0,0,3,984.0,,13.0
simu5g_00000024,0,0,4,1160.0,,15.0
simu5g_00000024,0,0,5,984.0,,13.0
simu5g_00000024,0,0,6,1128.0,,14.0
simu5g_00000024,0,0,7,1160.0,,15.0
simu5g_00000024,0,0,8,888.0,,12.0
simu5g_00000024,0,0,9,1128.0,,14.0
simu5g_00000024,0,0,10,1160.0,,15.0
simu5g_00000024,0,0,11,1160.0,,15.0
simu5g_00000024,0,0,12,1128.0,,14.0
simu5g_00000024,0,0,13,1128.0,,14.0
simu5g_00000024,0,0,14,1128.0,,14.0
simu5g_00000024,0,0,15,1160.0,,15.0
simu5g_00000024,0,0,16,1128.0,,14.0
simu5g_00000024,0,0,17,1160.0,,15.0
simu5g_00000024,0,0,18,1160.0,,15.0
simu5g_00000024,0,0,19,1128.0,,14.0
simu5g_00000024,0,0,20,1160.0,,15.0
simu5g_00000024,0,0,21,888.0,,12.0
simu5g_00000024,0,0,22,1160.0,,15.0
simu5g_00000024,0,0,23,1160.0,,15.0
simu5g_00000024,0,0,24,984.0,,13.0
simu5g_00000025,15,0,0,1128.0,,14.0
simu5g_00000025,15,0,1,1128.0,,14.0
simu5g_00000025,15,0,2,1160.0,,15.0
simu5g_00000025,15,0,3,1160.0,,15.0
simu5g_00000025,15,0,4,984.0,,13.0
simu5g_00000025,15,0,5,808.0,,11.0
simu5g_00000025,15,0,6,1160.0,,15.0
simu5g_00000025,15,0,7,1128.0,,14.0
simu5g_00000025,15,0,8,1160.0,,15.0
simu5g_00000025,15,0,9,1160.0,,15.0
simu5g_00000025,15,0,10,1160.0,,15.0
simu5g_00000025,15,0,11,1160.0,,15.0
simu5g_00000025,15,0,12,984.0,,13.0
simu5g_00000025,15,0,13,1160.0,,15.0
simu5g_00000025,15,0,14,1128.0,,14.0
simu5g_00000025,15,0,15,1128.0,,14.0
simu5g_00000025,15,0,16,1160.0,,15.0
simu5g_00000025,15,0,17,1160.0,,15.0
simu5g_00000025,15,0,18,1160.0,,15.0
simu5g_00000025,15,0,19,1160.0,,15.0
simu5g_00000025,15,0,20,1160.0,,15.0
simu5g_00000025,15,0,21,1128.0,,14.0
simu5g_00000025,15,0,22,1160.0,,15.0
simu5g_00000025,15,0,23,1160.0,,15.0
simu5g_00000025,15,0,24,1160.0,,15.0
simu5g_00000025,31,1,0,888.0,,12.0
simu5g_00000025,31,1,1,808.0,,11.0
simu5g_00000025,31,1,2,1128.0,,14.0
simu5g_00000025,31,1,3,1128.0,,14.0
simu5g_00000025,31,1,4,1128.0,,14.0
simu5g_00000025,31,1,5,984.0,,13.0
simu5g_00000025,31,1,6,1128.0,,14.0
simu5g_00000025,31,1,7,984.0,,13.0
simu5g_00000025,31,1,8,1160.0,,15.0
simu5g_00000025,31,1,9,1160.0,,15.0
simu5g_00000025,31,1,10,1128.0,,14.0
simu5g_00000025,31,1,11,984.0,,13.0
simu5g_00000025,31,1,12,368.0,,6.0
simu5g_00000025,31,1,13,1128.0,,14.0
simu5g_00000025,31,1,14,1160.0,,15.0
simu5g_00000025,31,1,15,1128.0,,14.0
simu5g_00000025,31,1,16,984.0,,13.0
simu5g_00000025,31,1,17,1160.0,,15.0
simu5g_00000025,31,1,18,1160.0,,15.0
simu5g_00000025,31,1,19,984.0,,13.0
simu5g_00000025,31,1,20,888.0,,12.0
simu5g_00000025,31,1,21,1128.0,,14.0
simu5g_00000025,31,1,22,984.0,,13.0
simu5g_00000025,31,1,23,1128.0,,14.0
simu5g_00000025,31,1,24,1160.0,,15.0
simu5g_00000026,0,0,0,1160.0,,15.0
simu5g_00000026,0,0,1,608.0,,9.0
simu5g_00000026,0,0,2,1160.0,,15.0
simu5g_00000026,0,0,3,984.0,,13.0
simu5g_00000026,0,0,4,1160.0,,15.0
simu5g_00000026,0,0,5,984.0,,13.0
simu5g_00000026,0,0,6,1128.0,,14.0
simu5g_00000026,0,0,7,1160.0,,15.0
simu5g_00000026,0,0,8,888.0,,12.0
simu5g_00000026,0,0,9,1128.0,,14.0
simu5g_00000026,0,0,10,1160.0,,15.0
simu5g_00000026,0,0,11,1160.0,,15.0
simu5g_00000026,0,0,12,1128.0,,14.0
simu5g_00000026,0,0,13,1128.0,,14.0
simu5g_00000026,0,0,14,1128.0,,14.0
simu5g_00000026,0,0,15,1160.0,,15.0
simu5g_00000026,0,0,16,1128.0,,14.0
simu5g_00000026,0,0,17,1160.0,,15.0
simu5g_00000026,0,0,18,1160.0,,15.0
simu5g_00000026,0,0,19,1128.0,,14.0
simu5g_00000026,0,0,20,1160.0,,15.0
simu5g_00000026,0,0,21,888.0,,12.0
simu5g_00000026,0,0,22,1160.0,,15.0
simu5g_00000026,0,0,23,1160.0,,15.0
simu5g_00000026,0,0,24,984.0,,13.0
simu5g_00000027,15,0,0,1128.0,,14.0
simu5g_00000027,15,0,1,1128.0,,14.0
simu5g_00000027,15,0,2,1160.0,,15.0
simu5g_00000027,15,0,3,1160.0,,15.0
simu5g_00000027,15,0,4,984.0,,13.0
simu5g_00000027,15,0,5,808.0,,11.0
simu5g_00000027,15,0,6,1160.0,,15.0
simu5g_00000027,15,0,7,1128.0,,14.0
simu5g_00000027,15,0,8,1160.0,,15.0
simu5g_00000027,15,0,9,1160.0,,15.0
simu5g_00000027,15,0,10,1160.0,,15.0
simu5g_00000027,15,0,11,1160.0,,15.0
simu5g_00000027,15,0,12,984.0,,13.0
simu5g_00000027,15,0,13,1160.0,,15.0
simu5g_00000027,15,0,14,1128.0,,14.0
simu5g_00000027,15,0,15,1128.0,,14.0
simu5g_00000027,15,0,16,1160.0,,15.0
simu5g_00000027,15,0,17,1160.0,,15.0
simu5g_00000027,15,0,18,1160.0,,15.0
simu5g_00000027,15,0,19,1160.0,,15.0
simu5g_00000027,15,0,20,1160.0,,15.0
simu5g_00000027,15,0,21,1128.0,,14.0
simu5g_00000027,15,0,22,1160.0,,15.0
simu5g_00000027,15,0,23,1160.0,,15.0
simu5g_00000027,15,0,24,1160.0,,15.0
simu5g_00000027,31,1,0,888.0,,12.0
simu5g_00000027,31,1,1,808.0,,11.0
simu5g_00000027,31,1,2,1128.0,,14.0
simu5g_00000027,31,1,3,1128.0,,14.0
simu5g_00000027,31,1,4,1128.0,,14.0
simu5g_00000027,31,1,5,984.0,,13.0
simu5g_00000027,31,1,6,1128.0,,14.0
simu5g_00000027,31,1,7,984.0,,13.0
simu5g_00000027,31,1,8,1160.0,,15.0
simu5g_00000027,31,1,9,1160.0,,15.0
simu5g_00000027,31,1,10,1128.0,,14.0
simu5g_00000027,31,1,11,984.0,,13.0
simu5g_00000027,31,1,12,368.0,,6.0
simu5g_00000027,31,1,13,1128.0,,14.0
simu5g_00000027,31,1,14,1160.0,,15.0
simu5g_00000027,31,1,15,1128.0,,14.0
simu5g_00000027,31,1,16,984.0,,13.0
simu5g_00000027,31,1,17,1160.0,,15.0
simu5g_00000027,31,1,18,1160.0,,15.0
simu5g_00000027,31,1,19,984.0,,13.0
simu5g_00000027,31,1,20,888.0,,12.0
simu5g_00000027,31,1,21,1128.0,,14.0
simu5g_00000027,31,1,22,984.0,,13.0
simu5g_00000027,31,1,23,1128.0,,14.0
simu5g_00000027,31,1,24,1160.0,,15.0
simu5g_00000028,0,0,0,1160.0,,15.0
simu5g_00000028,0,0,1,608.0,,9.0
simu5g_00000028,0,0,2,1160.0,,15.0
simu5g_00000028,0,0,3,984.0,,13.0
simu5g_00000028,0,0,4,1160.0,,15.0
simu5g_00000028,0,0,5,984.0,,13.0
simu5g_00000028,0,0,6,1128.0,,14.0
simu5g_00000028,0,0,7,1160.0,,15.0
simu5g_00000028,0,0,8,888.0,,12.0
simu5g_00000028,0,0,9,1128.0,,14.0
simu5g_00000028,0,0,10,1160.0,,15.0
simu5g_00000028,0,0,11,1160.0,,15.0
simu5g_00000028,0,0,12,1128.0,,14.0
simu5g_00000028,0,0,13,1128.0,,14.0
simu5g_00000028,0,0,14,1128.0,,14.0
simu5g_00000028,0,0,15,1160.0,,15.0
simu5g_00000028,0,0,16,1128.0,,14.0
simu5g_00000028,0,0,17,1160.0,,15.0
simu5g_00000028,0,0,18,1160.0,,15.0
simu5g_00000028,0,0,19,1128.0,,14.0
simu5g_00000028,0,0,20,1160.0,,15.0
simu5g_00000028,0,0,21,888.0,,12.0
simu5g_00000028,0,0,22,1160.0,,15.0
simu5g_00000028,0,0,23,1160.0,,15.0
simu5g_00000028,0,0,24,984.0,,13.0
simu5g_00000029,15,0,0,1128.0,,14.0
simu5g_00000029,15,0,1,1128.0,,14.0
simu5g_00000029,15,0,2,1160.0,,15.0
simu5g_00000029,15,0,3,1160.0,,15.0
simu5g_00000029,15,0,4,984.0,,13.0
simu5g_00000029,15,0,5,808.0,,11.0
simu5g_00000029,15,0,6,1160.0,,15.0
simu5g_00000029,15,0,7,1128.0,,14.0
simu5g_00000029,15,0,8,1160.0,,15.0
simu5g_00000029,15,0,9,1160.0,,15.0
simu5g_00000029,15,0,10,1160.0,,15.0
simu5g_00000029,15,0,11,1160.0,,15.0
simu5g_00000029,15,0,12,984.0,,13.0
simu5g_00000029,15,0,13,1160.0,,15.0
simu5g_00000029,15,0,14,1128.0,,14.0
simu5g_00000029,15,0,15,1128.0,,14.0
simu5g_00000029,15,0,16,1160.0,,15.0
simu5g_00000029,15,0,17,1160.0,,15.0
simu5g_00000029,15,0,18,1160.0,,15.0
simu5g_00000029,15,0,19,1160.0,,15.0
simu5g_00000029,15,0,20,1160.0,,15.0
simu5g_00000029,15,0,21,1128.0,,14.0
simu5g_00000029,15,0,22,1160.0,,15.0
simu5g_00000029,15,0,23,1160.0,,15.0
simu5g_00000029,15,0,24,1160.0,,15.0
simu5g_00000029,31,1,0,888.0,,12.0
simu5g_00000029,31,1,1,808.0,,11.0
simu5g_00000029,31,1,2,1128.0,,14.0
simu5g_00000029,31,1,3,1128.0,,14.0
simu5g_00000029,31,1,4,1128.0,,14.0
simu5g_00000029,31,1,5,984.0,,13.0
simu5g_00000029,31,1,6,1128.0,,14.0
simu5g_00000029,31,1,7,984.0,,13.0
simu5g_00000029,31,1,8,1160.0,,15.0
simu5g_00000029,31,1,9,1160.0,,15.0
simu5g_00000029,31,1,10,1128.0,,14.0
simu5g_00000029,31,1,11,984.0,,13.0
simu5g_00000029,31,1,12,368.0,,6.0
simu5g_00000029,31,1,13,1128.0,,14.0
simu5g_00000029,31,1,14,1160.0,,15.0
simu5g_00000029,31,1,15,1128.0,,14.0
simu5g_00000029,31,1,16,984.0,,13.0
simu5g_00000029,31,1,17,1160.0,,15.0
simu5g_00000029,31,1,18,1160.0,,15.0
simu5g_00000029,31,1,19,984.0,,13.0
simu5g_00000029,31,1,20,888.0,,12.0
simu5g_00000029,31,1,21,1128.0,,14.0
simu5g_00000029,31,1,22,984.0,,13.0
simu5g_00000029,31,1,23,1128.0,,14.0
simu5g_00000029,31,1,24,1160.0,,15.0
simu5g_00000030,0,0,0,1160.0,,15.0
simu5g_00000030,0,0,1,608.0,,9.0
simu5g_00000030,0,0,2,1160.0,,15.0
simu5g_00000030,0,0,3,984.0,,13.0
simu5g_00000030,0,0,4,1160.0,,15.0
simu5g_00000030,0,0,5,984.0,,13.0
simu5g_00000030,0,0,6,1128.0,,14.0
simu5g_00000030,0,0,7,1160.0,,15.0
simu5g_00000030,0,0,8,888.0,,12.0
simu5g_00000030,0,0,9,1128.0,,14.0
simu5g_00000030,0,0,10,1160.0,,15.0
simu5g_00000030,0,0,11,1160.0,,15.0
simu5g_00000030,0,0,12,1128.0,,14.0
simu5g_00000030,0,0,13,1128.0,,14.0
simu5g_00000030,0,0,14,1128.0,,14.0
simu5g_00000030,0,0,15,1160.0,,15.0
simu5g_00000030,0,0,16,1128.0,,14.0
simu5g_00000030,0,0,17,1160.0,,15.0
simu5g_00000030,0,0,18,1160.0,,15.0
simu5g_00000030,0,0,19,1128.0,,14.0
simu5g_00000030,0,0,20,1160.0,,15.0
simu5g_00000030,0,0,21,888.0,,12.0
simu5g_00000030,0,0,22,1160.0,,15.0
simu5g_00000030,0,0,23,1160.0,,15.0
simu5g_00000030,0,0,24,984.0,,13.0
simu5g_00000031,15,0,0,1128.0,,14.0
simu5g_00000031,15,0,1,1128.0,,14.0
simu5g_00000031,15,0,2,1160.0,,15.0
simu5g_00000031,15,0,3,1160.0,,15.0
simu5g_00000031,15,0,4,984.0,,13.0
simu5g_00000031,15,0,5,808.0,,11.0
simu5g_00000031,15,0,6,1160.0,,15.0
simu5g_00000031,15,0,7,1128.0,,14.0
simu5g_00000031,15,0,8,1160.0,,15.0
simu5g_00000031,15,0,9,1160.0,,15.0
simu5g_00000031,15,0,10,1160.0,,15.0
simu5g_00000031,15,0,11,1160.0,,15.0
simu5g_00000031,15,0,12,984.0,,13.0
simu5g_00000031,15,0,13,1160.0,,15.0
simu5g_00000031,15,0,14,1128.0,,14.0
simu5g_00000031,15,0,15,1128.0,,14.0
simu5g_00000031,15,0,16,1160.0,,15.0
simu5g_00000031,15,0,17,1160.0,,15.0
simu5g_00000031,15,0,18,1160.0,,15.0
simu5g_00000031,15,0,19,1160.0,,15.0
simu5g_00000031,15,0,20,1160.0,,15.0
simu5g_00000031,15,0,21,1128.0,,14.0
simu5g_00000031,15,0,22,1160.0,,15.0
simu5g_00000031,15,0,23,1160.0,,15.0
simu5g_00000031,15,0,24,1160.0,,15.0
simu5g_00000031,31,1,0,888.0,,12.0
simu5g_00000031,31,1,1,808.0,,11.0
simu5g_00000031,31,1,2,1128.0,,14.0
simu5g_00000031,31,1,3,1128.0,,14.0
simu5g_00000031,31,1,4,1128.0,,14.0
simu5g_00000031,31,1,5,984.0,,13.0
simu5g_00000031,31,1,6,1128.0,,14.0
simu5g_00000031,31,1,7,984.0,,13.0
simu5g_00000031,31,1,8,1160.0,,15.0
simu5g_00000031,31,1,9,1160.0,,15.0
simu5g_00000031,31,1,10,1128.0,,14.0
simu5g_00000031,31,1,11,984.0,,13.0
simu5g_00000031,31,1,12,368.0,,6.0
simu5g_00000031,31,1,13,1128.0,,14.0
simu5g_00000031,31,1,14,1160.0,,15.0
simu5g_00000031,31,1,15,1128.0,,14.0
simu5g_00000031,31,1,16,984.0,,13.0
simu5g_00000031,31,1,17,1160.0,,15.0
simu5g_00000031,31,1,18,1160.0,,15.0
simu5g_00000031,31,1,19,984.0,,13.0
simu5g_00000031,31,1,20,888.0,,12.0
simu5g_00000031,31,1,21,1128.0,,14.0
simu5g_00000031,31,1,22,984.0,,13.0
simu5g_00000031,31,1,23,1128.0,,14.0
simu5g_00000031,31,1,24,1160.0,,15.0
simu5g_00000032,0,0,0,1160.0,,15.0
simu5g_00000032,0,0,1,608.0,,9.0
simu5g_00000032,0,0,2,1160.0,,15.0
simu5g_00000032,0,0,3,984.0,,13.0
simu5g_00000032,0,0,4,1160.0,,15.0
simu5g_00000032,0,0,5,984.0,,13.0
simu5g_00000032,0,0,6,1128.0,,14.0
simu5g_00000032,0,0,7,1160.0,,15.0
simu5g_00000032,0,0,8,888.0,,12.0
simu5g_00000032,0,0,9,1128.0,,14.0
simu5g_00000032,0,0,10,1160.0,,15.0
simu5g_00000032,0,0,11,1160.0,,15.0
simu5g_00000032,0,0,12,1128.0,,14.0
simu5g_00000032,0,0,13,1128.0,,14.0
simu5g_00000032,0,0,14,1128.0,,14.0
simu5g_00000032,0,0,15,1160.0,,15.0
simu5g_00000032,0,0,16,1128.0,,14.0
simu5g_00000032,0,0,17,1160.0,,15.0
simu5g_00000032,0,0,18,1160.0,,15.0
simu5g_00000032,0,0,19,1128.0,,14.0
simu5g_00000032,0,0,20,1160.0,,15.0
simu5g_00000032,0,0,21,888.0,,12.0
simu5g_00000032,0,0,22,1160.0,,15.0
simu5g_00000032,0,0,23,1160.0,,15.0
simu5g_00000032,0,0,24,984.0,,13.0
simu5g_00000033,15,0,0,1128.0,,14.0
simu5g_00000033,15,0,1,1128.0,,14.0
simu5g_00000033,15,0,2,1160.0,,15.0
simu5g_00000033,15,0,3,1160.0,,15.0
simu5g_00000033,15,0,4,984.0,,13.0
simu5g_00000033,15,0,5,808.0,,11.0
simu5g_00000033,15,0,6,1160.0,,15.0
simu5g_00000033,15,0,7,1128.0,,14.0
simu5g_00000033,15,0,8,1160.0,,15.0
simu5g_00000033,15,0,9,1160.0,,15.0
simu5g_00000033,15,0,10,1160.0,,15.0
simu5g_00000033,15,0,11,1160.0,,15.0
simu5g_00000033,15,0,12,984.0,,13.0
simu5g_00000033,15,0,13,1160.0,,15.0
simu5g_00000033,15,0,14,1128.0,,14.0
simu5g_00000033,15,0,15,1128.0,,14.0
simu5g_00000033,15,0,16,1160.0,,15.0
simu5g_00000033,15,0,17,1160.0,,15.0
simu5g_00000033,15,0,18,1160.0,,15.0
simu5g_00000033,15,0,19,1160.0,,15.0
simu5g_00000033,15,0,20,1160.0,,15.0
simu5g_00000033,15,0,21,1128.0,,14.0
simu5g_00000033,15,0,22,1160.0,,15.0
simu5g_00000033,15,0,23,1160.0,,15.0
simu5g_00000033,15,0,24,1160.0,,15.0
simu5g_00000033,31,1,0,888.0,,12.0
simu5g_00000033,31,1,1,808.0,,11.0
simu5g_00000033,31,1,2,1128.0,,14.0
simu5g_00000033,31,1,3,1128.0,,14.0
simu5g_00000033,31,1,4,1128.0,,14.0
simu5g_00000033,31,1,5,984.0,,13.0
simu5g_00000033,31,1,6,1128.0,,14.0
simu5g_00000033,31,1,7,984.0,,13.0
simu5g_00000033,31,1,8,1160.0,,15.0
simu5g_00000033,31,1,9,1160.0,,15.0
simu5g_00000033,31,1,10,1128.0,,14.0
simu5g_00000033,31,1,11,984.0,,13.0
simu5g_00000033,31,1,12,368.0,,6.0
simu5g_00000033,31,1,13,1128.0,,14.0
simu5g_00000033,31,1,14,1160.0,,15.0
simu5g_00000033,31,1,15,1128.0,,14.0
simu5g_00000033,31,1,16,984.0,,13.0
simu5g_00000033,31,1,17,1160.0,,15.0
simu5g_00000033,31,1,18,1160.0,,15.0
simu5g_00000033,31,1,19,984.0,,13.0
simu5g_00000033,31,1,20,888.0,,12.0
simu5g_00000033,31,1,21,1128.0,,14.0
simu5g_00000033,31,1,22,984.0,,13.0
simu5g_00000033,31,1,23,1128.0,,14.0
simu5g_00000033,31,1,24,1160.0,,15.0
simu5g_00000034,0,0,0,1160.0,,15.0
simu5g_00000034,0,0,1,608.0,,9.0
simu5g_00000034,0,0,2,1160.0,,15.0
simu5g_00000034,0,0,3,984.0,,13.0
simu5g_00000034,0,0,4,1160.0,,15.0
simu5g_00000034,0,0,5,984.0,,13.0
simu5g_00000034,0,0,6,1128.0,,14.0
simu5g_00000034,0,0,7,1160.0,,15.0
simu5g_00000034,0,0,8,888.0,,12.0
simu5g_00000034,0,0,9,1128.0,,14.0
simu5g_00000034,0,0,10,1160.0,,15.0
simu5g_00000034,0,0,11,1160.0,,15.0
simu5g_00000034,0,0,12,1128.0,,14.0
simu5g_00000034,0,0,13,1128.0,,14.0
simu5g_00000034,0,0,14,1128.0,,14.0
simu5g_00000034,0,0,15,1160.0,,15.0
simu5g_00000034,0,0,16,1128.0,,14.0
simu5g_00000034,0,0,17,1160.0,,15.0
simu5g_00000034,0,0,18,1160.0,,15.0
simu5g_00000034,0,0,19,1128.0,,14.0
simu5g_00000034,0,0,20,1160.0,,15.0
simu5g_00000034,0,0,21,888.0,,12.0
simu5g_00000034,0,0,22,1160.0,,15.0
simu5g_00000034,0,0,23,1160.0,,15.0
simu5g_00000034,0,0,24,984.0,,13.0
simu5g_00000035,15,0,0,1128.0,,14.0
simu5g_00000035,15,0,1,1128.0,,14.0
simu5g_00000035,15,0,2,1160.0,,15.0
simu5g_00000035,15,0,3,1160.0,,15.0
simu5g_00000035,15,0,4,984.0,,13.0
simu5g_00000035,15,0,5,808.0,,11.0
simu5g_00000035,15,0,6,1160.0,,15.0
simu5g_00000035,15,0,7,1128.0,,14.0
simu5g_00000035,15,0,8,1160.0,,15.0
simu5g_00000035,15,0,9,1160.0,,15.0
simu5g_00000035,15,0,10,1160.0,,15.0
simu5g_00000035,15,0,11,1160.0,,15.0
simu5g_00000035,15,0,12,984.0,,13.0
simu5g_00000035,15,0,13,1160.0,,15.0
simu5g_00000035,15,0,14,1128.0,,14.0
simu5g_00000035,15,0,15,1128.0,,14.0
simu5g_00000035,15,0,16,1160.0,,15.0
simu5g_00000035,15,0,17,1160.0,,15.0
simu5g_00000035,15,0,18,1160.0,,15.0
simu5g_00000035,15,0,19,1160.0,,15.0
simu5g_00000035,15,0,20,1160.0,,15.0
simu5g_00000035,15,0,21,1128.0,,14.0
simu5g_00000035,15,0,22,1160.0,,15.0
simu5g_00000035,15,0,23,1160.0,,15.0
simu5g_00000035,15,0,24,1160.0,,15.0
simu5g_00000035,31,1,0,888.0,,12.0
simu5g_00000035,31,1,1,808.0,,11.0
simu5g_00000035,31,1,2,1128.0,,14.0
simu5g_00000035,31,1,3,1128.0,,14.0
simu5g_00000035,31,1,4,1128.0,,14.0
simu5g_00000035,31,1,5,984.0,,13.0
simu5g_00000035,31,1,6,1128.0,,14.0
simu5g_00000035,31,1,7,984.0,,13.0
simu5g_00000035,31,1,8,1160.0,,15.0
simu5g_00000035,31,1,9,1160.0,,15.0
simu5g_00000035,31,1,10,1128.0,,14.0
simu5g_00000035,31,1,11,984.0,,13.0
simu5g_00000035,31,1,12,368.0,,6.0
simu5g_00000035,31,1,13,1128.0,,14.0
simu5g_00000035,31,1,14,1160.0,,15.0
simu5g_00000035,31,1,15,1128.0,,14.0
simu5g_00000035,31,1,16,984.0,,13.0
simu5g_00000035,31,1,17,1160.0,,15.0
simu5g_00000035,31,1,18,1160.0,,15.0
simu5g_00000035,31,1,19,984.0,,13.0
simu5g_00000035,31,1,20,888.0,,12.0
simu5g_00000035,31,1,21,1128.0,,14.0
simu5g_00000035,31,1,22,984.0,,13.0
simu5g_00000035,31,1,23,1128.0,,14.0
simu5g_00000035,31,1,24,1160.0,,15.0
simu5g_00000036,0,0,0,1160.0,,15.0
simu5g_00000036,0,0,1,608.0,,9.0
simu5g_00000036,0,0,2,1160.0,,15.0
simu5g_00000036,0,0,3,984.0,,13.0
simu5g_00000036,0,0,4,1160.0,,15.0
simu5g_00000036,0,0,5,984.0,,13.0
simu5g_00000036,0,0,6,1128.0,,14.0
simu5g_00000036,0,0,7,1160.0,,15.0
simu5g_00000036,0,0,8,888.0,,12.0
simu5g_00000036,0,0,9,1128.0,,14.0
simu5g_00000036,0,0,10,1160.0,,15.0
simu5g_00000036,0,0,11,1160.0,,15.0
simu5g_00000036,0,0,12,1128.0,,14.0
simu5g_00000036,0,0,13,1128.0,,14.0
simu5g_00000036,0,0,14,1128.0,,14.0
simu5g_00000036,0,0,15,1160.0,,15.0
simu5g_00000036,0,0,16,1128.0,,14.0
simu5g_00000036,0,0,17,1160.0,,15.0
simu5g_00000036,0,0,18,1160.0,,15.0
simu5g_00000036,0,0,19,1128.0,,14.0
simu5g_00000036,0,0,20,1160.0,,15.0
simu5g_00000036,0,0,21,888.0,,12.0
simu5g_00000036,0,0,22,1160.0,,15.0
simu5g_00000036,0,0,23,1160.0,,15.0
simu5g_00000036,0,0,24,984.0,,13.0
simu5g_00000037,15,0,0,1128.0,,14.0
simu5g_00000037,15,0,1,1128.0,,14.0
simu5g_00000037,15,0,2,1160.0,,15.0
simu5g_00000037,15,0,3,1160.0,,15.0
simu5g_00000037,15,0,4,984.0,,13.0
simu5g_00000037,15,0,5,808.0,,11.0
simu5g_00000037,15,0,6,1160.0,,15.0
simu5g_00000037,15,0,7,1128.0,,14.0
simu5g_00000037,15,0,8,1160.0,,15.0
simu5g_00000037,15,0,9,1160.0,,15.0
simu5g_00000037,15,0,10,1160.0,,15.0
simu5g_00000037,15,0,11,1160.0,,15.0
simu5g_00000037,15,0,12,984.0,,13.0
simu5g_00000037,15,0,13,1160.0,,15.0
simu5g_00000037,15,0,14,1128.0,,14.0
simu5g_00000037,15,0,15,1128.0,,14.0
simu5g_00000037,15,0,16,1160.0,,15.0
simu5g_00000037,15,0,17,1160.0,,15.0
simu5g_00000037,15,0,18,1160.0,,15.0
simu5g_00000037,15,0,19,1160.0,,15.0
simu5g_00000037,15,0,20,1160.0,,15.0
simu5g_00000037,15,0,21,1128.0,,14.0
simu5g_00000037,15,0,22,1160.0,,15.0
simu5g_00000037,15,0,23,1160.0,,15.0
simu5g_00000037,15,0,24,1160.0,,15.0
simu5g_00000037,31,1,0,888.0,,12.0
simu5g_00000037,31,1,1,808.0,,11.0
simu5g_00000037,31,1,2,1128.0,,14.0
simu5g_00000037,31,1,3,1128.0,,14.0
simu5g_00000037,31,1,4,1128.0,,14.0
simu5g_00000037,31,1,5,984.0,,13.0
simu5g_00000037,31,1,6,1128.0,,14.0
simu5g_00000037,31,1,7,984.0,,13.0
simu5g_00000037,31,1,8,1160.0,,15.0
simu5g_00000037,31,1,9,1160.0,,15.0
simu5g_00000037,31,1,10,1128.0,,14.0
simu5g_00000037,31,1,11,984.0,,13.0
simu5g_00000037,31,1,12,368.0,,6.0
simu5g_00000037,31,1,13,1128.0,,14.0
simu5g_00000037,31,1,14,1160.0,,15.0
simu5g_00000037,31,1,15,1128.0,,14.0
simu5g_00000037,31,1,16,984.0,,13.0
simu5g_00000037,31,1,17,1160.0,,15.0
simu5g_00000037,31,1,18,1160.0,,15.0
simu5g_00000037,31,1,19,984.0,,13.0
simu5g_00000037,31,1,20,888.0,,12.0
simu5g_00000037,31,1,21,1128.0,,14.0
simu5g_00000037,31,1,22,984.0,,13.0
simu5g_00000037,31,1,23,1128.0,,14.0
simu5g_00000037,31,1,24,1160.0,,15.0
simu5g_00000038,0,0,0,1160.0,,15.0
simu5g_00000038,0,0,1,608.0,,9.0
simu5g_00000038,0,0,2,1160.0,,15.0
simu5g_00000038,0,0,3,984.0,,13.0
simu5g_00000038,0,0,4,1160.0,,15.0
simu5g_00000038,0,0,5,984.0,,13.0
simu5g_00000038,0,0,6,1128.0,,14.0
simu5g_00000038,0,0,7,1160.0,,15.0
simu5g_00000038,0,0,8,888.0,,12.0
simu5g_00000038,0,0,9,1128.0,,14.0
simu5g_00000038,0,0,10,1160.0,,15.0
simu5g_00000038,0,0,11,1160.0,,15.0
simu5g_00000038,0,0,12,1128.0,,14.0
simu5g_00000038,0,0,13,1128.0,,14.0
simu5g_00000038,0,0,14,1128.0,,14.0
simu5g_00000038,0,0,15,1160.0,,15.0
simu5g_00000038,0,0,16,1128.0,,14.0
simu5g_00000038,0,0,17,1160.0,,15.0
simu5g_00000038,0,0,18,1160.0,,15.0
simu5g_00000038,0,0,19,1128.0,,14.0
simu5g_00000038,0,0,20,1160.0,,15.0
simu5g_00000038,0,0,21,888.0,,12.0
simu5g_00000038,0,0,22,1160.0,,15.0
simu5g_00000038,0,0,23,1160.0,,15.0
simu5g_00000038,0,0,24,984.0,,13.0
simu5g_00000039,15,0,0,1128.0,,14.0
simu5g_00000039,15,0,1,1128.0,,14.0
simu5g_00000039,15,0,2,1160.0,,15.0
simu5g_00000039,15,0,3,1160.0,,15.0
simu5g_00000039,15,0,4,984.0,,13.0
simu5g_00000039,15,0,5,808.0,,11.0
simu5g_00000039,15,0,6,1160.0,,15.0
simu5g_00000039,15,0,7,1128.0,,14.0
simu5g_00000039,15,0,8,1160.0,,15.0
simu5g_00000039,15,0,9,1160.0,,15.0
simu5g_00000039,15,0,10,1160.0,,15.0
simu5g_00000039,15,0,11,1160.0,,15.0
simu5g_00000039,15,0,12,984.0,,13.0
simu5g_00000039,15,0,13,1160.0,,15.0
simu5g_00000039,15,0,14,1128.0,,14.0
simu5g_00000039,15,0,15,1128.0,,14.0
simu5g_00000039,15,0,16,1160.0,,15.0
simu5g_00000039,15,0,17,1160.0,,15.0
simu5g_00000039,15,0,18,1160.0,,15.0
simu5g_00000039,15,0,19,1160.0,,15.0
simu5g_00000039,15,0,20,1160.0,,15.0
simu5g_00000039,15,0,21,1128.0,,14.0
simu5g_00000039,15,0,22,1160.0,,15.0
simu5g_00000039,15,0,23,1160.0,,15.0
simu5g_00000039,15,0,24,1160.0,,15.0
simu5g_00000039,31,1,0,888.0,,12.0
simu5g_00000039,31,1,1,808.0,,11.0
simu5g_00000039,31,1,2,1128.0,,14.0
simu5g_00000039,31,1,3,1128.0,,14.0
simu5g_00000039,31,1,4,1128.0,,14.0
simu5g_00000039,31,1,5,984.0,,13.0
simu5g_00000039,31,1,6,1128.0,,14.0
simu5g_00000039,31,1,7,984.0,,13.0
simu5g_00000039,31,1,8,1160.0,,15.0
simu5g_00000039,31,1,9,1160.0,,15.0
simu5g_00000039,31,1,10,1128.0,,14.0
simu5g_00000039,31,1,11,984.0,,13.0
simu5g_00000039,31,1,12,368.0,,6.0
simu5g_00000039,31,1,13,1128.0,,14.0
simu5g_00000039,31,1,14,1160.0,,15.0
simu5g_00000039,31,1,15,1128.0,,14.0
simu5g_00000039,31,1,16,984.0,,13.0
simu5g_00000039,31,1,17,1160.0,,15.0
simu5g_00000039,31,1,18,1160.0,,15.0
simu5g_00000039,31,1,19,984.0,,13.0
simu5g_00000039,31,1,20,888.0,,12.0
simu5g_00000039,31,1,21,1128.0,,14.0
simu5g_00000039,31,1,22,984.0,,13.0
simu5g_00000039,31,1,23,1128.0,,14.0
simu5g_00000039,31,1,24,1160.0,,15.0
simu5g_00000040,0,0,0,1160.0,,15.0
simu5g_00000040,0,0,1,608.0,,9.0
simu5g_00000040,0,0,2,1160.0,,15.0
simu5g_00000040,0,0,3,984.0,,13.0
simu5g_00000040,0,0,4,1160.0,,15.0
simu5g_00000040,0,0,5,984.0,,13.0
simu5g_00000040,0,0,6,1128.0,,14.0
simu5g_00000040,0,0,7,1160.0,,15.0
simu5g_00000040,0,0,8,888.0,,12.0
simu5g_00000040,0,0,9,1128.0,,14.0
simu5g_00000040,0,0,10,1160.0,,15.0
simu5g_00000040,0,0,11,1160.0,,15.0
simu5g_00000040,0,0,12,1128.0,,14.0
simu5g_00000040,0,0,13,1128.0,,14.0
simu5g_00000040,0,0,14,1128.0,,14.0
simu5g_00000040,0,0,15,1160.0,,15.0
simu5g_00000040,0,0,16,1128.0,,14.0
simu5g_00000040,0,0,17,1160.0,,15.0
simu5g_00000040,0,0,18,1160.0,,15.0
simu5g_00000040,0,0,19,1128.0,,14.0
simu5g_00000040,0,0,20,1160.0,,15.0
simu5g_00000040,0,0,21,888.0,,12.0
simu5g_00000040,0,0,22,1160.0,,15.0
simu5g_00000040,0,0,23,1160.0,,15.0
simu5g_00000040,0,0,24,984.0,,13.0
simu5g_00000041,15,0,0,1128.0,,14.0
simu5g_00000041,15,0,1,1128.0,,14.0
simu5g_00000041,15,0,2,1160.0,,15.0
simu5g_00000041,15,0,3,1160.0,,15.0
simu5g_00000041,15,0,4,984.0,,13.0
simu5g_00000041,15,0,5,808.0,,11.0
simu5g_00000041,15,0,6,1160.0,,15.0
simu5g_00000041,15,0,7,1128.0,,14.0
simu5g_00000041,15,0,8,1160.0,,15.0
simu5g_00000041,15,0,9,1160.0,,15.0
simu5g_00000041,15,0,10,1160.0,,15.0
simu5g_00000041,15,0,11,1160.0,,15.0
simu5g_00000041,15,0,12,984.0,,13.0
simu5g_00000041,15,0,13,1160.0,,15.0
simu5g_00000041,15,0,14,1128.0,,14.0
simu5g_00000041,15,0,15,1128.0,,14.0
simu5g_00000041,15,0,16,1160.0,,15.0
simu5g_00000041,15,0,17,1160.0,,15.0
simu5g_00000041,15,0,18,1160.0,,15.0
simu5g_00000041,15,0,19,1160.0,,15.0
simu5g_00000041,15,0,20,1160.0,,15.0
simu5g_00000041,15,0,21,1128.0,,14.0
simu5g_00000041,15,0,22,1160.0,,15.0
simu5g_00000041,15,0,23,1160.0,,15.0
simu5g_00000041,15,0,24,1160.0,,15.0
simu5g_00000041,31,1,0,888.0,,12.0
simu5g_00000041,31,1,1,808.0,,11.0
simu5g_00000041,31,1,2,1128.0,,14.0
simu5g_00000041,31,1,3,1128.0,,14.0
simu5g_00000041,31,1,4,1128.0,,14.0
simu5g_00000041,31,1,5,984.0,,13.0
simu5g_00000041,31,1,6,1128.0,,14.0
simu5g_00000041,31,1,7,984.0,,13.0
simu5g_00000041,31,1,8,1160.0,,15.0
simu5g_00000041,31,1,9,1160.0,,15.0
simu5g_00000041,31,1,10,1128.0,,14.0
simu5g_00000041,31,1,11,984.0,,13.0
simu5g_00000041,31,1,12,368.0,,6.0
simu5g_00000041,31,1,13,1128.0,,14.0
simu5g_00000041,31,1,14,1160.0,,15.0
simu5g_00000041,31,1,15,1128.0,,14.0
simu5g_00000041,31,1,16,984.0,,13.0
simu5g_00000041,31,1,17,1160.0,,15.0
simu5g_00000041,31,1,18,1160.0,,15.0
simu5g_00000041,31,1,19,984.0,,13.0
simu5g_00000041,31,1,20,888.0,,12.0
simu5g_00000041,31,1,21,1128.0,,14.0
simu5g_00000041,31,1,22,984.0,,13.0
simu5g_00000041,31,1,23,1128.0,,14.0
simu5g_00000041,31,1,24,1160.0,,15.0
simu5g_00000042,0,0,0,1160.0,,15.0
simu5g_00000042,0,0,1,608.0,,9.0
simu5g_00000042,0,0,2,1160.0,,15.0
simu5g_00000042,0,0,3,984.0,,13.0
simu5g_00000042,0,0,4,1160.0,,15.0
simu5g_00000042,0,0,5,984.0,,13.0
simu5g_00000042,0,0,6,1128.0,,14.0
simu5g_00000042,0,0,7,1160.0,,15.0
simu5g_00000042,0,0,8,888.0,,12.0
simu5g_00000042,0,0,9,1128.0,,14.0
simu5g_00000042,0,0,10,1160.0,,15.0
simu5g_00000042,0,0,11,1160.0,,15.0
simu5g_00000042,0,0,12,1128.0,,14.0
simu5g_00000042,0,0,13,1128.0,,14.0
simu5g_00000042,0,0,14,1128.0,,14.0
simu5g_00000042,0,0,15,1160.0,,15.0
simu5g_00000042,0,0,16,1128.0,,14.0
simu5g_00000042,0,0,17,1160.0,,15.0
simu5g_00000042,0,0,18,1160.0,,15.0
simu5g_00000042,0,0,19,1128.0,,14.0
simu5g_00000042,0,0,20,1160.0,,15.0
simu5g_00000042,0,0,21,888.0,,12.0
simu5g_00000042,0,0,22,1160.0,,15.0
simu5g_00000042,0,0,23,1160.0,,15.0
simu5g_00000042,0,0,24,984.0,,13.0
simu5g_00000043,15,0,0,1128.0,,14.0
simu5g_00000043,15,0,1,1128.0,,14.0
simu5g_00000043,15,0,2,1160.0,,15.0
simu5g_00000043,15,0,3,1160.0,,15.0
simu5g_00000043,15,0,4,984.0,,13.0
simu5g_00000043,15,0,5,808.0,,11.0
simu5g_00000043,15,0,6,1160.0,,15.0
simu5g_00000043,15,0,7,1128.0,,14.0
simu5g_00000043,15,0,8,1160.0,,15.0
simu5g_00000043,15,0,9,1160.0,,15.0
simu5g_00000043,15,0,10,1160.0,,15.0
simu5g_00000043,15,0,11,1160.0,,15.0
simu5g_00000043,15,0,12,984.0,,13.0
simu5g_00000043,15,0,13,1160.0,,15.0
simu5g_00000043,15,0,14,1128.0,,14.0
simu5g_00000043,15,0,15,1128.0,,14.0
simu5g_00000043,15,0,16,1160.0,,15.0
simu5g_00000043,15,0,17,1160.0,,15.0
simu5g_00000043,15,0,18,1160.0,,15.0
simu5g_00000043,15,0,19,1160.0,,15.0
simu5g_00000043,15,0,20,1160.0,,15.0
simu5g_00000043,15,0,21,1128.0,,14.0
simu5g_00000043,15,0,22,1160.0,,15.0
simu5g_00000043,15,0,23,1160.0,,15.0
simu5g_00000043,15,0,24,1160.0,,15.0
simu5g_00000043,31,1,0,888.0,,12.0
simu5g_00000043,31,1,1,808.0,,11.0
simu5g_00000043,31,1,2,1128.0,,14.0
simu5g_00000043,31,1,3,1128.0,,14.0
simu5g_00000043,31,1,4,1128.0,,14.0
simu5g_00000043,31,1,5,984.0,,13.0
simu5g_00000043,31,1,6,1128.0,,14.0
simu5g_00000043,31,1,7,984.0,,13.0
simu5g_00000043,31,1,8,1160.0,,15.0
simu5g_00000043,31,1,9,1160.0,,15.0
simu5g_00000043,31,1,10,1128.0,,14.0
simu5g_00000043,31,1,11,984.0,,13.0
simu5g_00000043,31,1,12,368.0,,6.0
simu5g_00000043,31,1,13,1128.0,,14.0
simu5g_00000043,31,1,14,1160.0,,15.0
simu5g_00000043,31,1,15,1128.0,,14.0
simu5g_00000043,31,1,16,984.0,,13.0
simu5g_00000043,31,1,17,1160.0,,15.0
simu5g_00000043,31,1,18,1160.0,,15.0
simu5g_00000043,31,1,19,984.0,,13.0
simu5g_00000043,31,1,20,888.0,,12.0
simu5g_00000043,31,1,21,1128.0,,14.0
simu5g_00000043,31,1,22,984.0,,13.0
simu5g_00000043,31,1,23,1128.0,,14.0
simu5g_00000043,31,1,24,1160.0,,15.0
simu5g_00000044,0,0,0,1160.0,,15.0
simu5g_00000044,0,0,1,608.0,,9.0
simu5g_00000044,0,0,2,1160.0,,15.0
simu5g_00000044,0,0,3,984.0,,13.0
simu5g_00000044,0,0,4,1160.0,,15.0
simu5g_00000044,0,0,5,984.0,,13.0
simu5g_00000044,0,0,6,1128.0,,14.0
simu5g_00000044,0,0,7,1160.0,,15.0
simu5g_00000044,0,0,8,888.0,,12.0
simu5g_00000044,0,0,9,1128.0,,14.0
simu5g_00000044,0,0,10,1160.0,,15.0
simu5g_00000044,0,0,11,1160.0,,15.0
simu5g_00000044,0,0,12,1128.0,,14.0
simu5g_00000044,0,0,13,1128.0,,14.0
simu5g_00000044,0,0,14,1128.0,,14.0
simu5g_00000044,0,0,15,1160.0,,15.0
simu5g_00000044,0,0,16,1128.0,,14.0
simu5g_00000044,0,0,17,1160.0,,15.0
simu5g_00000044,0,0,18,1160.0,,15.0
simu5g_00000044,0,0,19,1128.0,,14.0
simu5g_00000044,0,0,20,1160.0,,15.0
simu5g_00000044,0,0,21,888.0,,12.0
simu5g_00000044,0,0,22,1160.0,,15.0
simu5g_00000044,0,0,23,1160.0,,15.0
simu5g_00000044,0,0,24,984.0,,13.0
simu5g_00000045,15,0,0,1128.0,,14.0
simu5g_00000045,15,0,1,1128.0,,14.0
simu5g_00000045,15,0,2,1160.0,,15.0
simu5g_00000045,15,0,3,1160.0,,15.0
simu5g_00000045,15,0,4,984.0,,13.0
simu5g_00000045,15,0,5,808.0,,11.0
simu5g_00000045,15,0,6,1160.0,,15.0
simu5g_00000045,15,0,7,1128.0,,14.0
simu5g_00000045,15,0,8,1160.0,,15.0
simu5g_00000045,15,0,9,1160.0,,15.0
simu5g_00000045,15,0,10,1160.0,,15.0
simu5g_00000045,15,0,11,1160.0,,15.0
simu5g_00000045,15,0,12,984.0,,13.0
simu5g_00000045,15,0,13,1160.0,,15.0
simu5g_00000045,15,0,14,1128.0,,14.0
simu5g_00000045,15,0,15,1128.0,,14.0
simu5g_00000045,15,0,16,1160.0,,15.0
simu5g_00000045,15,0,17,1160.0,,15.0
simu5g_00000045,15,0,18,1160.0,,15.0
simu5g_00000045,15,0,19,1160.0,,15.0
simu5g_00000045,15,0,20,1160.0,,15.0
simu5g_00000045,15,0,21,1128.0,,14.0
simu5g_00000045,15,0,22,1160.0,,15.0
simu5g_00000045,15,0,23,1160.0,,15.0
simu5g_00000045,15,0,24,1160.0,,15.0
simu5g_00000045,31,1,0,888.0,,12.0
simu5g_00000045,31,1,1,808.0,,11.0
simu5g_00000045,31,1,2,1128.0,,14.0
simu5g_00000045,31,1,3,1128.0,,14.0
simu5g_00000045,31,1,4,1128.0,,14.0
simu5g_00000045,31,1,5,984.0,,13.0
simu5g_00000045,31,1,6,1128.0,,14.0
simu5g_00000045,31,1,7,984.0,,13.0
simu5g_00000045,31,1,8,1160.0,,15.0
simu5g_00000045,31,1,9,1160.0,,15.0
simu5g_00000045,31,1,10,1128.0,,14.0
simu5g_00000045,31,1,11,984.0,,13.0
simu5g_00000045,31,1,12,368.0,,6.0
simu5g_00000045,31,1,13,1128.0,,14.0
simu5g_00000045,31,1,14,1160.0,,15.0
simu5g_00000045,31,1,15,1128.0,,14.0
simu5g_00000045,31,1,16,984.0,,13.0
simu5g_00000045,31,1,17,1160.0,,15.0
simu5g_00000045,31,1,18,1160.0,,15.0
simu5g_00000045,31,1,19,984.0,,13.0
simu5g_00000045,31,1,20,888.0,,12.0
simu5g_00000045,31,1,21,1128.0,,14.0
simu5g_00000045,31,1,22,984.0,,13.0
simu5g_00000045,31,1,23,1128.0,,14.0
simu5g_00000045,31,1,24,1160.0,,15.0
simu5g_00000046,0,0,0,1160.0,,15.0
simu5g_00000046,0,0,1,704.0,,10.0
simu5g_00000046,0,0,2,1160.0,,15.0
simu5g_00000046,0,0,3,1128.0,,14.0
simu5g_00000046,0,0,4,1160.0,,15.0
simu5g_00000046,0,0,5,1128.0,,14.0
simu5g_00000046,0,0,6,1128.0,,14.0
simu5g_00000046,0,0,7,1160.0,,15.0
simu5g_00000046,0,0,8,984.0,,13.0
simu5g_00000046,0,0,9,1160.0,,15.0
simu5g_00000046,0,0,10,1160.0,,15.0
simu5g_00000046,0,0,11,1160.0,,15.0
simu5g_00000046,0,0,12,1160.0,,15.0
simu5g_00000046,0,0,13,1160.0,,15.0
simu5g_00000046,0,0,14,1160.0,,15.0
simu5g_00000046,0,0,15,1160.0,,15.0
simu5g_00000046,0,0,16,1128.0,,14.0
simu5g_00000046,0,0,17,1160.0,,15.0
simu5g_00000046,0,0,18,1160.0,,15.0
simu5g_00000046,0,0,19,1128.0,,14.0
simu5g_00000046,0,0,20,1160.0,,15.0
simu5g_00000046,0,0,21,984.0,,13.0
simu5g_00000046,0,0,22,1160.0,,15.0
simu5g_00000046,0,0,23,1160.0,,15.0
simu5g_00000046,0,0,24,1128.0,,14.0
simu5g_00000047,15,0,0,1128.0,,14.0
simu5g_00000047,15,0,1,1128.0,,14.0
simu5g_00000047,15,0,2,1160.0,,15.0
simu5g_00000047,15,0,3,1160.0,,15.0
simu5g_00000047,15,0,4,984.0,,13.0
simu5g_00000047,15,0,5,808.0,,11.0
simu5g_00000047,15,0,6,1160.0,,15.0
simu5g_00000047,15,0,7,1128.0,,14.0
simu5g_00000047,15,0,8,1160.0,,15.0
simu5g_00000047,15,0,9,1160.0,,15.0
simu5g_00000047,15,0,10,1160.0,,15.0
simu5g_00000047,15,0,11,1160.0,,15.0
simu5g_00000047,15,0,12,984.0,,13.0
simu5g_00000047,15,0,13,1160.0,,15.0
simu5g_00000047,15,0,14,1128.0,,14.0
simu5g_00000047,15,0,15,1128.0,,14.0
simu5g_00000047,15,0,16,1160.0,,15.0
simu5g_00000047,15,0,17,1160.0,,15.0
simu5g_00000047,15,0,18,1160.0,,15.0
simu5g_00000047,15,0,19,1160.0,,15.0
simu5g_00000047,15,0,20,1160.0,,15.0
simu5g_00000047,15,0,21,1128.0,,14.0
simu5g_00000047,15,0,22,1160.0,,15.0
simu5g_00000047,15,0,23,1160.0,,15.0
simu5g_00000047,15,0,24,1160.0,,15.0
simu5g_00000047,31,1,0,1128.0,,14.0
simu5g_00000047,31,1,1,1128.0,,14.0
simu5g_00000047,31,1,2,1160.0,,15.0
simu5g_00000047,31,1,3,1160.0,,15.0
simu5g_00000047,31,1,4,1160.0,,15.0
simu5g_00000047,31,1,5,1160.0,,15.0
simu5g_00000047,31,1,6,1160.0,,15.0
simu5g_00000047,31,1,7,1160.0,,15.0
simu5g_00000047,31,1,8,1160.0,,15.0
simu5g_00000047,31,1,9,1160.0,,15.0
simu5g_00000047,31,1,10,1160.0,,15.0
simu5g_00000047,31,1,11,1128.0,,14.0
simu5g_00000047,31,1,12,808.0,,11.0
simu5g_00000047,31,1,13,1160.0,,15.0
simu5g_00000047,31,1,14,1160.0,,15.0
simu5g_00000047,31,1,15,1160.0,,15.0
simu5g_00000047,31,1,16,1160.0,,15.0
simu5g_00000047,31,1,17,1160.0,,15.0
simu5g_00000047,31,1,18,1160.0,,15.0
simu5g_00000047,31,1,19,1128.0,,14.0
simu5g_00000047,31,1,20,1128.0,,14.0
simu5g_00000047,31,1,21,1160.0,,15.0
simu5g_00000047,31,1,22,1160.0,,15.0
simu5g_00000047,31,1,23,1160.0,,15.0
simu5g_00000047,31,1,24,1160.0,,15.0
simu5g_00000048,0,0,0,1160.0,,15.0
simu5g_00000048,0,0,1,704.0,,10.0
simu5g_00000048,0,0,2,1160.0,,15.0
simu5g_00000048,0,0,3,1128.0,,14.0
simu5g_00000048,0,0,4,1160.0,,15.0
simu5g_00000048,0,0,5,1128.0,,14.0
simu5g_00000048,0,0,6,1128.0,,14.0
simu5g_00000048,0,0,7,1160.0,,15.0
simu5g_00000048,0,0,8,984.0,,13.0
simu5g_00000048,0,0,9,1160.0,,15.0
simu5g_00000048,0,0,10,1160.0,,15.0
simu5g_00000048,0,0,11,1160.0,,15.0
simu5g_00000048,0,0,12,1160.0,,15.0
simu5g_00000048,0,0,13,1160.0,,15.0
simu5g_00000048,0,0,14,1160.0,,15.0
simu5g_00000048,0,0,15,1160.0,,15.0
simu5g_00000048,0,0,16,1128.0,,14.0
simu5g_00000048,0,0,17,1160.0,,15.0
simu5g_00000048,0,0,18,1160.0,,15.0
simu5g_00000048,0,0,19,1128.0,,14.0
simu5g_00000048,0,0,20,1160.0,,15.0
simu5g_00000048,0,0,21,984.0,,13.0
simu5g_00000048,0,0,22,1160.0,,15.0
simu5g_00000048,0,0,23,1160.0,,15.0
simu5g_00000048,0,0,24,1128.0,,14.0
simu5g_00000049,15,0,0,1128.0,,14.0
simu5g_00000049,15,0,1,1128.0,,14.0
simu5g_00000049,15,0,2,1160.0,,15.0
simu5g_00000049,15,0,3,1160.0,,15.0
simu5g_00000049,15,0,4,984.0,,13.0
simu5g_00000049,15,0,5,808.0,,11.0
simu5g_00000049,15,0,6,1160.0,,15.0
simu5g_00000049,15,0,7,1128.0,,14.0
simu5g_00000049,15,0,8,1160.0,,15.0
simu5g_00000049,15,0,9,1160.0,,15.0
simu5g_00000049,15,0,10,1160.0,,15.0
simu5g_00000049,15,0,11,1160.0,,15.0
simu5g_00000049,15,0,12,984.0,,13.0
simu5g_00000049,15,0,13,1160.0,,15.0
simu5g_00000049,15,0,14,1128.0,,14.0
simu5g_00000049,15,0,15,1128.0,,14.0
simu5g_00000049,15,0,16,1160.0,,15.0
simu5g_00000049,15,0,17,1160.0,,15.0
simu5g_00000049,15,0,18,1160.0,,15.0
simu5g_00000049,15,0,19,1160.0,,15.0
simu5g_00000049,15,0,20,1160.0,,15.0
simu5g_00000049,15,0,21,1128.0,,14.0
simu5g_00000049,15,0,22,1160.0,,15.0
simu5g_00000049,15,0,23,1160.0,,15.0
simu5g_00000049,15,0,24,1160.0,,15.0
simu5g_00000049,31,1,0,1128.0,,14.0
simu5g_00000049,31,1,1,1128.0,,14.0
simu5g_00000049,31,1,2,1160.0,,15.0
simu5g_00000049,31,1,3,1160.0,,15.0
simu5g_00000049,31,1,4,1160.0,,15.0
simu5g_00000049,31,1,5,1160.0,,15.0
simu5g_00000049,31,1,6,1160.0,,15.0
simu5g_00000049,31,1,7,1160.0,,15.0
simu5g_00000049,31,1,8,1160.0,,15.0
simu5g_00000049,31,1,9,1160.0,,15.0
simu5g_00000049,31,1,10,1160.0,,15.0
simu5g_00000049,31,1,11,1128.0,,14.0
simu5g_00000049,31,1,12,808.0,,11.0
simu5g_00000049,31,1,13,1160.0,,15.0
simu5g_00000049,31,1,14,1160.0,,15.0
simu5g_00000049,31,1,15,1160.0,,15.0
simu5g_00000049,31,1,16,1160.0,,15.0
simu5g_00000049,31,1,17,1160.0,,15.0
simu5g_00000049,31,1,18,1160.0,,15.0
simu5g_00000049,31,1,19,1128.0,,14.0
simu5g_00000049,31,1,20,1128.0,,14.0
simu5g_00000049,31,1,21,1160.0,,15.0
simu5g_00000049,31,1,22,1160.0,,15.0
simu5g_00000049,31,1,23,1160.0,,15.0
simu5g_00000049,31,1,24,1160.0,,15.0
simu5g_00000050,0,0,0,1160.0,,15.0
simu5g_00000050,0,0,1,704.0,,10.0
simu5g_00000050,0,0,2,1160.0,,15.0
simu5g_00000050,0,0,3,1128.0,,14.0
simu5g_00000050,0,0,4,1160.0,,15.0
simu5g_00000050,0,0,5,1128.0,,14.0
simu5g_00000050,0,0,6,1128.0,,14.0
simu5g_00000050,0,0,7,1160.0,,15.0
simu5g_00000050,0,0,8,984.0,,13.0
simu5g_00000050,0,0,9,1160.0,,15.0
simu5g_00000050,0,0,10,1160.0,,15.0
simu5g_00000050,0,0,11,1160.0,,15.0
simu5g_00000050,0,0,12,1160.0,,15.0
simu5g_00000050,0,0,13,1160.0,,15.0
simu5g_00000050,0,0,14,1160.0,,15.0
simu5g_00000050,0,0,15,1160.0,,15.0
simu5g_00000050,0,0,16,1128.0,,14.0
simu5g_00000050,0,0,17,1160.0,,15.0
simu5g_00000050,0,0,18,1160.0,,15.0
simu5g_00000050,0,0,19,1128.0,,14.0
simu5g_00000050,0,0,20,1160.0,,15.0
simu5g_00000050,0,0,21,984.0,,13.0
simu5g_00000050,0,0,22,1160.0,,15.0
simu5g_00000050,0,0,23,1160.0,,15.0
simu5g_00000050,0,0,24,1128.0,,14.0
simu5g_00000051,15,0,0,1128.0,,14.0
simu5g_00000051,15,0,1,1128.0,,14.0
simu5g_00000051,15,0,2,1160.0,,15.0
simu5g_00000051,15,0,3,1160.0,,15.0
simu5g_00000051,15,0,4,984.0,,13.0
simu5g_00000051,15,0,5,808.0,,11.0
simu5g_00000051,15,0,6,1160.0,,15.0
simu5g_00000051,15,0,7,1128.0,,14.0
simu5g_00000051,15,0,8,1160.0,,15.0
simu5g_00000051,15,0,9,1160.0,,15.0
simu5g_00000051,15,0,10,1160.0,,15.0
simu5g_00000051,15,0,11,1160.0,,15.0
simu5g_00000051,15,0,12,984.0,,13.0
simu5g_00000051,15,0,13,1160.0,,15.0
simu5g_00000051,15,0,14,1128.0,,14.0
simu5g_00000051,15,0,15,1128.0,,14.0
simu5g_00000051,15,0,16,1160.0,,15.0
simu5g_00000051,15,0,17,1160.0,,15.0
simu5g_00000051,15,0,18,1160.0,,15.0
simu5g_00000051,15,0,19,1160.0,,15.0
simu5g_00000051,15,0,20,1160.0,,15.0
simu5g_00000051,15,0,21,1128.0,,14.0
simu5g_00000051,15,0,22,1160.0,,15.0
simu5g_00000051,15,0,23,1160.0,,15.0
simu5g_00000051,15,0,24,1160.0,,15.0
simu5g_00000051,31,1,0,1128.0,,14.0
simu5g_00000051,31,1,1,1128.0,,14.0
simu5g_00000051,31,1,2,1160.0,,15.0
simu5g_00000051,31,1,3,1160.0,,15.0
simu5g_00000051,31,1,4,1160.0,,15.0
simu5g_00000051,31,1,5,1160.0,,15.0
simu5g_00000051,31,1,6,1160.0,,15.0
simu5g_00000051,31,1,7,1160.0,,15.0
simu5g_00000051,31,1,8,1160.0,,15.0
simu5g_00000051,31,1,9,1160.0,,15.0
simu5g_00000051,31,1,10,1160.0,,15.0
simu5g_00000051,31,1,11,1128.0,,14.0
simu5g_00000051,31,1,12,808.0,,11.0
simu5g_00000051,31,1,13,1160.0,,15.0
simu5g_00000051,31,1,14,1160.0,,15.0
simu5g_00000051,31,1,15,1160.0,,15.0
simu5g_00000051,31,1,16,1160.0,,15.0
simu5g_00000051,31,1,17,1160.0,,15.0
simu5g_00000051,31,1,18,1160.0,,15.0
simu5g_00000051,31,1,19,1128.0,,14.0
simu5g_00000051,31,1,20,1128.0,,14.0
simu5g_00000051,31,1,21,1160.0,,15.0
simu5g_00000051,31,1,22,1160.0,,15.0
simu5g_00000051,31,1,23,1160.0,,15.0
simu5g_00000051,31,1,24,1160.0,,15.0
simu5g_00000052,0,0,0,1160.0,,15.0
simu5g_00000052,0,0,1,704.0,,10.0
simu5g_00000052,0,0,2,1160.0,,15.0
simu5g_00000052,0,0,3,1128.0,,14.0
simu5g_00000052,0,0,4,1160.0,,15.0
simu5g_00000052,0,0,5,1128.0,,14.0
simu5g_00000052,0,0,6,1128.0,,14.0
simu5g_00000052,0,0,7,1160.0,,15.0
simu5g_00000052,0,0,8,984.0,,13.0
simu5g_00000052,0,0,9,1160.0,,15.0
simu5g_00000052,0,0,10,1160.0,,15.0
simu5g_00000052,0,0,11,1160.0,,15.0
simu5g_00000052,0,0,12,1160.0,,15.0
simu5g_00000052,0,0,13,1160.0,,15.0
simu5g_00000052,0,0,14,1160.0,,15.0
simu5g_00000052,0,0,15,1160.0,,15.0
simu5g_00000052,0,0,16,1128.0,,14.0
simu5g_00000052,0,0,17,1160.0,,15.0
simu5g_00000052,0,0,18,1160.0,,15.0
simu5g_00000052,0,0,19,1128.0,,14.0
simu5g_00000052,0,0,20,1160.0,,15.0
simu5g_00000052,0,0,21,984.0,,13.0
simu5g_00000052,0,0,22,1160.0,,15.0
simu5g_00000052,0,0,23,1160.0,,15.0
simu5g_00000052,0,0,24,1128.0,,14.0
simu5g_00000053,15,0,0,1128.0,,14.0
simu5g_00000053,15,0,1,1128.0,,14.0
simu5g_00000053,15,0,2,1160.0,,15.0
simu5g_00000053,15,0,3,1160.0,,15.0
simu5g_00000053,15,0,4,984.0,,13.0
simu5g_00000053,15,0,5,808.0,,11.0
simu5g_00000053,15,0,6,1160.0,,15.0
simu5g_00000053,15,0,7,1128.0,,14.0
simu5g_00000053,15,0,8,1160.0,,15.0
simu5g_00000053,15,0,9,1160.0,,15.0
simu5g_00000053,15,0,10,1160.0,,15.0
simu5g_00000053,15,0,11,1160.0,,15.0
simu5g_00000053,15,0,12,984.0,,13.0
simu5g_00000053,15,0,13,1160.0,,15.0
simu5g_00000053,15,0,14,1128.0,,14.0
simu5g_00000053,15,0,15,1128.0,,14.0
simu5g_00000053,15,0,16,1160.0,,15.0
simu5g_00000053,15,0,17,1160.0,,15.0
simu5g_00000053,15,0,18,1160.0,,15.0
simu5g_00000053,15,0,19,1160.0,,15.0
simu5g_00000053,15,0,20,1160.0,,15.0
simu5g_00000053,15,0,21,1128.0,,14.0
simu5g_00000053,15,0,22,1160.0,,15.0
simu5g_00000053,15,0,23,1160.0,,15.0
simu5g_00000053,15,0,24,1160.0,,15.0
simu5g_00000053,31,1,0,1128.0,,14.0
simu5g_00000053,31,1,1,1128.0,,14.0
simu5g_00000053,31,1,2,1160.0,,15.0
simu5g_00000053,31,1,3,1160.0,,15.0
simu5g_00000053,31,1,4,1160.0,,15.0
simu5g_00000053,31,1,5,1160.0,,15.0
simu5g_00000053,31,1,6,1160.0,,15.0
simu5g_00000053,31,1,7,1160.0,,15.0
simu5g_00000053,31,1,8,1160.0,,15.0
simu5g_00000053,31,1,9,1160.0,,15.0
simu5g_00000053,31,1,10,1160.0,,15.0
simu5g_00000053,31,1,11,1128.0,,14.0
simu5g_00000053,31,1,12,808.0,,11.0
simu5g_00000053,31,1,13,1160.0,,15.0
simu5g_00000053,31,1,14,1160.0,,15.0
simu5g_00000053,31,1,15,1160.0,,15.0
simu5g_00000053,31,1,16,1160.0,,15.0
simu5g_00000053,31,1,17,1160.0,,15.0
simu5g_00000053,31,1,18,1160.0,,15.0
simu5g_00000053,31,1,19,1128.0,,14.0
simu5g_00000053,31,1,20,1128.0,,14.0
simu5g_00000053,31,1,21,1160.0,,15.0
simu5g_00000053,31,1,22,1160.0,,15.0
simu5g_00000053,31,1,23,1160.0,,15.0
simu5g_00000053,31,1,24,1160.0,,15.0
simu5g_00000054,0,0,0,1160.0,,15.0
simu5g_00000054,0,0,1,704.0,,10.0
simu5g_00000054,0,0,2,1160.0,,15.0
simu5g_00000054,0,0,3,1128.0,,14.0
simu5g_00000054,0,0,4,1160.0,,15.0
simu5g_00000054,0,0,5,1128.0,,14.0
simu5g_00000054,0,0,6,1128.0,,14.0
simu5g_00000054,0,0,7,1160.0,,15.0
simu5g_00000054,0,0,8,984.0,,13.0
simu5g_00000054,0,0,9,1160.0,,15.0
simu5g_00000054,0,0,10,1160.0,,15.0
simu5g_00000054,0,0,11,1160.0,,15.0
simu5g_00000054,0,0,12,1160.0,,15.0
simu5g_00000054,0,0,13,1160.0,,15.0
simu5g_00000054,0,0,14,1160.0,,15.0
simu5g_00000054,0,0,15,1160.0,,15.0
simu5g_00000054,0,0,16,1128.0,,14.0
simu5g_00000054,0,0,17,1160.0,,15.0
simu5g_00000054,0,0,18,1160.0,,15.0
simu5g_00000054,0,0,19,1128.0,,14.0
simu5g_00000054,0,0,20,1160.0,,15.0
simu5g_00000054,0,0,21,984.0,,13.0
simu5g_00000054,0,0,22,1160.0,,15.0
simu5g_00000054,0,0,23,1160.0,,15.0
simu5g_00000054,0,0,24,1128.0,,14.0
simu5g_00000055,15,0,0,1128.0,,14.0
simu5g_00000055,15,0,1,1128.0,,14.0
simu5g_00000055,15,0,2,1160.0,,15.0
simu5g_00000055,15,0,3,1160.0,,15.0
simu5g_00000055,15,0,4,984.0,,13.0
simu5g_00000055,15,0,5,808.0,,11.0
simu5g_00000055,15,0,6,1160.0,,15.0
simu5g_00000055,15,0,7,1128.0,,14.0
simu5g_00000055,15,0,8,1160.0,,15.0
simu5g_00000055,15,0,9,1160.0,,15.0
simu5g_00000055,15,0,10,1160.0,,15.0
simu5g_00000055,15,0,11,1160.0,,15.0
simu5g_00000055,15,0,12,984.0,,13.0
simu5g_00000055,15,0,13,1160.0,,15.0
simu5g_00000055,15,0,14,1128.0,,14.0
simu5g_00000055,15,0,15,1128.0,,14.0
simu5g_00000055,15,0,16,1160.0,,15.0
simu5g_00000055,15,0,17,1160.0,,15.0
simu5g_00000055,15,0,18,1160.0,,15.0
simu5g_00000055,15,0,19,1160.0,,15.0
simu5g_00000055,15,0,20,1160.0,,15.0
simu5g_00000055,15,0,21,1128.0,,14.0
simu5g_00000055,15,0,22,1160.0,,15.0
simu5g_00000055,15,0,23,1160.0,,15.0
simu5g_00000055,15,0,24,1160.0,,15.0
simu5g_00000055,31,1,0,1128.0,,14.0
simu5g_00000055,31,1,1,1128.0,,14.0
simu5g_00000055,31,1,2,1160.0,,15.0
simu5g_00000055,31,1,3,1160.0,,15.0
simu5g_00000055,31,1,4,1160.0,,15.0
simu5g_00000055,31,1,5,1160.0,,15.0
simu5g_00000055,31,1,6,1160.0,,15.0
simu5g_00000055,31,1,7,1160.0,,15.0
simu5g_00000055,31,1,8,1160.0,,15.0
simu5g_00000055,31,1,9,1160.0,,15.0
simu5g_00000055,31,1,10,1160.0,,15.0
simu5g_00000055,31,1,11,1128.0,,14.0
simu5g_00000055,31,1,12,808.0,,11.0
simu5g_00000055,31,1,13,1160.0,,15.0
simu5g_00000055,31,1,14,1160.0,,15.0
simu5g_00000055,31,1,15,1160.0,,15.0
simu5g_00000055,31,1,16,1160.0,,15.0
simu5g_00000055,31,1,17,1160.0,,15.0
simu5g_00000055,31,1,18,1160.0,,15.0
simu5g_00000055,31,1,19,1128.0,,14.0
simu5g_00000055,31,1,20,1128.0,,14.0
simu5g_00000055,31,1,21,1160.0,,15.0
simu5g_00000055,31,1,22,1160.0,,15.0
simu5g_00000055,31,1,23,1160.0,,15.0
simu5g_00000055,31,1,24,1160.0,,15.0
simu5g_00000056,0,0,0,1160.0,,15.0
simu5g_00000056,0,0,1,704.0,,10.0
simu5g_00000056,0,0,2,1160.0,,15.0
simu5g_00000056,0,0,3,1128.0,,14.0
simu5g_00000056,0,0,4,1160.0,,15.0
simu5g_00000056,0,0,5,1128.0,,14.0
simu5g_00000056,0,0,6,1128.0,,14.0
simu5g_00000056,0,0,7,1160.0,,15.0
simu5g_00000056,0,0,8,984.0,,13.0
simu5g_00000056,0,0,9,1160.0,,15.0
simu5g_00000056,0,0,10,1160.0,,15.0
simu5g_00000056,0,0,11,1160.0,,15.0
simu5g_00000056,0,0,12,1160.0,,15.0
simu5g_00000056,0,0,13,1160.0,,15.0
simu5g_00000056,0,0,14,1160.0,,15.0
simu5g_00000056,0,0,15,1160.0,,15.0
simu5g_00000056,0,0,16,1128.0,,14.0
simu5g_00000056,0,0,17,1160.0,,15.0
simu5g_00000056,0,0,18,1160.0,,15.0
simu5g_00000056,0,0,19,1128.0,,14.0
simu5g_00000056,0,0,20,1160.0,,15.0
simu5g_00000056,0,0,21,984.0,,13.0
simu5g_00000056,0,0,22,1160.0,,15.0
simu5g_00000056,0,0,23,1160.0,,15.0
simu5g_00000056,0,0,24,1128.0,,14.0
simu5g_00000057,15,0,0,1128.0,,14.0
simu5g_00000057,15,0,1,1128.0,,14.0
simu5g_00000057,15,0,2,1160.0,,15.0
simu5g_00000057,15,0,3,1160.0,,15.0
simu5g_00000057,15,0,4,984.0,,13.0
simu5g_00000057,15,0,5,808.0,,11.0
simu5g_00000057,15,0,6,1160.0,,15.0
simu5g_00000057,15,0,7,1128.0,,14.0
simu5g_00000057,15,0,8,1160.0,,15.0
simu5g_00000057,15,0,9,1160.0,,15.0
simu5g_00000057,15,0,10,1160.0,,15.0
simu5g_00000057,15,0,11,1160.0,,15.0
simu5g_00000057,15,0,12,984.0,,13.0
simu5g_00000057,15,0,13,1160.0,,15.0
simu5g_00000057,15,0,14,1128.0,,14.0
simu5g_00000057,15,0,15,1128.0,,14.0
simu5g_00000057,15,0,16,1160.0,,15.0
simu5g_00000057,15,0,17,1160.0,,15.0
simu5g_00000057,15,0,18,1160.0,,15.0
simu5g_00000057,15,0,19,1160.0,,15.0
simu5g_00000057,15,0,20,1160.0,,15.0
simu5g_00000057,15,0,21,1128.0,,14.0
simu5g_00000057,15,0,22,1160.0,,15.0
simu5g_00000057,15,0,23,1160.0,,15.0
simu5g_00000057,15,0,24,1160.0,,15.0
simu5g_00000057,31,1,0,1128.0,,14.0
simu5g_00000057,31,1,1,1128.0,,14.0
simu5g_00000057,31,1,2,1160.0,,15.0
simu5g_00000057,31,1,3,1160.0,,15.0
simu5g_00000057,31,1,4,1160.0,,15.0
simu5g_00000057,31,1,5,1160.0,,15.0
simu5g_00000057,31,1,6,1160.0,,15.0
simu5g_00000057,31,1,7,1160.0,,15.0
simu5g_00000057,31,1,8,1160.0,,15.0
simu5g_00000057,31,1,9,1160.0,,15.0
simu5g_00000057,31,1,10,1160.0,,15.0
simu5g_00000057,31,1,11,1128.0,,14.0
simu5g_00000057,31,1,12,808.0,,11.0
simu5g_00000057,31,1,13,1160.0,,15.0
simu5g_00000057,31,1,14,1160.0,,15.0
simu5g_00000057,31,1,15,1160.0,,15.0
simu5g_00000057,31,1,16,1160.0,,15.0
simu5g_00000057,31,1,17,1160.0,,15.0
simu5g_00000057,31,1,18,1160.0,,15.0
simu5g_00000057,31,1,19,1128.0,,14.0
simu5g_00000057,31,1,20,1128.0,,14.0
simu5g_00000057,31,1,21,1160.0,,15.0
simu5g_00000057,31,1,22,1160.0,,15.0
simu5g_00000057,31,1,23,1160.0,,15.0
simu5g_00000057,31,1,24,1160.0,,15.0
simu5g_00000058,0,0,0,1160.0,,15.0
simu5g_00000058,0,0,1,704.0,,10.0
simu5g_00000058,0,0,2,1160.0,,15.0
simu5g_00000058,0,0,3,1128.0,,14.0
simu5g_00000058,0,0,4,1160.0,,15.0
simu5g_00000058,0,0,5,1128.0,,14.0
simu5g_00000058,0,0,6,1128.0,,14.0
simu5g_00000058,0,0,7,1160.0,,15.0
simu5g_00000058,0,0,8,984.0,,13.0
simu5g_00000058,0,0,9,1160.0,,15.0
simu5g_00000058,0,0,10,1160.0,,15.0
simu5g_00000058,0,0,11,1160.0,,15.0
simu5g_00000058,0,0,12,1160.0,,15.0
simu5g_00000058,0,0,13,1160.0,,15.0
simu5g_00000058,0,0,14,1160.0,,15.0
simu5g_00000058,0,0,15,1160.0,,15.0
simu5g_00000058,0,0,16,1128.0,,14.0
simu5g_00000058,0,0,17,1160.0,,15.0
simu5g_00000058,0,0,18,1160.0,,15.0
simu5g_00000058,0,0,19,1128.0,,14.0
simu5g_00000058,0,0,20,1160.0,,15.0
simu5g_00000058,0,0,21,984.0,,13.0
simu5g_00000058,0,0,22,1160.0,,15.0
simu5g_00000058,0,0,23,1160.0,,15.0
simu5g_00000058,0,0,24,1128.0,,14.0
simu5g_00000059,15,0,0,984.0,,13.0
simu5g_00000059,15,0,1,984.0,,13.0
simu5g_00000059,15,0,2,1128.0,,14.0
simu5g_00000059,15,0,3,1128.0,,14.0
simu5g_00000059,15,0,4,888.0,,12.0
simu5g_00000059,15,0,5,528.0,,8.0
simu5g_00000059,15,0,6,1160.0,,15.0
simu5g_00000059,15,0,7,984.0,,13.0
simu5g_00000059,15,0,8,1160.0,,15.0
simu5g_00000059,15,0,9,1128.0,,14.0
simu5g_00000059,15,0,10,1160.0,,15.0
simu5g_00000059,15,0,11,1160.0,,15.0
simu5g_00000059,15,0,12,808.0,,11.0
simu5g_00000059,15,0,13,1128.0,,14.0
simu5g_00000059,15,0,14,984.0,,13.0
simu5g_00000059,15,0,15,984.0,,13.0
simu5g_00000059,15,0,16,1160.0,,15.0
simu5g_00000059,15,0,17,1128.0,,14.0
simu5g_00000059,15,0,18,1128.0,,14.0
simu5g_00000059,15,0,19,1128.0,,14.0
simu5g_00000059,15,0,20,1160.0,,15.0
simu5g_00000059,15,0,21,1128.0,,14.0
simu5g_00000059,15,0,22,1128.0,,14.0
simu5g_00000059,15,0,23,1128.0,,14.0
simu5g_00000059,15,0,24,1128.0,,14.0
simu5g_00000059,31,1,0,1128.0,,14.0
simu5g_00000059,31,1,1,1128.0,,14.0
simu5g_00000059,31,1,2,1160.0,,15.0
simu5g_00000059,31,1,3,1160.0,,15.0
simu5g_00000059,31,1,4,1160.0,,15.0
simu5g_00000059,31,1,5,1160.0,,15.0
simu5g_00000059,31,1,6,1160.0,,15.0
simu5g_00000059,31,1,7,1160.0,,15.0
simu5g_00000059,31,1,8,1160.0,,15.0
simu5g_00000059,31,1,9,1160.0,,15.0
simu5g_00000059,31,1,10,1160.0,,15.0
simu5g_00000059,31,1,11,1128.0,,14.0
simu5g_00000059,31,1,12,808.0,,11.0
simu5g_00000059,31,1,13,1160.0,,15.0
simu5g_00000059,31,1,14,1160.0,,15.0
simu5g_00000059,31,1,15,1160.0,,15.0
simu5g_00000059,31,1,16,1160.0,,15.0
simu5g_00000059,31,1,17,1160.0,,15.0
simu5g_00000059,31,1,18,1160.0,,15.0
simu5g_00000059,31,1,19,1128.0,,14.0
simu5g_00000059,31,1,20,1128.0,,14.0
simu5g_00000059,31,1,21,1160.0,,15.0
simu5g_00000059,31,1,22,1160.0,,15.0
simu5g_00000059,31,1,23,1160.0,,15.0
simu5g_00000059,31,1,24,1160.0,,15.0
simu5g_00000060,0,0,0,1160.0,,15.0
simu5g_00000060,0,0,1,704.0,,10.0
simu5g_00000060,0,0,2,1160.0,,15.0
simu5g_00000060,0,0,3,1128.0,,14.0
simu5g_00000060,0,0,4,1160.0,,15.0
simu5g_00000060,0,0,5,1128.0,,14.0
simu5g_00000060,0,0,6,1128.0,,14.0
simu5g_00000060,0,0,7,1160.0,,15.0
simu5g_00000060,0,0,8,984.0,,13.0
simu5g_00000060,0,0,9,1160.0,,15.0
simu5g_00000060,0,0,10,1160.0,,15.0
simu5g_00000060,0,0,11,1160.0,,15.0
simu5g_00000060,0,0,12,1160.0,,15.0
simu5g_00000060,0,0,13,1160.0,,15.0
simu5g_00000060,0,0,14,1160.0,,15.0
simu5g_00000060,0,0,15,1160.0,,15.0
simu5g_00000060,0,0,16,1128.0,,14.0
simu5g_00000060,0,0,17,1160.0,,15.0
simu5g_00000060,0,0,18,1160.0,,15.0
simu5g_00000060,0,0,19,1128.0,,14.0
simu5g_00000060,0,0,20,1160.0,,15.0
simu5g_00000060,0,0,21,984.0,,13.0
simu5g_00000060,0,0,22,1160.0,,15.0
simu5g_00000060,0,0,23,1160.0,,15.0
simu5g_00000060,0,0,24,1128.0,,14.0
simu5g_00000061,15,0,0,984.0,,13.0
simu5g_00000061,15,0,1,984.0,,13.0
simu5g_00000061,15,0,2,1128.0,,14.0
simu5g_00000061,15,0,3,1128.0,,14.0
simu5g_00000061,15,0,4,888.0,,12.0
simu5g_00000061,15,0,5,528.0,,8.0
simu5g_00000061,15,0,6,1160.0,,15.0
simu5g_00000061,15,0,7,984.0,,13.0
simu5g_00000061,15,0,8,1160.0,,15.0
simu5g_00000061,15,0,9,1128.0,,14.0
simu5g_00000061,15,0,10,1160.0,,15.0
simu5g_00000061,15,0,11,1160.0,,15.0
simu5g_00000061,15,0,12,808.0,,11.0
simu5g_00000061,15,0,13,1128.0,,14.0
simu5g_00000061,15,0,14,984.0,,13.0
simu5g_00000061,15,0,15,984.0,,13.0
simu5g_00000061,15,0,16,1160.0,,15.0
simu5g_00000061,15,0,17,1128.0,,14.0
simu5g_00000061,15,0,18,1128.0,,14.0
simu5g_00000061,15,0,19,1128.0,,14.0
simu5g_00000061,15,0,20,1160.0,,15.0
simu5g_00000061,15,0,21,1128.0,,14.0
simu5g_00000061,15,0,22,1128.0,,14.0
simu5g_00000061,15,0,23,1128.0,,14.0
simu5g_00000061,15,0,24,1128.0,,14.0
simu5g_00000061,31,1,0,1128.0,,14.0
simu5g_00000061,31,1,1,1128.0,,14.0
simu5g_00000061,31,1,2,1160.0,,15.0
simu5g_00000061,31,1,3,1160.0,,15.0
simu5g_00000061,31,1,4,1160.0,,15.0
simu5g_00000061,31,1,5,1160.0,,15.0
simu5g_00000061,31,1,6,1160.0,,15.0
simu5g_00000061,31,1,7,1160.0,,15.0
simu5g_00000061,31,1,8,1160.0,,15.0
simu5g_00000061,31,1,9,1160.0,,15.0
simu5g_00000061,31,1,10,1160.0,,15.0
simu5g_00000061,31,1,11,1128.0,,14.0
simu5g_00000061,31,1,12,808.0,,11.0
simu5g_00000061,31,1,13,1160.0,,15.0
simu5g_00000061,31,1,14,1160.0,,15.0
simu5g_00000061,31,1,15,1160.0,,15.0
simu5g_00000061,31,1,16,1160.0,,15.0
simu5g_00000061,31,1,17,1160.0,,15.0
simu5g_00000061,31,1,18,1160.0,,15.0
simu5g_00000061,31,1,19,1128.0,,14.0
simu5g_00000061,31,1,20,1128.0,,14.0
simu5g_00000061,31,1,21,1160.0,,15.0
simu5g_00000061,31,1,22,1160.0,,15.0
simu5g_00000061,31,1,23,1160.0,,15.0
simu5g_00000061,31,1,24,1160.0,,15.0
simu5g_00000062,0,0,0,1160.0,,15.0
simu5g_00000062,0,0,1,704.0,,10.0
simu5g_00000062,0,0,2,1160.0,,15.0
simu5g_00000062,0,0,3,1128.0,,14.0
simu5g_00000062,0,0,4,1160.0,,15.0
simu5g_00000062,0,0,5,1128.0,,14.0
simu5g_00000062,0,0,6,1128.0,,14.0
simu5g_00000062,0,0,7,1160.0,,15.0
simu5g_00000062,0,0,8,984.0,,13.0
simu5g_00000062,0,0,9,1160.0,,15.0
simu5g_00000062,0,0,10,1160.0,,15.0
simu5g_00000062,0,0,11,1160.0,,15.0
simu5g_00000062,0,0,12,1160.0,,15.0
simu5g_00000062,0,0,13,1160.0,,15.0
simu5g_00000062,0,0,14,1160.0,,15.0
simu5g_00000062,0,0,15,1160.0,,15.0
simu5g_00000062,0,0,16,1128.0,,14.0
simu5g_00000062,0,0,17,1160.0,,15.0
simu5g_00000062,0,0,18,1160.0,,15.0
simu5g_00000062,0,0,19,1128.0,,14.0
simu5g_00000062,0,0,20,1160.0,,15.0
simu5g_00000062,0,0,21,984.0,,13.0
simu5g_00000062,0,0,22,1160.0,,15.0
simu5g_00000062,0,0,23,1160.0,,15.0
simu5g_00000062,0,0,24,1128.0,,14.0
simu5g_00000063,15,0,0,984.0,,13.0
simu5g_00000063,15,0,1,984.0,,13.0
simu5g_00000063,15,0,2,1128.0,,14.0
simu5g_00000063,15,0,3,1128.0,,14.0
simu5g_00000063,15,0,4,888.0,,12.0
simu5g_00000063,15,0,5,528.0,,8.0
simu5g_00000063,15,0,6,1160.0,,15.0
simu5g_00000063,15,0,7,984.0,,13.0
simu5g_00000063,15,0,8,1160.0,,15.0
simu5g_00000063,15,0,9,1128.0,,14.0
simu5g_00000063,15,0,10,1160.0,,15.0
simu5g_00000063,15,0,11,1160.0,,15.0
simu5g_00000063,15,0,12,808.0,,11.0
simu5g_00000063,15,0,13,1128.0,,14.0
simu5g_00000063,15,0,14,984.0,,13.0
simu5g_00000063,15,0,15,984.0,,13.0
simu5g_00000063,15,0,16,1160.0,,15.0
simu5g_00000063,15,0,17,1128.0,,14.0
simu5g_00000063,15,0,18,1128.0,,14.0
simu5g_00000063,15,0,19,1128.0,,14.0
simu5g_00000063,15,0,20,1160.0,,15.0
simu5g_00000063,15,0,21,1128.0,,14.0
simu5g_00000063,15,0,22,1128.0,,14.0
simu5g_00000063,15,0,23,1128.0,,14.0
simu5g_00000063,15,0,24,1128.0,,14.0
simu5g_00000063,31,1,0,1128.0,,14.0
simu5g_00000063,31,1,1,1128.0,,14.0
simu5g_00000063,31,1,2,1160.0,,15.0
simu5g_00000063,31,1,3,1160.0,,15.0
simu5g_00000063,31,1,4,1160.0,,15.0
simu5g_00000063,31,1,5,1160.0,,15.0
simu5g_00000063,31,1,6,1160.0,,15.0
simu5g_00000063,31,1,7,1160.0,,15.0
simu5g_00000063,31,1,8,1160.0,,15.0
simu5g_00000063,31,1,9,1160.0,,15.0
simu5g_00000063,31,1,10,1160.0,,15.0
simu5g_00000063,31,1,11,1128.0,,14.0
simu5g_00000063,31,1,12,808.0,,11.0
simu5g_00000063,31,1,13,1160.0,,15.0
simu5g_00000063,31,1,14,1160.0,,15.0
simu5g_00000063,31,1,15,1160.0,,15.0
simu5g_00000063,31,1,16,1160.0,,15.0
simu5g_00000063,31,1,17,1160.0,,15.0
simu5g_00000063,31,1,18,1160.0,,15.0
simu5g_00000063,31,1,19,1128.0,,14.0
simu5g_00000063,31,1,20,1128.0,,14.0
simu5g_00000063,31,1,21,1160.0,,15.0
simu5g_00000063,31,1,22,1160.0,,15.0
simu5g_00000063,31,1,23,1160.0,,15.0
simu5g_00000063,31,1,24,1160.0,,15.0
simu5g_00000064,0,0,0,1160.0,,15.0
simu5g_00000064,0,0,1,704.0,,10.0
simu5g_00000064,0,0,2,1160.0,,15.0
simu5g_00000064,0,0,3,1128.0,,14.0
simu5g_00000064,0,0,4,1160.0,,15.0
simu5g_00000064,0,0,5,1128.0,,14.0
simu5g_00000064,0,0,6,1128.0,,14.0
simu5g_00000064,0,0,7,1160.0,,15.0
simu5g_00000064,0,0,8,984.0,,13.0
simu5g_00000064,0,0,9,1160.0,,15.0
simu5g_00000064,0,0,10,1160.0,,15.0
simu5g_00000064,0,0,11,1160.0,,15.0
simu5g_00000064,0,0,12,1160.0,,15.0
simu5g_00000064,0,0,13,1160.0,,15.0
simu5g_00000064,0,0,14,1160.0,,15.0
simu5g_00000064,0,0,15,1160.0,,15.0
simu5g_00000064,0,0,16,1128.0,,14.0
simu5g_00000064,0,0,17,1160.0,,15.0
simu5g_00000064,0,0,18,1160.0,,15.0
simu5g_00000064,0,0,19,1128.0,,14.0
simu5g_00000064,0,0,20,1160.0,,15.0
simu5g_00000064,0,0,21,984.0,,13.0
simu5g_00000064,0,0,22,1160.0,,15.0
simu5g_00000064,0,0,23,1160.0,,15.0
simu5g_00000064,0,0,24,1128.0,,14.0
simu5g_00000065,15,0,0,984.0,,13.0
simu5g_00000065,15,0,1,984.0,,13.0
simu5g_00000065,15,0,2,1128.0,,14.0
simu5g_00000065,15,0,3,1128.0,,14.0
simu5g_00000065,15,0,4,888.0,,12.0
simu5g_00000065,15,0,5,528.0,,8.0
simu5g_00000065,15,0,6,1160.0,,15.0
simu5g_00000065,15,0,7,984.0,,13.0
simu5g_00000065,15,0,8,1160.0,,15.0
simu5g_00000065,15,0,9,1128.0,,14.0
simu5g_00000065,15,0,10,1160.0,,15.0
simu5g_00000065,15,0,11,1160.0,,15.0
simu5g_00000065,15,0,12,808.0,,11.0
simu5g_00000065,15,0,13,1128.0,,14.0
simu5g_00000065,15,0,14,984.0,,13.0
simu5g_00000065,15,0,15,984.0,,13.0
simu5g_00000065,15,0,16,1160.0,,15.0
simu5g_00000065,15,0,17,1128.0,,14.0
simu5g_00000065,15,0,18,1128.0,,14.0
simu5g_00000065,15,0,19,1128.0,,14.0
simu5g_00000065,15,0,20,1160.0,,15.0
simu5g_00000065,15,0,21,1128.0,,14.0
simu5g_00000065,15,0,22,1128.0,,14.0
simu5g_00000065,15,0,23,1128.0,,14.0
simu5g_00000065,15,0,24,1128.0,,14.0
simu5g_00000065,31,1,0,1128.0,,14.0
simu5g_00000065,31,1,1,1128.0,,14.0
simu5g_00000065,31,1,2,1160.0,,15.0
simu5g_00000065,31,1,3,1160.0,,15.0
simu5g_00000065,31,1,4,1160.0,,15.0
simu5g_00000065,31,1,5,1160.0,,15.0
simu5g_00000065,31,1,6,1160.0,,15.0
simu5g_00000065,31,1,7,1160.0,,15.0
simu5g_00000065,31,1,8,1160.0,,15.0
simu5g_00000065,31,1,9,1160.0,,15.0
simu5g_00000065,31,1,10,1160.0,,15.0
simu5g_00000065,31,1,11,1128.0,,14.0
simu5g_00000065,31,1,12,808.0,,11.0
simu5g_00000065,31,1,13,1160.0,,15.0
simu5g_00000065,31,1,14,1160.0,,15.0
simu5g_00000065,31,1,15,1160.0,,15.0
simu5g_00000065,31,1,16,1160.0,,15.0
simu5g_00000065,31,1,17,1160.0,,15.0
simu5g_00000065,31,1,18,1160.0,,15.0
simu5g_00000065,31,1,19,1128.0,,14.0
simu5g_00000065,31,1,20,1128.0,,14.0
simu5g_00000065,31,1,21,1160.0,,15.0
simu5g_00000065,31,1,22,1160.0,,15.0
simu5g_00000065,31,1,23,1160.0,,15.0
simu5g_00000065,31,1,24,1160.0,,15.0
simu5g_00000066,0,0,0,1160.0,,15.0
simu5g_00000066,0,0,1,704.0,,10.0
simu5g_00000066,0,0,2,1160.0,,15.0
simu5g_00000066,0,0,3,1128.0,,14.0
simu5g_00000066,0,0,4,1160.0,,15.0
simu5g_00000066,0,0,5,1128.0,,14.0
simu5g_00000066,0,0,6,1128.0,,14.0
simu5g_00000066,0,0,7,1160.0,,15.0
simu5g_00000066,0,0,8,984.0,,13.0
simu5g_00000066,0,0,9,1160.0,,15.0
simu5g_00000066,0,0,10,1160.0,,15.0
simu5g_00000066,0,0,11,1160.0,,15.0
simu5g_00000066,0,0,12,1160.0,,15.0
simu5g_00000066,0,0,13,1160.0,,15.0
simu5g_00000066,0,0,14,1160.0,,15.0
simu5g_00000066,0,0,15,1160.0,,15.0
simu5g_00000066,0,0,16,1128.0,,14.0
simu5g_00000066,0,0,17,1160.0,,15.0
simu5g_00000066,0,0,18,1160.0,,15.0
simu5g_00000066,0,0,19,1128.0,,14.0
simu5g_00000066,0,0,20,1160.0,,15.0
simu5g_00000066,0,0,21,984.0,,13.0
simu5g_00000066,0,0,22,1160.0,,15.0
simu5g_00000066,0,0,23,1160.0,,15.0
simu5g_00000066,0,0,24,1128.0,,14.0
simu5g_00000067,15,0,0,984.0,,13.0
simu5g_00000067,15,0,1,984.0,,13.0
simu5g_00000067,15,0,2,1128.0,,14.0
simu5g_00000067,15,0,3,1128.0,,14.0
simu5g_00000067,15,0,4,888.0,,12.0
simu5g_00000067,15,0,5,528.0,,8.0
simu5g_00000067,15,0,6,1160.0,,15.0
simu5g_00000067,15,0,7,984.0,,13.0
simu5g_00000067,15,0,8,1160.0,,15.0
simu5g_00000067,15,0,9,1128.0,,14.0
simu5g_00000067,15,0,10,1160.0,,15.0
simu5g_00000067,15,0,11,1160.0,,15.0
simu5g_00000067,15,0,12,808.0,,11.0
simu5g_00000067,15,0,13,1128.0,,14.0
simu5g_00000067,15,0,14,984.0,,13.0
simu5g_00000067,15,0,15,984.0,,13.0
simu5g_00000067,15,0,16,1160.0,,15.0
simu5g_00000067,15,0,17,1128.0,,14.0
simu5g_00000067,15,0,18,1128.0,,14.0
simu5g_00000067,15,0,19,1128.0,,14.0
simu5g_00000067,15,0,20,1160.0,,15.0
simu5g_00000067,15,0,21,1128.0,,14.0
simu5g_00000067,15,0,22,1128.0,,14.0
simu5g_00000067,15,0,23,1128.0,,14.0
simu5g_00000067,15,0,24,1128.0,,14.0
simu5g_00000067,31,1,0,1128.0,,14.0
simu5g_00000067,31,1,1,1128.0,,14.0
simu5g_00000067,31,1,2,1160.0,,15.0
simu5g_00000067,31,1,3,1160.0,,15.0
simu5g_00000067,31,1,4,1160.0,,15.0
simu5g_00000067,31,1,5,1160.0,,15.0
simu5g_00000067,31,1,6,1160.0,,15.0
simu5g_00000067,31,1,7,1160.0,,15.0
simu5g_00000067,31,1,8,1160.0,,15.0
simu5g_00000067,31,1,9,1160.0,,15.0
simu5g_00000067,31,1,10,1160.0,,15.0
simu5g_00000067,31,1,11,1128.0,,14.0
simu5g_00000067,31,1,12,808.0,,11.0
simu5g_00000067,31,1,13,1160.0,,15.0
simu5g_00000067,31,1,14,1160.0,,15.0
simu5g_00000067,31,1,15,1160.0,,15.0
simu5g_00000067,31,1,16,1160.0,,15.0
simu5g_00000067,31,1,17,1160.0,,15.0
simu5g_00000067,31,1,18,1160.0,,15.0
simu5g_00000067,31,1,19,1128.0,,14.0
simu5g_00000067,31,1,20,1128.0,,14.0
simu5g_00000067,31,1,21,1160.0,,15.0
simu5g_00000067,31,1,22,1160.0,,15.0
simu5g_00000067,31,1,23,1160.0,,15.0
simu5g_00000067,31,1,24,1160.0,,15.0
simu5g_00000068,0,0,0,1160.0,,15.0
simu5g_00000068,0,0,1,704.0,,10.0
simu5g_00000068,0,0,2,1160.0,,15.0
simu5g_00000068,0,0,3,1128.0,,14.0
simu5g_00000068,0,0,4,1160.0,,15.0
simu5g_00000068,0,0,5,1128.0,,14.0
simu5g_00000068,0,0,6,1128.0,,14.0
simu5g_00000068,0,0,7,1160.0,,15.0
simu5g_00000068,0,0,8,984.0,,13.0
simu5g_00000068,0,0,9,1160.0,,15.0
simu5g_00000068,0,0,10,1160.0,,15.0
simu5g_00000068,0,0,11,1160.0,,15.0
simu5g_00000068,0,0,12,1160.0,,15.0
simu5g_00000068,0,0,13,1160.0,,15.0
simu5g_00000068,0,0,14,1160.0,,15.0
simu5g_00000068,0,0,15,1160.0,,15.0
simu5g_00000068,0,0,16,1128.0,,14.0
simu5g_00000068,0,0,17,1160.0,,15.0
simu5g_00000068,0,0,18,1160.0,,15.0
simu5g_00000068,0,0,19,1128.0,,14.0
simu5g_00000068,0,0,20,1160.0,,15.0
simu5g_00000068,0,0,21,984.0,,13.0
simu5g_00000068,0,0,22,1160.0,,15.0
simu5g_00000068,0,0,23,1160.0,,15.0
simu5g_00000068,0,0,24,1128.0,,14.0
simu5g_00000069,15,0,0,984.0,,13.0
simu5g_00000069,15,0,1,984.0,,13.0
simu5g_00000069,15,0,2,1128.0,,14.0
simu5g_00000069,15,0,3,1128.0,,14.0
simu5g_00000069,15,0,4,888.0,,12.0
simu5g_00000069,15,0,5,528.0,,8.0
simu5g_00000069,15,0,6,1160.0,,15.0
simu5g_00000069,15,0,7,984.0,,13.0
simu5g_00000069,15,0,8,1160.0,,15.0
simu5g_00000069,15,0,9,1128.0,,14.0
simu5g_00000069,15,0,10,1160.0,,15.0
simu5g_00000069,15,0,11,1160.0,,15.0
simu5g_00000069,15,0,12,808.0,,11.0
simu5g_00000069,15,0,13,1128.0,,14.0
simu5g_00000069,15,0,14,984.0,,13.0
simu5g_00000069,15,0,15,984.0,,13.0
simu5g_00000069,15,0,16,1160.0,,15.0
simu5g_00000069,15,0,17,1128.0,,14.0
simu5g_00000069,15,0,18,1128.0,,14.0
simu5g_00000069,15,0,19,1128.0,,14.0
simu5g_00000069,15,0,20,1160.0,,15.0
simu5g_00000069,15,0,21,1128.0,,14.0
simu5g_00000069,15,0,22,1128.0,,14.0
simu5g_00000069,15,0,23,1128.0,,14.0
simu5g_00000069,15,0,24,1128.0,,14.0
simu5g_00000069,31,1,0,1128.0,,14.0
simu5g_00000069,31,1,1,1128.0,,14.0
simu5g_00000069,31,1,2,1160.0,,15.0
simu5g_00000069,31,1,3,1160.0,,15.0
simu5g_00000069,31,1,4,1160.0,,15.0
simu5g_00000069,31,1,5,1160.0,,15.0
simu5g_00000069,31,1,6,1160.0,,15.0
simu5g_00000069,31,1,7,1160.0,,15.0
simu5g_00000069,31,1,8,1160.0,,15.0
simu5g_00000069,31,1,9,1160.0,,15.0
simu5g_00000069,31,1,10,1160.0,,15.0
simu5g_00000069,31,1,11,1128.0,,14.0
simu5g_00000069,31,1,12,808.0,,11.0
simu5g_00000069,31,1,13,1160.0,,15.0
simu5g_00000069,31,1,14,1160.0,,15.0
simu5g_00000069,31,1,15,1160.0,,15.0
simu5g_00000069,31,1,16,1160.0,,15.0
simu5g_00000069,31,1,17,1160.0,,15.0
simu5g_00000069,31,1,18,1160.0,,15.0
simu5g_00000069,31,1,19,1128.0,,14.0
simu5g_00000069,31,1,20,1128.0,,14.0
simu5g_00000069,31,1,21,1160.0,,15.0
simu5g_00000069,31,1,22,1160.0,,15.0
simu5g_00000069,31,1,23,1160.0,,15.0
simu5g_00000069,31,1,24,1160.0,,15.0
simu5g_00000070,0,0,0,1160.0,,15.0
simu5g_00000070,0,0,1,528.0,,8.0
simu5g_00000070,0,0,2,1160.0,,15.0
simu5g_00000070,0,0,3,984.0,,13.0
simu5g_00000070,0,0,4,1128.0,,14.0
simu5g_00000070,0,0,5,984.0,,13.0
simu5g_00000070,0,0,6,984.0,,13.0
simu5g_00000070,0,0,7,1160.0,,15.0
simu5g_00000070,0,0,8,808.0,,11.0
simu5g_00000070,0,0,9,1128.0,,14.0
simu5g_00000070,0,0,10,1128.0,,14.0
simu5g_00000070,0,0,11,1160.0,,15.0
simu5g_00000070,0,0,12,1128.0,,14.0
simu5g_00000070,0,0,13,1128.0,,14.0
simu5g_00000070,0,0,14,1128.0,,14.0
simu5g_00000070,0,0,15,1160.0,,15.0
simu5g_00000070,0,0,16,984.0,,13.0
simu5g_00000070,0,0,17,1160.0,,15.0
simu5g_00000070,0,0,18,1128.0,,14.0
simu5g_00000070,0,0,19,984.0,,13.0
simu5g_00000070,0,0,20,1160.0,,15.0
simu5g_00000070,0,0,21,888.0,,12.0
simu5g_00000070,0,0,22,1160.0,,15.0
simu5g_00000070,0,0,23,1160.0,,15.0
simu5g_00000070,0,0,24,984.0,,13.0
simu5g_00000071,15,0,0,984.0,,13.0
simu5g_00000071,15,0,1,984.0,,13.0
simu5g_00000071,15,0,2,1128.0,,14.0
simu5g_00000071,15,0,3,1128.0,,14.0
simu5g_00000071,15,0,4,888.0,,12.0
simu5g_00000071,15,0,5,528.0,,8.0
simu5g_00000071,15,0,6,1160.0,,15.0
simu5g_00000071,15,0,7,984.0,,13.0
simu5g_00000071,15,0,8,1160.0,,15.0
simu5g_00000071,15,0,9,1128.0,,14.0
simu5g_00000071,15,0,10,1160.0,,15.0
simu5g_00000071,15,0,11,1160.0,,15.0
simu5g_00000071,15,0,12,808.0,,11.0
simu5g_00000071,15,0,13,1128.0,,14.0
simu5g_00000071,15,0,14,984.0,,13.0
simu5g_00000071,15,0,15,984.0,,13.0
simu5g_00000071,15,0,16,1160.0,,15.0
simu5g_00000071,15,0,17,1128.0,,14.0
simu5g_00000071,15,0,18,1128.0,,14.0
simu5g_00000071,15,0,19,1128.0,,14.0
simu5g_00000071,15,0,20,1160.0,,15.0
simu5g_00000071,15,0,21,1128.0,,14.0
simu5g_00000071,15,0,22,1128.0,,14.0
simu5g_00000071,15,0,23,1128.0,,14.0
simu5g_00000071,15,0,24,1128.0,,14.0
simu5g_00000071,31,1,0,1128.0,,14.0
simu5g_00000071,31,1,1,1128.0,,14.0
simu5g_00000071,31,1,2,1160.0,,15.0
simu5g_00000071,31,1,3,1160.0,,15.0
simu5g_00000071,31,1,4,1160.0,,15.0
simu5g_00000071,31,1,5,1160.0,,15.0
simu5g_00000071,31,1,6,1160.0,,15.0
simu5g_00000071,31,1,7,1160.0,,15.0
simu5g_00000071,31,1,8,1160.0,,15.0
simu5g_00000071,31,1,9,1160.0,,15.0
simu5g_00000071,31,1,10,1160.0,,15.0
simu5g_00000071,31,1,11,1128.0,,14.0
simu5g_00000071,31,1,12,808.0,,11.0
simu5g_00000071,31,1,13,1160.0,,15.0
simu5g_00000071,31,1,14,1160.0,,15.0
simu5g_00000071,31,1,15,1160.0,,15.0
simu5g_00000071,31,1,16,1160.0,,15.0
simu5g_00000071,31,1,17,1160.0,,15.0
simu5g_00000071,31,1,18,1160.0,,15.0
simu5g_00000071,31,1,19,1128.0,,14.0
simu5g_00000071,31,1,20,1128.0,,14.0
simu5g_00000071,31,1,21,1160.0,,15.0
simu5g_00000071,31,1,22,1160.0,,15.0
simu5g_00000071,31,1,23,1160.0,,15.0
simu5g_00000071,31,1,24,1160.0,,15.0
simu5g_00000072,0,0,0,1160.0,,15.0
simu5g_00000072,0,0,1,528.0,,8.0
simu5g_00000072,0,0,2,1160.0,,15.0
simu5g_00000072,0,0,3,984.0,,13.0
simu5g_00000072,0,0,4,1128.0,,14.0
simu5g_00000072,0,0,5,984.0,,13.0
simu5g_00000072,0,0,6,984.0,,13.0
simu5g_00000072,0,0,7,1160.0,,15.0
simu5g_00000072,0,0,8,808.0,,11.0
simu5g_00000072,0,0,9,1128.0,,14.0
simu5g_00000072,0,0,10,1128.0,,14.0
simu5g_00000072,0,0,11,1160.0,,15.0
simu5g_00000072,0,0,12,1128.0,,14.0
simu5g_00000072,0,0,13,1128.0,,14.0
simu5g_00000072,0,0,14,1128.0,,14.0
simu5g_00000072,0,0,15,1160.0,,15.0
simu5g_00000072,0,0,16,984.0,,13.0
simu5g_00000072,0,0,17,1160.0,,15.0
simu5g_00000072,0,0,18,1128.0,,14.0
simu5g_00000072,0,0,19,984.0,,13.0
simu5g_00000072,0,0,20,1160.0,,15.0
simu5g_00000072,0,0,21,888.0,,12.0
simu5g_00000072,0,0,22,1160.0,,15.0
simu5g_00000072,0,0,23,1160.0,,15.0
simu5g_00000072,0,0,24,984.0,,13.0
simu5g_00000073,15,0,0,984.0,,13.0
simu5g_00000073,15,0,1,984.0,,13.0
simu5g_00000073,15,0,2,1128.0,,14.0
simu5g_00000073,15,0,3,1128.0,,14.0
simu5g_00000073,15,0,4,888.0,,12.0
simu5g_00000073,15,0,5,528.0,,8.0
simu5g_00000073,15,0,6,1160.0,,15.0
simu5g_00000073,15,0,7,984.0,,13.0
simu5g_00000073,15,0,8,1160.0,,15.0
simu5g_00000073,15,0,9,1128.0,,14.0
simu5g_00000073,15,0,10,1160.0,,15.0
simu5g_00000073,15,0,11,1160.0,,15.0
simu5g_00000073,15,0,12,808.0,,11.0
simu5g_00000073,15,0,13,1128.0,,14.0
simu5g_00000073,15,0,14,984.0,,13.0
simu5g_00000073,15,0,15,984.0,,13.0
simu5g_00000073,15,0,16,1160.0,,15.0
simu5g_00000073,15,0,17,1128.0,,14.0
simu5g_00000073,15,0,18,1128.0,,14.0
simu5g_00000073,15,0,19,1128.0,,14.0
simu5g_00000073,15,0,20,1160.0,,15.0
simu5g_00000073,15,0,21,1128.0,,14.0
simu5g_00000073,15,0,22,1128.0,,14.0
simu5g_00000073,15,0,23,1128.0,,14.0
simu5g_00000073,15,0,24,1128.0,,14.0
simu5g_00000073,31,1,0,1128.0,,14.0
simu5g_00000073,31,1,1,984.0,,13.0
simu5g_00000073,31,1,2,1160.0,,15.0
simu5g_00000073,31,1,3,1160.0,,15.0
simu5g_00000073,31,1,4,1160.0,,15.0
simu5g_00000073,31,1,5,1128.0,,14.0
simu5g_00000073,31,1,6,1160.0,,15.0
simu5g_00000073,31,1,7,1128.0,,14.0
simu5g_00000073,31,1,8,1160.0,,15.0
simu5g_00000073,31,1,9,1160.0,,15.0
simu5g_00000073,31,1,10,1160.0,,15.0
simu5g_00000073,31,1,11,1128.0,,14.0
simu5g_00000073,31,1,12,608.0,,9.0
simu5g_00000073,31,1,13,1160.0,,15.0
simu5g_00000073,31,1,14,1160.0,,15.0
simu5g_00000073,31,1,15,1160.0,,15.0
simu5g_00000073,31,1,16,1128.0,,14.0
simu5g_00000073,31,1,17,1160.0,,15.0
simu5g_00000073,31,1,18,1160.0,,15.0
simu5g_00000073,31,1,19,1128.0,,14.0
simu5g_00000073,31,1,20,1128.0,,14.0
simu5g_00000073,31,1,21,1160.0,,15.0
simu5g_00000073,31,1,22,1128.0,,14.0
simu5g_00000073,31,1,23,1160.0,,15.0
simu5g_00000073,31,1,24,1160.0,,15.0
simu5g_00000074,0,0,0,1160.0,,15.0
simu5g_00000074,0,0,1,528.0,,8.0
simu5g_00000074,0,0,2,1160.0,,15.0
simu5g_00000074,0,0,3,984.0,,13.0
simu5g_00000074,0,0,4,1128.0,,14.0
simu5g_00000074,0,0,5,984.0,,13.0
simu5g_00000074,0,0,6,984.0,,13.0
simu5g_00000074,0,0,7,1160.0,,15.0
simu5g_00000074,0,0,8,808.0,,11.0
simu5g_00000074,0,0,9,1128.0,,14.0
simu5g_00000074,0,0,10,1128.0,,14.0
simu5g_00000074,0,0,11,1160.0,,15.0
simu5g_00000074,0,0,12,1128.0,,14.0
simu5g_00000074,0,0,13,1128.0,,14.0
simu5g_00000074,0,0,14,1128.0,,14.0
simu5g_00000074,0,0,15,1160.0,,15.0
simu5g_00000074,0,0,16,984.0,,13.0
simu5g_00000074,0,0,17,1160.0,,15.0
simu5g_00000074,0,0,18,1160.0,,15.0
simu5g_00000074,0,0,19,1128.0,,14.0
simu5g_00000074,0,0,20,1160.0,,15.0
simu5g_00000074,0,0,21,888.0,,12.0
simu5g_00000074,0,0,22,1160.0,,15.0
simu5g_00000074,0,0,23,1160.0,,15.0
simu5g_00000074,0,0,24,984.0,,13.0
simu5g_00000075,15,0,0,984.0,,13.0
simu5g_00000075,15,0,1,984.0,,13.0
simu5g_00000075,15,0,2,1128.0,,14.0
simu5g_00000075,15,0,3,1128.0,,14.0
simu5g_00000075,15,0,4,888.0,,12.0
simu5g_00000075,15,0,5,528.0,,8.0
simu5g_00000075,15,0,6,1160.0,,15.0
simu5g_00000075,15,0,7,984.0,,13.0
simu5g_00000075,15,0,8,1160.0,,15.0
simu5g_00000075,15,0,9,1128.0,,14.0
simu5g_00000075,15,0,10,1160.0,,15.0
simu5g_00000075,15,0,11,1160.0,,15.0
simu5g_00000075,15,0,12,808.0,,11.0
simu5g_00000075,15,0,13,1128.0,,14.0
simu5g_00000075,15,0,14,984.0,,13.0
simu5g_00000075,15,0,15,984.0,,13.0
simu5g_00000075,15,0,16,1160.0,,15.0
simu5g_00000075,15,0,17,1128.0,,14.0
simu5g_00000075,15,0,18,1128.0,,14.0
simu5g_00000075,15,0,19,1128.0,,14.0
simu5g_00000075,15,0,20,1160.0,,15.0
simu5g_00000075,15,0,21,1128.0,,14.0
simu5g_00000075,15,0,22,1128.0,,14.0
simu5g_00000075,15,0,23,1128.0,,14.0
simu5g_00000075,15,0,24,1128.0,,14.0
simu5g_00000075,31,1,0,1128.0,,14.0
simu5g_00000075,31,1,1,984.0,,13.0
simu5g_00000075,31,1,2,1160.0,,15.0
simu5g_00000075,31,1,3,1160.0,,15.0
simu5g_00000075,31,1,4,1160.0,,15.0
simu5g_00000075,31,1,5,1128.0,,14.0
simu5g_00000075,31,1,6,1160.0,,15.0
simu5g_00000075,31,1,7,1128.0,,14.0
simu5g_00000075,31,1,8,1160.0,,15.0
simu5g_00000075,31,1,9,1160.0,,15.0
simu5g_00000075,31,1,10,1160.0,,15.0
simu5g_00000075,31,1,11,1128.0,,14.0
simu5g_00000075,31,1,12,608.0,,9.0
simu5g_00000075,31,1,13,1160.0,,15.0
simu5g_00000075,31,1,14,1160.0,,15.0
simu5g_00000075,31,1,15,1160.0,,15.0
simu5g_00000075,31,1,16,1128.0,,14.0
simu5g_00000075,31,1,17,1160.0,,15.0
simu5g_00000075,31,1,18,1160.0,,15.0
simu5g_00000075,31,1,19,1128.0,,14.0
simu5g_00000075,31,1,20,1128.0,,14.0
simu5g_00000075,31,1,21,1160.0,,15.0
simu5g_00000075,31,1,22,1128.0,,14.0
simu5g_00000075,31,1,23,1160.0,,15.0
simu5g_00000075,31,1,24,1160.0,,15.0
simu5g_00000076,0,0,0,1160.0,,15.0
simu5g_00000076,0,0,1,528.0,,8.0
simu5g_00000076,0,0,2,1160.0,,15.0
simu5g_00000076,0,0,3,984.0,,13.0
simu5g_00000076,0,0,4,1128.0,,14.0
simu5g_00000076,0,0,5,984.0,,13.0
simu5g_00000076,0,0,6,984.0,,13.0
simu5g_00000076,0,0,7,1160.0,,15.0
simu5g_00000076,0,0,8,808.0,,11.0
simu5g_00000076,0,0,9,1128.0,,14.0
simu5g_00000076,0,0,10,1128.0,,14.0
simu5g_00000076,0,0,11,1160.0,,15.0
simu5g_00000076,0,0,12,1128.0,,14.0
simu5g_00000076,0,0,13,1128.0,,14.0
simu5g_00000076,0,0,14,1128.0,,14.0
simu5g_00000076,0,0,15,1160.0,,15.0
simu5g_00000076,0,0,16,984.0,,13.0
simu5g_00000076,0,0,17,1160.0,,15.0
simu5g_00000076,0,0,18,1160.0,,15.0
simu5g_00000076,0,0,19,1128.0,,14.0
simu5g_00000076,0,0,20,1160.0,,15.0
simu5g_00000076,0,0,21,888.0,,12.0
simu5g_00000076,0,0,22,1160.0,,15.0
simu5g_00000076,0,0,23,1160.0,,15.0
simu5g_00000076,0,0,24,984.0,,13.0
simu5g_00000076,1,1,0,1160.0,,15.0
simu5g_00000076,1,1,1,1128.0,,14.0
simu5g_00000076,1,1,2,1128.0,,14.0
simu5g_00000076,1,1,3,1160.0,,15.0
simu5g_00000076,1,1,4,1128.0,,14.0
simu5g_00000076,1,1,5,1160.0,,15.0
simu5g_00000076,1,1,6,1160.0,,15.0
simu5g_00000076,1,1,7,984.0,,13.0
simu5g_00000076,1,1,8,888.0,,12.0
simu5g_00000076,1,1,9,1160.0,,15.0
simu5g_00000076,1,1,10,1160.0,,15.0
simu5g_00000076,1,1,11,1128.0,,14.0
simu5g_00000076,1,1,12,1128.0,,14.0
simu5g_00000076,1,1,13,1160.0,,15.0
simu5g_00000076,1,1,14,1160.0,,15.0
simu5g_00000076,1,1,15,1160.0,,15.0
simu5g_00000076,1,1,16,1160.0,,15.0
simu5g_00000076,1,1,17,1128.0,,14.0
simu5g_00000076,1,1,18,1128.0,,14.0
simu5g_00000076,1,1,19,1160.0,,15.0
simu5g_00000076,1,1,20,1160.0,,15.0
simu5g_00000076,1,1,21,808.0,,11.0
simu5g_00000076,1,1,22,1160.0,,15.0
simu5g_00000076,1,1,23,1128.0,,14.0
simu5g_00000076,1,1,24,1160.0,,15.0
simu5g_00000077,15,0,0,984.0,,13.0
simu5g_00000077,15,0,1,984.0,,13.0
simu5g_00000077,15,0,2,1128.0,,14.0
simu5g_00000077,15,0,3,1128.0,,14.0
simu5g_00000077,15,0,4,888.0,,12.0
simu5g_00000077,15,0,5,528.0,,8.0
simu5g_00000077,15,0,6,1160.0,,15.0
simu5g_00000077,15,0,7,984.0,,13.0
simu5g_00000077,15,0,8,1160.0,,15.0
simu5g_00000077,15,0,9,1128.0,,14.0
simu5g_00000077,15,0,10,1160.0,,15.0
simu5g_00000077,15,0,11,1160.0,,15.0
simu5g_00000077,15,0,12,808.0,,11.0
simu5g_00000077,15,0,13,1128.0,,14.0
simu5g_00000077,15,0,14,984.0,,13.0
simu5g_00000077,15,0,15,984.0,,13.0
simu5g_00000077,15,0,16,1160.0,,15.0
simu5g_00000077,15,0,17,1128.0,,14.0
simu5g_00000077,15,0,18,1128.0,,14.0
simu5g_00000077,15,0,19,1128.0,,14.0
simu5g_00000077,15,0,20,1160.0,,15.0
simu5g_00000077,15,0,21,1128.0,,14.0
simu5g_00000077,15,0,22,1128.0,,14.0
simu5g_00000077,15,0,23,1128.0,,14.0
simu5g_00000077,15,0,24,1128.0,,14.0
simu5g_00000077,31,1,0,1128.0,,14.0
simu5g_00000077,31,1,1,984.0,,13.0
simu5g_00000077,31,1,2,1160.0,,15.0
simu5g_00000077,31,1,3,1160.0,,15.0
simu5g_00000077,31,1,4,1160.0,,15.0
simu5g_00000077,31,1,5,1128.0,,14.0
simu5g_00000077,31,1,6,1160.0,,15.0
simu5g_00000077,31,1,7,1128.0,,14.0
simu5g_00000077,31,1,8,1160.0,,15.0
simu5g_00000077,31,1,9,1160.0,,15.0
simu5g_00000077,31,1,10,1160.0,,15.0
simu5g_00000077,31,1,11,1128.0,,14.0
simu5g_00000077,31,1,12,608.0,,9.0
simu5g_00000077,31,1,13,1160.0,,15.0
simu5g_00000077,31,1,14,1160.0,,15.0
simu5g_00000077,31,1,15,1160.0,,15.0
simu5g_00000077,31,1,16,1128.0,,14.0
simu5g_00000077,31,1,17,1160.0,,15.0
simu5g_00000077,31,1,18,1160.0,,15.0
simu5g_00000077,31,1,19,1128.0,,14.0
simu5g_00000077,31,1,20,1128.0,,14.0
simu5g_00000077,31,1,21,1160.0,,15.0
simu5g_00000077,31,1,22,1128.0,,14.0
simu5g_00000077,31,1,23,1160.0,,15.0
simu5g_00000077,31,1,24,1160.0,,15.0
simu5g_00000078,0,0,0,1160.0,,15.0
simu5g_00000078,0,0,1,528.0,,8.0
simu5g_00000078,0,0,2,1160.0,,15.0
simu5g_00000078,0,0,3,984.0,,13.0
simu5g_00000078,0,0,4,1128.0,,14.0
simu5g_00000078,0,0,5,984.0,,13.0
simu5g_00000078,0,0,6,984.0,,13.0
simu5g_00000078,0,0,7,1160.0,,15.0
simu5g_00000078,0,0,8,808.0,,11.0
simu5g_00000078,0,0,9,1128.0,,14.0
simu5g_00000078,0,0,10,1128.0,,14.0
simu5g_00000078,0,0,11,1160.0,,15.0
simu5g_00000078,0,0,12,1128.0,,14.0
simu5g_00000078,0,0,13,1128.0,,14.0
simu5g_00000078,0,0,14,1128.0,,14.0
simu5g_00000078,0,0,15,1160.0,,15.0
simu5g_00000078,0,0,16,984.0,,13.0
simu5g_00000078,0,0,17,1160.0,,15.0
simu5g_00000078,0,0,18,1160.0,,15.0
simu5g_00000078,0,0,19,1128.0,,14.0
simu5g_00000078,0,0,20,1160.0,,15.0
simu5g_00000078,0,0,21,888.0,,12.0
simu5g_00000078,0,0,22,1160.0,,15.0
simu5g_00000078,0,0,23,1160.0,,15.0
simu5g_00000078,0,0,24,984.0,,13.0
simu5g_00000078,1,1,0,1160.0,,15.0
simu5g_00000078,1,1,1,1128.0,,14.0
simu5g_00000078,1,1,2,1128.0,,14.0
simu5g_00000078,1,1,3,1160.0,,15.0
simu5g_00000078,1,1,4,1128.0,,14.0
simu5g_00000078,1,1,5,1160.0,,15.0
simu5g_00000078,1,1,6,1160.0,,15.0
simu5g_00000078,1,1,7,984.0,,13.0
simu5g_00000078,1,1,8,888.0,,12.0
simu5g_00000078,1,1,9,1160.0,,15.0
simu5g_00000078,1,1,10,1160.0,,15.0
simu5g_00000078,1,1,11,1128.0,,14.0
simu5g_00000078,1,1,12,1128.0,,14.0
simu5g_00000078,1,1,13,1160.0,,15.0
simu5g_00000078,1,1,14,1160.0,,15.0
simu5g_00000078,1,1,15,1160.0,,15.0
simu5g_00000078,1,1,16,1160.0,,15.0
simu5g_00000078,1,1,17,1128.0,,14.0
simu5g_00000078,1,1,18,1128.0,,14.0
simu5g_00000078,1,1,19,1160.0,,15.0
simu5g_00000078,1,1,20,1160.0,,15.0
simu5g_00000078,1,1,21,808.0,,11.0
simu5g_00000078,1,1,22,1160.0,,15.0
simu5g_00000078,1,1,23,1128.0,,14.0
simu5g_00000078,1,1,24,1160.0,,15.0
simu5g_00000079,15,0,0,984.0,,13.0
simu5g_00000079,15,0,1,984.0,,13.0
simu5g_00000079,15,0,2,1128.0,,14.0
simu5g_00000079,15,0,3,1128.0,,14.0
simu5g_00000079,15,0,4,888.0,,12.0
simu5g_00000079,15,0,5,528.0,,8.0
simu5g_00000079,15,0,6,1160.0,,15.0
simu5g_00000079,15,0,7,984.0,,13.0
simu5g_00000079,15,0,8,1160.0,,15.0
simu5g_00000079,15,0,9,1128.0,,14.0
simu5g_00000079,15,0,10,1160.0,,15.0
simu5g_00000079,15,0,11,1160.0,,15.0
simu5g_00000079,15,0,12,808.0,,11.0
simu5g_00000079,15,0,13,1128.0,,14.0
simu5g_00000079,15,0,14,984.0,,13.0
simu5g_00000079,15,0,15,984.0,,13.0
simu5g_00000079,15,0,16,1160.0,,15.0
simu5g_00000079,15,0,17,1128.0,,14.0
simu5g_00000079,15,0,18,1128.0,,14.0
simu5g_00000079,15,0,19,1128.0,,14.0
simu5g_00000079,15,0,20,1160.0,,15.0
simu5g_00000079,15,0,21,1128.0,,14.0
simu5g_00000079,15,0,22,1128.0,,14.0
simu5g_00000079,15,0,23,1128.0,,14.0
simu5g_00000079,15,0,24,1128.0,,14.0
simu5g_00000079,31,1,0,1128.0,,14.0
simu5g_00000079,31,1,1,984.0,,13.0
simu5g_00000079,31,1,2,1160.0,,15.0
simu5g_00000079,31,1,3,1160.0,,15.0
simu5g_00000079,31,1,4,1160.0,,15.0
simu5g_00000079,31,1,5,1128.0,,14.0
simu5g_00000079,31,1,6,1160.0,,15.0
simu5g_00000079,31,1,7,1128.0,,14.0
simu5g_00000079,31,1,8,1160.0,,15.0
simu5g_00000079,31,1,9,1160.0,,15.0
simu5g_00000079,31,1,10,1160.0,,15.0
simu5g_00000079,31,1,11,1128.0,,14.0
simu5g_00000079,31,1,12,608.0,,9.0
simu5g_00000079,31,1,13,1160.0,,15.0
simu5g_00000079,31,1,14,1160.0,,15.0
simu5g_00000079,31,1,15,1160.0,,15.0
simu5g_00000079,31,1,16,1128.0,,14.0
simu5g_00000079,31,1,17,1160.0,,15.0
simu5g_00000079,31,1,18,1160.0,,15.0
simu5g_00000079,31,1,19,1128.0,,14.0
simu5g_00000079,31,1,20,1128.0,,14.0
simu5g_00000079,31,1,21,1160.0,,15.0
simu5g_00000079,31,1,22,1128.0,,14.0
simu5g_00000079,31,1,23,1160.0,,15.0
simu5g_00000079,31,1,24,1160.0,,15.0
simu5g_00000080,0,0,0,1160.0,,15.0
simu5g_00000080,0,0,1,528.0,,8.0
simu5g_00000080,0,0,2,1160.0,,15.0
simu5g_00000080,0,0,3,984.0,,13.0
simu5g_00000080,0,0,4,1128.0,,14.0
simu5g_00000080,0,0,5,984.0,,13.0
simu5g_00000080,0,0,6,984.0,,13.0
simu5g_00000080,0,0,7,1160.0,,15.0
simu5g_00000080,0,0,8,808.0,,11.0
simu5g_00000080,0,0,9,1128.0,,14.0
simu5g_00000080,0,0,10,1128.0,,14.0
simu5g_00000080,0,0,11,1160.0,,15.0
simu5g_00000080,0,0,12,1128.0,,14.0
simu5g_00000080,0,0,13,1128.0,,14.0
simu5g_00000080,0,0,14,1128.0,,14.0
simu5g_00000080,0,0,15,1160.0,,15.0
simu5g_00000080,0,0,16,984.0,,13.0
simu5g_00000080,0,0,17,1160.0,,15.0
simu5g_00000080,0,0,18,1160.0,,15.0
simu5g_00000080,0,0,19,1128.0,,14.0
simu5g_00000080,0,0,20,1160.0,,15.0
simu5g_00000080,0,0,21,888.0,,12.0
simu5g_00000080,0,0,22,1160.0,,15.0
simu5g_00000080,0,0,23,1160.0,,15.0
simu5g_00000080,0,0,24,984.0,,13.0
simu5g_00000080,1,1,0,1160.0,,15.0
simu5g_00000080,1,1,1,1128.0,,14.0
simu5g_00000080,1,1,2,1128.0,,14.0
simu5g_00000080,1,1,3,1160.0,,15.0
simu5g_00000080,1,1,4,1128.0,,14.0
simu5g_00000080,1,1,5,1160.0,,15.0
simu5g_00000080,1,1,6,1160.0,,15.0
simu5g_00000080,1,1,7,984.0,,13.0
simu5g_00000080,1,1,8,888.0,,12.0
simu5g_00000080,1,1,9,1160.0,,15.0
simu5g_00000080,1,1,10,1160.0,,15.0
simu5g_00000080,1,1,11,1128.0,,14.0
simu5g_00000080,1,1,12,1128.0,,14.0
simu5g_00000080,1,1,13,1160.0,,15.0
simu5g_00000080,1,1,14,1160.0,,15.0
simu5g_00000080,1,1,15,1160.0,,15.0
simu5g_00000080,1,1,16,1160.0,,15.0
simu5g_00000080,1,1,17,1128.0,,14.0
simu5g_00000080,1,1,18,1128.0,,14.0
simu5g_00000080,1,1,19,1160.0,,15.0
simu5g_00000080,1,1,20,1160.0,,15.0
simu5g_00000080,1,1,21,808.0,,11.0
simu5g_00000080,1,1,22,1160.0,,15.0
simu5g_00000080,1,1,23,1128.0,,14.0
simu5g_00000080,1,1,24,1160.0,,15.0
simu5g_00000081,15,0,0,984.0,,13.0
simu5g_00000081,15,0,1,984.0,,13.0
simu5g_00000081,15,0,2,1128.0,,14.0
simu5g_00000081,15,0,3,1128.0,,14.0
simu5g_00000081,15,0,4,888.0,,12.0
simu5g_00000081,15,0,5,608.0,,9.0
simu5g_00000081,15,0,6,1160.0,,15.0
simu5g_00000081,15,0,7,984.0,,13.0
simu5g_00000081,15,0,8,1160.0,,15.0
simu5g_00000081,15,0,9,1128.0,,14.0
simu5g_00000081,15,0,10,1160.0,,15.0
simu5g_00000081,15,0,11,1160.0,,15.0
simu5g_00000081,15,0,12,808.0,,11.0
simu5g_00000081,15,0,13,1128.0,,14.0
simu5g_00000081,15,0,14,984.0,,13.0
simu5g_00000081,15,0,15,984.0,,13.0
simu5g_00000081,15,0,16,1160.0,,15.0
simu5g_00000081,15,0,17,1128.0,,14.0
simu5g_00000081,15,0,18,1128.0,,14.0
simu5g_00000081,15,0,19,1128.0,,14.0
simu5g_00000081,15,0,20,1160.0,,15.0
simu5g_00000081,15,0,21,1128.0,,14.0
simu5g_00000081,15,0,22,1128.0,,14.0
simu5g_00000081,15,0,23,1128.0,,14.0
simu5g_00000081,15,0,24,1128.0,,14.0
simu5g_00000081,31,1,0,1128.0,,14.0
simu5g_00000081,31,1,1,984.0,,13.0
simu5g_00000081,31,1,2,1160.0,,15.0
simu5g_00000081,31,1,3,1160.0,,15.0
simu5g_00000081,31,1,4,1160.0,,15.0
simu5g_00000081,31,1,5,1128.0,,14.0
simu5g_00000081,31,1,6,1160.0,,15.0
simu5g_00000081,31,1,7,1128.0,,14.0
simu5g_00000081,31,1,8,1160.0,,15.0
simu5g_00000081,31,1,9,1160.0,,15.0
simu5g_00000081,31,1,10,1160.0,,15.0
simu5g_00000081,31,1,11,1128.0,,14.0
simu5g_00000081,31,1,12,608.0,,9.0
simu5g_00000081,31,1,13,1160.0,,15.0
simu5g_00000081,31,1,14,1160.0,,15.0
simu5g_00000081,31,1,15,1160.0,,15.0
simu5g_00000081,31,1,16,1128.0,,14.0
simu5g_00000081,31,1,17,1160.0,,15.0
simu5g_00000081,31,1,18,1160.0,,15.0
simu5g_00000081,31,1,19,1128.0,,14.0
simu5g_00000081,31,1,20,1128.0,,14.0
simu5g_00000081,31,1,21,1160.0,,15.0
simu5g_00000081,31,1,22,1128.0,,14.0
simu5g_00000081,31,1,23,1160.0,,15.0
simu5g_00000081,31,1,24,1160.0,,15.0
simu5g_00000082,0,0,0,1160.0,,15.0
simu5g_00000082,0,0,1,528.0,,8.0
simu5g_00000082,0,0,2,1160.0,,15.0
simu5g_00000082,0,0,3,984.0,,13.0
simu5g_00000082,0,0,4,1128.0,,14.0
simu5g_00000082,0,0,5,984.0,,13.0
simu5g_00000082,0,0,6,984.0,,13.0
simu5g_00000082,0,0,7,1160.0,,15.0
simu5g_00000082,0,0,8,808.0,,11.0
simu5g_00000082,0,0,9,1128.0,,14.0
simu5g_00000082,0,0,10,1128.0,,14.0
simu5g_00000082,0,0,11,1160.0,,15.0
simu5g_00000082,0,0,12,1128.0,,14.0
simu5g_00000082,0,0,13,1128.0,,14.0
simu5g_00000082,0,0,14,1128.0,,14.0
simu5g_00000082,0,0,15,1160.0,,15.0
simu5g_00000082,0,0,16,984.0,,13.0
simu5g_00000082,0,0,17,1160.0,,15.0
simu5g_00000082,0,0,18,1160.0,,15.0
simu5g_00000082,0,0,19,1128.0,,14.0
simu5g_00000082,0,0,20,1160.0,,15.0
simu5g_00000082,0,0,21,888.0,,12.0
simu5g_00000082,0,0,22,1160.0,,15.0
simu5g_00000082,0,0,23,1160.0,,15.0
simu5g_00000082,0,0,24,984.0,,13.0
simu5g_00000082,1,1,0,1160.0,,15.0
simu5g_00000082,1,1,1,1128.0,,14.0
simu5g_00000082,1,1,2,1128.0,,14.0
simu5g_00000082,1,1,3,1160.0,,15.0
simu5g_00000082,1,1,4,1128.0,,14.0
simu5g_00000082,1,1,5,1160.0,,15.0
simu5g_00000082,1,1,6,1160.0,,15.0
simu5g_00000082,1,1,7,984.0,,13.0
simu5g_00000082,1,1,8,888.0,,12.0
simu5g_00000082,1,1,9,1160.0,,15.0
simu5g_00000082,1,1,10,1160.0,,15.0
simu5g_00000082,1,1,11,1128.0,,14.0
simu5g_00000082,1,1,12,1128.0,,14.0
simu5g_00000082,1,1,13,1160.0,,15.0
simu5g_00000082,1,1,14,1160.0,,15.0
simu5g_00000082,1,1,15,1160.0,,15.0
simu5g_00000082,1,1,16,1160.0,,15.0
simu5g_00000082,1,1,17,1128.0,,14.0
simu5g_00000082,1,1,18,1128.0,,14.0
simu5g_00000082,1,1,19,1160.0,,15.0
simu5g_00000082,1,1,20,1160.0,,15.0
simu5g_00000082,1,1,21,808.0,,11.0
simu5g_00000082,1,1,22,1160.0,,15.0
simu5g_00000082,1,1,23,1128.0,,14.0
simu5g_00000082,1,1,24,1160.0,,15.0
simu5g_00000083,15,0,0,984.0,,13.0
simu5g_00000083,15,0,1,984.0,,13.0
simu5g_00000083,15,0,2,1128.0,,14.0
simu5g_00000083,15,0,3,1128.0,,14.0
simu5g_00000083,15,0,4,888.0,,12.0
simu5g_00000083,15,0,5,608.0,,9.0
simu5g_00000083,15,0,6,1160.0,,15.0
simu5g_00000083,15,0,7,984.0,,13.0
simu5g_00000083,15,0,8,1160.0,,15.0
simu5g_00000083,15,0,9,1128.0,,14.0
simu5g_00000083,15,0,10,1160.0,,15.0
simu5g_00000083,15,0,11,1160.0,,15.0
simu5g_00000083,15,0,12,808.0,,11.0
simu5g_00000083,15,0,13,1128.0,,14.0
simu5g_00000083,15,0,14,984.0,,13.0
simu5g_00000083,15,0,15,984.0,,13.0
simu5g_00000083,15,0,16,1160.0,,15.0
simu5g_00000083,15,0,17,1128.0,,14.0
simu5g_00000083,15,0,18,1128.0,,14.0
simu5g_00000083,15,0,19,1128.0,,14.0
simu5g_00000083,15,0,20,1160.0,,15.0
simu5g_00000083,15,0,21,1128.0,,14.0
simu5g_00000083,15,0,22,1128.0,,14.0
simu5g_00000083,15,0,23,1128.0,,14.0
simu5g_00000083,15,0,24,1128.0,,14.0
simu5g_00000083,31,1,0,1128.0,,14.0
simu5g_00000083,31,1,1,984.0,,13.0
simu5g_00000083,31,1,2,1160.0,,15.0
simu5g_00000083,31,1,3,1160.0,,15.0
simu5g_00000083,31,1,4,1160.0,,15.0
simu5g_00000083,31,1,5,1128.0,,14.0
simu5g_00000083,31,1,6,1160.0,,15.0
simu5g_00000083,31,1,7,1128.0,,14.0
simu5g_00000083,31,1,8,1160.0,,15.0
simu5g_00000083,31,1,9,1160.0,,15.0
simu5g_00000083,31,1,10,1160.0,,15.0
simu5g_00000083,31,1,11,1128.0,,14.0
simu5g_00000083,31,1,12,608.0,,9.0
simu5g_00000083,31,1,13,1160.0,,15.0
simu5g_00000083,31,1,14,1160.0,,15.0
simu5g_00000083,31,1,15,1160.0,,15.0
simu5g_00000083,31,1,16,1128.0,,14.0
simu5g_00000083,31,1,17,1160.0,,15.0
simu5g_00000083,31,1,18,1160.0,,15.0
simu5g_00000083,31,1,19,1128.0,,14.0
simu5g_00000083,31,1,20,1128.0,,14.0
simu5g_00000083,31,1,21,1160.0,,15.0
simu5g_00000083,31,1,22,1128.0,,14.0
simu5g_00000083,31,1,23,1160.0,,15.0
simu5g_00000083,31,1,24,1160.0,,15.0
simu5g_00000084,0,0,0,1160.0,,15.0
simu5g_00000084,0,0,1,528.0,,8.0
simu5g_00000084,0,0,2,1160.0,,15.0
simu5g_00000084,0,0,3,984.0,,13.0
simu5g_00000084,0,0,4,1128.0,,14.0
simu5g_00000084,0,0,5,984.0,,13.0
simu5g_00000084,0,0,6,984.0,,13.0
simu5g_00000084,0,0,7,1160.0,,15.0
simu5g_00000084,0,0,8,808.0,,11.0
simu5g_00000084,0,0,9,1128.0,,14.0
simu5g_00000084,0,0,10,1128.0,,14.0
simu5g_00000084,0,0,11,1160.0,,15.0
simu5g_00000084,0,0,12,1128.0,,14.0
simu5g_00000084,0,0,13,1128.0,,14.0
simu5g_00000084,0,0,14,1128.0,,14.0
simu5g_00000084,0,0,15,1160.0,,15.0
simu5g_00000084,0,0,16,984.0,,13.0
simu5g_00000084,0,0,17,1160.0,,15.0
simu5g_00000084,0,0,18,1160.0,,15.0
simu5g_00000084,0,0,19,1128.0,,14.0
simu5g_00000084,0,0,20,1160.0,,15.0
simu5g_00000084,0,0,21,888.0,,12.0
simu5g_00000084,0,0,22,1160.0,,15.0
simu5g_00000084,0,0,23,1160.0,,15.0
simu5g_00000084,0,0,24,984.0,,13.0
simu5g_00000084,1,1,0,1160.0,,15.0
simu5g_00000084,1,1,1,1128.0,,14.0
simu5g_00000084,1,1,2,1128.0,,14.0
simu5g_00000084,1,1,3,1160.0,,15.0
simu5g_00000084,1,1,4,1128.0,,14.0
simu5g_00000084,1,1,5,1160.0,,15.0
simu5g_00000084,1,1,6,1160.0,,15.0
simu5g_00000084,1,1,7,984.0,,13.0
simu5g_00000084,1,1,8,888.0,,12.0
simu5g_00000084,1,1,9,1160.0,,15.0
simu5g_00000084,1,1,10,1160.0,,15.0
simu5g_00000084,1,1,11,1128.0,,14.0
simu5g_00000084,1,1,12,1128.0,,14.0
simu5g_00000084,1,1,13,1160.0,,15.0
simu5g_00000084,1,1,14,1160.0,,15.0
simu5g_00000084,1,1,15,1160.0,,15.0
simu5g_00000084,1,1,16,1160.0,,15.0
simu5g_00000084,1,1,17,1128.0,,14.0
simu5g_00000084,1,1,18,1128.0,,14.0
simu5g_00000084,1,1,19,1160.0,,15.0
simu5g_00000084,1,1,20,1160.0,,15.0
simu5g_00000084,1,1,21,808.0,,11.0
simu5g_00000084,1,1,22,1160.0,,15.0
simu5g_00000084,1,1,23,1128.0,,14.0
simu5g_00000084,1,1,24,1160.0,,15.0
simu5g_00000085,15,0,0,984.0,,13.0
simu5g_00000085,15,0,1,984.0,,13.0
simu5g_00000085,15,0,2,1128.0,,14.0
simu5g_00000085,15,0,3,1128.0,,14.0
simu5g_00000085,15,0,4,888.0,,12.0
simu5g_00000085,15,0,5,608.0,,9.0
simu5g_00000085,15,0,6,1160.0,,15.0
simu5g_00000085,15,0,7,984.0,,13.0
simu5g_00000085,15,0,8,1160.0,,15.0
simu5g_00000085,15,0,9,1128.0,,14.0
simu5g_00000085,15,0,10,1160.0,,15.0
simu5g_00000085,15,0,11,1160.0,,15.0
simu5g_00000085,15,0,12,808.0,,11.0
simu5g_00000085,15,0,13,1128.0,,14.0
simu5g_00000085,15,0,14,984.0,,13.0
simu5g_00000085,15,0,15,984.0,,13.0
simu5g_00000085,15,0,16,1160.0,,15.0
simu5g_00000085,15,0,17,1128.0,,14.0
simu5g_00000085,15,0,18,1128.0,,14.0
simu5g_00000085,15,0,19,1128.0,,14.0
simu5g_00000085,15,0,20,1160.0,,15.0
simu5g_00000085,15,0,21,1128.0,,14.0
simu5g_00000085,15,0,22,1128.0,,14.0
simu5g_00000085,15,0,23,1128.0,,14.0
simu5g_00000085,15,0,24,1128.0,,14.0
simu5g_00000085,31,1,0,1128.0,,14.0
simu5g_00000085,31,1,1,984.0,,13.0
simu5g_00000085,31,1,2,1160.0,,15.0
simu5g_00000085,31,1,3,1160.0,,15.0
simu5g_00000085,31,1,4,1160.0,,15.0
simu5g_00000085,31,1,5,1128.0,,14.0
simu5g_00000085,31,1,6,1160.0,,15.0
simu5g_00000085,31,1,7,1128.0,,14.0
simu5g_00000085,31,1,8,1160.0,,15.0
simu5g_00000085,31,1,9,1160.0,,15.0
simu5g_00000085,31,1,10,1160.0,,15.0
simu5g_00000085,31,1,11,1128.0,,14.0
simu5g_00000085,31,1,12,608.0,,9.0
simu5g_00000085,31,1,13,1160.0,,15.0
simu5g_00000085,31,1,14,1160.0,,15.0
simu5g_00000085,31,1,15,1160.0,,15.0
simu5g_00000085,31,1,16,1128.0,,14.0
simu5g_00000085,31,1,17,1160.0,,15.0
simu5g_00000085,31,1,18,1160.0,,15.0
simu5g_00000085,31,1,19,1128.0,,14.0
simu5g_00000085,31,1,20,1128.0,,14.0
simu5g_00000085,31,1,21,1160.0,,15.0
simu5g_00000085,31,1,22,1128.0,,14.0
simu5g_00000085,31,1,23,1160.0,,15.0
simu5g_00000085,31,1,24,1160.0,,15.0
simu5g_00000086,0,0,0,1160.0,,15.0
simu5g_00000086,0,0,1,528.0,,8.0
simu5g_00000086,0,0,2,1160.0,,15.0
simu5g_00000086,0,0,3,984.0,,13.0
simu5g_00000086,0,0,4,1128.0,,14.0
simu5g_00000086,0,0,5,984.0,,13.0
simu5g_00000086,0,0,6,984.0,,13.0
simu5g_00000086,0,0,7,1160.0,,15.0
simu5g_00000086,0,0,8,808.0,,11.0
simu5g_00000086,0,0,9,1128.0,,14.0
simu5g_00000086,0,0,10,1128.0,,14.0
simu5g_00000086,0,0,11,1160.0,,15.0
simu5g_00000086,0,0,12,1128.0,,14.0
simu5g_00000086,0,0,13,1128.0,,14.0
simu5g_00000086,0,0,14,1128.0,,14.0
simu5g_00000086,0,0,15,1160.0,,15.0
simu5g_00000086,0,0,16,984.0,,13.0
simu5g_00000086,0,0,17,1160.0,,15.0
simu5g_00000086,0,0,18,1160.0,,15.0
simu5g_00000086,0,0,19,1128.0,,14.0
simu5g_00000086,0,0,20,1160.0,,15.0
simu5g_00000086,0,0,21,888.0,,12.0
simu5g_00000086,0,0,22,1160.0,,15.0
simu5g_00000086,0,0,23,1160.0,,15.0
simu5g_00000086,0,0,24,984.0,,13.0
simu5g_00000086,1,1,0,1160.0,,15.0
simu5g_00000086,1,1,1,1128.0,,14.0
simu5g_00000086,1,1,2,1128.0,,14.0
simu5g_00000086,1,1,3,1160.0,,15.0
simu5g_00000086,1,1,4,1128.0,,14.0
simu5g_00000086,1,1,5,1160.0,,15.0
simu5g_00000086,1,1,6,1160.0,,15.0
simu5g_00000086,1,1,7,984.0,,13.0
simu5g_00000086,1,1,8,888.0,,12.0
simu5g_00000086,1,1,9,1160.0,,15.0
simu5g_00000086,1,1,10,1160.0,,15.0
simu5g_00000086,1,1,11,1128.0,,14.0
simu5g_00000086,1,1,12,1128.0,,14.0
simu5g_00000086,1,1,13,1160.0,,15.0
simu5g_00000086,1,1,14,1160.0,,15.0
simu5g_00000086,1,1,15,1160.0,,15.0
simu5g_00000086,1,1,16,1160.0,,15.0
simu5g_00000086,1,1,17,1128.0,,14.0
simu5g_00000086,1,1,18,1128.0,,14.0
simu5g_00000086,1,1,19,1160.0,,15.0
simu5g_00000086,1,1,20,1160.0,,15.0
simu5g_00000086,1,1,21,808.0,,11.0
simu5g_00000086,1,1,22,1160.0,,15.0
simu5g_00000086,1,1,23,1128.0,,14.0
simu5g_00000086,1,1,24,1160.0,,15.0
simu5g_00000087,15,0,0,984.0,,13.0
simu5g_00000087,15,0,1,984.0,,13.0
simu5g_00000087,15,0,2,1128.0,,14.0
simu5g_00000087,15,0,3,1128.0,,14.0
simu5g_00000087,15,0,4,888.0,,12.0
simu5g_00000087,15,0,5,608.0,,9.0
simu5g_00000087,15,0,6,1160.0,,15.0
simu5g_00000087,15,0,7,984.0,,13.0
simu5g_00000087,15,0,8,1160.0,,15.0
simu5g_00000087,15,0,9,1128.0,,14.0
simu5g_00000087,15,0,10,1160.0,,15.0
simu5g_00000087,15,0,11,1160.0,,15.0
simu5g_00000087,15,0,12,808.0,,11.0
simu5g_00000087,15,0,13,1128.0,,14.0
simu5g_00000087,15,0,14,984.0,,13.0
simu5g_00000087,15,0,15,984.0,,13.0
simu5g_00000087,15,0,16,1160.0,,15.0
simu5g_00000087,15,0,17,1128.0,,14.0
simu5g_00000087,15,0,18,1128.0,,14.0
simu5g_00000087,15,0,19,1128.0,,14.0
simu5g_00000087,15,0,20,1160.0,,15.0
simu5g_00000087,15,0,21,1128.0,,14.0
simu5g_00000087,15,0,22,1128.0,,14.0
simu5g_00000087,15,0,23,1128.0,,14.0
simu5g_00000087,15,0,24,1128.0,,14.0
simu5g_00000087,31,1,0,1128.0,,14.0
simu5g_00000087,31,1,1,984.0,,13.0
simu5g_00000087,31,1,2,1160.0,,15.0
simu5g_00000087,31,1,3,1160.0,,15.0
simu5g_00000087,31,1,4,1160.0,,15.0
simu5g_00000087,31,1,5,1128.0,,14.0
simu5g_00000087,31,1,6,1160.0,,15.0
simu5g_00000087,31,1,7,1128.0,,14.0
simu5g_00000087,31,1,8,1160.0,,15.0
simu5g_00000087,31,1,9,1160.0,,15.0
simu5g_00000087,31,1,10,1160.0,,15.0
simu5g_00000087,31,1,11,1128.0,,14.0
simu5g_00000087,31,1,12,608.0,,9.0
simu5g_00000087,31,1,13,1160.0,,15.0
simu5g_00000087,31,1,14,1160.0,,15.0
simu5g_00000087,31,1,15,1160.0,,15.0
simu5g_00000087,31,1,16,1128.0,,14.0
simu5g_00000087,31,1,17,1160.0,,15.0
simu5g_00000087,31,1,18,1160.0,,15.0
simu5g_00000087,31,1,19,1128.0,,14.0
simu5g_00000087,31,1,20,1128.0,,14.0
simu5g_00000087,31,1,21,1160.0,,15.0
simu5g_00000087,31,1,22,1128.0,,14.0
simu5g_00000087,31,1,23,1160.0,,15.0
simu5g_00000087,31,1,24,1160.0,,15.0
simu5g_00000088,0,0,0,1160.0,,15.0
simu5g_00000088,0,0,1,528.0,,8.0
simu5g_00000088,0,0,2,1160.0,,15.0
simu5g_00000088,0,0,3,984.0,,13.0
simu5g_00000088,0,0,4,1128.0,,14.0
simu5g_00000088,0,0,5,984.0,,13.0
simu5g_00000088,0,0,6,984.0,,13.0
simu5g_00000088,0,0,7,1160.0,,15.0
simu5g_00000088,0,0,8,808.0,,11.0
simu5g_00000088,0,0,9,1128.0,,14.0
simu5g_00000088,0,0,10,1128.0,,14.0
simu5g_00000088,0,0,11,1160.0,,15.0
simu5g_00000088,0,0,12,1128.0,,14.0
simu5g_00000088,0,0,13,1128.0,,14.0
simu5g_00000088,0,0,14,1128.0,,14.0
simu5g_00000088,0,0,15,1160.0,,15.0
simu5g_00000088,0,0,16,984.0,,13.0
simu5g_00000088,0,0,17,1160.0,,15.0
simu5g_00000088,0,0,18,1160.0,,15.0
simu5g_00000088,0,0,19,1128.0,,14.0
simu5g_00000088,0,0,20,1160.0,,15.0
simu5g_00000088,0,0,21,888.0,,12.0
simu5g_00000088,0,0,22,1160.0,,15.0
simu5g_00000088,0,0,23,1160.0,,15.0
simu5g_00000088,0,0,24,984.0,,13.0
simu5g_00000088,1,1,0,1160.0,,15.0
simu5g_00000088,1,1,1,1128.0,,14.0
simu5g_00000088,1,1,2,1128.0,,14.0
simu5g_00000088,1,1,3,1160.0,,15.0
simu5g_00000088,1,1,4,1128.0,,14.0
simu5g_00000088,1,1,5,1160.0,,15.0
simu5g_00000088,1,1,6,1160.0,,15.0
simu5g_00000088,1,1,7,984.0,,13.0
simu5g_00000088,1,1,8,888.0,,12.0
simu5g_00000088,1,1,9,1160.0,,15.0
simu5g_00000088,1,1,10,1160.0,,15.0
simu5g_00000088,1,1,11,1128.0,,14.0
simu5g_00000088,1,1,12,1128.0,,14.0
simu5g_00000088,1,1,13,1160.0,,15.0
simu5g_00000088,1,1,14,1160.0,,15.0
simu5g_00000088,1,1,15,1160.0,,15.0
simu5g_00000088,1,1,16,1160.0,,15.0
simu5g_00000088,1,1,17,1128.0,,14.0
simu5g_00000088,1,1,18,1128.0,,14.0
simu5g_00000088,1,1,19,1160.0,,15.0
simu5g_00000088,1,1,20,1160.0,,15.0
simu5g_00000088,1,1,21,808.0,,11.0
simu5g_00000088,1,1,22,1160.0,,15.0
simu5g_00000088,1,1,23,1128.0,,14.0
simu5g_00000088,1,1,24,1160.0,,15.0
simu5g_00000089,15,0,0,984.0,,13.0
simu5g_00000089,15,0,1,984.0,,13.0
simu5g_00000089,15,0,2,1128.0,,14.0
simu5g_00000089,15,0,3,1128.0,,14.0
simu5g_00000089,15,0,4,888.0,,12.0
simu5g_00000089,15,0,5,608.0,,9.0
simu5g_00000089,15,0,6,1160.0,,15.0
simu5g_00000089,15,0,7,984.0,,13.0
simu5g_00000089,15,0,8,1160.0,,15.0
simu5g_00000089,15,0,9,1128.0,,14.0
simu5g_00000089,15,0,10,1160.0,,15.0
simu5g_00000089,15,0,11,1160.0,,15.0
simu5g_00000089,15,0,12,808.0,,11.0
simu5g_00000089,15,0,13,1128.0,,14.0
simu5g_00000089,15,0,14,984.0,,13.0
simu5g_00000089,15,0,15,984.0,,13.0
simu5g_00000089,15,0,16,1160.0,,15.0
simu5g_00000089,15,0,17,1128.0,,14.0
simu5g_00000089,15,0,18,1128.0,,14.0
simu5g_00000089,15,0,19,1128.0,,14.0
simu5g_00000089,15,0,20,1160.0,,15.0
simu5g_00000089,15,0,21,1128.0,,14.0
simu5g_00000089,15,0,22,1128.0,,14.0
simu5g_00000089,15,0,23,1128.0,,14.0
simu5g_00000089,15,0,24,1128.0,,14.0
simu5g_00000089,31,1,0,1128.0,,14.0
simu5g_00000089,31,1,1,984.0,,13.0
simu5g_00000089,31,1,2,1160.0,,15.0
simu5g_00000089,31,1,3,1160.0,,15.0
simu5g_00000089,31,1,4,1160.0,,15.0
simu5g_00000089,31,1,5,1128.0,,14.0
simu5g_00000089,31,1,6,1160.0,,15.0
simu5g_00000089,31,1,7,1128.0,,14.0
simu5g_00000089,31,1,8,1160.0,,15.0
simu5g_00000089,31,1,9,1160.0,,15.0
simu5g_00000089,31,1,10,1160.0,,15.0
simu5g_00000089,31,1,11,1128.0,,14.0
simu5g_00000089,31,1,12,608.0,,9.0
simu5g_00000089,31,1,13,1160.0,,15.0
simu5g_00000089,31,1,14,1160.0,,15.0
simu5g_00000089,31,1,15,1160.0,,15.0
simu5g_00000089,31,1,16,1128.0,,14.0
simu5g_00000089,31,1,17,1160.0,,15.0
simu5g_00000089,31,1,18,1160.0,,15.0
simu5g_00000089,31,1,19,1128.0,,14.0
simu5g_00000089,31,1,20,1128.0,,14.0
simu5g_00000089,31,1,21,1160.0,,15.0
simu5g_00000089,31,1,22,1128.0,,14.0
simu5g_00000089,31,1,23,1160.0,,15.0
simu5g_00000089,31,1,24,1160.0,,15.0
simu5g_00000090,0,0,0,1160.0,,15.0
simu5g_00000090,0,0,1,528.0,,8.0
simu5g_00000090,0,0,2,1160.0,,15.0
simu5g_00000090,0,0,3,984.0,,13.0
simu5g_00000090,0,0,4,1128.0,,14.0
simu5g_00000090,0,0,5,984.0,,13.0
simu5g_00000090,0,0,6,984.0,,13.0
simu5g_00000090,0,0,7,1160.0,,15.0
simu5g_00000090,0,0,8,808.0,,11.0
simu5g_00000090,0,0,9,1128.0,,14.0
simu5g_00000090,0,0,10,1128.0,,14.0
simu5g_00000090,0,0,11,1160.0,,15.0
simu5g_00000090,0,0,12,1128.0,,14.0
simu5g_00000090,0,0,13,1128.0,,14.0
simu5g_00000090,0,0,14,1128.0,,14.0
simu5g_00000090,0,0,15,1160.0,,15.0
simu5g_00000090,0,0,16,984.0,,13.0
simu5g_00000090,0,0,17,1160.0,,15.0
simu5g_00000090,0,0,18,1160.0,,15.0
simu5g_00000090,0,0,19,1128.0,,14.0
simu5g_00000090,0,0,20,1160.0,,15.0
simu5g_00000090,0,0,21,888.0,,12.0
simu5g_00000090,0,0,22,1160.0,,15.0
simu5g_00000090,0,0,23,1160.0,,15.0
simu5g_00000090,0,0,24,984.0,,13.0
simu5g_00000090,1,1,0,1160.0,,15.0
simu5g_00000090,1,1,1,1128.0,,14.0
simu5g_00000090,1,1,2,1128.0,,14.0
simu5g_00000090,1,1,3,1160.0,,15.0
simu5g_00000090,1,1,4,1128.0,,14.0
simu5g_00000090,1,1,5,1160.0,,15.0
simu5g_00000090,1,1,6,1160.0,,15.0
simu5g_00000090,1,1,7,984.0,,13.0
simu5g_00000090,1,1,8,888.0,,12.0
simu5g_00000090,1,1,9,1160.0,,15.0
simu5g_00000090,1,1,10,1160.0,,15.0
simu5g_00000090,1,1,11,1128.0,,14.0
simu5g_00000090,1,1,12,1128.0,,14.0
simu5g_00000090,1,1,13,1160.0,,15.0
simu5g_00000090,1,1,14,1160.0,,15.0
simu5g_00000090,1,1,15,1160.0,,15.0
simu5g_00000090,1,1,16,1160.0,,15.0
simu5g_00000090,1,1,17,1128.0,,14.0
simu5g_00000090,1,1,18,1128.0,,14.0
simu5g_00000090,1,1,19,1160.0,,15.0
simu5g_00000090,1,1,20,1160.0,,15.0
simu5g_00000090,1,1,21,808.0,,11.0
simu5g_00000090,1,1,22,1160.0,,15.0
simu5g_00000090,1,1,23,1128.0,,14.0
simu5g_00000090,1,1,24,1160.0,,15.0
simu5g_00000091,15,0,0,1160.0,,15.0
simu5g_00000091,15,0,1,1160.0,,15.0
simu5g_00000091,15,0,2,1160.0,,15.0
simu5g_00000091,15,0,3,1160.0,,15.0
simu5g_00000091,15,0,4,1160.0,,15.0
simu5g_00000091,15,0,5,984.0,,13.0
simu5g_00000091,15,0,6,1160.0,,15.0
simu5g_00000091,15,0,7,1160.0,,15.0
simu5g_00000091,15,0,8,1160.0,,15.0
simu5g_00000091,15,0,9,1160.0,,15.0
simu5g_00000091,15,0,10,1160.0,,15.0
simu5g_00000091,15,0,11,1160.0,,15.0
simu5g_00000091,15,0,12,1128.0,,14.0
simu5g_00000091,15,0,13,1160.0,,15.0
simu5g_00000091,15,0,14,1160.0,,15.0
simu5g_00000091,15,0,15,1160.0,,15.0
simu5g_00000091,15,0,16,1160.0,,15.0
simu5g_00000091,15,0,17,1160.0,,15.0
simu5g_00000091,15,0,18,1160.0,,15.0
simu5g_00000091,15,0,19,1160.0,,15.0
simu5g_00000091,15,0,20,1160.0,,15.0
simu5g_00000091,15,0,21,1160.0,,15.0
simu5g_00000091,15,0,22,1160.0,,15.0
simu5g_00000091,15,0,23,1160.0,,15.0
simu5g_00000091,15,0,24,1160.0,,15.0
simu5g_00000091,31,1,0,1128.0,,14.0
simu5g_00000091,31,1,1,984.0,,13.0
simu5g_00000091,31,1,2,1160.0,,15.0
simu5g_00000091,31,1,3,1160.0,,15.0
simu5g_00000091,31,1,4,1160.0,,15.0
simu5g_00000091,31,1,5,1128.0,,14.0
simu5g_00000091,31,1,6,1160.0,,15.0
simu5g_00000091,31,1,7,1128.0,,14.0
simu5g_00000091,31,1,8,1160.0,,15.0
simu5g_00000091,31,1,9,1160.0,,15.0
simu5g_00000091,31,1,10,1160.0,,15.0
simu5g_00000091,31,1,11,1128.0,,14.0
simu5g_00000091,31,1,12,608.0,,9.0
simu5g_00000091,31,1,13,1160.0,,15.0
simu5g_00000091,31,1,14,1160.0,,15.0
simu5g_00000091,31,1,15,1160.0,,15.0
simu5g_00000091,31,1,16,1128.0,,14.0
simu5g_00000091,31,1,17,1160.0,,15.0
simu5g_00000091,31,1,18,1160.0,,15.0
simu5g_00000091,31,1,19,1128.0,,14.0
simu5g_00000091,31,1,20,1128.0,,14.0
simu5g_00000091,31,1,21,1160.0,,15.0
simu5g_00000091,31,1,22,1128.0,,14.0
simu5g_00000091,31,1,23,1160.0,,15.0
simu5g_00000091,31,1,24,1160.0,,15.0
simu5g_00000092,0,0,0,1160.0,,15.0
simu5g_00000092,0,0,1,528.0,,8.0
simu5g_00000092,0,0,2,1160.0,,15.0
simu5g_00000092,0,0,3,984.0,,13.0
simu5g_00000092,0,0,4,1128.0,,14.0
simu5g_00000092,0,0,5,984.0,,13.0
simu5g_00000092,0,0,6,984.0,,13.0
simu5g_00000092,0,0,7,1160.0,,15.0
simu5g_00000092,0,0,8,808.0,,11.0
simu5g_00000092,0,0,9,1128.0,,14.0
simu5g_00000092,0,0,10,1128.0,,14.0
simu5g_00000092,0,0,11,1160.0,,15.0
simu5g_00000092,0,0,12,1128.0,,14.0
simu5g_00000092,0,0,13,1128.0,,14.0
simu5g_00000092,0,0,14,1128.0,,14.0
simu5g_00000092,0,0,15,1160.0,,15.0
simu5g_00000092,0,0,16,1128.0,,14.0
simu5g_00000092,0,0,17,1160.0,,15.0
simu5g_00000092,0,0,18,1160.0,,15.0
simu5g_00000092,0,0,19,1128.0,,14.0
simu5g_00000092,0,0,20,1160.0,,15.0
simu5g_00000092,0,0,21,888.0,,12.0
simu5g_00000092,0,0,22,1160.0,,15.0
simu5g_00000092,0,0,23,1160.0,,15.0
simu5g_00000092,0,0,24,984.0,,13.0
simu5g_00000092,1,1,0,1160.0,,15.0
simu5g_00000092,1,1,1,1128.0,,14.0
simu5g_00000092,1,1,2,1128.0,,14.0
simu5g_00000092,1,1,3,1160.0,,15.0
simu5g_00000092,1,1,4,1128.0,,14.0
simu5g_00000092,1,1,5,1160.0,,15.0
simu5g_00000092,1,1,6,1160.0,,15.0
simu5g_00000092,1,1,7,984.0,,13.0
simu5g_00000092,1,1,8,888.0,,12.0
simu5g_00000092,1,1,9,1160.0,,15.0
simu5g_00000092,1,1,10,1160.0,,15.0
simu5g_00000092,1,1,11,1128.0,,14.0
simu5g_00000092,1,1,12,1128.0,,14.0
simu5g_00000092,1,1,13,1160.0,,15.0
simu5g_00000092,1,1,14,1160.0,,15.0
simu5g_00000092,1,1,15,1160.0,,15.0
simu5g_00000092,1,1,16,1160.0,,15.0
simu5g_00000092,1,1,17,1128.0,,14.0
simu5g_00000092,1,1,18,1128.0,,14.0
simu5g_00000092,1,1,19,1160.0,,15.0
simu5g_00000092,1,1,20,1160.0,,15.0
simu5g_00000092,1,1,21,808.0,,11.0
simu5g_00000092,1,1,22,1160.0,,15.0
simu5g_00000092,1,1,23,1128.0,,14.0
simu5g_00000092,1,1,24,1160.0,,15.0
simu5g_00000093,15,0,0,1160.0,,15.0
simu5g_00000093,15,0,1,1160.0,,15.0
simu5g_00000093,15,0,2,1160.0,,15.0
simu5g_00000093,15,0,3,1160.0,,15.0
simu5g_00000093,15,0,4,1160.0,,15.0
simu5g_00000093,15,0,5,984.0,,13.0
simu5g_00000093,15,0,6,1160.0,,15.0
simu5g_00000093,15,0,7,1160.0,,15.0
simu5g_00000093,15,0,8,1160.0,,15.0
simu5g_00000093,15,0,9,1160.0,,15.0
simu5g_00000093,15,0,10,1160.0,,15.0
simu5g_00000093,15,0,11,1160.0,,15.0
simu5g_00000093,15,0,12,1128.0,,14.0
simu5g_00000093,15,0,13,1160.0,,15.0
simu5g_00000093,15,0,14,1160.0,,15.0
simu5g_00000093,15,0,15,1160.0,,15.0
simu5g_00000093,15,0,16,1160.0,,15.0
simu5g_00000093,15,0,17,1160.0,,15.0
simu5g_00000093,15,0,18,1160.0,,15.0
simu5g_00000093,15,0,19,1160.0,,15.0
simu5g_00000093,15,0,20,1160.0,,15.0
simu5g_00000093,15,0,21,1160.0,,15.0
simu5g_00000093,15,0,22,1160.0,,15.0
simu5g_00000093,15,0,23,1160.0,,15.0
simu5g_00000093,15,0,24,1160.0,,15.0
simu5g_00000093,31,1,0,1128.0,,14.0
simu5g_00000093,31,1,1,984.0,,13.0
simu5g_00000093,31,1,2,1160.0,,15.0
simu5g_00000093,31,1,3,1160.0,,15.0
simu5g_00000093,31,1,4,1160.0,,15.0
simu5g_00000093,31,1,5,1160.0,,15.0
simu5g_00000093,31,1,6,1160.0,,15.0
simu5g_00000093,31,1,7,1160.0,,15.0
simu5g_00000093,31,1,8,1160.0,,15.0
simu5g_00000093,31,1,9,1160.0,,15.0
simu5g_00000093,31,1,10,1160.0,,15.0
simu5g_00000093,31,1,11,1128.0,,14.0
simu5g_00000093,31,1,12,704.0,,10.0
simu5g_00000093,31,1,13,1160.0,,15.0
simu5g_00000093,31,1,14,1160.0,,15.0
simu5g_00000093,31,1,15,1160.0,,15.0
simu5g_00000093,31,1,16,1128.0,,14.0
simu5g_00000093,31,1,17,1160.0,,15.0
simu5g_00000093,31,1,18,1160.0,,15.0
simu5g_00000093,31,1,19,1128.0,,14.0
simu5g_00000093,31,1,20,1128.0,,14.0
simu5g_00000093,31,1,21,1160.0,,15.0
simu5g_00000093,31,1,22,1128.0,,14.0
simu5g_00000093,31,1,23,1160.0,,15.0
simu5g_00000093,31,1,24,1160.0,,15.0
simu5g_00000094,0,0,0,1160.0,,15.0
simu5g_00000094,0,0,1,608.0,,9.0
simu5g_00000094,0,0,2,1160.0,,15.0
simu5g_00000094,0,0,3,984.0,,13.0
simu5g_00000094,0,0,4,1160.0,,15.0
simu5g_00000094,0,0,5,984.0,,13.0
simu5g_00000094,0,0,6,1128.0,,14.0
simu5g_00000094,0,0,7,1160.0,,15.0
simu5g_00000094,0,0,8,888.0,,12.0
simu5g_00000094,0,0,9,1128.0,,14.0
simu5g_00000094,0,0,10,1160.0,,15.0
simu5g_00000094,0,0,11,1160.0,,15.0
simu5g_00000094,0,0,12,1128.0,,14.0
simu5g_00000094,0,0,13,1128.0,,14.0
simu5g_00000094,0,0,14,1128.0,,14.0
simu5g_00000094,0,0,15,1160.0,,15.0
simu5g_00000094,0,0,16,1128.0,,14.0
simu5g_00000094,0,0,17,1160.0,,15.0
simu5g_00000094,0,0,18,1160.0,,15.0
simu5g_00000094,0,0,19,1128.0,,14.0
simu5g_00000094,0,0,20,1160.0,,15.0
simu5g_00000094,0,0,21,888.0,,12.0
simu5g_00000094,0,0,22,1160.0,,15.0
simu5g_00000094,0,0,23,1160.0,,15.0
simu5g_00000094,0,0,24,1128.0,,14.0
simu5g_00000094,1,1,0,1160.0,,15.0
simu5g_00000094,1,1,1,1128.0,,14.0
simu5g_00000094,1,1,2,1128.0,,14.0
simu5g_00000094,1,1,3,1160.0,,15.0
simu5g_00000094,1,1,4,1128.0,,14.0
simu5g_00000094,1,1,5,1160.0,,15.0
simu5g_00000094,1,1,6,1160.0,,15.0
simu5g_00000094,1,1,7,984.0,,13.0
simu5g_00000094,1,1,8,888.0,,12.0
simu5g_00000094,1,1,9,1160.0,,15.0
simu5g_00000094,1,1,10,1160.0,,15.0
simu5g_00000094,1,1,11,1128.0,,14.0
simu5g_00000094,1,1,12,1128.0,,14.0
simu5g_00000094,1,1,13,1160.0,,15.0
simu5g_00000094,1,1,14,1160.0,,15.0
simu5g_00000094,1,1,15,1160.0,,15.0
simu5g_00000094,1,1,16,1128.0,,14.0
simu5g_00000094,1,1,17,1128.0,,14.0
simu5g_00000094,1,1,18,1128.0,,14.0
simu5g_00000094,1,1,19,1160.0,,15.0
simu5g_00000094,1,1,20,1160.0,,15.0
simu5g_00000094,1,1,21,808.0,,11.0
simu5g_00000094,1,1,22,1160.0,,15.0
simu5g_00000094,1,1,23,1128.0,,14.0
simu5g_00000094,1,1,24,1160.0,,15.0
simu5g_00000095,15,0,0,1160.0,,15.0
simu5g_00000095,15,0,1,1160.0,,15.0
simu5g_00000095,15,0,2,1160.0,,15.0
simu5g_00000095,15,0,3,1160.0,,15.0
simu5g_00000095,15,0,4,1160.0,,15.0
simu5g_00000095,15,0,5,984.0,,13.0
simu5g_00000095,15,0,6,1160.0,,15.0
simu5g_00000095,15,0,7,1160.0,,15.0
simu5g_00000095,15,0,8,1160.0,,15.0
simu5g_00000095,15,0,9,1160.0,,15.0
simu5g_00000095,15,0,10,1160.0,,15.0
simu5g_00000095,15,0,11,1160.0,,15.0
simu5g_00000095,15,0,12,1128.0,,14.0
simu5g_00000095,15,0,13,1160.0,,15.0
simu5g_00000095,15,0,14,1160.0,,15.0
simu5g_00000095,15,0,15,1160.0,,15.0
simu5g_00000095,15,0,16,1160.0,,15.0
simu5g_00000095,15,0,17,1160.0,,15.0
simu5g_00000095,15,0,18,1160.0,,15.0
simu5g_00000095,15,0,19,1160.0,,15.0
simu5g_00000095,15,0,20,1160.0,,15.0
simu5g_00000095,15,0,21,1160.0,,15.0
simu5g_00000095,15,0,22,1160.0,,15.0
simu5g_00000095,15,0,23,1160.0,,15.0
simu5g_00000095,15,0,24,1160.0,,15.0
simu5g_00000095,31,1,0,1128.0,,14.0
simu5g_00000095,31,1,1,984.0,,13.0
simu5g_00000095,31,1,2,1160.0,,15.0
simu5g_00000095,31,1,3,1160.0,,15.0
simu5g_00000095,31,1,4,1160.0,,15.0
simu5g_00000095,31,1,5,1160.0,,15.0
simu5g_00000095,31,1,6,1160.0,,15.0
simu5g_00000095,31,1,7,1160.0,,15.0
simu5g_00000095,31,1,8,1160.0,,15.0
simu5g_00000095,31,1,9,1160.0,,15.0
simu5g_00000095,31,1,10,1160.0,,15.0
simu5g_00000095,31,1,11,1128.0,,14.0
simu5g_00000095,31,1,12,704.0,,10.0
simu5g_00000095,31,1,13,1160.0,,15.0
simu5g_00000095,31,1,14,1160.0,,15.0
simu5g_00000095,31,1,15,1160.0,,15.0
simu5g_00000095,31,1,16,1128.0,,14.0
simu5g_00000095,31,1,17,1160.0,,15.0
simu5g_00000095,31,1,18,1160.0,,15.0
simu5g_00000095,31,1,19,1128.0,,14.0
simu5g_00000095,31,1,20,1128.0,,14.0
simu5g_00000095,31,1,21,1160.0,,15.0
simu5g_00000095,31,1,22,1128.0,,14.0
simu5g_00000095,31,1,23,1160.0,,15.0
simu5g_00000095,31,1,24,1160.0,,15.0
simu5g_00000096,0,0,0,1160.0,,15.0
simu5g_00000096,0,0,1,608.0,,9.0
simu5g_00000096,0,0,2,1160.0,,15.0
simu5g_00000096,0,0,3,984.0,,13.0
simu5g_00000096,0,0,4,1160.0,,15.0
simu5g_00000096,0,0,5,984.0,,13.0
simu5g_00000096,0,0,6,1128.0,,14.0
simu5g_00000096,0,0,7,1160.0,,15.0
simu5g_00000096,0,0,8,888.0,,12.0
simu5g_00000096,0,0,9,1128.0,,14.0
simu5g_00000096,0,0,10,1160.0,,15.0
simu5g_00000096,0,0,11,1160.0,,15.0
simu5g_00000096,0,0,12,1128.0,,14.0
simu5g_00000096,0,0,13,1128.0,,14.0
simu5g_00000096,0,0,14,1128.0,,14.0
simu5g_00000096,0,0,15,1160.0,,15.0
simu5g_00000096,0,0,16,1128.0,,14.0
simu5g_00000096,0,0,17,1160.0,,15.0
simu5g_00000096,0,0,18,1160.0,,15.0
simu5g_00000096,0,0,19,1128.0,,14.0
simu5g_00000096,0,0,20,1160.0,,15.0
simu5g_00000096,0,0,21,888.0,,12.0
simu5g_00000096,0,0,22,1160.0,,15.0
simu5g_00000096,0,0,23,1160.0,,15.0
simu5g_00000096,0,0,24,1128.0,,14.0
simu5g_00000096,1,1,0,1160.0,,15.0
simu5g_00000096,1,1,1,1128.0,,14.0
simu5g_00000096,1,1,2,1128.0,,14.0
simu5g_00000096,1,1,3,1160.0,,15.0
simu5g_00000096,1,1,4,1128.0,,14.0
simu5g_00000096,1,1,5,1160.0,,15.0
simu5g_00000096,1,1,6,1160.0,,15.0
simu5g_00000096,1,1,7,984.0,,13.0
simu5g_00000096,1,1,8,888.0,,12.0
simu5g_00000096,1,1,9,1160.0,,15.0
simu5g_00000096,1,1,10,1160.0,,15.0
simu5g_00000096,1,1,11,1128.0,,14.0
simu5g_00000096,1,1,12,1128.0,,14.0
simu5g_00000096,1,1,13,1160.0,,15.0
simu5g_00000096,1,1,14,1160.0,,15.0
simu5g_00000096,1,1,15,1160.0,,15.0
simu5g_00000096,1,1,16,1128.0,,14.0
simu5g_00000096,1,1,17,1128.0,,14.0
simu5g_00000096,1,1,18,1128.0,,14.0
simu5g_00000096,1,1,19,1160.0,,15.0
simu5g_00000096,1,1,20,1160.0,,15.0
simu5g_00000096,1,1,21,808.0,,11.0
simu5g_00000096,1,1,22,1160.0,,15.0
simu5g_00000096,1,1,23,1128.0,,14.0
simu5g_00000096,1,1,24,1160.0,,15.0
simu5g_00000097,15,0,0,1160.0,,15.0
simu5g_00000097,15,0,1,1160.0,,15.0
simu5g_00000097,15,0,2,1160.0,,15.0
simu5g_00000097,15,0,3,1160.0,,15.0
simu5g_00000097,15,0,4,1160.0,,15.0
simu5g_00000097,15,0,5,984.0,,13.0
simu5g_00000097,15,0,6,1160.0,,15.0
simu5g_00000097,15,0,7,1160.0,,15.0
simu5g_00000097,15,0,8,1160.0,,15.0
simu5g_00000097,15,0,9,1160.0,,15.0
simu5g_00000097,15,0,10,1160.0,,15.0
simu5g_00000097,15,0,11,1160.0,,15.0
simu5g_00000097,15,0,12,1128.0,,14.0
simu5g_00000097,15,0,13,1160.0,,15.0
simu5g_00000097,15,0,14,1160.0,,15.0
simu5g_00000097,15,0,15,1160.0,,15.0
simu5g_00000097,15,0,16,1160.0,,15.0
simu5g_00000097,15,0,17,1160.0,,15.0
simu5g_00000097,15,0,18,1160.0,,15.0
simu5g_00000097,15,0,19,1160.0,,15.0
simu5g_00000097,15,0,20,1160.0,,15.0
simu5g_00000097,15,0,21,1160.0,,15.0
simu5g_00000097,15,0,22,1160.0,,15.0
simu5g_00000097,15,0,23,1160.0,,15.0
simu5g_00000097,15,0,24,1160.0,,15.0
simu5g_00000097,31,1,0,1128.0,,14.0
simu5g_00000097,31,1,1,984.0,,13.0
simu5g_00000097,31,1,2,1160.0,,15.0
simu5g_00000097,31,1,3,1160.0,,15.0
simu5g_00000097,31,1,4,1160.0,,15.0
simu5g_00000097,31,1,5,1160.0,,15.0
simu5g_00000097,31,1,6,1160.0,,15.0
simu5g_00000097,31,1,7,1160.0,,15.0
simu5g_00000097,31,1,8,1160.0,,15.0
simu5g_00000097,31,1,9,1160.0,,15.0
simu5g_00000097,31,1,10,1160.0,,15.0
simu5g_00000097,31,1,11,1128.0,,14.0
simu5g_00000097,31,1,12,704.0,,10.0
simu5g_00000097,31,1,13,1160.0,,15.0
simu5g_00000097,31,1,14,1160.0,,15.0
simu5g_00000097,31,1,15,1160.0,,15.0
simu5g_00000097,31,1,16,1128.0,,14.0
simu5g_00000097,31,1,17,1160.0,,15.0
simu5g_00000097,31,1,18,1160.0,,15.0
simu5g_00000097,31,1,19,1128.0,,14.0
simu5g_00000097,31,1,20,1128.0,,14.0
simu5g_00000097,31,1,21,1160.0,,15.0
simu5g_00000097,31,1,22,1128.0,,14.0
simu5g_00000097,31,1,23,1160.0,,15.0
simu5g_00000097,31,1,24,1160.0,,15.0
simu5g_00000098,0,0,0,1160.0,,15.0
simu5g_00000098,0,0,1,608.0,,9.0
simu5g_00000098,0,0,2,1160.0,,15.0
simu5g_00000098,0,0,3,984.0,,13.0
simu5g_00000098,0,0,4,1160.0,,15.0
simu5g_00000098,0,0,5,984.0,,13.0
simu5g_00000098,0,0,6,1128.0,,14.0
simu5g_00000098,0,0,7,1160.0,,15.0
simu5g_00000098,0,0,8,888.0,,12.0
simu5g_00000098,0,0,9,1128.0,,14.0
simu5g_00000098,0,0,10,1160.0,,15.0
simu5g_00000098,0,0,11,1160.0,,15.0
simu5g_00000098,0,0,12,1128.0,,14.0
simu5g_00000098,0,0,13,1128.0,,14.0
simu5g_00000098,0,0,14,1128.0,,14.0
simu5g_00000098,0,0,15,1160.0,,15.0
simu5g_00000098,0,0,16,1128.0,,14.0
simu5g_00000098,0,0,17,1160.0,,15.0
simu5g_00000098,0,0,18,1160.0,,15.0
simu5g_00000098,0,0,19,1128.0,,14.0
simu5g_00000098,0,0,20,1160.0,,15.0
simu5g_00000098,0,0,21,888.0,,12.0
simu5g_00000098,0,0,22,1160.0,,15.0
simu5g_00000098,0,0,23,1160.0,,15.0
simu5g_00000098,0,0,24,1128.0,,14.0
simu5g_00000098,1,1,0,1160.0,,15.0
simu5g_00000098,1,1,1,1128.0,,14.0
simu5g_00000098,1,1,2,1128.0,,14.0
simu5g_00000098,1,1,3,1160.0,,15.0
simu5g_00000098,1,1,4,1128.0,,14.0
simu5g_00000098,1,1,5,1160.0,,15.0
simu5g_00000098,1,1,6,1160.0,,15.0
simu5g_00000098,1,1,7,984.0,,13.0
simu5g_00000098,1,1,8,888.0,,12.0
simu5g_00000098,1,1,9,1160.0,,15.0
simu5g_00000098,1,1,10,1160.0,,15.0
simu5g_00000098,1,1,11,1128.0,,14.0
simu5g_00000098,1,1,12,1128.0,,14.0
simu5g_00000098,1,1,13,1160.0,,15.0
simu5g_00000098,1,1,14,1160.0,,15.0
simu5g_00000098,1,1,15,1160.0,,15.0
simu5g_00000098,1,1,16,1128.0,,14.0
simu5g_00000098,1,1,17,1128.0,,14.0
simu5g_00000098,1,1,18,1128.0,,14.0
simu5g_00000098,1,1,19,1160.0,,15.0
simu5g_00000098,1,1,20,1160.0,,15.0
simu5g_00000098,1,1,21,808.0,,11.0
simu5g_00000098,1,1,22,1160.0,,15.0
simu5g_00000098,1,1,23,1128.0,,14.0
simu5g_00000098,1,1,24,1160.0,,15.0
simu5g_00000099,15,0,0,1160.0,,15.0
simu5g_00000099,15,0,1,1160.0,,15.0
simu5g_00000099,15,0,2,1160.0,,15.0
simu5g_00000099,15,0,3,1160.0,,15.0
simu5g_00000099,15,0,4,1160.0,,15.0
simu5g_00000099,15,0,5,984.0,,13.0
simu5g_00000099,15,0,6,1160.0,,15.0
simu5g_00000099,15,0,7,1160.0,,15.0
simu5g_00000099,15,0,8,1160.0,,15.0
simu5g_00000099,15,0,9,1160.0,,15.0
simu5g_00000099,15,0,10,1160.0,,15.0
simu5g_00000099,15,0,11,1160.0,,15.0
simu5g_00000099,15,0,12,1128.0,,14.0
simu5g_00000099,15,0,13,1160.0,,15.0
simu5g_00000099,15,0,14,1160.0,,15.0
simu5g_00000099,15,0,15,1160.0,,15.0
simu5g_00000099,15,0,16,1160.0,,15.0
simu5g_00000099,15,0,17,1160.0,,15.0
simu5g_00000099,15,0,18,1160.0,,15.0
simu5g_00000099,15,0,19,1160.0,,15.0
simu5g_00000099,15,0,20,1160.0,,15.0
simu5g_00000099,15,0,21,1160.0,,15.0
simu5g_00000099,15,0,22,1160.0,,15.0
simu5g_00000099,15,0,23,1160.0,,15.0
simu5g_00000099,15,0,24,1160.0,,15.0
simu5g_00000099,31,1,0,1128.0,,14.0
simu5g_00000099,31,1,1,984.0,,13.0
simu5g_00000099,31,1,2,1160.0,,15.0
simu5g_00000099,31,1,3,1160.0,,15.0
simu5g_00000099,31,1,4,1160.0,,15.0
simu5g_00000099,31,1,5,1160.0,,15.0
simu5g_00000099,31,1,6,1160.0,,15.0
simu5g_00000099,31,1,7,1160.0,,15.0
simu5g_00000099,31,1,8,1160.0,,15.0
simu5g_00000099,31,1,9,1160.0,,15.0
simu5g_00000099,31,1,10,1160.0,,15.0
simu5g_00000099,31,1,11,1128.0,,14.0
simu5g_00000099,31,1,12,704.0,,10.0
simu5g_00000099,31,1,13,1160.0,,15.0
simu5g_00000099,31,1,14,1160.0,,15.0
simu5g_00000099,31,1,15,1160.0,,15.0
simu5g_00000099,31,1,16,1128.0,,14.0
simu5g_00000099,31,1,17,1160.0,,15.0
simu5g_00000099,31,1,18,1160.0,,15.0
simu5g_00000099,31,1,19,1128.0,,14.0
simu5g_00000099,31,1,20,1128.0,,14.0
simu5g_00000099,31,1,21,1160.0,,15.0
simu5g_00000099,31,1,22,1128.0,,14.0
simu5g_00000099,31,1,23,1160.0,,15.0
simu5g_00000099,31,1,24,1160.0,,15.0
simu5g_00000100,0,0,0,1160.0,,15.0
simu5g_00000100,0,0,1,608.0,,9.0
simu5g_00000100,0,0,2,1160.0,,15.0
simu5g_00000100,0,0,3,984.0,,13.0
simu5g_00000100,0,0,4,1160.0,,15.0
simu5g_00000100,0,0,5,984.0,,13.0
simu5g_00000100,0,0,6,1128.0,,14.0
simu5g_00000100,0,0,7,1160.0,,15.0
simu5g_00000100,0,0,8,888.0,,12.0
simu5g_00000100,0,0,9,1128.0,,14.0
simu5g_00000100,0,0,10,1160.0,,15.0
simu5g_00000100,0,0,11,1160.0,,15.0
simu5g_00000100,0,0,12,1128.0,,14.0
simu5g_00000100,0,0,13,1128.0,,14.0
simu5g_00000100,0,0,14,1128.0,,14.0
simu5g_00000100,0,0,15,1160.0,,15.0
simu5g_00000100,0,0,16,1128.0,,14.0
simu5g_00000100,0,0,17,1160.0,,15.0
simu5g_00000100,0,0,18,1160.0,,15.0
simu5g_00000100,0,0,19,1128.0,,14.0
simu5g_00000100,0,0,20,1160.0,,15.0
simu5g_00000100,0,0,21,888.0,,12.0
simu5g_00000100,0,0,22,1160.0,,15.0
simu5g_00000100,0,0,23,1160.0,,15.0
simu5g_00000100,0,0,24,1128.0,,14.0
simu5g_00000100,1,1,0,1160.0,,15.0
simu5g_00000100,1,1,1,1128.0,,14.0
simu5g_00000100,1,1,2,1128.0,,14.0
simu5g_00000100,1,1,3,1160.0,,15.0
simu5g_00000100,1,1,4,1128.0,,14.0
simu5g_00000100,1,1,5,1160.0,,15.0
simu5g_00000100,1,1,6,1160.0,,15.0
simu5g_00000100,1,1,7,984.0,,13.0
simu5g_00000100,1,1,8,888.0,,12.0
simu5g_00000100,1,1,9,1160.0,,15.0
simu5g_00000100,1,1,10,1160.0,,15.0
simu5g_00000100,1,1,11,1128.0,,14.0
simu5g_00000100,1,1,12,1128.0,,14.0
simu5g_00000100,1,1,13,1160.0,,15.0
simu5g_00000100,1,1,14,1160.0,,15.0
simu5g_00000100,1,1,15,1160.0,,15.0
simu5g_00000100,1,1,16,1128.0,,14.0
simu5g_00000100,1,1,17,1128.0,,14.0
simu5g_00000100,1,1,18,1128.0,,14.0
simu5g_00000100,1,1,19,1160.0,,15.0
simu5g_00000100,1,1,20,1160.0,,15.0
simu5g_00000100,1,1,21,808.0,,11.0
simu5g_00000100,1,1,22,1160.0,,15.0
simu5g_00000100,1,1,23,1128.0,,14.0
simu5g_00000100,1,1,24,1160.0,,15.0
simu5g_00000101,15,0,0,1160.0,,15.0
simu5g_00000101,15,0,1,1160.0,,15.0
simu5g_00000101,15,0,2,1160.0,,15.0
simu5g_00000101,15,0,3,1160.0,,15.0
simu5g_00000101,15,0,4,1160.0,,15.0
simu5g_00000101,15,0,5,984.0,,13.0
simu5g_00000101,15,0,6,1160.0,,15.0
simu5g_00000101,15,0,7,1160.0,,15.0
simu5g_00000101,15,0,8,1160.0,,15.0
simu5g_00000101,15,0,9,1160.0,,15.0
simu5g_00000101,15,0,10,1160.0,,15.0
simu5g_00000101,15,0,11,1160.0,,15.0
simu5g_00000101,15,0,12,1128.0,,14.0
simu5g_00000101,15,0,13,1160.0,,15.0
simu5g_00000101,15,0,14,1160.0,,15.0
simu5g_00000101,15,0,15,1160.0,,15.0
simu5g_00000101,15,0,16,1160.0,,15.0
simu5g_00000101,15,0,17,1160.0,,15.0
simu5g_00000101,15,0,18,1160.0,,15.0
simu5g_00000101,15,0,19,1160.0,,15.0
simu5g_00000101,15,0,20,1160.0,,15.0
simu5g_00000101,15,0,21,1160.0,,15.0
simu5g_00000101,15,0,22,1160.0,,15.0
simu5g_00000101,15,0,23,1160.0,,15.0
simu5g_00000101,15,0,24,1160.0,,15.0
simu5g_00000101,31,1,0,1128.0,,14.0
simu5g_00000101,31,1,1,984.0,,13.0
simu5g_00000101,31,1,2,1160.0,,15.0
simu5g_00000101,31,1,3,1160.0,,15.0
simu5g_00000101,31,1,4,1160.0,,15.0
simu5g_00000101,31,1,5,1160.0,,15.0
simu5g_00000101,31,1,6,1160.0,,15.0
simu5g_00000101,31,1,7,1160.0,,15.0
simu5g_00000101,31,1,8,1160.0,,15.0
simu5g_00000101,31,1,9,1160.0,,15.0
simu5g_00000101,31,1,10,1160.0,,15.0
simu5g_00000101,31,1,11,1128.0,,14.0
simu5g_00000101,31,1,12,704.0,,10.0
simu5g_00000101,31,1,13,1160.0,,15.0
simu5g_00000101,31,1,14,1160.0,,15.0
simu5g_00000101,31,1,15,1160.0,,15.0
simu5g_00000101,31,1,16,1128.0,,14.0
simu5g_00000101,31,1,17,1160.0,,15.0
simu5g_00000101,31,1,18,1160.0,,15.0
simu5g_00000101,31,1,19,1128.0,,14.0
simu5g_00000101,31,1,20,1128.0,,14.0
simu5g_00000101,31,1,21,1160.0,,15.0
simu5g_00000101,31,1,22,1128.0,,14.0
simu5g_00000101,31,1,23,1160.0,,15.0
simu5g_00000101,31,1,24,1160.0,,15.0
simu5g_00000102,0,0,0,1160.0,,15.0
simu5g_00000102,0,0,1,608.0,,9.0
simu5g_00000102,0,0,2,1160.0,,15.0
simu5g_00000102,0,0,3,984.0,,13.0
simu5g_00000102,0,0,4,1160.0,,15.0
simu5g_00000102,0,0,5,984.0,,13.0
simu5g_00000102,0,0,6,1128.0,,14.0
simu5g_00000102,0,0,7,1160.0,,15.0
simu5g_00000102,0,0,8,888.0,,12.0
simu5g_00000102,0,0,9,1128.0,,14.0
simu5g_00000102,0,0,10,1160.0,,15.0
simu5g_00000102,0,0,11,1160.0,,15.0
simu5g_00000102,0,0,12,1128.0,,14.0
simu5g_00000102,0,0,13,1128.0,,14.0
simu5g_00000102,0,0,14,1128.0,,14.0
simu5g_00000102,0,0,15,1160.0,,15.0
simu5g_00000102,0,0,16,1128.0,,14.0
simu5g_00000102,0,0,17,1160.0,,15.0
simu5g_00000102,0,0,18,1160.0,,15.0
simu5g_00000102,0,0,19,1128.0,,14.0
simu5g_00000102,0,0,20,1160.0,,15.0
simu5g_00000102,0,0,21,888.0,,12.0
simu5g_00000102,0,0,22,1160.0,,15.0
simu5g_00000102,0,0,23,1160.0,,15.0
simu5g_00000102,0,0,24,1128.0,,14.0
simu5g_00000102,1,1,0,1160.0,,15.0
simu5g_00000102,1,1,1,1128.0,,14.0
simu5g_00000102,1,1,2,1128.0,,14.0
simu5g_00000102,1,1,3,1160.0,,15.0
simu5g_00000102,1,1,4,1128.0,,14.0
simu5g_00000102,1,1,5,1160.0,,15.0
simu5g_00000102,1,1,6,1160.0,,15.0
simu5g_00000102,1,1,7,984.0,,13.0
simu5g_00000102,1,1,8,888.0,,12.0
simu5g_00000102,1,1,9,1160.0,,15.0
simu5g_00000102,1,1,10,1160.0,,15.0
simu5g_00000102,1,1,11,1128.0,,14.0
simu5g_00000102,1,1,12,1128.0,,14.0
simu5g_00000102,1,1,13,1160.0,,15.0
simu5g_00000102,1,1,14,1160.0,,15.0
simu5g_00000102,1,1,15,1160.0,,15.0
simu5g_00000102,1,1,16,1128.0,,14.0
simu5g_00000102,1,1,17,1128.0,,14.0
simu5g_00000102,1,1,18,1128.0,,14.0
simu5g_00000102,1,1,19,1160.0,,15.0
simu5g_00000102,1,1,20,1160.0,,15.0
simu5g_00000102,1,1,21,808.0,,11.0
simu5g_00000102,1,1,22,1160.0,,15.0
simu5g_00000102,1,1,23,1128.0,,14.0
simu5g_00000102,1,1,24,1160.0,,15.0
simu5g_00000103,15,0,0,1160.0,,15.0
simu5g_00000103,15,0,1,1160.0,,15.0
simu5g_00000103,15,0,2,1160.0,,15.0
simu5g_00000103,15,0,3,1160.0,,15.0
simu5g_00000103,15,0,4,1160.0,,15.0
simu5g_00000103,15,0,5,984.0,,13.0
simu5g_00000103,15,0,6,1160.0,,15.0
simu5g_00000103,15,0,7,1160.0,,15.0
simu5g_00000103,15,0,8,1160.0,,15.0
simu5g_00000103,15,0,9,1160.0,,15.0
simu5g_00000103,15,0,10,1160.0,,15.0
simu5g_00000103,15,0,11,1160.0,,15.0
simu5g_00000103,15,0,12,1128.0,,14.0
simu5g_00000103,15,0,13,1160.0,,15.0
simu5g_00000103,15,0,14,1160.0,,15.0
simu5g_00000103,15,0,15,1160.0,,15.0
simu5g_00000103,15,0,16,1160.0,,15.0
simu5g_00000103,15,0,17,1160.0,,15.0
simu5g_00000103,15,0,18,1160.0,,15.0
simu5g_00000103,15,0,19,1160.0,,15.0
simu5g_00000103,15,0,20,1160.0,,15.0
simu5g_00000103,15,0,21,1160.0,,15.0
simu5g_00000103,15,0,22,1160.0,,15.0
simu5g_00000103,15,0,23,1160.0,,15.0
simu5g_00000103,15,0,24,1160.0,,15.0
simu5g_00000103,31,1,0,1128.0,,14.0
simu5g_00000103,31,1,1,984.0,,13.0
simu5g_00000103,31,1,2,1160.0,,15.0
simu5g_00000103,31,1,3,1160.0,,15.0
simu5g_00000103,31,1,4,1160.0,,15.0
simu5g_00000103,31,1,5,1160.0,,15.0
simu5g_00000103,31,1,6,1160.0,,15.0
simu5g_00000103,31,1,7,1160.0,,15.0
simu5g_00000103,31,1,8,1160.0,,15.0
simu5g_00000103,31,1,9,1160.0,,15.0
simu5g_00000103,31,1,10,1160.0,,15.0
simu5g_00000103,31,1,11,1128.0,,14.0
simu5g_00000103,31,1,12,704.0,,10.0
simu5g_00000103,31,1,13,1160.0,,15.0
simu5g_00000103,31,1,14,1160.0,,15.0
simu5g_00000103,31,1,15,1160.0,,15.0
simu5g_00000103,31,1,16,1128.0,,14.0
simu5g_00000103,31,1,17,1160.0,,15.0
simu5g_00000103,31,1,18,1160.0,,15.0
simu5g_00000103,31,1,19,1128.0,,14.0
simu5g_00000103,31,1,20,1128.0,,14.0
simu5g_00000103,31,1,21,1160.0,,15.0
simu5g_00000103,31,1,22,1128.0,,14.0
simu5g_00000103,31,1,23,1160.0,,15.0
simu5g_00000103,31,1,24,1160.0,,15.0
simu5g_00000104,0,0,0,1160.0,,15.0
simu5g_00000104,0,0,1,608.0,,9.0
simu5g_00000104,0,0,2,1160.0,,15.0
simu5g_00000104,0,0,3,984.0,,13.0
simu5g_00000104,0,0,4,1160.0,,15.0
simu5g_00000104,0,0,5,984.0,,13.0
simu5g_00000104,0,0,6,1128.0,,14.0
simu5g_00000104,0,0,7,1160.0,,15.0
simu5g_00000104,0,0,8,888.0,,12.0
simu5g_00000104,0,0,9,1128.0,,14.0
simu5g_00000104,0,0,10,1160.0,,15.0
simu5g_00000104,0,0,11,1160.0,,15.0
simu5g_00000104,0,0,12,1128.0,,14.0
simu5g_00000104,0,0,13,1128.0,,14.0
simu5g_00000104,0,0,14,1128.0,,14.0
simu5g_00000104,0,0,15,1160.0,,15.0
simu5g_00000104,0,0,16,1128.0,,14.0
simu5g_00000104,0,0,17,1160.0,,15.0
simu5g_00000104,0,0,18,1160.0,,15.0
simu5g_00000104,0,0,19,1128.0,,14.0
simu5g_00000104,0,0,20,1160.0,,15.0
simu5g_00000104,0,0,21,888.0,,12.0
simu5g_00000104,0,0,22,1160.0,,15.0
simu5g_00000104,0,0,23,1160.0,,15.0
simu5g_00000104,0,0,24,1128.0,,14.0
simu5g_00000104,1,1,0,1160.0,,15.0
simu5g_00000104,1,1,1,1128.0,,14.0
simu5g_00000104,1,1,2,1128.0,,14.0
simu5g_00000104,1,1,3,1160.0,,15.0
simu5g_00000104,1,1,4,1128.0,,14.0
simu5g_00000104,1,1,5,1160.0,,15.0
simu5g_00000104,1,1,6,1160.0,,15.0
simu5g_00000104,1,1,7,984.0,,13.0
simu5g_00000104,1,1,8,888.0,,12.0
simu5g_00000104,1,1,9,1160.0,,15.0
simu5g_00000104,1,1,10,1160.0,,15.0
simu5g_00000104,1,1,11,1128.0,,14.0
simu5g_00000104,1,1,12,1128.0,,14.0
simu5g_00000104,1,1,13,1160.0,,15.0
simu5g_00000104,1,1,14,1160.0,,15.0
simu5g_00000104,1,1,15,1160.0,,15.0
simu5g_00000104,1,1,16,1128.0,,14.0
simu5g_00000104,1,1,17,1128.0,,14.0
simu5g_00000104,1,1,18,1128.0,,14.0
simu5g_00000104,1,1,19,1160.0,,15.0
simu5g_00000104,1,1,20,1160.0,,15.0
simu5g_00000104,1,1,21,808.0,,11.0
simu5g_00000104,1,1,22,1160.0,,15.0
simu5g_00000104,1,1,23,1128.0,,14.0
simu5g_00000104,1,1,24,1160.0,,15.0
simu5g_00000105,15,0,0,1160.0,,15.0
simu5g_00000105,15,0,1,1160.0,,15.0
simu5g_00000105,15,0,2,1160.0,,15.0
simu5g_00000105,15,0,3,1160.0,,15.0
simu5g_00000105,15,0,4,1160.0,,15.0
simu5g_00000105,15,0,5,984.0,,13.0
simu5g_00000105,15,0,6,1160.0,,15.0
simu5g_00000105,15,0,7,1160.0,,15.0
simu5g_00000105,15,0,8,1160.0,,15.0
simu5g_00000105,15,0,9,1160.0,,15.0
simu5g_00000105,15,0,10,1160.0,,15.0
simu5g_00000105,15,0,11,1160.0,,15.0
simu5g_00000105,15,0,12,1128.0,,14.0
simu5g_00000105,15,0,13,1160.0,,15.0
simu5g_00000105,15,0,14,1160.0,,15.0
simu5g_00000105,15,0,15,1160.0,,15.0
simu5g_00000105,15,0,16,1160.0,,15.0
simu5g_00000105,15,0,17,1160.0,,15.0
simu5g_00000105,15,0,18,1160.0,,15.0
simu5g_00000105,15,0,19,1160.0,,15.0
simu5g_00000105,15,0,20,1160.0,,15.0
simu5g_00000105,15,0,21,1160.0,,15.0
simu5g_00000105,15,0,22,1160.0,,15.0
simu5g_00000105,15,0,23,1160.0,,15.0
simu5g_00000105,15,0,24,1160.0,,15.0
simu5g_00000105,31,1,0,1128.0,,14.0
simu5g_00000105,31,1,1,984.0,,13.0
simu5g_00000105,31,1,2,1160.0,,15.0
simu5g_00000105,31,1,3,1160.0,,15.0
simu5g_00000105,31,1,4,1160.0,,15.0
simu5g_00000105,31,1,5,1160.0,,15.0
simu5g_00000105,31,1,6,1160.0,,15.0
simu5g_00000105,31,1,7,1160.0,,15.0
simu5g_00000105,31,1,8,1160.0,,15.0
simu5g_00000105,31,1,9,1160.0,,15.0
simu5g_00000105,31,1,10,1160.0,,15.0
simu5g_00000105,31,1,11,1128.0,,14.0
simu5g_00000105,31,1,12,704.0,,10.0
simu5g_00000105,31,1,13,1160.0,,15.0
simu5g_00000105,31,1,14,1160.0,,15.0
simu5g_00000105,31,1,15,1160.0,,15.0
simu5g_00000105,31,1,16,1128.0,,14.0
simu5g_00000105,31,1,17,1160.0,,15.0
simu5g_00000105,31,1,18,1160.0,,15.0
simu5g_00000105,31,1,19,1128.0,,14.0
simu5g_00000105,31,1,20,1128.0,,14.0
simu5g_00000105,31,1,21,1160.0,,15.0
simu5g_00000105,31,1,22,1128.0,,14.0
simu5g_00000105,31,1,23,1160.0,,15.0
simu5g_00000105,31,1,24,1160.0,,15.0
simu5g_00000106,0,0,0,1160.0,,15.0
simu5g_00000106,0,0,1,608.0,,9.0
simu5g_00000106,0,0,2,1160.0,,15.0
simu5g_00000106,0,0,3,984.0,,13.0
simu5g_00000106,0,0,4,1160.0,,15.0
simu5g_00000106,0,0,5,984.0,,13.0
simu5g_00000106,0,0,6,1128.0,,14.0
simu5g_00000106,0,0,7,1160.0,,15.0
simu5g_00000106,0,0,8,888.0,,12.0
simu5g_00000106,0,0,9,1128.0,,14.0
simu5g_00000106,0,0,10,1160.0,,15.0
simu5g_00000106,0,0,11,1160.0,,15.0
simu5g_00000106,0,0,12,1128.0,,14.0
simu5g_00000106,0,0,13,1128.0,,14.0
simu5g_00000106,0,0,14,1128.0,,14.0
simu5g_00000106,0,0,15,1160.0,,15.0
simu5g_00000106,0,0,16,1128.0,,14.0
simu5g_00000106,0,0,17,1160.0,,15.0
simu5g_00000106,0,0,18,1160.0,,15.0
simu5g_00000106,0,0,19,1128.0,,14.0
simu5g_00000106,0,0,20,1160.0,,15.0
simu5g_00000106,0,0,21,888.0,,12.0
simu5g_00000106,0,0,22,1160.0,,15.0
simu5g_00000106,0,0,23,1160.0,,15.0
simu5g_00000106,0,0,24,1128.0,,14.0
simu5g_00000106,1,1,0,1160.0,,15.0
simu5g_00000106,1,1,1,1128.0,,14.0
simu5g_00000106,1,1,2,1128.0,,14.0
simu5g_00000106,1,1,3,1160.0,,15.0
simu5g_00000106,1,1,4,1128.0,,14.0
simu5g_00000106,1,1,5,1160.0,,15.0
simu5g_00000106,1,1,6,1160.0,,15.0
simu5g_00000106,1,1,7,984.0,,13.0
simu5g_00000106,1,1,8,888.0,,12.0
simu5g_00000106,1,1,9,1160.0,,15.0
simu5g_00000106,1,1,10,1160.0,,15.0
simu5g_00000106,1,1,11,1128.0,,14.0
simu5g_00000106,1,1,12,1128.0,,14.0
simu5g_00000106,1,1,13,1160.0,,15.0
simu5g_00000106,1,1,14,1160.0,,15.0
simu5g_00000106,1,1,15,1160.0,,15.0
simu5g_00000106,1,1,16,1128.0,,14.0
simu5g_00000106,1,1,17,1128.0,,14.0
simu5g_00000106,1,1,18,1128.0,,14.0
simu5g_00000106,1,1,19,1160.0,,15.0
simu5g_00000106,1,1,20,1160.0,,15.0
simu5g_00000106,1,1,21,808.0,,11.0
simu5g_00000106,1,1,22,1160.0,,15.0
simu5g_00000106,1,1,23,1128.0,,14.0
simu5g_00000106,1,1,24,1160.0,,15.0
simu5g_00000107,15,0,0,1160.0,,15.0
simu5g_00000107,15,0,1,1160.0,,15.0
simu5g_00000107,15,0,2,1160.0,,15.0
simu5g_00000107,15,0,3,1160.0,,15.0
simu5g_00000107,15,0,4,1160.0,,15.0
simu5g_00000107,15,0,5,984.0,,13.0
simu5g_00000107,15,0,6,1160.0,,15.0
simu5g_00000107,15,0,7,1160.0,,15.0
simu5g_00000107,15,0,8,1160.0,,15.0
simu5g_00000107,15,0,9,1160.0,,15.0
simu5g_00000107,15,0,10,1160.0,,15.0
simu5g_00000107,15,0,11,1160.0,,15.0
simu5g_00000107,15,0,12,1128.0,,14.0
simu5g_00000107,15,0,13,1160.0,,15.0
simu5g_00000107,15,0,14,1160.0,,15.0
simu5g_00000107,15,0,15,1160.0,,15.0
simu5g_00000107,15,0,16,1160.0,,15.0
simu5g_00000107,15,0,17,1160.0,,15.0
simu5g_00000107,15,0,18,1160.0,,15.0
simu5g_00000107,15,0,19,1160.0,,15.0
simu5g_00000107,15,0,20,1160.0,,15.0
simu5g_00000107,15,0,21,1160.0,,15.0
simu5g_00000107,15,0,22,1160.0,,15.0
simu5g_00000107,15,0,23,1160.0,,15.0
simu5g_00000107,15,0,24,1160.0,,15.0
simu5g_00000107,31,1,0,1128.0,,14.0
simu5g_00000107,31,1,1,984.0,,13.0
simu5g_00000107,31,1,2,1160.0,,15.0
simu5g_00000107,31,1,3,1160.0,,15.0
simu5g_00000107,31,1,4,1160.0,,15.0
simu5g_00000107,31,1,5,1160.0,,15.0
simu5g_00000107,31,1,6,1160.0,,15.0
simu5g_00000107,31,1,7,1160.0,,15.0
simu5g_00000107,31,1,8,1160.0,,15.0
simu5g_00000107,31,1,9,1160.0,,15.0
simu5g_00000107,31,1,10,1160.0,,15.0
simu5g_00000107,31,1,11,1128.0,,14.0
simu5g_00000107,31,1,12,704.0,,10.0
simu5g_00000107,31,1,13,1160.0,,15.0
simu5g_00000107,31,1,14,1160.0,,15.0
simu5g_00000107,31,1,15,1160.0,,15.0
simu5g_00000107,31,1,16,1128.0,,14.0
simu5g_00000107,31,1,17,1160.0,,15.0
simu5g_00000107,31,1,18,1160.0,,15.0
simu5g_00000107,31,1,19,1128.0,,14.0
simu5g_00000107,31,1,20,1128.0,,14.0
simu5g_00000107,31,1,21,1160.0,,15.0
simu5g_00000107,31,1,22,1160.0,,15.0
simu5g_00000107,31,1,23,1160.0,,15.0
simu5g_00000107,31,1,24,1160.0,,15.0
simu5g_00000108,0,0,0,1160.0,,15.0
simu5g_00000108,0,0,1,608.0,,9.0
simu5g_00000108,0,0,2,1160.0,,15.0
simu5g_00000108,0,0,3,984.0,,13.0
simu5g_00000108,0,0,4,1160.0,,15.0
simu5g_00000108,0,0,5,984.0,,13.0
simu5g_00000108,0,0,6,1128.0,,14.0
simu5g_00000108,0,0,7,1160.0,,15.0
simu5g_00000108,0,0,8,888.0,,12.0
simu5g_00000108,0,0,9,1128.0,,14.0
simu5g_00000108,0,0,10,1160.0,,15.0
simu5g_00000108,0,0,11,1160.0,,15.0
simu5g_00000108,0,0,12,1128.0,,14.0
simu5g_00000108,0,0,13,1128.0,,14.0
simu5g_00000108,0,0,14,1128.0,,14.0
simu5g_00000108,0,0,15,1160.0,,15.0
simu5g_00000108,0,0,16,1128.0,,14.0
simu5g_00000108,0,0,17,1160.0,,15.0
simu5g_00000108,0,0,18,1160.0,,15.0
simu5g_00000108,0,0,19,1128.0,,14.0
simu5g_00000108,0,0,20,1160.0,,15.0
simu5g_00000108,0,0,21,888.0,,12.0
simu5g_00000108,0,0,22,1160.0,,15.0
simu5g_00000108,0,0,23,1160.0,,15.0
simu5g_00000108,0,0,24,1128.0,,14.0
simu5g_00000108,1,1,0,1160.0,,15.0
simu5g_00000108,1,1,1,1128.0,,14.0
simu5g_00000108,1,1,2,1128.0,,14.0
simu5g_00000108,1,1,3,1160.0,,15.0
simu5g_00000108,1,1,4,1128.0,,14.0
simu5g_00000108,1,1,5,1160.0,,15.0
simu5g_00000108,1,1,6,1160.0,,15.0
simu5g_00000108,1,1,7,984.0,,13.0
simu5g_00000108,1,1,8,888.0,,12.0
simu5g_00000108,1,1,9,1160.0,,15.0
simu5g_00000108,1,1,10,1160.0,,15.0
simu5g_00000108,1,1,11,1128.0,,14.0
simu5g_00000108,1,1,12,1128.0,,14.0
simu5g_00000108,1,1,13,1160.0,,15.0
simu5g_00000108,1,1,14,1160.0,,15.0
simu5g_00000108,1,1,15,1160.0,,15.0
simu5g_00000108,1,1,16,1128.0,,14.0
simu5g_00000108,1,1,17,1128.0,,14.0
simu5g_00000108,1,1,18,1128.0,,14.0
simu5g_00000108,1,1,19,1160.0,,15.0
simu5g_00000108,1,1,20,1160.0,,15.0
simu5g_00000108,1,1,21,808.0,,11.0
simu5g_00000108,1,1,22,1160.0,,15.0
simu5g_00000108,1,1,23,1128.0,,14.0
simu5g_00000108,1,1,24,1160.0,,15.0
simu5g_00000109,15,0,0,1160.0,,15.0
simu5g_00000109,15,0,1,1160.0,,15.0
simu5g_00000109,15,0,2,1160.0,,15.0
simu5g_00000109,15,0,3,1160.0,,15.0
simu5g_00000109,15,0,4,1160.0,,15.0
simu5g_00000109,15,0,5,984.0,,13.0
simu5g_00000109,15,0,6,1160.0,,15.0
simu5g_00000109,15,0,7,1160.0,,15.0
simu5g_00000109,15,0,8,1160.0,,15.0
simu5g_00000109,15,0,9,1160.0,,15.0
simu5g_00000109,15,0,10,1160.0,,15.0
simu5g_00000109,15,0,11,1160.0,,15.0
simu5g_00000109,15,0,12,1128.0,,14.0
simu5g_00000109,15,0,13,1160.0,,15.0
simu5g_00000109,15,0,14,1160.0,,15.0
simu5g_00000109,15,0,15,1160.0,,15.0
simu5g_00000109,15,0,16,1160.0,,15.0
simu5g_00000109,15,0,17,1160.0,,15.0
simu5g_00000109,15,0,18,1160.0,,15.0
simu5g_00000109,15,0,19,1160.0,,15.0
simu5g_00000109,15,0,20,1160.0,,15.0
simu5g_00000109,15,0,21,1160.0,,15.0
simu5g_00000109,15,0,22,1160.0,,15.0
simu5g_00000109,15,0,23,1160.0,,15.0
simu5g_00000109,15,0,24,1160.0,,15.0
simu5g_00000109,31,1,0,1128.0,,14.0
simu5g_00000109,31,1,1,984.0,,13.0
simu5g_00000109,31,1,2,1160.0,,15.0
simu5g_00000109,31,1,3,1160.0,,15.0
simu5g_00000109,31,1,4,1160.0,,15.0
simu5g_00000109,31,1,5,1160.0,,15.0
simu5g_00000109,31,1,6,1160.0,,15.0
simu5g_00000109,31,1,7,1160.0,,15.0
simu5g_00000109,31,1,8,1160.0,,15.0
simu5g_00000109,31,1,9,1160.0,,15.0
simu5g_00000109,31,1,10,1160.0,,15.0
simu5g_00000109,31,1,11,1128.0,,14.0
simu5g_00000109,31,1,12,704.0,,10.0
simu5g_00000109,31,1,13,1160.0,,15.0
simu5g_00000109,31,1,14,1160.0,,15.0
simu5g_00000109,31,1,15,1160.0,,15.0
simu5g_00000109,31,1,16,1128.0,,14.0
simu5g_00000109,31,1,17,1160.0,,15.0
simu5g_00000109,31,1,18,1160.0,,15.0
simu5g_00000109,31,1,19,1128.0,,14.0
simu5g_00000109,31,1,20,1128.0,,14.0
simu5g_00000109,31,1,21,1160.0,,15.0
simu5g_00000109,31,1,22,1160.0,,15.0
simu5g_00000109,31,1,23,1160.0,,15.0
simu5g_00000109,31,1,24,1160.0,,15.0
simu5g_00000110,0,0,0,1160.0,,15.0
simu5g_00000110,0,0,1,608.0,,9.0
simu5g_00000110,0,0,2,1160.0,,15.0
simu5g_00000110,0,0,3,984.0,,13.0
simu5g_00000110,0,0,4,1160.0,,15.0
simu5g_00000110,0,0,5,984.0,,13.0
simu5g_00000110,0,0,6,1128.0,,14.0
simu5g_00000110,0,0,7,1160.0,,15.0
simu5g_00000110,0,0,8,888.0,,12.0
simu5g_00000110,0,0,9,1128.0,,14.0
simu5g_00000110,0,0,10,1160.0,,15.0
simu5g_00000110,0,0,11,1160.0,,15.0
simu5g_00000110,0,0,12,1128.0,,14.0
simu5g_00000110,0,0,13,1128.0,,14.0
simu5g_00000110,0,0,14,1128.0,,14.0
simu5g_00000110,0,0,15,1160.0,,15.0
simu5g_00000110,0,0,16,1128.0,,14.0
simu5g_00000110,0,0,17,1160.0,,15.0
simu5g_00000110,0,0,18,1160.0,,15.0
simu5g_00000110,0,0,19,1128.0,,14.0
simu5g_00000110,0,0,20,1160.0,,15.0
simu5g_00000110,0,0,21,888.0,,12.0
simu5g_00000110,0,0,22,1160.0,,15.0
simu5g_00000110,0,0,23,1160.0,,15.0
simu5g_00000110,0,0,24,1128.0,,14.0
simu5g_00000110,1,1,0,1160.0,,15.0
simu5g_00000110,1,1,1,1128.0,,14.0
simu5g_00000110,1,1,2,1128.0,,14.0
simu5g_00000110,1,1,3,1160.0,,15.0
simu5g_00000110,1,1,4,1128.0,,14.0
simu5g_00000110,1,1,5,1160.0,,15.0
simu5g_00000110,1,1,6,1160.0,,15.0
simu5g_00000110,1,1,7,984.0,,13.0
simu5g_00000110,1,1,8,888.0,,12.0
simu5g_00000110,1,1,9,1160.0,,15.0
simu5g_00000110,1,1,10,1160.0,,15.0
simu5g_00000110,1,1,11,1128.0,,14.0
simu5g_00000110,1,1,12,1128.0,,14.0
simu5g_00000110,1,1,13,1160.0,,15.0
simu5g_00000110,1,1,14,1160.0,,15.0
simu5g_00000110,1,1,15,1160.0,,15.0
simu5g_00000110,1,1,16,1128.0,,14.0
simu5g_00000110,1,1,17,1128.0,,14.0
simu5g_00000110,1,1,18,1128.0,,14.0
simu5g_00000110,1,1,19,1160.0,,15.0
simu5g_00000110,1,1,20,1160.0,,15.0
simu5g_00000110,1,1,21,808.0,,11.0
simu5g_00000110,1,1,22,1160.0,,15.0
simu5g_00000110,1,1,23,1128.0,,14.0
simu5g_00000110,1,1,24,1160.0,,15.0
simu5g_00000111,15,0,0,1160.0,,15.0
simu5g_00000111,15,0,1,1160.0,,15.0
simu5g_00000111,15,0,2,1160.0,,15.0
simu5g_00000111,15,0,3,1160.0,,15.0
simu5g_00000111,15,0,4,1160.0,,15.0
simu5g_00000111,15,0,5,984.0,,13.0
simu5g_00000111,15,0,6,1160.0,,15.0
simu5g_00000111,15,0,7,1160.0,,15.0
simu5g_00000111,15,0,8,1160.0,,15.0
simu5g_00000111,15,0,9,1160.0,,15.0
simu5g_00000111,15,0,10,1160.0,,15.0
simu5g_00000111,15,0,11,1160.0,,15.0
simu5g_00000111,15,0,12,1128.0,,14.0
simu5g_00000111,15,0,13,1160.0,,15.0
simu5g_00000111,15,0,14,1160.0,,15.0
simu5g_00000111,15,0,15,1160.0,,15.0
simu5g_00000111,15,0,16,1160.0,,15.0
simu5g_00000111,15,0,17,1160.0,,15.0
simu5g_00000111,15,0,18,1160.0,,15.0
simu5g_00000111,15,0,19,1160.0,,15.0
simu5g_00000111,15,0,20,1160.0,,15.0
simu5g_00000111,15,0,21,1160.0,,15.0
simu5g_00000111,15,0,22,1160.0,,15.0
simu5g_00000111,15,0,23,1160.0,,15.0
simu5g_00000111,15,0,24,1160.0,,15.0
simu5g_00000111,31,1,0,1160.0,,15.0
simu5g_00000111,31,1,1,1128.0,,14.0
simu5g_00000111,31,1,2,1160.0,,15.0
simu5g_00000111,31,1,3,1160.0,,15.0
simu5g_00000111,31,1,4,1160.0,,15.0
simu5g_00000111,31,1,5,1160.0,,15.0
simu5g_00000111,31,1,6,1160.0,,15.0
simu5g_00000111,31,1,7,1160.0,,15.0
simu5g_00000111,31,1,8,1160.0,,15.0
simu5g_00000111,31,1,9,1160.0,,15.0
simu5g_00000111,31,1,10,1160.0,,15.0
simu5g_00000111,31,1,11,1160.0,,15.0
simu5g_00000111,31,1,12,984.0,,13.0
simu5g_00000111,31,1,13,1160.0,,15.0
simu5g_00000111,31,1,14,1160.0,,15.0
simu5g_00000111,31,1,15,1160.0,,15.0
simu5g_00000111,31,1,16,1160.0,,15.0
simu5g_00000111,31,1,17,1160.0,,15.0
simu5g_00000111,31,1,18,1160.0,,15.0
simu5g_00000111,31,1,19,1160.0,,15.0
simu5g_00000111,31,1,20,1160.0,,15.0
simu5g_00000111,31,1,21,1160.0,,15.0
simu5g_00000111,31,1,22,1160.0,,15.0
simu5g_00000111,31,1,23,1160.0,,15.0
simu5g_00000111,31,1,24,1160.0,,15.0
simu5g_00000112,0,0,0,1160.0,,15.0
simu5g_00000112,0,0,1,808.0,,11.0
simu5g_00000112,0,0,2,1160.0,,15.0
simu5g_00000112,0,0,3,1128.0,,14.0
simu5g_00000112,0,0,4,1160.0,,15.0
simu5g_00000112,0,0,5,1128.0,,14.0
simu5g_00000112,0,0,6,1160.0,,15.0
simu5g_00000112,0,0,7,1160.0,,15.0
simu5g_00000112,0,0,8,984.0,,13.0
simu5g_00000112,0,0,9,1160.0,,15.0
simu5g_00000112,0,0,10,1160.0,,15.0
simu5g_00000112,0,0,11,1160.0,,15.0
simu5g_00000112,0,0,12,1160.0,,15.0
simu5g_00000112,0,0,13,1160.0,,15.0
simu5g_00000112,0,0,14,1160.0,,15.0
simu5g_00000112,0,0,15,1160.0,,15.0
simu5g_00000112,0,0,16,1160.0,,15.0
simu5g_00000112,0,0,17,1160.0,,15.0
simu5g_00000112,0,0,18,1160.0,,15.0
simu5g_00000112,0,0,19,1160.0,,15.0
simu5g_00000112,0,0,20,1160.0,,15.0
simu5g_00000112,0,0,21,1128.0,,14.0
simu5g_00000112,0,0,22,1160.0,,15.0
simu5g_00000112,0,0,23,1160.0,,15.0
simu5g_00000112,0,0,24,1128.0,,14.0
simu5g_00000112,1,1,0,1160.0,,15.0
simu5g_00000112,1,1,1,1128.0,,14.0
simu5g_00000112,1,1,2,1128.0,,14.0
simu5g_00000112,1,1,3,1160.0,,15.0
simu5g_00000112,1,1,4,1128.0,,14.0
simu5g_00000112,1,1,5,1160.0,,15.0
simu5g_00000112,1,1,6,1160.0,,15.0
simu5g_00000112,1,1,7,984.0,,13.0
simu5g_00000112,1,1,8,888.0,,12.0
simu5g_00000112,1,1,9,1160.0,,15.0
simu5g_00000112,1,1,10,1160.0,,15.0
simu5g_00000112,1,1,11,1128.0,,14.0
simu5g_00000112,1,1,12,1128.0,,14.0
simu5g_00000112,1,1,13,1160.0,,15.0
simu5g_00000112,1,1,14,1160.0,,15.0
simu5g_00000112,1,1,15,1160.0,,15.0
simu5g_00000112,1,1,16,1128.0,,14.0
simu5g_00000112,1,1,17,1128.0,,14.0
simu5g_00000112,1,1,18,1128.0,,14.0
simu5g_00000112,1,1,19,1160.0,,15.0
simu5g_00000112,1,1,20,1160.0,,15.0
simu5g_00000112,1,1,21,808.0,,11.0
simu5g_00000112,1,1,22,1160.0,,15.0
simu5g_00000112,1,1,23,1128.0,,14.0
simu5g_00000112,1,1,24,1160.0,,15.0
simu5g_00000113,15,0,0,1160.0,,15.0
simu5g_00000113,15,0,1,1160.0,,15.0
simu5g_00000113,15,0,2,1160.0,,15.0
simu5g_00000113,15,0,3,1160.0,,15.0
simu5g_00000113,15,0,4,1160.0,,15.0
simu5g_00000113,15,0,5,984.0,,13.0
simu5g_00000113,15,0,6,1160.0,,15.0
simu5g_00000113,15,0,7,1160.0,,15.0
simu5g_00000113,15,0,8,1160.0,,15.0
simu5g_00000113,15,0,9,1160.0,,15.0
simu5g_00000113,15,0,10,1160.0,,15.0
simu5g_00000113,15,0,11,1160.0,,15.0
simu5g_00000113,15,0,12,1128.0,,14.0
simu5g_00000113,15,0,13,1160.0,,15.0
simu5g_00000113,15,0,14,1160.0,,15.0
simu5g_00000113,15,0,15,1160.0,,15.0
simu5g_00000113,15,0,16,1160.0,,15.0
simu5g_00000113,15,0,17,1160.0,,15.0
simu5g_00000113,15,0,18,1160.0,,15.0
simu5g_00000113,15,0,19,1160.0,,15.0
simu5g_00000113,15,0,20,1160.0,,15.0
simu5g_00000113,15,0,21,1160.0,,15.0
simu5g_00000113,15,0,22,1160.0,,15.0
simu5g_00000113,15,0,23,1160.0,,15.0
simu5g_00000113,15,0,24,1160.0,,15.0
simu5g_00000113,31,1,0,1160.0,,15.0
simu5g_00000113,31,1,1,1128.0,,14.0
simu5g_00000113,31,1,2,1160.0,,15.0
simu5g_00000113,31,1,3,1160.0,,15.0
simu5g_00000113,31,1,4,1160.0,,15.0
simu5g_00000113,31,1,5,1160.0,,15.0
simu5g_00000113,31,1,6,1160.0,,15.0
simu5g_00000113,31,1,7,1160.0,,15.0
simu5g_00000113,31,1,8,1160.0,,15.0
simu5g_00000113,31,1,9,1160.0,,15.0
simu5g_00000113,31,1,10,1160.0,,15.0
simu5g_00000113,31,1,11,1160.0,,15.0
simu5g_00000113,31,1,12,984.0,,13.0
simu5g_00000113,31,1,13,1160.0,,15.0
simu5g_00000113,31,1,14,1160.0,,15.0
simu5g_00000113,31,1,15,1160.0,,15.0
simu5g_00000113,31,1,16,1160.0,,15.0
simu5g_00000113,31,1,17,1160.0,,15.0
simu5g_00000113,31,1,18,1160.0,,15.0
simu5g_00000113,31,1,19,1160.0,,15.0
simu5g_00000113,31,1,20,1160.0,,15.0
simu5g_00000113,31,1,21,1160.0,,15.0
simu5g_00000113,31,1,22,1160.0,,15.0
simu5g_00000113,31,1,23,1160.0,,15.0
simu5g_00000113,31,1,24,1160.0,,15.0
simu5g_00000114,0,0,0,1160.0,,15.0
simu5g_00000114,0,0,1,808.0,,11.0
simu5g_00000114,0,0,2,1160.0,,15.0
simu5g_00000114,0,0,3,1128.0,,14.0
simu5g_00000114,0,0,4,1160.0,,15.0
simu5g_00000114,0,0,5,1128.0,,14.0
simu5g_00000114,0,0,6,1160.0,,15.0
simu5g_00000114,0,0,7,1160.0,,15.0
simu5g_00000114,0,0,8,984.0,,13.0
simu5g_00000114,0,0,9,1160.0,,15.0
simu5g_00000114,0,0,10,1160.0,,15.0
simu5g_00000114,0,0,11,1160.0,,15.0
simu5g_00000114,0,0,12,1160.0,,15.0
simu5g_00000114,0,0,13,1160.0,,15.0
simu5g_00000114,0,0,14,1160.0,,15.0
simu5g_00000114,0,0,15,1160.0,,15.0
simu5g_00000114,0,0,16,1160.0,,15.0
simu5g_00000114,0,0,17,1160.0,,15.0
simu5g_00000114,0,0,18,1160.0,,15.0
simu5g_00000114,0,0,19,1160.0,,15.0
simu5g_00000114,0,0,20,1160.0,,15.0
simu5g_00000114,0,0,21,1128.0,,14.0
simu5g_00000114,0,0,22,1160.0,,15.0
simu5g_00000114,0,0,23,1160.0,,15.0
simu5g_00000114,0,0,24,1128.0,,14.0
simu5g_00000114,1,1,0,1160.0,,15.0
simu5g_00000114,1,1,1,1128.0,,14.0
simu5g_00000114,1,1,2,1128.0,,14.0
simu5g_00000114,1,1,3,1160.0,,15.0
simu5g_00000114,1,1,4,1128.0,,14.0
simu5g_00000114,1,1,5,1160.0,,15.0
simu5g_00000114,1,1,6,1160.0,,15.0
simu5g_00000114,1,1,7,984.0,,13.0
simu5g_00000114,1,1,8,888.0,,12.0
simu5g_00000114,1,1,9,1160.0,,15.0
simu5g_00000114,1,1,10,1160.0,,15.0
simu5g_00000114,1,1,11,1128.0,,14.0
simu5g_00000114,1,1,12,1128.0,,14.0
simu5g_00000114,1,1,13,1160.0,,15.0
simu5g_00000114,1,1,14,1160.0,,15.0
simu5g_00000114,1,1,15,1160.0,,15.0
simu5g_00000114,1,1,16,1128.0,,14.0
simu5g_00000114,1,1,17,1128.0,,14.0
simu5g_00000114,1,1,18,1128.0,,14.0
simu5g_00000114,1,1,19,1160.0,,15.0
simu5g_00000114,1,1,20,1160.0,,15.0
simu5g_00000114,1,1,21,808.0,,11.0
simu5g_00000114,1,1,22,1160.0,,15.0
simu5g_00000114,1,1,23,1128.0,,14.0
simu5g_00000114,1,1,24,1160.0,,15.0
simu5g_00000115,15,0,0,1160.0,,15.0
simu5g_00000115,15,0,1,1160.0,,15.0
simu5g_00000115,15,0,2,1160.0,,15.0
simu5g_00000115,15,0,3,1160.0,,15.0
simu5g_00000115,15,0,4,1160.0,,15.0
simu5g_00000115,15,0,5,984.0,,13.0
simu5g_00000115,15,0,6,1160.0,,15.0
simu5g_00000115,15,0,7,1160.0,,15.0
simu5g_00000115,15,0,8,1160.0,,15.0
simu5g_00000115,15,0,9,1160.0,,15.0
simu5g_00000115,15,0,10,1160.0,,15.0
simu5g_00000115,15,0,11,1160.0,,15.0
simu5g_00000115,15,0,12,1128.0,,14.0
simu5g_00000115,15,0,13,1160.0,,15.0
simu5g_00000115,15,0,14,1160.0,,15.0
simu5g_00000115,15,0,15,1160.0,,15.0
simu5g_00000115,15,0,16,1160.0,,15.0
simu5g_00000115,15,0,17,1160.0,,15.0
simu5g_00000115,15,0,18,1160.0,,15.0
simu5g_00000115,15,0,19,1160.0,,15.0
simu5g_00000115,15,0,20,1160.0,,15.0
simu5g_00000115,15,0,21,1160.0,,15.0
simu5g_00000115,15,0,22,1160.0,,15.0
simu5g_00000115,15,0,23,1160.0,,15.0
simu5g_00000115,15,0,24,1160.0,,15.0
simu5g_00000115,31,1,0,1160.0,,15.0
simu5g_00000115,31,1,1,1128.0,,14.0
simu5g_00000115,31,1,2,1160.0,,15.0
simu5g_00000115,31,1,3,1160.0,,15.0
simu5g_00000115,31,1,4,1160.0,,15.0
simu5g_00000115,31,1,5,1160.0,,15.0
simu5g_00000115,31,1,6,1160.0,,15.0
simu5g_00000115,31,1,7,1160.0,,15.0
simu5g_00000115,31,1,8,1160.0,,15.0
simu5g_00000115,31,1,9,1160.0,,15.0
simu5g_00000115,31,1,10,1160.0,,15.0
simu5g_00000115,31,1,11,1160.0,,15.0
simu5g_00000115,31,1,12,984.0,,13.0
simu5g_00000115,31,1,13,1160.0,,15.0
simu5g_00000115,31,1,14,1160.0,,15.0
simu5g_00000115,31,1,15,1160.0,,15.0
simu5g_00000115,31,1,16,1160.0,,15.0
simu5g_00000115,31,1,17,1160.0,,15.0
simu5g_00000115,31,1,18,1160.0,,15.0
simu5g_00000115,31,1,19,1160.0,,15.0
simu5g_00000115,31,1,20,1160.0,,15.0
simu5g_00000115,31,1,21,1160.0,,15.0
simu5g_00000115,31,1,22,1160.0,,15.0
simu5g_00000115,31,1,23,1160.0,,15.0
simu5g_00000115,31,1,24,1160.0,,15.0
simu5g_00000116,0,0,0,1160.0,,15.0
simu5g_00000116,0,0,1,808.0,,11.0
simu5g_00000116,0,0,2,1160.0,,15.0
simu5g_00000116,0,0,3,1128.0,,14.0
simu5g_00000116,0,0,4,1160.0,,15.0
simu5g_00000116,0,0,5,1128.0,,14.0
simu5g_00000116,0,0,6,1160.0,,15.0
simu5g_00000116,0,0,7,1160.0,,15.0
simu5g_00000116,0,0,8,984.0,,13.0
simu5g_00000116,0,0,9,1160.0,,15.0
simu5g_00000116,0,0,10,1160.0,,15.0
simu5g_00000116,0,0,11,1160.0,,15.0
simu5g_00000116,0,0,12,1160.0,,15.0
simu5g_00000116,0,0,13,1160.0,,15.0
simu5g_00000116,0,0,14,1160.0,,15.0
simu5g_00000116,0,0,15,1160.0,,15.0
simu5g_00000116,0,0,16,1160.0,,15.0
simu5g_00000116,0,0,17,1160.0,,15.0
simu5g_00000116,0,0,18,1160.0,,15.0
simu5g_00000116,0,0,19,1160.0,,15.0
simu5g_00000116,0,0,20,1160.0,,15.0
simu5g_00000116,0,0,21,1128.0,,14.0
simu5g_00000116,0,0,22,1160.0,,15.0
simu5g_00000116,0,0,23,1160.0,,15.0
simu5g_00000116,0,0,24,1128.0,,14.0
simu5g_00000116,1,1,0,1160.0,,15.0
simu5g_00000116,1,1,1,1128.0,,14.0
simu5g_00000116,1,1,2,1128.0,,14.0
simu5g_00000116,1,1,3,1160.0,,15.0
simu5g_00000116,1,1,4,1128.0,,14.0
simu5g_00000116,1,1,5,1160.0,,15.0
simu5g_00000116,1,1,6,1160.0,,15.0
simu5g_00000116,1,1,7,984.0,,13.0
simu5g_00000116,1,1,8,888.0,,12.0
simu5g_00000116,1,1,9,1160.0,,15.0
simu5g_00000116,1,1,10,1160.0,,15.0
simu5g_00000116,1,1,11,1128.0,,14.0
simu5g_00000116,1,1,12,1128.0,,14.0
simu5g_00000116,1,1,13,1160.0,,15.0
simu5g_00000116,1,1,14,1160.0,,15.0
simu5g_00000116,1,1,15,1160.0,,15.0
simu5g_00000116,1,1,16,1128.0,,14.0
simu5g_00000116,1,1,17,1128.0,,14.0
simu5g_00000116,1,1,18,1128.0,,14.0
simu5g_00000116,1,1,19,1160.0,,15.0
simu5g_00000116,1,1,20,1160.0,,15.0
simu5g_00000116,1,1,21,808.0,,11.0
simu5g_00000116,1,1,22,1160.0,,15.0
simu5g_00000116,1,1,23,1128.0,,14.0
simu5g_00000116,1,1,24,1160.0,,15.0
simu5g_00000117,15,0,0,1160.0,,15.0
simu5g_00000117,15,0,1,1160.0,,15.0
simu5g_00000117,15,0,2,1160.0,,15.0
simu5g_00000117,15,0,3,1160.0,,15.0
simu5g_00000117,15,0,4,1128.0,,14.0
simu5g_00000117,15,0,5,984.0,,13.0
simu5g_00000117,15,0,6,1160.0,,15.0
simu5g_00000117,15,0,7,1160.0,,15.0
simu5g_00000117,15,0,8,1160.0,,15.0
simu5g_00000117,15,0,9,1160.0,,15.0
simu5g_00000117,15,0,10,1160.0,,15.0
simu5g_00000117,15,0,11,1160.0,,15.0
simu5g_00000117,15,0,12,1128.0,,14.0
simu5g_00000117,15,0,13,1160.0,,15.0
simu5g_00000117,15,0,14,1160.0,,15.0
simu5g_00000117,15,0,15,1160.0,,15.0
simu5g_00000117,15,0,16,1160.0,,15.0
simu5g_00000117,15,0,17,1160.0,,15.0
simu5g_00000117,15,0,18,1160.0,,15.0
simu5g_00000117,15,0,19,1160.0,,15.0
simu5g_00000117,15,0,20,1160.0,,15.0
simu5g_00000117,15,0,21,1160.0,,15.0
simu5g_00000117,15,0,22,1160.0,,15.0
simu5g_00000117,15,0,23,1160.0,,15.0
simu5g_00000117,15,0,24,1160.0,,15.0
simu5g_00000117,31,1,0,1160.0,,15.0
simu5g_00000117,31,1,1,1128.0,,14.0
simu5g_00000117,31,1,2,1160.0,,15.0
simu5g_00000117,31,1,3,1160.0,,15.0
simu5g_00000117,31,1,4,1160.0,,15.0
simu5g_00000117,31,1,5,1160.0,,15.0
simu5g_00000117,31,1,6,1160.0,,15.0
simu5g_00000117,31,1,7,1160.0,,15.0
simu5g_00000117,31,1,8,1160.0,,15.0
simu5g_00000117,31,1,9,1160.0,,15.0
simu5g_00000117,31,1,10,1160.0,,15.0
simu5g_00000117,31,1,11,1160.0,,15.0
simu5g_00000117,31,1,12,984.0,,13.0
simu5g_00000117,31,1,13,1160.0,,15.0
simu5g_00000117,31,1,14,1160.0,,15.0
simu5g_00000117,31,1,15,1160.0,,15.0
simu5g_00000117,31,1,16,1160.0,,15.0
simu5g_00000117,31,1,17,1160.0,,15.0
simu5g_00000117,31,1,18,1160.0,,15.0
simu5g_00000117,31,1,19,1160.0,,15.0
simu5g_00000117,31,1,20,1160.0,,15.0
simu5g_00000117,31,1,21,1160.0,,15.0
simu5g_00000117,31,1,22,1160.0,,15.0
simu5g_00000117,31,1,23,1160.0,,15.0
simu5g_00000117,31,1,24,1160.0,,15.0
simu5g_00000118,0,0,0,1160.0,,15.0
simu5g_00000118,0,0,1,808.0,,11.0
simu5g_00000118,0,0,2,1160.0,,15.0
simu5g_00000118,0,0,3,1128.0,,14.0
simu5g_00000118,0,0,4,1160.0,,15.0
simu5g_00000118,0,0,5,1128.0,,14.0
simu5g_00000118,0,0,6,1160.0,,15.0
simu5g_00000118,0,0,7,1160.0,,15.0
simu5g_00000118,0,0,8,984.0,,13.0
simu5g_00000118,0,0,9,1160.0,,15.0
simu5g_00000118,0,0,10,1160.0,,15.0
simu5g_00000118,0,0,11,1160.0,,15.0
simu5g_00000118,0,0,12,1160.0,,15.0
simu5g_00000118,0,0,13,1160.0,,15.0
simu5g_00000118,0,0,14,1160.0,,15.0
simu5g_00000118,0,0,15,1160.0,,15.0
simu5g_00000118,0,0,16,1160.0,,15.0
simu5g_00000118,0,0,17,1160.0,,15.0
simu5g_00000118,0,0,18,1160.0,,15.0
simu5g_00000118,0,0,19,1160.0,,15.0
simu5g_00000118,0,0,20,1160.0,,15.0
simu5g_00000118,0,0,21,1128.0,,14.0
simu5g_00000118,0,0,22,1160.0,,15.0
simu5g_00000118,0,0,23,1160.0,,15.0
simu5g_00000118,0,0,24,1128.0,,14.0
simu5g_00000118,1,1,0,1128.0,,14.0
simu5g_00000118,1,1,1,984.0,,13.0
simu5g_00000118,1,1,2,984.0,,13.0
simu5g_00000118,1,1,3,1160.0,,15.0
simu5g_00000118,1,1,4,984.0,,13.0
simu5g_00000118,1,1,5,1128.0,,14.0
simu5g_00000118,1,1,6,1128.0,,14.0
simu5g_00000118,1,1,7,808.0,,11.0
simu5g_00000118,1,1,8,608.0,,9.0
simu5g_00000118,1,1,9,1128.0,,14.0
simu5g_00000118,1,1,10,1128.0,,14.0
simu5g_00000118,1,1,11,1128.0,,14.0
simu5g_00000118,1,1,12,1128.0,,14.0
simu5g_00000118,1,1,13,1160.0,,15.0
simu5g_00000118,1,1,14,1128.0,,14.0
simu5g_00000118,1,1,15,1128.0,,14.0
simu5g_00000118,1,1,16,1128.0,,14.0
simu5g_00000118,1,1,17,1128.0,,14.0
simu5g_00000118,1,1,18,1128.0,,14.0
simu5g_00000118,1,1,19,1128.0,,14.0
simu5g_00000118,1,1,20,1160.0,,15.0
simu5g_00000118,1,1,21,608.0,,9.0
simu5g_00000118,1,1,22,1128.0,,14.0
simu5g_00000118,1,1,23,984.0,,13.0
simu5g_00000118,1,1,24,1128.0,,14.0
simu5g_00000119,15,0,0,1160.0,,15.0
simu5g_00000119,15,0,1,1160.0,,15.0
simu5g_00000119,15,0,2,1160.0,,15.0
simu5g_00000119,15,0,3,1160.0,,15.0
simu5g_00000119,15,0,4,1128.0,,14.0
simu5g_00000119,15,0,5,984.0,,13.0
simu5g_00000119,15,0,6,1160.0,,15.0
simu5g_00000119,15,0,7,1160.0,,15.0
simu5g_00000119,15,0,8,1160.0,,15.0
simu5g_00000119,15,0,9,1160.0,,15.0
simu5g_00000119,15,0,10,1160.0,,15.0
simu5g_00000119,15,0,11,1160.0,,15.0
simu5g_00000119,15,0,12,1128.0,,14.0
simu5g_00000119,15,0,13,1160.0,,15.0
simu5g_00000119,15,0,14,1160.0,,15.0
simu5g_00000119,15,0,15,1160.0,,15.0
simu5g_00000119,15,0,16,1160.0,,15.0
simu5g_00000119,15,0,17,1160.0,,15.0
simu5g_00000119,15,0,18,1160.0,,15.0
simu5g_00000119,15,0,19,1160.0,,15.0
simu5g_00000119,15,0,20,1160.0,,15.0
simu5g_00000119,15,0,21,1160.0,,15.0
simu5g_00000119,15,0,22,1160.0,,15.0
simu5g_00000119,15,0,23,1160.0,,15.0
simu5g_00000119,15,0,24,1160.0,,15.0
simu5g_00000119,31,1,0,1160.0,,15.0
simu5g_00000119,31,1,1,1128.0,,14.0
simu5g_00000119,31,1,2,1160.0,,15.0
simu5g_00000119,31,1,3,1160.0,,15.0
simu5g_00000119,31,1,4,1160.0,,15.0
simu5g_00000119,31,1,5,1160.0,,15.0
simu5g_00000119,31,1,6,1160.0,,15.0
simu5g_00000119,31,1,7,1160.0,,15.0
simu5g_00000119,31,1,8,1160.0,,15.0
simu5g_00000119,31,1,9,1160.0,,15.0
simu5g_00000119,31,1,10,1160.0,,15.0
simu5g_00000119,31,1,11,1160.0,,15.0
simu5g_00000119,31,1,12,984.0,,13.0
simu5g_00000119,31,1,13,1160.0,,15.0
simu5g_00000119,31,1,14,1160.0,,15.0
simu5g_00000119,31,1,15,1160.0,,15.0
simu5g_00000119,31,1,16,1160.0,,15.0
simu5g_00000119,31,1,17,1160.0,,15.0
simu5g_00000119,31,1,18,1160.0,,15.0
simu5g_00000119,31,1,19,1160.0,,15.0
simu5g_00000119,31,1,20,1160.0,,15.0
simu5g_00000119,31,1,21,1160.0,,15.0
simu5g_00000119,31,1,22,1160.0,,15.0
simu5g_00000119,31,1,23,1160.0,,15.0
simu5g_00000119,31,1,24,1160.0,,15.0
simu5g_00000120,0,0,0,1160.0,,15.0
simu5g_00000120,0,0,1,808.0,,11.0
simu5g_00000120,0,0,2,1160.0,,15.0
simu5g_00000120,0,0,3,1128.0,,14.0
simu5g_00000120,0,0,4,1160.0,,15.0
simu5g_00000120,0,0,5,1128.0,,14.0
simu5g_00000120,0,0,6,1160.0,,15.0
simu5g_00000120,0,0,7,1160.0,,15.0
simu5g_00000120,0,0,8,984.0,,13.0
simu5g_00000120,0,0,9,1160.0,,15.0
simu5g_00000120,0,0,10,1160.0,,15.0
simu5g_00000120,0,0,11,1160.0,,15.0
simu5g_00000120,0,0,12,1160.0,,15.0
simu5g_00000120,0,0,13,1160.0,,15.0
simu5g_00000120,0,0,14,1160.0,,15.0
simu5g_00000120,0,0,15,1160.0,,15.0
simu5g_00000120,0,0,16,1160.0,,15.0
simu5g_00000120,0,0,17,1160.0,,15.0
simu5g_00000120,0,0,18,1160.0,,15.0
simu5g_00000120,0,0,19,1160.0,,15.0
simu5g_00000120,0,0,20,1160.0,,15.0
simu5g_00000120,0,0,21,1128.0,,14.0
simu5g_00000120,0,0,22,1160.0,,15.0
simu5g_00000120,0,0,23,1160.0,,15.0
simu5g_00000120,0,0,24,1128.0,,14.0
simu5g_00000120,1,1,0,1128.0,,14.0
simu5g_00000120,1,1,1,984.0,,13.0
simu5g_00000120,1,1,2,984.0,,13.0
simu5g_00000120,1,1,3,1160.0,,15.0
simu5g_00000120,1,1,4,984.0,,13.0
simu5g_00000120,1,1,5,1128.0,,14.0
simu5g_00000120,1,1,6,1128.0,,14.0
simu5g_00000120,1,1,7,808.0,,11.0
simu5g_00000120,1,1,8,608.0,,9.0
simu5g_00000120,1,1,9,1128.0,,14.0
simu5g_00000120,1,1,10,1128.0,,14.0
simu5g_00000120,1,1,11,1128.0,,14.0
simu5g_00000120,1,1,12,1128.0,,14.0
simu5g_00000120,1,1,13,1160.0,,15.0
simu5g_00000120,1,1,14,1128.0,,14.0
simu5g_00000120,1,1,15,1128.0,,14.0
simu5g_00000120,1,1,16,1128.0,,14.0
simu5g_00000120,1,1,17,1128.0,,14.0
simu5g_00000120,1,1,18,1128.0,,14.0
simu5g_00000120,1,1,19,1128.0,,14.0
simu5g_00000120,1,1,20,1160.0,,15.0
simu5g_00000120,1,1,21,608.0,,9.0
simu5g_00000120,1,1,22,1128.0,,14.0
simu5g_00000120,1,1,23,984.0,,13.0
simu5g_00000120,1,1,24,1128.0,,14.0
simu5g_00000121,15,0,0,1160.0,,15.0
simu5g_00000121,15,0,1,1160.0,,15.0
simu5g_00000121,15,0,2,1160.0,,15.0
simu5g_00000121,15,0,3,1160.0,,15.0
simu5g_00000121,15,0,4,1128.0,,14.0
simu5g_00000121,15,0,5,984.0,,13.0
simu5g_00000121,15,0,6,1160.0,,15.0
simu5g_00000121,15,0,7,1160.0,,15.0
simu5g_00000121,15,0,8,1160.0,,15.0
simu5g_00000121,15,0,9,1160.0,,15.0
simu5g_00000121,15,0,10,1160.0,,15.0
simu5g_00000121,15,0,11,1160.0,,15.0
simu5g_00000121,15,0,12,1128.0,,14.0
simu5g_00000121,15,0,13,1160.0,,15.0
simu5g_00000121,15,0,14,1160.0,,15.0
simu5g_00000121,15,0,15,1160.0,,15.0
simu5g_00000121,15,0,16,1160.0,,15.0
simu5g_00000121,15,0,17,1160.0,,15.0
simu5g_00000121,15,0,18,1160.0,,15.0
simu5g_00000121,15,0,19,1160.0,,15.0
simu5g_00000121,15,0,20,1160.0,,15.0
simu5g_00000121,15,0,21,1160.0,,15.0
simu5g_00000121,15,0,22,1160.0,,15.0
simu5g_00000121,15,0,23,1160.0,,15.0
simu5g_00000121,15,0,24,1160.0,,15.0
simu5g_00000121,31,1,0,1160.0,,15.0
simu5g_00000121,31,1,1,1128.0,,14.0
simu5g_00000121,31,1,2,1160.0,,15.0
simu5g_00000121,31,1,3,1160.0,,15.0
simu5g_00000121,31,1,4,1160.0,,15.0
simu5g_00000121,31,1,5,1160.0,,15.0
simu5g_00000121,31,1,6,1160.0,,15.0
simu5g_00000121,31,1,7,1160.0,,15.0
simu5g_00000121,31,1,8,1160.0,,15.0
simu5g_00000121,31,1,9,1160.0,,15.0
simu5g_00000121,31,1,10,1160.0,,15.0
simu5g_00000121,31,1,11,1160.0,,15.0
simu5g_00000121,31,1,12,984.0,,13.0
simu5g_00000121,31,1,13,1160.0,,15.0
simu5g_00000121,31,1,14,1160.0,,15.0
simu5g_00000121,31,1,15,1160.0,,15.0
simu5g_00000121,31,1,16,1160.0,,15.0
simu5g_00000121,31,1,17,1160.0,,15.0
simu5g_00000121,31,1,18,1160.0,,15.0
simu5g_00000121,31,1,19,1160.0,,15.0
simu5g_00000121,31,1,20,1160.0,,15.0
simu5g_00000121,31,1,21,1160.0,,15.0
simu5g_00000121,31,1,22,1160.0,,15.0
simu5g_00000121,31,1,23,1160.0,,15.0
simu5g_00000121,31,1,24,1160.0,,15.0
simu5g_00000122,0,0,0,1160.0,,15.0
simu5g_00000122,0,0,1,808.0,,11.0
simu5g_00000122,0,0,2,1160.0,,15.0
simu5g_00000122,0,0,3,1128.0,,14.0
simu5g_00000122,0,0,4,1160.0,,15.0
simu5g_00000122,0,0,5,1128.0,,14.0
simu5g_00000122,0,0,6,1160.0,,15.0
simu5g_00000122,0,0,7,1160.0,,15.0
simu5g_00000122,0,0,8,984.0,,13.0
simu5g_00000122,0,0,9,1160.0,,15.0
simu5g_00000122,0,0,10,1160.0,,15.0
simu5g_00000122,0,0,11,1160.0,,15.0
simu5g_00000122,0,0,12,1160.0,,15.0
simu5g_00000122,0,0,13,1160.0,,15.0
simu5g_00000122,0,0,14,1160.0,,15.0
simu5g_00000122,0,0,15,1160.0,,15.0
simu5g_00000122,0,0,16,1160.0,,15.0
simu5g_00000122,0,0,17,1160.0,,15.0
simu5g_00000122,0,0,18,1160.0,,15.0
simu5g_00000122,0,0,19,1160.0,,15.0
simu5g_00000122,0,0,20,1160.0,,15.0
simu5g_00000122,0,0,21,1128.0,,14.0
simu5g_00000122,0,0,22,1160.0,,15.0
simu5g_00000122,0,0,23,1160.0,,15.0
simu5g_00000122,0,0,24,1128.0,,14.0
simu5g_00000122,1,1,0,1128.0,,14.0
simu5g_00000122,1,1,1,984.0,,13.0
simu5g_00000122,1,1,2,984.0,,13.0
simu5g_00000122,1,1,3,1160.0,,15.0
simu5g_00000122,1,1,4,984.0,,13.0
simu5g_00000122,1,1,5,1128.0,,14.0
simu5g_00000122,1,1,6,1128.0,,14.0
simu5g_00000122,1,1,7,808.0,,11.0
simu5g_00000122,1,1,8,608.0,,9.0
simu5g_00000122,1,1,9,1128.0,,14.0
simu5g_00000122,1,1,10,1128.0,,14.0
simu5g_00000122,1,1,11,1128.0,,14.0
simu5g_00000122,1,1,12,1128.0,,14.0
simu5g_00000122,1,1,13,1160.0,,15.0
simu5g_00000122,1,1,14,1128.0,,14.0
simu5g_00000122,1,1,15,1128.0,,14.0
simu5g_00000122,1,1,16,1128.0,,14.0
simu5g_00000122,1,1,17,1128.0,,14.0
simu5g_00000122,1,1,18,1128.0,,14.0
simu5g_00000122,1,1,19,1128.0,,14.0
simu5g_00000122,1,1,20,1160.0,,15.0
simu5g_00000122,1,1,21,608.0,,9.0
simu5g_00000122,1,1,22,1128.0,,14.0
simu5g_00000122,1,1,23,984.0,,13.0
simu5g_00000122,1,1,24,1128.0,,14.0
simu5g_00000123,15,0,0,1160.0,,15.0
simu5g_00000123,15,0,1,1160.0,,15.0
simu5g_00000123,15,0,2,1160.0,,15.0
simu5g_00000123,15,0,3,1160.0,,15.0
simu5g_00000123,15,0,4,1128.0,,14.0
simu5g_00000123,15,0,5,984.0,,13.0
simu5g_00000123,15,0,6,1160.0,,15.0
simu5g_00000123,15,0,7,1160.0,,15.0
simu5g_00000123,15,0,8,1160.0,,15.0
simu5g_00000123,15,0,9,1160.0,,15.0
simu5g_00000123,15,0,10,1160.0,,15.0
simu5g_00000123,15,0,11,1160.0,,15.0
simu5g_00000123,15,0,12,1128.0,,14.0
simu5g_00000123,15,0,13,1160.0,,15.0
simu5g_00000123,15,0,14,1160.0,,15.0
simu5g_00000123,15,0,15,1160.0,,15.0
simu5g_00000123,15,0,16,1160.0,,15.0
simu5g_00000123,15,0,17,1160.0,,15.0
simu5g_00000123,15,0,18,1160.0,,15.0
simu5g_00000123,15,0,19,1160.0,,15.0
simu5g_00000123,15,0,20,1160.0,,15.0
simu5g_00000123,15,0,21,1160.0,,15.0
simu5g_00000123,15,0,22,1160.0,,15.0
simu5g_00000123,15,0,23,1160.0,,15.0
simu5g_00000123,15,0,24,1160.0,,15.0
simu5g_00000123,31,1,0,1160.0,,15.0
simu5g_00000123,31,1,1,1128.0,,14.0
simu5g_00000123,31,1,2,1160.0,,15.0
simu5g_00000123,31,1,3,1160.0,,15.0
simu5g_00000123,31,1,4,1160.0,,15.0
simu5g_00000123,31,1,5,1160.0,,15.0
simu5g_00000123,31,1,6,1160.0,,15.0
simu5g_00000123,31,1,7,1160.0,,15.0
simu5g_00000123,31,1,8,1160.0,,15.0
simu5g_00000123,31,1,9,1160.0,,15.0
simu5g_00000123,31,1,10,1160.0,,15.0
simu5g_00000123,31,1,11,1160.0,,15.0
simu5g_00000123,31,1,12,984.0,,13.0
simu5g_00000123,31,1,13,1160.0,,15.0
simu5g_00000123,31,1,14,1160.0,,15.0
simu5g_00000123,31,1,15,1160.0,,15.0
simu5g_00000123,31,1,16,1160.0,,15.0
simu5g_00000123,31,1,17,1160.0,,15.0
simu5g_00000123,31,1,18,1160.0,,15.0
simu5g_00000123,31,1,19,1160.0,,15.0
simu5g_00000123,31,1,20,1160.0,,15.0
simu5g_00000123,31,1,21,1160.0,,15.0
simu5g_00000123,31,1,22,1160.0,,15.0
simu5g_00000123,31,1,23,1160.0,,15.0
simu5g_00000123,31,1,24,1160.0,,15.0
simu5g_00000124,0,0,0,1160.0,,15.0
simu5g_00000124,0,0,1,808.0,,11.0
simu5g_00000124,0,0,2,1160.0,,15.0
simu5g_00000124,0,0,3,1128.0,,14.0
simu5g_00000124,0,0,4,1160.0,,15.0
simu5g_00000124,0,0,5,1128.0,,14.0
simu5g_00000124,0,0,6,1160.0,,15.0
simu5g_00000124,0,0,7,1160.0,,15.0
simu5g_00000124,0,0,8,984.0,,13.0
simu5g_00000124,0,0,9,1160.0,,15.0
simu5g_00000124,0,0,10,1160.0,,15.0
simu5g_00000124,0,0,11,1160.0,,15.0
simu5g_00000124,0,0,12,1160.0,,15.0
simu5g_00000124,0,0,13,1160.0,,15.0
simu5g_00000124,0,0,14,1160.0,,15.0
simu5g_00000124,0,0,15,1160.0,,15.0
simu5g_00000124,0,0,16,1160.0,,15.0
simu5g_00000124,0,0,17,1160.0,,15.0
simu5g_00000124,0,0,18,1160.0,,15.0
simu5g_00000124,0,0,19,1160.0,,15.0
simu5g_00000124,0,0,20,1160.0,,15.0
simu5g_00000124,0,0,21,1128.0,,14.0
simu5g_00000124,0,0,22,1160.0,,15.0
simu5g_00000124,0,0,23,1160.0,,15.0
simu5g_00000124,0,0,24,1128.0,,14.0
simu5g_00000124,1,1,0,1128.0,,14.0
simu5g_00000124,1,1,1,984.0,,13.0
simu5g_00000124,1,1,2,984.0,,13.0
simu5g_00000124,1,1,3,1160.0,,15.0
simu5g_00000124,1,1,4,984.0,,13.0
simu5g_00000124,1,1,5,1128.0,,14.0
simu5g_00000124,1,1,6,1128.0,,14.0
simu5g_00000124,1,1,7,808.0,,11.0
simu5g_00000124,1,1,8,608.0,,9.0
simu5g_00000124,1,1,9,1128.0,,14.0
simu5g_00000124,1,1,10,1128.0,,14.0
simu5g_00000124,1,1,11,1128.0,,14.0
simu5g_00000124,1,1,12,1128.0,,14.0
simu5g_00000124,1,1,13,1160.0,,15.0
simu5g_00000124,1,1,14,1128.0,,14.0
simu5g_00000124,1,1,15,1128.0,,14.0
simu5g_00000124,1,1,16,1128.0,,14.0
simu5g_00000124,1,1,17,1128.0,,14.0
simu5g_00000124,1,1,18,1128.0,,14.0
simu5g_00000124,1,1,19,1128.0,,14.0
simu5g_00000124,1,1,20,1160.0,,15.0
simu5g_00000124,1,1,21,608.0,,9.0
simu5g_00000124,1,1,22,1128.0,,14.0
simu5g_00000124,1,1,23,984.0,,13.0
simu5g_00000124,1,1,24,1128.0,,14.0
simu5g_00000125,15,0,0,1160.0,,15.0
simu5g_00000125,15,0,1,1160.0,,15.0
simu5g_00000125,15,0,2,1160.0,,15.0
simu5g_00000125,15,0,3,1160.0,,15.0
simu5g_00000125,15,0,4,1128.0,,14.0
simu5g_00000125,15,0,5,984.0,,13.0
simu5g_00000125,15,0,6,1160.0,,15.0
simu5g_00000125,15,0,7,1160.0,,15.0
simu5g_00000125,15,0,8,1160.0,,15.0
simu5g_00000125,15,0,9,1160.0,,15.0
simu5g_00000125,15,0,10,1160.0,,15.0
simu5g_00000125,15,0,11,1160.0,,15.0
simu5g_00000125,15,0,12,1128.0,,14.0
simu5g_00000125,15,0,13,1160.0,,15.0
simu5g_00000125,15,0,14,1160.0,,15.0
simu5g_00000125,15,0,15,1160.0,,15.0
simu5g_00000125,15,0,16,1160.0,,15.0
simu5g_00000125,15,0,17,1160.0,,15.0
simu5g_00000125,15,0,18,1160.0,,15.0
simu5g_00000125,15,0,19,1160.0,,15.0
simu5g_00000125,15,0,20,1160.0,,15.0
simu5g_00000125,15,0,21,1160.0,,15.0
simu5g_00000125,15,0,22,1160.0,,15.0
simu5g_00000125,15,0,23,1160.0,,15.0
simu5g_00000125,15,0,24,1160.0,,15.0
simu5g_00000125,31,1,0,1160.0,,15.0
simu5g_00000125,31,1,1,1128.0,,14.0
simu5g_00000125,31,1,2,1160.0,,15.0
simu5g_00000125,31,1,3,1160.0,,15.0
simu5g_00000125,31,1,4,1160.0,,15.0
simu5g_00000125,31,1,5,1160.0,,15.0
simu5g_00000125,31,1,6,1160.0,,15.0
simu5g_00000125,31,1,7,1160.0,,15.0
simu5g_00000125,31,1,8,1160.0,,15.0
simu5g_00000125,31,1,9,1160.0,,15.0
simu5g_00000125,31,1,10,1160.0,,15.0
simu5g_00000125,31,1,11,1160.0,,15.0
simu5g_00000125,31,1,12,984.0,,13.0
simu5g_00000125,31,1,13,1160.0,,15.0
simu5g_00000125,31,1,14,1160.0,,15.0
simu5g_00000125,31,1,15,1160.0,,15.0
simu5g_00000125,31,1,16,1160.0,,15.0
simu5g_00000125,31,1,17,1160.0,,15.0
simu5g_00000125,31,1,18,1160.0,,15.0
simu5g_00000125,31,1,19,1160.0,,15.0
simu5g_00000125,31,1,20,1160.0,,15.0
simu5g_00000125,31,1,21,1160.0,,15.0
simu5g_00000125,31,1,22,1160.0,,15.0
simu5g_00000125,31,1,23,1160.0,,15.0
simu5g_00000125,31,1,24,1160.0,,15.0
simu5g_00000126,0,0,0,1160.0,,15.0
simu5g_00000126,0,0,1,808.0,,11.0
simu5g_00000126,0,0,2,1160.0,,15.0
simu5g_00000126,0,0,3,1128.0,,14.0
simu5g_00000126,0,0,4,1160.0,,15.0
simu5g_00000126,0,0,5,1128.0,,14.0
simu5g_00000126,0,0,6,1160.0,,15.0
simu5g_00000126,0,0,7,1160.0,,15.0
simu5g_00000126,0,0,8,984.0,,13.0
simu5g_00000126,0,0,9,1160.0,,15.0
simu5g_00000126,0,0,10,1160.0,,15.0
simu5g_00000126,0,0,11,1160.0,,15.0
simu5g_00000126,0,0,12,1160.0,,15.0
simu5g_00000126,0,0,13,1160.0,,15.0
simu5g_00000126,0,0,14,1160.0,,15.0
simu5g_00000126,0,0,15,1160.0,,15.0
simu5g_00000126,0,0,16,1160.0,,15.0
simu5g_00000126,0,0,17,1160.0,,15.0
simu5g_00000126,0,0,18,1160.0,,15.0
simu5g_00000126,0,0,19,1160.0,,15.0
simu5g_00000126,0,0,20,1160.0,,15.0
simu5g_00000126,0,0,21,1128.0,,14.0
simu5g_00000126,0,0,22,1160.0,,15.0
simu5g_00000126,0,0,23,1160.0,,15.0
simu5g_00000126,0,0,24,1128.0,,14.0
simu5g_00000126,1,1,0,1128.0,,14.0
simu5g_00000126,1,1,1,984.0,,13.0
simu5g_00000126,1,1,2,984.0,,13.0
simu5g_00000126,1,1,3,1160.0,,15.0
simu5g_00000126,1,1,4,984.0,,13.0
simu5g_00000126,1,1,5,1128.0,,14.0
simu5g_00000126,1,1,6,1128.0,,14.0
simu5g_00000126,1,1,7,808.0,,11.0
simu5g_00000126,1,1,8,608.0,,9.0
simu5g_00000126,1,1,9,1128.0,,14.0
simu5g_00000126,1,1,10,1128.0,,14.0
simu5g_00000126,1,1,11,1128.0,,14.0
simu5g_00000126,1,1,12,1128.0,,14.0
simu5g_00000126,1,1,13,1160.0,,15.0
simu5g_00000126,1,1,14,1128.0,,14.0
simu5g_00000126,1,1,15,1128.0,,14.0
simu5g_00000126,1,1,16,1128.0,,14.0
simu5g_00000126,1,1,17,1128.0,,14.0
simu5g_00000126,1,1,18,1128.0,,14.0
simu5g_00000126,1,1,19,1128.0,,14.0
simu5g_00000126,1,1,20,1160.0,,15.0
simu5g_00000126,1,1,21,608.0,,9.0
simu5g_00000126,1,1,22,1128.0,,14.0
simu5g_00000126,1,1,23,984.0,,13.0
simu5g_00000126,1,1,24,1128.0,,14.0
simu5g_00000127,15,0,0,1160.0,,15.0
simu5g_00000127,15,0,1,1160.0,,15.0
simu5g_00000127,15,0,2,1160.0,,15.0
simu5g_00000127,15,0,3,1160.0,,15.0
simu5g_00000127,15,0,4,1128.0,,14.0
simu5g_00000127,15,0,5,984.0,,13.0
simu5g_00000127,15,0,6,1160.0,,15.0
simu5g_00000127,15,0,7,1160.0,,15.0
simu5g_00000127,15,0,8,1160.0,,15.0
simu5g_00000127,15,0,9,1160.0,,15.0
simu5g_00000127,15,0,10,1160.0,,15.0
simu5g_00000127,15,0,11,1160.0,,15.0
simu5g_00000127,15,0,12,1128.0,,14.0
simu5g_00000127,15,0,13,1160.0,,15.0
simu5g_00000127,15,0,14,1160.0,,15.0
simu5g_00000127,15,0,15,1160.0,,15.0
simu5g_00000127,15,0,16,1160.0,,15.0
simu5g_00000127,15,0,17,1160.0,,15.0
simu5g_00000127,15,0,18,1160.0,,15.0
simu5g_00000127,15,0,19,1160.0,,15.0
simu5g_00000127,15,0,20,1160.0,,15.0
simu5g_00000127,15,0,21,1160.0,,15.0
simu5g_00000127,15,0,22,1160.0,,15.0
simu5g_00000127,15,0,23,1160.0,,15.0
simu5g_00000127,15,0,24,1160.0,,15.0
simu5g_00000127,31,1,0,1160.0,,15.0
simu5g_00000127,31,1,1,1128.0,,14.0
simu5g_00000127,31,1,2,1160.0,,15.0
simu5g_00000127,31,1,3,1160.0,,15.0
simu5g_00000127,31,1,4,1160.0,,15.0
simu5g_00000127,31,1,5,1160.0,,15.0
simu5g_00000127,31,1,6,1160.0,,15.0
simu5g_00000127,31,1,7,1160.0,,15.0
simu5g_00000127,31,1,8,1160.0,,15.0
simu5g_00000127,31,1,9,1160.0,,15.0
simu5g_00000127,31,1,10,1160.0,,15.0
simu5g_00000127,31,1,11,1160.0,,15.0
simu5g_00000127,31,1,12,984.0,,13.0
simu5g_00000127,31,1,13,1160.0,,15.0
simu5g_00000127,31,1,14,1160.0,,15.0
simu5g_00000127,31,1,15,1160.0,,15.0
simu5g_00000127,31,1,16,1160.0,,15.0
simu5g_00000127,31,1,17,1160.0,,15.0
simu5g_00000127,31,1,18,1160.0,,15.0
simu5g_00000127,31,1,19,1160.0,,15.0
simu5g_00000127,31,1,20,1160.0,,15.0
simu5g_00000127,31,1,21,1160.0,,15.0
simu5g_00000127,31,1,22,1160.0,,15.0
simu5g_00000127,31,1,23,1160.0,,15.0
simu5g_00000127,31,1,24,1160.0,,15.0
simu5g_00000128,0,0,0,1160.0,,15.0
simu5g_00000128,0,0,1,528.0,,8.0
simu5g_00000128,0,0,2,1160.0,,15.0
simu5g_00000128,0,0,3,984.0,,13.0
simu5g_00000128,0,0,4,1128.0,,14.0
simu5g_00000128,0,0,5,984.0,,13.0
simu5g_00000128,0,0,6,984.0,,13.0
simu5g_00000128,0,0,7,1160.0,,15.0
simu5g_00000128,0,0,8,808.0,,11.0
simu5g_00000128,0,0,9,1128.0,,14.0
simu5g_00000128,0,0,10,1128.0,,14.0
simu5g_00000128,0,0,11,1160.0,,15.0
simu5g_00000128,0,0,12,1128.0,,14.0
simu5g_00000128,0,0,13,1128.0,,14.0
simu5g_00000128,0,0,14,1128.0,,14.0
simu5g_00000128,0,0,15,1128.0,,14.0
simu5g_00000128,0,0,16,984.0,,13.0
simu5g_00000128,0,0,17,1160.0,,15.0
simu5g_00000128,0,0,18,1128.0,,14.0
simu5g_00000128,0,0,19,984.0,,13.0
simu5g_00000128,0,0,20,1160.0,,15.0
simu5g_00000128,0,0,21,808.0,,11.0
simu5g_00000128,0,0,22,1160.0,,15.0
simu5g_00000128,0,0,23,1160.0,,15.0
simu5g_00000128,0,0,24,984.0,,13.0
simu5g_00000128,1,1,0,1128.0,,14.0
simu5g_00000128,1,1,1,984.0,,13.0
simu5g_00000128,1,1,2,984.0,,13.0
simu5g_00000128,1,1,3,1160.0,,15.0
simu5g_00000128,1,1,4,984.0,,13.0
simu5g_00000128,1,1,5,1128.0,,14.0
simu5g_00000128,1,1,6,1128.0,,14.0
simu5g_00000128,1,1,7,808.0,,11.0
simu5g_00000128,1,1,8,608.0,,9.0
simu5g_00000128,1,1,9,1128.0,,14.0
simu5g_00000128,1,1,10,1128.0,,14.0
simu5g_00000128,1,1,11,1128.0,,14.0
simu5g_00000128,1,1,12,1128.0,,14.0
simu5g_00000128,1,1,13,1160.0,,15.0
simu5g_00000128,1,1,14,1128.0,,14.0
simu5g_00000128,1,1,15,1128.0,,14.0
simu5g_00000128,1,1,16,1128.0,,14.0
simu5g_00000128,1,1,17,1128.0,,14.0
simu5g_00000128,1,1,18,1128.0,,14.0
simu5g_00000128,1,1,19,1128.0,,14.0
simu5g_00000128,1,1,20,1160.0,,15.0
simu5g_00000128,1,1,21,608.0,,9.0
simu5g_00000128,1,1,22,1128.0,,14.0
simu5g_00000128,1,1,23,984.0,,13.0
simu5g_00000128,1,1,24,1128.0,,14.0
simu5g_00000129,15,0,0,1160.0,,15.0
simu5g_00000129,15,0,1,1160.0,,15.0
simu5g_00000129,15,0,2,1160.0,,15.0
simu5g_00000129,15,0,3,1160.0,,15.0
simu5g_00000129,15,0,4,1128.0,,14.0
simu5g_00000129,15,0,5,984.0,,13.0
simu5g_00000129,15,0,6,1160.0,,15.0
simu5g_00000129,15,0,7,1160.0,,15.0
simu5g_00000129,15,0,8,1160.0,,15.0
simu5g_00000129,15,0,9,1160.0,,15.0
simu5g_00000129,15,0,10,1160.0,,15.0
simu5g_00000129,15,0,11,1160.0,,15.0
simu5g_00000129,15,0,12,1128.0,,14.0
simu5g_00000129,15,0,13,1160.0,,15.0
simu5g_00000129,15,0,14,1160.0,,15.0
simu5g_00000129,15,0,15,1160.0,,15.0
simu5g_00000129,15,0,16,1160.0,,15.0
simu5g_00000129,15,0,17,1160.0,,15.0
simu5g_00000129,15,0,18,1160.0,,15.0
simu5g_00000129,15,0,19,1160.0,,15.0
simu5g_00000129,15,0,20,1160.0,,15.0
simu5g_00000129,15,0,21,1160.0,,15.0
simu5g_00000129,15,0,22,1160.0,,15.0
simu5g_00000129,15,0,23,1160.0,,15.0
simu5g_00000129,15,0,24,1160.0,,15.0
simu5g_00000129,31,1,0,1160.0,,15.0
simu5g_00000129,31,1,1,1128.0,,14.0
simu5g_00000129,31,1,2,1160.0,,15.0
simu5g_00000129,31,1,3,1160.0,,15.0
simu5g_00000129,31,1,4,1160.0,,15.0
simu5g_00000129,31,1,5,1160.0,,15.0
simu5g_00000129,31,1,6,1160.0,,15.0
simu5g_00000129,31,1,7,1160.0,,15.0
simu5g_00000129,31,1,8,1160.0,,15.0
simu5g_00000129,31,1,9,1160.0,,15.0
simu5g_00000129,31,1,10,1160.0,,15.0
simu5g_00000129,31,1,11,1160.0,,15.0
simu5g_00000129,31,1,12,984.0,,13.0
simu5g_00000129,31,1,13,1160.0,,15.0
simu5g_00000129,31,1,14,1160.0,,15.0
simu5g_00000129,31,1,15,1160.0,,15.0
simu5g_00000129,31,1,16,1160.0,,15.0
simu5g_00000129,31,1,17,1160.0,,15.0
simu5g_00000129,31,1,18,1160.0,,15.0
simu5g_00000129,31,1,19,1160.0,,15.0
simu5g_00000129,31,1,20,1160.0,,15.0
simu5g_00000129,31,1,21,1160.0,,15.0
simu5g_00000129,31,1,22,1160.0,,15.0
simu5g_00000129,31,1,23,1160.0,,15.0
simu5g_00000129,31,1,24,1160.0,,15.0
simu5g_00000130,0,0,0,1160.0,,15.0
simu5g_00000130,0,0,1,528.0,,8.0
simu5g_00000130,0,0,2,1160.0,,15.0
simu5g_00000130,0,0,3,984.0,,13.0
simu5g_00000130,0,0,4,1128.0,,14.0
simu5g_00000130,0,0,5,984.0,,13.0
simu5g_00000130,0,0,6,984.0,,13.0
simu5g_00000130,0,0,7,1160.0,,15.0
simu5g_00000130,0,0,8,808.0,,11.0
simu5g_00000130,0,0,9,1128.0,,14.0
simu5g_00000130,0,0,10,1128.0,,14.0
simu5g_00000130,0,0,11,1160.0,,15.0
simu5g_00000130,0,0,12,1128.0,,14.0
simu5g_00000130,0,0,13,1128.0,,14.0
simu5g_00000130,0,0,14,1128.0,,14.0
simu5g_00000130,0,0,15,1128.0,,14.0
simu5g_00000130,0,0,16,984.0,,13.0
simu5g_00000130,0,0,17,1160.0,,15.0
simu5g_00000130,0,0,18,1128.0,,14.0
simu5g_00000130,0,0,19,984.0,,13.0
simu5g_00000130,0,0,20,1160.0,,15.0
simu5g_00000130,0,0,21,808.0,,11.0
simu5g_00000130,0,0,22,1160.0,,15.0
simu5g_00000130,0,0,23,1160.0,,15.0
simu5g_00000130,0,0,24,984.0,,13.0
simu5g_00000130,1,1,0,1128.0,,14.0
simu5g_00000130,1,1,1,984.0,,13.0
simu5g_00000130,1,1,2,984.0,,13.0
simu5g_00000130,1,1,3,1160.0,,15.0
simu5g_00000130,1,1,4,984.0,,13.0
simu5g_00000130,1,1,5,1128.0,,14.0
simu5g_00000130,1,1,6,1128.0,,14.0
simu5g_00000130,1,1,7,808.0,,11.0
simu5g_00000130,1,1,8,608.0,,9.0
simu5g_00000130,1,1,9,1128.0,,14.0
simu5g_00000130,1,1,10,1128.0,,14.0
simu5g_00000130,1,1,11,1128.0,,14.0
simu5g_00000130,1,1,12,1128.0,,14.0
simu5g_00000130,1,1,13,1160.0,,15.0
simu5g_00000130,1,1,14,1128.0,,14.0
simu5g_00000130,1,1,15,1128.0,,14.0
simu5g_00000130,1,1,16,1128.0,,14.0
simu5g_00000130,1,1,17,1128.0,,14.0
simu5g_00000130,1,1,18,1128.0,,14.0
simu5g_00000130,1,1,19,1128.0,,14.0
simu5g_00000130,1,1,20,1160.0,,15.0
simu5g_00000130,1,1,21,608.0,,9.0
simu5g_00000130,1,1,22,1128.0,,14.0
simu5g_00000130,1,1,23,984.0,,13.0
simu5g_00000130,1,1,24,1128.0,,14.0
simu5g_00000131,15,0,0,1160.0,,15.0
simu5g_00000131,15,0,1,1160.0,,15.0
simu5g_00000131,15,0,2,1160.0,,15.0
simu5g_00000131,15,0,3,1160.0,,15.0
simu5g_00000131,15,0,4,1128.0,,14.0
simu5g_00000131,15,0,5,984.0,,13.0
simu5g_00000131,15,0,6,1160.0,,15.0
simu5g_00000131,15,0,7,1160.0,,15.0
simu5g_00000131,15,0,8,1160.0,,15.0
simu5g_00000131,15,0,9,1160.0,,15.0
simu5g_00000131,15,0,10,1160.0,,15.0
simu5g_00000131,15,0,11,1160.0,,15.0
simu5g_00000131,15,0,12,1128.0,,14.0
simu5g_00000131,15,0,13,1160.0,,15.0
simu5g_00000131,15,0,14,1160.0,,15.0
simu5g_00000131,15,0,15,1160.0,,15.0
simu5g_00000131,15,0,16,1160.0,,15.0
simu5g_00000131,15,0,17,1160.0,,15.0
simu5g_00000131,15,0,18,1160.0,,15.0
simu5g_00000131,15,0,19,1160.0,,15.0
simu5g_00000131,15,0,20,1160.0,,15.0
simu5g_00000131,15,0,21,1160.0,,15.0
simu5g_00000131,15,0,22,1160.0,,15.0
simu5g_00000131,15,0,23,1160.0,,15.0
simu5g_00000131,15,0,24,1160.0,,15.0
simu5g_00000131,31,1,0,1160.0,,15.0
simu5g_00000131,31,1,1,1128.0,,14.0
simu5g_00000131,31,1,2,1160.0,,15.0
simu5g_00000131,31,1,3,1160.0,,15.0
simu5g_00000131,31,1,4,1160.0,,15.0
simu5g_00000131,31,1,5,1160.0,,15.0
simu5g_00000131,31,1,6,1160.0,,15.0
simu5g_00000131,31,1,7,1160.0,,15.0
simu5g_00000131,31,1,8,1160.0,,15.0
simu5g_00000131,31,1,9,1160.0,,15.0
simu5g_00000131,31,1,10,1160.0,,15.0
simu5g_00000131,31,1,11,1160.0,,15.0
simu5g_00000131,31,1,12,984.0,,13.0
simu5g_00000131,31,1,13,1160.0,,15.0
simu5g_00000131,31,1,14,1160.0,,15.0
simu5g_00000131,31,1,15,1160.0,,15.0
simu5g_00000131,31,1,16,1160.0,,15.0
simu5g_00000131,31,1,17,1160.0,,15.0
simu5g_00000131,31,1,18,1160.0,,15.0
simu5g_00000131,31,1,19,1160.0,,15.0
simu5g_00000131,31,1,20,1160.0,,15.0
simu5g_00000131,31,1,21,1160.0,,15.0
simu5g_00000131,31,1,22,1160.0,,15.0
simu5g_00000131,31,1,23,1160.0,,15.0
simu5g_00000131,31,1,24,1160.0,,15.0
simu5g_00000132,0,0,0,1160.0,,15.0
simu5g_00000132,0,0,1,528.0,,8.0
simu5g_00000132,0,0,2,1160.0,,15.0
simu5g_00000132,0,0,3,984.0,,13.0
simu5g_00000132,0,0,4,1128.0,,14.0
simu5g_00000132,0,0,5,984.0,,13.0
simu5g_00000132,0,0,6,984.0,,13.0
simu5g_00000132,0,0,7,1160.0,,15.0
simu5g_00000132,0,0,8,808.0,,11.0
simu5g_00000132,0,0,9,1128.0,,14.0
simu5g_00000132,0,0,10,1128.0,,14.0
simu5g_00000132,0,0,11,1160.0,,15.0
simu5g_00000132,0,0,12,1128.0,,14.0
simu5g_00000132,0,0,13,1128.0,,14.0
simu5g_00000132,0,0,14,1128.0,,14.0
simu5g_00000132,0,0,15,1128.0,,14.0
simu5g_00000132,0,0,16,984.0,,13.0
simu5g_00000132,0,0,17,1160.0,,15.0
simu5g_00000132,0,0,18,1128.0,,14.0
simu5g_00000132,0,0,19,984.0,,13.0
simu5g_00000132,0,0,20,1160.0,,15.0
simu5g_00000132,0,0,21,808.0,,11.0
simu5g_00000132,0,0,22,1160.0,,15.0
simu5g_00000132,0,0,23,1160.0,,15.0
simu5g_00000132,0,0,24,984.0,,13.0
simu5g_00000132,1,1,0,1128.0,,14.0
simu5g_00000132,1,1,1,984.0,,13.0
simu5g_00000132,1,1,2,984.0,,13.0
simu5g_00000132,1,1,3,1160.0,,15.0
simu5g_00000132,1,1,4,984.0,,13.0
simu5g_00000132,1,1,5,1128.0,,14.0
simu5g_00000132,1,1,6,1128.0,,14.0
simu5g_00000132,1,1,7,808.0,,11.0
simu5g_00000132,1,1,8,608.0,,9.0
simu5g_00000132,1,1,9,1128.0,,14.0
simu5g_00000132,1,1,10,1128.0,,14.0
simu5g_00000132,1,1,11,1128.0,,14.0
simu5g_00000132,1,1,12,1128.0,,14.0
simu5g_00000132,1,1,13,1160.0,,15.0
simu5g_00000132,1,1,14,1128.0,,14.0
simu5g_00000132,1,1,15,1128.0,,14.0
simu5g_00000132,1,1,16,1128.0,,14.0
simu5g_00000132,1,1,17,1128.0,,14.0
simu5g_00000132,1,1,18,1128.0,,14.0
simu5g_00000132,1,1,19,1128.0,,14.0
simu5g_00000132,1,1,20,1160.0,,15.0
simu5g_00000132,1,1,21,608.0,,9.0
simu5g_00000132,1,1,22,1128.0,,14.0
simu5g_00000132,1,1,23,984.0,,13.0
simu5g_00000132,1,1,24,1128.0,,14.0
simu5g_00000133,15,0,0,1160.0,,15.0
simu5g_00000133,15,0,1,1160.0,,15.0
simu5g_00000133,15,0,2,1160.0,,15.0
simu5g_00000133,15,0,3,1160.0,,15.0
simu5g_00000133,15,0,4,1160.0,,15.0
simu5g_00000133,15,0,5,984.0,,13.0
simu5g_00000133,15,0,6,1160.0,,15.0
simu5g_00000133,15,0,7,1160.0,,15.0
simu5g_00000133,15,0,8,1160.0,,15.0
simu5g_00000133,15,0,9,1160.0,,15.0
simu5g_00000133,15,0,10,1160.0,,15.0
simu5g_00000133,15,0,11,1160.0,,15.0
simu5g_00000133,15,0,12,1128.0,,14.0
simu5g_00000133,15,0,13,1160.0,,15.0
simu5g_00000133,15,0,14,1160.0,,15.0
simu5g_00000133,15,0,15,1160.0,,15.0
simu5g_00000133,15,0,16,1160.0,,15.0
simu5g_00000133,15,0,17,1160.0,,15.0
simu5g_00000133,15,0,18,1160.0,,15.0
simu5g_00000133,15,0,19,1160.0,,15.0
simu5g_00000133,15,0,20,1160.0,,15.0
simu5g_00000133,15,0,21,1160.0,,15.0
simu5g_00000133,15,0,22,1160.0,,15.0
simu5g_00000133,15,0,23,1160.0,,15.0
simu5g_00000133,15,0,24,1160.0,,15.0
simu5g_00000133,31,1,0,1160.0,,15.0
simu5g_00000133,31,1,1,1128.0,,14.0
simu5g_00000133,31,1,2,1160.0,,15.0
simu5g_00000133,31,1,3,1160.0,,15.0
simu5g_00000133,31,1,4,1160.0,,15.0
simu5g_00000133,31,1,5,1160.0,,15.0
simu5g_00000133,31,1,6,1160.0,,15.0
simu5g_00000133,31,1,7,1160.0,,15.0
simu5g_00000133,31,1,8,1160.0,,15.0
simu5g_00000133,31,1,9,1160.0,,15.0
simu5g_00000133,31,1,10,1160.0,,15.0
simu5g_00000133,31,1,11,1160.0,,15.0
simu5g_00000133,31,1,12,984.0,,13.0
simu5g_00000133,31,1,13,1160.0,,15.0
simu5g_00000133,31,1,14,1160.0,,15.0
simu5g_00000133,31,1,15,1160.0,,15.0
simu5g_00000133,31,1,16,1160.0,,15.0
simu5g_00000133,31,1,17,1160.0,,15.0
simu5g_00000133,31,1,18,1160.0,,15.0
simu5g_00000133,31,1,19,1160.0,,15.0
simu5g_00000133,31,1,20,1160.0,,15.0
simu5g_00000133,31,1,21,1160.0,,15.0
simu5g_00000133,31,1,22,1160.0,,15.0
simu5g_00000133,31,1,23,1160.0,,15.0
simu5g_00000133,31,1,24,1160.0,,15.0
simu5g_00000134,0,0,0,1160.0,,15.0
simu5g_00000134,0,0,1,528.0,,8.0
simu5g_00000134,0,0,2,1160.0,,15.0
simu5g_00000134,0,0,3,984.0,,13.0
simu5g_00000134,0,0,4,1128.0,,14.0
simu5g_00000134,0,0,5,984.0,,13.0
simu5g_00000134,0,0,6,984.0,,13.0
simu5g_00000134,0,0,7,1160.0,,15.0
simu5g_00000134,0,0,8,808.0,,11.0
simu5g_00000134,0,0,9,1128.0,,14.0
simu5g_00000134,0,0,10,1128.0,,14.0
simu5g_00000134,0,0,11,1160.0,,15.0
simu5g_00000134,0,0,12,1128.0,,14.0
simu5g_00000134,0,0,13,1128.0,,14.0
simu5g_00000134,0,0,14,1128.0,,14.0
simu5g_00000134,0,0,15,1128.0,,14.0
simu5g_00000134,0,0,16,984.0,,13.0
simu5g_00000134,0,0,17,1160.0,,15.0
simu5g_00000134,0,0,18,1128.0,,14.0
simu5g_00000134,0,0,19,984.0,,13.0
simu5g_00000134,0,0,20,1160.0,,15.0
simu5g_00000134,0,0,21,808.0,,11.0
simu5g_00000134,0,0,22,1160.0,,15.0
simu5g_00000134,0,0,23,1160.0,,15.0
simu5g_00000134,0,0,24,984.0,,13.0
simu5g_00000134,1,1,0,1128.0,,14.0
simu5g_00000134,1,1,1,984.0,,13.0
simu5g_00000134,1,1,2,984.0,,13.0
simu5g_00000134,1,1,3,1128.0,,14.0
simu5g_00000134,1,1,4,984.0,,13.0
simu5g_00000134,1,1,5,1128.0,,14.0
simu5g_00000134,1,1,6,1128.0,,14.0
simu5g_00000134,1,1,7,808.0,,11.0
simu5g_00000134,1,1,8,608.0,,9.0
simu5g_00000134,1,1,9,1128.0,,14.0
simu5g_00000134,1,1,10,1128.0,,14.0
simu5g_00000134,1,1,11,984.0,,13.0
simu5g_00000134,1,1,12,984.0,,13.0
simu5g_00000134,1,1,13,1160.0,,15.0
simu5g_00000134,1,1,14,1128.0,,14.0
simu5g_00000134,1,1,15,1128.0,,14.0
simu5g_00000134,1,1,16,1128.0,,14.0
simu5g_00000134,1,1,17,984.0,,13.0
simu5g_00000134,1,1,18,984.0,,13.0
simu5g_00000134,1,1,19,1128.0,,14.0
simu5g_00000134,1,1,20,1128.0,,14.0
simu5g_00000134,1,1,21,528.0,,8.0
simu5g_00000134,1,1,22,1128.0,,14.0
simu5g_00000134,1,1,23,888.0,,12.0
simu5g_00000134,1,1,24,1128.0,,14.0
simu5g_00000135,15,0,0,1160.0,,15.0
simu5g_00000135,15,0,1,1160.0,,15.0
simu5g_00000135,15,0,2,1160.0,,15.0
simu5g_00000135,15,0,3,1160.0,,15.0
simu5g_00000135,15,0,4,1160.0,,15.0
simu5g_00000135,15,0,5,984.0,,13.0
simu5g_00000135,15,0,6,1160.0,,15.0
simu5g_00000135,15,0,7,1160.0,,15.0
simu5g_00000135,15,0,8,1160.0,,15.0
simu5g_00000135,15,0,9,1160.0,,15.0
simu5g_00000135,15,0,10,1160.0,,15.0
simu5g_00000135,15,0,11,1160.0,,15.0
simu5g_00000135,15,0,12,1128.0,,14.0
simu5g_00000135,15,0,13,1160.0,,15.0
simu5g_00000135,15,0,14,1160.0,,15.0
simu5g_00000135,15,0,15,1160.0,,15.0
simu5g_00000135,15,0,16,1160.0,,15.0
simu5g_00000135,15,0,17,1160.0,,15.0
simu5g_00000135,15,0,18,1160.0,,15.0
simu5g_00000135,15,0,19,1160.0,,15.0
simu5g_00000135,15,0,20,1160.0,,15.0
simu5g_00000135,15,0,21,1160.0,,15.0
simu5g_00000135,15,0,22,1160.0,,15.0
simu5g_00000135,15,0,23,1160.0,,15.0
simu5g_00000135,15,0,24,1160.0,,15.0
simu5g_00000135,31,1,0,1160.0,,15.0
simu5g_00000135,31,1,1,1128.0,,14.0
simu5g_00000135,31,1,2,1160.0,,15.0
simu5g_00000135,31,1,3,1160.0,,15.0
simu5g_00000135,31,1,4,1160.0,,15.0
simu5g_00000135,31,1,5,1160.0,,15.0
simu5g_00000135,31,1,6,1160.0,,15.0
simu5g_00000135,31,1,7,1160.0,,15.0
simu5g_00000135,31,1,8,1160.0,,15.0
simu5g_00000135,31,1,9,1160.0,,15.0
simu5g_00000135,31,1,10,1160.0,,15.0
simu5g_00000135,31,1,11,1160.0,,15.0
simu5g_00000135,31,1,12,984.0,,13.0
simu5g_00000135,31,1,13,1160.0,,15.0
simu5g_00000135,31,1,14,1160.0,,15.0
simu5g_00000135,31,1,15,1160.0,,15.0
simu5g_00000135,31,1,16,1160.0,,15.0
simu5g_00000135,31,1,17,1160.0,,15.0
simu5g_00000135,31,1,18,1160.0,,15.0
simu5g_00000135,31,1,19,1160.0,,15.0
simu5g_00000135,31,1,20,1160.0,,15.0
simu5g_00000135,31,1,21,1160.0,,15.0
simu5g_00000135,31,1,22,1160.0,,15.0
simu5g_00000135,31,1,23,1160.0,,15.0
simu5g_00000135,31,1,24,1160.0,,15.0
simu5g_00000136,0,0,0,1160.0,,15.0
simu5g_00000136,0,0,1,528.0,,8.0
simu5g_00000136,0,0,2,1160.0,,15.0
simu5g_00000136,0,0,3,984.0,,13.0
simu5g_00000136,0,0,4,1128.0,,14.0
simu5g_00000136,0,0,5,984.0,,13.0
simu5g_00000136,0,0,6,984.0,,13.0
simu5g_00000136,0,0,7,1160.0,,15.0
simu5g_00000136,0,0,8,808.0,,11.0
simu5g_00000136,0,0,9,1128.0,,14.0
simu5g_00000136,0,0,10,1128.0,,14.0
simu5g_00000136,0,0,11,1160.0,,15.0
simu5g_00000136,0,0,12,1128.0,,14.0
simu5g_00000136,0,0,13,1128.0,,14.0
simu5g_00000136,0,0,14,1128.0,,14.0
simu5g_00000136,0,0,15,1128.0,,14.0
simu5g_00000136,0,0,16,984.0,,13.0
simu5g_00000136,0,0,17,1160.0,,15.0
simu5g_00000136,0,0,18,1128.0,,14.0
simu5g_00000136,0,0,19,984.0,,13.0
simu5g_00000136,0,0,20,1160.0,,15.0
simu5g_00000136,0,0,21,808.0,,11.0
simu5g_00000136,0,0,22,1160.0,,15.0
simu5g_00000136,0,0,23,1160.0,,15.0
simu5g_00000136,0,0,24,984.0,,13.0
simu5g_00000136,1,1,0,1128.0,,14.0
simu5g_00000136,1,1,1,984.0,,13.0
simu5g_00000136,1,1,2,984.0,,13.0
simu5g_00000136,1,1,3,1128.0,,14.0
simu5g_00000136,1,1,4,984.0,,13.0
simu5g_00000136,1,1,5,1128.0,,14.0
simu5g_00000136,1,1,6,1128.0,,14.0
simu5g_00000136,1,1,7,808.0,,11.0
simu5g_00000136,1,1,8,608.0,,9.0
simu5g_00000136,1,1,9,1128.0,,14.0
simu5g_00000136,1,1,10,1128.0,,14.0
simu5g_00000136,1,1,11,984.0,,13.0
simu5g_00000136,1,1,12,984.0,,13.0
simu5g_00000136,1,1,13,1160.0,,15.0
simu5g_00000136,1,1,14,1128.0,,14.0
simu5g_00000136,1,1,15,1128.0,,14.0
simu5g_00000136,1,1,16,1128.0,,14.0
simu5g_00000136,1,1,17,984.0,,13.0
simu5g_00000136,1,1,18,984.0,,13.0
simu5g_00000136,1,1,19,1128.0,,14.0
simu5g_00000136,1,1,20,1128.0,,14.0
simu5g_00000136,1,1,21,528.0,,8.0
simu5g_00000136,1,1,22,1128.0,,14.0
simu5g_00000136,1,1,23,888.0,,12.0
simu5g_00000136,1,1,24,1128.0,,14.0
simu5g_00000137,15,0,0,1160.0,,15.0
simu5g_00000137,15,0,1,1160.0,,15.0
simu5g_00000137,15,0,2,1160.0,,15.0
simu5g_00000137,15,0,3,1160.0,,15.0
simu5g_00000137,15,0,4,1160.0,,15.0
simu5g_00000137,15,0,5,984.0,,13.0
simu5g_00000137,15,0,6,1160.0,,15.0
simu5g_00000137,15,0,7,1160.0,,15.0
simu5g_00000137,15,0,8,1160.0,,15.0
simu5g_00000137,15,0,9,1160.0,,15.0
simu5g_00000137,15,0,10,1160.0,,15.0
simu5g_00000137,15,0,11,1160.0,,15.0
simu5g_00000137,15,0,12,1128.0,,14.0
simu5g_00000137,15,0,13,1160.0,,15.0
simu5g_00000137,15,0,14,1160.0,,15.0
simu5g_00000137,15,0,15,1160.0,,15.0
simu5g_00000137,15,0,16,1160.0,,15.0
simu5g_00000137,15,0,17,1160.0,,15.0
simu5g_00000137,15,0,18,1160.0,,15.0
simu5g_00000137,15,0,19,1160.0,,15.0
simu5g_00000137,15,0,20,1160.0,,15.0
simu5g_00000137,15,0,21,1160.0,,15.0
simu5g_00000137,15,0,22,1160.0,,15.0
simu5g_00000137,15,0,23,1160.0,,15.0
simu5g_00000137,15,0,24,1160.0,,15.0
simu5g_00000137,31,1,0,1160.0,,15.0
simu5g_00000137,31,1,1,1128.0,,14.0
simu5g_00000137,31,1,2,1160.0,,15.0
simu5g_00000137,31,1,3,1160.0,,15.0
simu5g_00000137,31,1,4,1160.0,,15.0
simu5g_00000137,31,1,5,1160.0,,15.0
simu5g_00000137,31,1,6,1160.0,,15.0
simu5g_00000137,31,1,7,1160.0,,15.0
simu5g_00000137,31,1,8,1160.0,,15.0
simu5g_00000137,31,1,9,1160.0,,15.0
simu5g_00000137,31,1,10,1160.0,,15.0
simu5g_00000137,31,1,11,1160.0,,15.0
simu5g_00000137,31,1,12,984.0,,13.0
simu5g_00000137,31,1,13,1160.0,,15.0
simu5g_00000137,31,1,14,1160.0,,15.0
simu5g_00000137,31,1,15,1160.0,,15.0
simu5g_00000137,31,1,16,1160.0,,15.0
simu5g_00000137,31,1,17,1160.0,,15.0
simu5g_00000137,31,1,18,1160.0,,15.0
simu5g_00000137,31,1,19,1160.0,,15.0
simu5g_00000137,31,1,20,1160.0,,15.0
simu5g_00000137,31,1,21,1160.0,,15.0
simu5g_00000137,31,1,22,1160.0,,15.0
simu5g_00000137,31,1,23,1160.0,,15.0
simu5g_00000137,31,1,24,1160.0,,15.0
simu5g_00000138,0,0,0,1160.0,,15.0
simu5g_00000138,0,0,1,528.0,,8.0
simu5g_00000138,0,0,2,1160.0,,15.0
simu5g_00000138,0,0,3,984.0,,13.0
simu5g_00000138,0,0,4,1128.0,,14.0
simu5g_00000138,0,0,5,984.0,,13.0
simu5g_00000138,0,0,6,984.0,,13.0
simu5g_00000138,0,0,7,1160.0,,15.0
simu5g_00000138,0,0,8,808.0,,11.0
simu5g_00000138,0,0,9,1128.0,,14.0
simu5g_00000138,0,0,10,1128.0,,14.0
simu5g_00000138,0,0,11,1160.0,,15.0
simu5g_00000138,0,0,12,1128.0,,14.0
simu5g_00000138,0,0,13,1128.0,,14.0
simu5g_00000138,0,0,14,1128.0,,14.0
simu5g_00000138,0,0,15,1128.0,,14.0
simu5g_00000138,0,0,16,984.0,,13.0
simu5g_00000138,0,0,17,1160.0,,15.0
simu5g_00000138,0,0,18,1128.0,,14.0
simu5g_00000138,0,0,19,984.0,,13.0
simu5g_00000138,0,0,20,1160.0,,15.0
simu5g_00000138,0,0,21,808.0,,11.0
simu5g_00000138,0,0,22,1160.0,,15.0
simu5g_00000138,0,0,23,1160.0,,15.0
simu5g_00000138,0,0,24,984.0,,13.0
simu5g_00000138,1,1,0,1128.0,,14.0
simu5g_00000138,1,1,1,984.0,,13.0
simu5g_00000138,1,1,2,984.0,,13.0
simu5g_00000138,1,1,3,1128.0,,14.0
simu5g_00000138,1,1,4,984.0,,13.0
simu5g_00000138,1,1,5,1128.0,,14.0
simu5g_00000138,1,1,6,1128.0,,14.0
simu5g_00000138,1,1,7,808.0,,11.0
simu5g_00000138,1,1,8,608.0,,9.0
simu5g_00000138,1,1,9,1128.0,,14.0
simu5g_00000138,1,1,10,1128.0,,14.0
simu5g_00000138,1,1,11,984.0,,13.0
simu5g_00000138,1,1,12,984.0,,13.0
simu5g_00000138,1,1,13,1160.0,,15.0
simu5g_00000138,1,1,14,1128.0,,14.0
simu5g_00000138,1,1,15,1128.0,,14.0
simu5g_00000138,1,1,16,1128.0,,14.0
simu5g_00000138,1,1,17,984.0,,13.0
simu5g_00000138,1,1,18,984.0,,13.0
simu5g_00000138,1,1,19,1128.0,,14.0
simu5g_00000138,1,1,20,1128.0,,14.0
simu5g_00000138,1,1,21,528.0,,8.0
simu5g_00000138,1,1,22,1128.0,,14.0
simu5g_00000138,1,1,23,888.0,,12.0
simu5g_00000138,1,1,24,1128.0,,14.0
simu5g_00000139,15,0,0,1160.0,,15.0
simu5g_00000139,15,0,1,1160.0,,15.0
simu5g_00000139,15,0,2,1160.0,,15.0
simu5g_00000139,15,0,3,1160.0,,15.0
simu5g_00000139,15,0,4,1160.0,,15.0
simu5g_00000139,15,0,5,984.0,,13.0
simu5g_00000139,15,0,6,1160.0,,15.0
simu5g_00000139,15,0,7,1160.0,,15.0
simu5g_00000139,15,0,8,1160.0,,15.0
simu5g_00000139,15,0,9,1160.0,,15.0
simu5g_00000139,15,0,10,1160.0,,15.0
simu5g_00000139,15,0,11,1160.0,,15.0
simu5g_00000139,15,0,12,1128.0,,14.0
simu5g_00000139,15,0,13,1160.0,,15.0
simu5g_00000139,15,0,14,1160.0,,15.0
simu5g_00000139,15,0,15,1160.0,,15.0
simu5g_00000139,15,0,16,1160.0,,15.0
simu5g_00000139,15,0,17,1160.0,,15.0
simu5g_00000139,15,0,18,1160.0,,15.0
simu5g_00000139,15,0,19,1160.0,,15.0
simu5g_00000139,15,0,20,1160.0,,15.0
simu5g_00000139,15,0,21,1160.0,,15.0
simu5g_00000139,15,0,22,1160.0,,15.0
simu5g_00000139,15,0,23,1160.0,,15.0
simu5g_00000139,15,0,24,1160.0,,15.0
simu5g_00000139,31,1,0,1160.0,,15.0
simu5g_00000139,31,1,1,1128.0,,14.0
simu5g_00000139,31,1,2,1160.0,,15.0
simu5g_00000139,31,1,3,1160.0,,15.0
simu5g_00000139,31,1,4,1160.0,,15.0
simu5g_00000139,31,1,5,1160.0,,15.0
simu5g_00000139,31,1,6,1160.0,,15.0
simu5g_00000139,31,1,7,1160.0,,15.0
simu5g_00000139,31,1,8,1160.0,,15.0
simu5g_00000139,31,1,9,1160.0,,15.0
simu5g_00000139,31,1,10,1160.0,,15.0
simu5g_00000139,31,1,11,1160.0,,15.0
simu5g_00000139,31,1,12,984.0,,13.0
simu5g_00000139,31,1,13,1160.0,,15.0
simu5g_00000139,31,1,14,1160.0,,15.0
simu5g_00000139,31,1,15,1160.0,,15.0
simu5g_00000139,31,1,16,1160.0,,15.0
simu5g_00000139,31,1,17,1160.0,,15.0
simu5g_00000139,31,1,18,1160.0,,15.0
simu5g_00000139,31,1,19,1160.0,,15.0
simu5g_00000139,31,1,20,1160.0,,15.0
simu5g_00000139,31,1,21,1160.0,,15.0
simu5g_00000139,31,1,22,1160.0,,15.0
simu5g_00000139,31,1,23,1160.0,,15.0
simu5g_00000139,31,1,24,1160.0,,15.0
simu5g_00000140,0,0,0,1160.0,,15.0
simu5g_00000140,0,0,1,528.0,,8.0
simu5g_00000140,0,0,2,1160.0,,15.0
simu5g_00000140,0,0,3,984.0,,13.0
simu5g_00000140,0,0,4,1128.0,,14.0
simu5g_00000140,0,0,5,984.0,,13.0
simu5g_00000140,0,0,6,984.0,,13.0
simu5g_00000140,0,0,7,1160.0,,15.0
simu5g_00000140,0,0,8,808.0,,11.0
simu5g_00000140,0,0,9,1128.0,,14.0
simu5g_00000140,0,0,10,1128.0,,14.0
simu5g_00000140,0,0,11,1160.0,,15.0
simu5g_00000140,0,0,12,1128.0,,14.0
simu5g_00000140,0,0,13,1128.0,,14.0
simu5g_00000140,0,0,14,1128.0,,14.0
simu5g_00000140,0,0,15,1128.0,,14.0
simu5g_00000140,0,0,16,984.0,,13.0
simu5g_00000140,0,0,17,1160.0,,15.0
simu5g_00000140,0,0,18,1128.0,,14.0
simu5g_00000140,0,0,19,984.0,,13.0
simu5g_00000140,0,0,20,1160.0,,15.0
simu5g_00000140,0,0,21,808.0,,11.0
simu5g_00000140,0,0,22,1160.0,,15.0
simu5g_00000140,0,0,23,1160.0,,15.0
simu5g_00000140,0,0,24,984.0,,13.0
simu5g_00000140,1,1,0,1128.0,,14.0
simu5g_00000140,1,1,1,984.0,,13.0
simu5g_00000140,1,1,2,984.0,,13.0
simu5g_00000140,1,1,3,1128.0,,14.0
simu5g_00000140,1,1,4,984.0,,13.0
simu5g_00000140,1,1,5,1128.0,,14.0
simu5g_00000140,1,1,6,1128.0,,14.0
simu5g_00000140,1,1,7,808.0,,11.0
simu5g_00000140,1,1,8,608.0,,9.0
simu5g_00000140,1,1,9,1128.0,,14.0
simu5g_00000140,1,1,10,1128.0,,14.0
simu5g_00000140,1,1,11,984.0,,13.0
simu5g_00000140,1,1,12,984.0,,13.0
simu5g_00000140,1,1,13,1160.0,,15.0
simu5g_00000140,1,1,14,1128.0,,14.0
simu5g_00000140,1,1,15,1128.0,,14.0
simu5g_00000140,1,1,16,1128.0,,14.0
simu5g_00000140,1,1,17,984.0,,13.0
simu5g_00000140,1,1,18,984.0,,13.0
simu5g_00000140,1,1,19,1128.0,,14.0
simu5g_00000140,1,1,20,1128.0,,14.0
simu5g_00000140,1,1,21,528.0,,8.0
simu5g_00000140,1,1,22,1128.0,,14.0
simu5g_00000140,1,1,23,888.0,,12.0
simu5g_00000140,1,1,24,1128.0,,14.0
simu5g_00000141,15,0,0,1160.0,,15.0
simu5g_00000141,15,0,1,1160.0,,15.0
simu5g_00000141,15,0,2,1160.0,,15.0
simu5g_00000141,15,0,3,1160.0,,15.0
simu5g_00000141,15,0,4,1160.0,,15.0
simu5g_00000141,15,0,5,984.0,,13.0
simu5g_00000141,15,0,6,1160.0,,15.0
simu5g_00000141,15,0,7,1160.0,,15.0
simu5g_00000141,15,0,8,1160.0,,15.0
simu5g_00000141,15,0,9,1160.0,,15.0
simu5g_00000141,15,0,10,1160.0,,15.0
simu5g_00000141,15,0,11,1160.0,,15.0
simu5g_00000141,15,0,12,1128.0,,14.0
simu5g_00000141,15,0,13,1160.0,,15.0
simu5g_00000141,15,0,14,1160.0,,15.0
simu5g_00000141,15,0,15,1160.0,,15.0
simu5g_00000141,15,0,16,1160.0,,15.0
simu5g_00000141,15,0,17,1160.0,,15.0
simu5g_00000141,15,0,18,1160.0,,15.0
simu5g_00000141,15,0,19,1160.0,,15.0
simu5g_00000141,15,0,20,1160.0,,15.0
simu5g_00000141,15,0,21,1160.0,,15.0
simu5g_00000141,15,0,22,1160.0,,15.0
simu5g_00000141,15,0,23,1160.0,,15.0
simu5g_00000141,15,0,24,1160.0,,15.0
simu5g_00000141,31,1,0,1128.0,,14.0
simu5g_00000141,31,1,1,1128.0,,14.0
simu5g_00000141,31,1,2,1160.0,,15.0
simu5g_00000141,31,1,3,1160.0,,15.0
simu5g_00000141,31,1,4,1160.0,,15.0
simu5g_00000141,31,1,5,1160.0,,15.0
simu5g_00000141,31,1,6,1160.0,,15.0
simu5g_00000141,31,1,7,1160.0,,15.0
simu5g_00000141,31,1,8,1160.0,,15.0
simu5g_00000141,31,1,9,1160.0,,15.0
simu5g_00000141,31,1,10,1160.0,,15.0
simu5g_00000141,31,1,11,1160.0,,15.0
simu5g_00000141,31,1,12,888.0,,12.0
simu5g_00000141,31,1,13,1160.0,,15.0
simu5g_00000141,31,1,14,1160.0,,15.0
simu5g_00000141,31,1,15,1160.0,,15.0
simu5g_00000141,31,1,16,1160.0,,15.0
simu5g_00000141,31,1,17,1160.0,,15.0
simu5g_00000141,31,1,18,1160.0,,15.0
simu5g_00000141,31,1,19,1160.0,,15.0
simu5g_00000141,31,1,20,1128.0,,14.0
simu5g_00000141,31,1,21,1160.0,,15.0
simu5g_00000141,31,1,22,1160.0,,15.0
simu5g_00000141,31,1,23,1160.0,,15.0
simu5g_00000141,31,1,24,1160.0,,15.0
simu5g_00000142,0,0,0,1160.0,,15.0
simu5g_00000142,0,0,1,528.0,,8.0
simu5g_00000142,0,0,2,1160.0,,15.0
simu5g_00000142,0,0,3,984.0,,13.0
simu5g_00000142,0,0,4,1128.0,,14.0
simu5g_00000142,0,0,5,984.0,,13.0
simu5g_00000142,0,0,6,984.0,,13.0
simu5g_00000142,0,0,7,1160.0,,15.0
simu5g_00000142,0,0,8,808.0,,11.0
simu5g_00000142,0,0,9,1128.0,,14.0
simu5g_00000142,0,0,10,1128.0,,14.0
simu5g_00000142,0,0,11,1160.0,,15.0
simu5g_00000142,0,0,12,1128.0,,14.0
simu5g_00000142,0,0,13,1128.0,,14.0
simu5g_00000142,0,0,14,1128.0,,14.0
simu5g_00000142,0,0,15,1128.0,,14.0
simu5g_00000142,0,0,16,984.0,,13.0
simu5g_00000142,0,0,17,1160.0,,15.0
simu5g_00000142,0,0,18,1128.0,,14.0
simu5g_00000142,0,0,19,984.0,,13.0
simu5g_00000142,0,0,20,1160.0,,15.0
simu5g_00000142,0,0,21,808.0,,11.0
simu5g_00000142,0,0,22,1160.0,,15.0
simu5g_00000142,0,0,23,1160.0,,15.0
simu5g_00000142,0,0,24,984.0,,13.0
simu5g_00000142,1,1,0,1128.0,,14.0
simu5g_00000142,1,1,1,984.0,,13.0
simu5g_00000142,1,1,2,984.0,,13.0
simu5g_00000142,1,1,3,1128.0,,14.0
simu5g_00000142,1,1,4,984.0,,13.0
simu5g_00000142,1,1,5,1128.0,,14.0
simu5g_00000142,1,1,6,1128.0,,14.0
simu5g_00000142,1,1,7,808.0,,11.0
simu5g_00000142,1,1,8,608.0,,9.0
simu5g_00000142,1,1,9,1128.0,,14.0
simu5g_00000142,1,1,10,1128.0,,14.0
simu5g_00000142,1,1,11,984.0,,13.0
simu5g_00000142,1,1,12,984.0,,13.0
simu5g_00000142,1,1,13,1160.0,,15.0
simu5g_00000142,1,1,14,1128.0,,14.0
simu5g_00000142,1,1,15,1128.0,,14.0
simu5g_00000142,1,1,16,1128.0,,14.0
simu5g_00000142,1,1,17,984.0,,13.0
simu5g_00000142,1,1,18,984.0,,13.0
simu5g_00000142,1,1,19,1128.0,,14.0
simu5g_00000142,1,1,20,1128.0,,14.0
simu5g_00000142,1,1,21,528.0,,8.0
simu5g_00000142,1,1,22,1128.0,,14.0
simu5g_00000142,1,1,23,888.0,,12.0
simu5g_00000142,1,1,24,1128.0,,14.0
simu5g_00000143,15,0,0,1160.0,,15.0
simu5g_00000143,15,0,1,1160.0,,15.0
simu5g_00000143,15,0,2,1160.0,,15.0
simu5g_00000143,15,0,3,1160.0,,15.0
simu5g_00000143,15,0,4,1160.0,,15.0
simu5g_00000143,15,0,5,984.0,,13.0
simu5g_00000143,15,0,6,1160.0,,15.0
simu5g_00000143,15,0,7,1160.0,,15.0
simu5g_00000143,15,0,8,1160.0,,15.0
simu5g_00000143,15,0,9,1160.0,,15.0
simu5g_00000143,15,0,10,1160.0,,15.0
simu5g_00000143,15,0,11,1160.0,,15.0
simu5g_00000143,15,0,12,1128.0,,14.0
simu5g_00000143,15,0,13,1160.0,,15.0
simu5g_00000143,15,0,14,1160.0,,15.0
simu5g_00000143,15,0,15,1160.0,,15.0
simu5g_00000143,15,0,16,1160.0,,15.0
simu5g_00000143,15,0,17,1160.0,,15.0
simu5g_00000143,15,0,18,1160.0,,15.0
simu5g_00000143,15,0,19,1160.0,,15.0
simu5g_00000143,15,0,20,1160.0,,15.0
simu5g_00000143,15,0,21,1160.0,,15.0
simu5g_00000143,15,0,22,1160.0,,15.0
simu5g_00000143,15,0,23,1160.0,,15.0
simu5g_00000143,15,0,24,1160.0,,15.0
simu5g_00000143,31,1,0,1128.0,,14.0
simu5g_00000143,31,1,1,1128.0,,14.0
simu5g_00000143,31,1,2,1160.0,,15.0
simu5g_00000143,31,1,3,1160.0,,15.0
simu5g_00000143,31,1,4,1160.0,,15.0
simu5g_00000143,31,1,5,1160.0,,15.0
simu5g_00000143,31,1,6,1160.0,,15.0
simu5g_00000143,31,1,7,1160.0,,15.0
simu5g_00000143,31,1,8,1160.0,,15.0
simu5g_00000143,31,1,9,1160.0,,15.0
simu5g_00000143,31,1,10,1160.0,,15.0
simu5g_00000143,31,1,11,1160.0,,15.0
simu5g_00000143,31,1,12,888.0,,12.0
simu5g_00000143,31,1,13,1160.0,,15.0
simu5g_00000143,31,1,14,1160.0,,15.0
simu5g_00000143,31,1,15,1160.0,,15.0
simu5g_00000143,31,1,16,1160.0,,15.0
simu5g_00000143,31,1,17,1160.0,,15.0
simu5g_00000143,31,1,18,1160.0,,15.0
simu5g_00000143,31,1,19,1160.0,,15.0
simu5g_00000143,31,1,20,1128.0,,14.0
simu5g_00000143,31,1,21,1160.0,,15.0
simu5g_00000143,31,1,22,1160.0,,15.0
simu5g_00000143,31,1,23,1160.0,,15.0
simu5g_00000143,31,1,24,1160.0,,15.0
simu5g_00000144,0,0,0,1160.0,,15.0
simu5g_00000144,0,0,1,528.0,,8.0
simu5g_00000144,0,0,2,1160.0,,15.0
simu5g_00000144,0,0,3,984.0,,13.0
simu5g_00000144,0,0,4,1128.0,,14.0
simu5g_00000144,0,0,5,984.0,,13.0
simu5g_00000144,0,0,6,984.0,,13.0
simu5g_00000144,0,0,7,1160.0,,15.0
simu5g_00000144,0,0,8,808.0,,11.0
simu5g_00000144,0,0,9,1128.0,,14.0
simu5g_00000144,0,0,10,1128.0,,14.0
simu5g_00000144,0,0,11,1160.0,,15.0
simu5g_00000144,0,0,12,1128.0,,14.0
simu5g_00000144,0,0,13,1128.0,,14.0
simu5g_00000144,0,0,14,1128.0,,14.0
simu5g_00000144,0,0,15,1128.0,,14.0
simu5g_00000144,0,0,16,984.0,,13.0
simu5g_00000144,0,0,17,1160.0,,15.0
simu5g_00000144,0,0,18,1128.0,,14.0
simu5g_00000144,0,0,19,984.0,,13.0
simu5g_00000144,0,0,20,1160.0,,15.0
simu5g_00000144,0,0,21,808.0,,11.0
simu5g_00000144,0,0,22,1160.0,,15.0
simu5g_00000144,0,0,23,1160.0,,15.0
simu5g_00000144,0,0,24,984.0,,13.0
simu5g_00000144,1,1,0,1128.0,,14.0
simu5g_00000144,1,1,1,984.0,,13.0
simu5g_00000144,1,1,2,984.0,,13.0
simu5g_00000144,1,1,3,1128.0,,14.0
simu5g_00000144,1,1,4,984.0,,13.0
simu5g_00000144,1,1,5,1128.0,,14.0
simu5g_00000144,1,1,6,1128.0,,14.0
simu5g_00000144,1,1,7,808.0,,11.0
simu5g_00000144,1,1,8,608.0,,9.0
simu5g_00000144,1,1,9,1128.0,,14.0
simu5g_00000144,1,1,10,1128.0,,14.0
simu5g_00000144,1,1,11,984.0,,13.0
simu5g_00000144,1,1,12,984.0,,13.0
simu5g_00000144,1,1,13,1160.0,,15.0
simu5g_00000144,1,1,14,1128.0,,14.0
simu5g_00000144,1,1,15,1128.0,,14.0
simu5g_00000144,1,1,16,1128.0,,14.0
simu5g_00000144,1,1,17,984.0,,13.0
simu5g_00000144,1,1,18,984.0,,13.0
simu5g_00000144,1,1,19,1128.0,,14.0
simu5g_00000144,1,1,20,1128.0,,14.0
simu5g_00000144,1,1,21,528.0,,8.0
simu5g_00000144,1,1,22,1128.0,,14.0
simu5g_00000144,1,1,23,888.0,,12.0
simu5g_00000144,1,1,24,1128.0,,14.0
simu5g_00000145,15,0,0,1160.0,,15.0
simu5g_00000145,15,0,1,1160.0,,15.0
simu5g_00000145,15,0,2,1160.0,,15.0
simu5g_00000145,15,0,3,1160.0,,15.0
simu5g_00000145,15,0,4,1160.0,,15.0
simu5g_00000145,15,0,5,984.0,,13.0
simu5g_00000145,15,0,6,1160.0,,15.0
simu5g_00000145,15,0,7,1160.0,,15.0
simu5g_00000145,15,0,8,1160.0,,15.0
simu5g_00000145,15,0,9,1160.0,,15.0
simu5g_00000145,15,0,10,1160.0,,15.0
simu5g_00000145,15,0,11,1160.0,,15.0
simu5g_00000145,15,0,12,1128.0,,14.0
simu5g_00000145,15,0,13,1160.0,,15.0
simu5g_00000145,15,0,14,1160.0,,15.0
simu5g_00000145,15,0,15,1160.0,,15.0
simu5g_00000145,15,0,16,1160.0,,15.0
simu5g_00000145,15,0,17,1160.0,,15.0
simu5g_00000145,15,0,18,1160.0,,15.0
simu5g_00000145,15,0,19,1160.0,,15.0
simu5g_00000145,15,0,20,1160.0,,15.0
simu5g_00000145,15,0,21,1160.0,,15.0
simu5g_00000145,15,0,22,1160.0,,15.0
simu5g_00000145,15,0,23,1160.0,,15.0
simu5g_00000145,15,0,24,1160.0,,15.0
simu5g_00000145,31,1,0,1128.0,,14.0
simu5g_00000145,31,1,1,1128.0,,14.0
simu5g_00000145,31,1,2,1160.0,,15.0
simu5g_00000145,31,1,3,1160.0,,15.0
simu5g_00000145,31,1,4,1160.0,,15.0
simu5g_00000145,31,1,5,1160.0,,15.0
simu5g_00000145,31,1,6,1160.0,,15.0
simu5g_00000145,31,1,7,1160.0,,15.0
simu5g_00000145,31,1,8,1160.0,,15.0
simu5g_00000145,31,1,9,1160.0,,15.0
simu5g_00000145,31,1,10,1160.0,,15.0
simu5g_00000145,31,1,11,1160.0,,15.0
simu5g_00000145,31,1,12,888.0,,12.0
simu5g_00000145,31,1,13,1160.0,,15.0
simu5g_00000145,31,1,14,1160.0,,15.0
simu5g_00000145,31,1,15,1160.0,,15.0
simu5g_00000145,31,1,16,1160.0,,15.0
simu5g_00000145,31,1,17,1160.0,,15.0
simu5g_00000145,31,1,18,1160.0,,15.0
simu5g_00000145,31,1,19,1160.0,,15.0
simu5g_00000145,31,1,20,1128.0,,14.0
simu5g_00000145,31,1,21,1160.0,,15.0
simu5g_00000145,31,1,22,1160.0,,15.0
simu5g_00000145,31,1,23,1160.0,,15.0
simu5g_00000145,31,1,24,1160.0,,15.0
simu5g_00000146,0,0,0,1160.0,,15.0
simu5g_00000146,0,0,1,528.0,,8.0
simu5g_00000146,0,0,2,1160.0,,15.0
simu5g_00000146,0,0,3,984.0,,13.0
simu5g_00000146,0,0,4,1128.0,,14.0
simu5g_00000146,0,0,5,984.0,,13.0
simu5g_00000146,0,0,6,984.0,,13.0
simu5g_00000146,0,0,7,1160.0,,15.0
simu5g_00000146,0,0,8,808.0,,11.0
simu5g_00000146,0,0,9,1128.0,,14.0
simu5g_00000146,0,0,10,1128.0,,14.0
simu5g_00000146,0,0,11,1160.0,,15.0
simu5g_00000146,0,0,12,1128.0,,14.0
simu5g_00000146,0,0,13,1128.0,,14.0
simu5g_00000146,0,0,14,1128.0,,14.0
simu5g_00000146,0,0,15,1128.0,,14.0
simu5g_00000146,0,0,16,984.0,,13.0
simu5g_00000146,0,0,17,1160.0,,15.0
simu5g_00000146,0,0,18,1128.0,,14.0
simu5g_00000146,0,0,19,984.0,,13.0
simu5g_00000146,0,0,20,1160.0,,15.0
simu5g_00000146,0,0,21,808.0,,11.0
simu5g_00000146,0,0,22,1160.0,,15.0
simu5g_00000146,0,0,23,1160.0,,15.0
simu5g_00000146,0,0,24,984.0,,13.0
simu5g_00000146,1,1,0,1128.0,,14.0
simu5g_00000146,1,1,1,984.0,,13.0
simu5g_00000146,1,1,2,984.0,,13.0
simu5g_00000146,1,1,3,1128.0,,14.0
simu5g_00000146,1,1,4,984.0,,13.0
simu5g_00000146,1,1,5,1128.0,,14.0
simu5g_00000146,1,1,6,1128.0,,14.0
simu5g_00000146,1,1,7,808.0,,11.0
simu5g_00000146,1,1,8,608.0,,9.0
simu5g_00000146,1,1,9,1128.0,,14.0
simu5g_00000146,1,1,10,1128.0,,14.0
simu5g_00000146,1,1,11,984.0,,13.0
simu5g_00000146,1,1,12,984.0,,13.0
simu5g_00000146,1,1,13,1160.0,,15.0
simu5g_00000146,1,1,14,1128.0,,14.0
simu5g_00000146,1,1,15,1128.0,,14.0
simu5g_00000146,1,1,16,1128.0,,14.0
simu5g_00000146,1,1,17,984.0,,13.0
simu5g_00000146,1,1,18,984.0,,13.0
simu5g_00000146,1,1,19,1128.0,,14.0
simu5g_00000146,1,1,20,1128.0,,14.0
simu5g_00000146,1,1,21,528.0,,8.0
simu5g_00000146,1,1,22,1128.0,,14.0
simu5g_00000146,1,1,23,888.0,,12.0
simu5g_00000146,1,1,24,1128.0,,14.0
simu5g_00000146,2,2,0,1128.0,,14.0
simu5g_00000146,2,2,1,1160.0,,15.0
simu5g_00000146,2,2,2,1128.0,,14.0
simu5g_00000146,2,2,3,1160.0,,15.0
simu5g_00000146,2,2,4,1128.0,,14.0
simu5g_00000146,2,2,5,984.0,,13.0
simu5g_00000146,2,2,6,1128.0,,14.0
simu5g_00000146,2,2,7,608.0,,9.0
simu5g_00000146,2,2,8,1160.0,,15.0
simu5g_00000146,2,2,9,1128.0,,14.0
simu5g_00000146,2,2,10,1128.0,,14.0
simu5g_00000146,2,2,11,808.0,,11.0
simu5g_00000146,2,2,12,984.0,,13.0
simu5g_00000146,2,2,13,1128.0,,14.0
simu5g_00000146,2,2,14,1128.0,,14.0
simu5g_00000146,2,2,15,1128.0,,14.0
simu5g_00000146,2,2,16,888.0,,12.0
simu5g_00000146,2,2,17,1128.0,,14.0
simu5g_00000146,2,2,18,1128.0,,14.0
simu5g_00000146,2,2,19,1128.0,,14.0
simu5g_00000146,2,2,20,1128.0,,14.0
simu5g_00000146,2,2,21,984.0,,13.0
simu5g_00000146,2,2,22,984.0,,13.0
simu5g_00000146,2,2,23,1128.0,,14.0
simu5g_00000146,2,2,24,984.0,,13.0
simu5g_00000147,15,0,0,1160.0,,15.0
simu5g_00000147,15,0,1,1160.0,,15.0
simu5g_00000147,15,0,2,1160.0,,15.0
simu5g_00000147,15,0,3,1160.0,,15.0
simu5g_00000147,15,0,4,1160.0,,15.0
simu5g_00000147,15,0,5,984.0,,13.0
simu5g_00000147,15,0,6,1160.0,,15.0
simu5g_00000147,15,0,7,1160.0,,15.0
simu5g_00000147,15,0,8,1160.0,,15.0
simu5g_00000147,15,0,9,1160.0,,15.0
simu5g_00000147,15,0,10,1160.0,,15.0
simu5g_00000147,15,0,11,1160.0,,15.0
simu5g_00000147,15,0,12,1128.0,,14.0
simu5g_00000147,15,0,13,1160.0,,15.0
simu5g_00000147,15,0,14,1160.0,,15.0
simu5g_00000147,15,0,15,1160.0,,15.0
simu5g_00000147,15,0,16,1160.0,,15.0
simu5g_00000147,15,0,17,1160.0,,15.0
simu5g_00000147,15,0,18,1160.0,,15.0
simu5g_00000147,15,0,19,1160.0,,15.0
simu5g_00000147,15,0,20,1160.0,,15.0
simu5g_00000147,15,0,21,1160.0,,15.0
simu5g_00000147,15,0,22,1160.0,,15.0
simu5g_00000147,15,0,23,1160.0,,15.0
simu5g_00000147,15,0,24,1160.0,,15.0
simu5g_00000147,31,1,0,1128.0,,14.0
simu5g_00000147,31,1,1,1128.0,,14.0
simu5g_00000147,31,1,2,1160.0,,15.0
simu5g_00000147,31,1,3,1160.0,,15.0
simu5g_00000147,31,1,4,1160.0,,15.0
simu5g_00000147,31,1,5,1160.0,,15.0
simu5g_00000147,31,1,6,1160.0,,15.0
simu5g_00000147,31,1,7,1160.0,,15.0
simu5g_00000147,31,1,8,1160.0,,15.0
simu5g_00000147,31,1,9,1160.0,,15.0
simu5g_00000147,31,1,10,1160.0,,15.0
simu5g_00000147,31,1,11,1160.0,,15.0
simu5g_00000147,31,1,12,888.0,,12.0
simu5g_00000147,31,1,13,1160.0,,15.0
simu5g_00000147,31,1,14,1160.0,,15.0
simu5g_00000147,31,1,15,1160.0,,15.0
simu5g_00000147,31,1,16,1160.0,,15.0
simu5g_00000147,31,1,17,1160.0,,15.0
simu5g_00000147,31,1,18,1160.0,,15.0
simu5g_00000147,31,1,19,1160.0,,15.0
simu5g_00000147,31,1,20,1128.0,,14.0
simu5g_00000147,31,1,21,1160.0,,15.0
simu5g_00000147,31,1,22,1160.0,,15.0
simu5g_00000147,31,1,23,1160.0,,15.0
simu5g_00000147,31,1,24,1160.0,,15.0
simu5g_00000148,0,0,0,1160.0,,15.0
simu5g_00000148,0,0,1,528.0,,8.0
simu5g_00000148,0,0,2,1160.0,,15.0
simu5g_00000148,0,0,3,984.0,,13.0
simu5g_00000148,0,0,4,1128.0,,14.0
simu5g_00000148,0,0,5,984.0,,13.0
simu5g_00000148,0,0,6,984.0,,13.0
simu5g_00000148,0,0,7,1160.0,,15.0
simu5g_00000148,0,0,8,808.0,,11.0
simu5g_00000148,0,0,9,1128.0,,14.0
simu5g_00000148,0,0,10,1128.0,,14.0
simu5g_00000148,0,0,11,1160.0,,15.0
simu5g_00000148,0,0,12,1128.0,,14.0
simu5g_00000148,0,0,13,1128.0,,14.0
simu5g_00000148,0,0,14,1128.0,,14.0
simu5g_00000148,0,0,15,1128.0,,14.0
simu5g_00000148,0,0,16,984.0,,13.0
simu5g_00000148,0,0,17,1160.0,,15.0
simu5g_00000148,0,0,18,1128.0,,14.0
simu5g_00000148,0,0,19,984.0,,13.0
simu5g_00000148,0,0,20,1160.0,,15.0
simu5g_00000148,0,0,21,808.0,,11.0
simu5g_00000148,0,0,22,1160.0,,15.0
simu5g_00000148,0,0,23,1160.0,,15.0
simu5g_00000148,0,0,24,984.0,,13.0
simu5g_00000148,1,1,0,1128.0,,14.0
simu5g_00000148,1,1,1,984.0,,13.0
simu5g_00000148,1,1,2,984.0,,13.0
simu5g_00000148,1,1,3,1128.0,,14.0
simu5g_00000148,1,1,4,984.0,,13.0
simu5g_00000148,1,1,5,1128.0,,14.0
simu5g_00000148,1,1,6,1128.0,,14.0
simu5g_00000148,1,1,7,808.0,,11.0
simu5g_00000148,1,1,8,608.0,,9.0
simu5g_00000148,1,1,9,1128.0,,14.0
simu5g_00000148,1,1,10,1128.0,,14.0
simu5g_00000148,1,1,11,1128.0,,14.0
simu5g_00000148,1,1,12,984.0,,13.0
simu5g_00000148,1,1,13,1160.0,,15.0
simu5g_00000148,1,1,14,1128.0,,14.0
simu5g_00000148,1,1,15,1128.0,,14.0
simu5g_00000148,1,1,16,1128.0,,14.0
simu5g_00000148,1,1,17,984.0,,13.0
simu5g_00000148,1,1,18,984.0,,13.0
simu5g_00000148,1,1,19,1128.0,,14.0
simu5g_00000148,1,1,20,1128.0,,14.0
simu5g_00000148,1,1,21,528.0,,8.0
simu5g_00000148,1,1,22,1128.0,,14.0
simu5g_00000148,1,1,23,888.0,,12.0
simu5g_00000148,1,1,24,1128.0,,14.0
simu5g_00000148,2,2,0,1128.0,,14.0
simu5g_00000148,2,2,1,1160.0,,15.0
simu5g_00000148,2,2,2,1128.0,,14.0
simu5g_00000148,2,2,3,1160.0,,15.0
simu5g_00000148,2,2,4,1128.0,,14.0
simu5g_00000148,2,2,5,984.0,,13.0
simu5g_00000148,2,2,6,1128.0,,14.0
simu5g_00000148,2,2,7,608.0,,9.0
simu5g_00000148,2,2,8,1160.0,,15.0
simu5g_00000148,2,2,9,1128.0,,14.0
simu5g_00000148,2,2,10,1128.0,,14.0
simu5g_00000148,2,2,11,808.0,,11.0
simu5g_00000148,2,2,12,984.0,,13.0
simu5g_00000148,2,2,13,1128.0,,14.0
simu5g_00000148,2,2,14,1128.0,,14.0
simu5g_00000148,2,2,15,1128.0,,14.0
simu5g_00000148,2,2,16,888.0,,12.0
simu5g_00000148,2,2,17,1128.0,,14.0
simu5g_00000148,2,2,18,1128.0,,14.0
simu5g_00000148,2,2,19,1128.0,,14.0
simu5g_00000148,2,2,20,1128.0,,14.0
simu5g_00000148,2,2,21,984.0,,13.0
simu5g_00000148,2,2,22,984.0,,13.0
simu5g_00000148,2,2,23,1128.0,,14.0
simu5g_00000148,2,2,24,984.0,,13.0
simu5g_00000149,15,0,0,1160.0,,15.0
simu5g_00000149,15,0,1,1160.0,,15.0
simu5g_00000149,15,0,2,1160.0,,15.0
simu5g_00000149,15,0,3,1160.0,,15.0
simu5g_00000149,15,0,4,1160.0,,15.0
simu5g_00000149,15,0,5,984.0,,13.0
simu5g_00000149,15,0,6,1160.0,,15.0
simu5g_00000149,15,0,7,1160.0,,15.0
simu5g_00000149,15,0,8,1160.0,,15.0
simu5g_00000149,15,0,9,1160.0,,15.0
simu5g_00000149,15,0,10,1160.0,,15.0
simu5g_00000149,15,0,11,1160.0,,15.0
simu5g_00000149,15,0,12,1128.0,,14.0
simu5g_00000149,15,0,13,1160.0,,15.0
simu5g_00000149,15,0,14,1160.0,,15.0
simu5g_00000149,15,0,15,1160.0,,15.0
simu5g_00000149,15,0,16,1160.0,,15.0
simu5g_00000149,15,0,17,1160.0,,15.0
simu5g_00000149,15,0,18,1160.0,,15.0
simu5g_00000149,15,0,19,1160.0,,15.0
simu5g_00000149,15,0,20,1160.0,,15.0
simu5g_00000149,15,0,21,1160.0,,15.0
simu5g_00000149,15,0,22,1160.0,,15.0
simu5g_00000149,15,0,23,1160.0,,15.0
simu5g_00000149,15,0,24,1160.0,,15.0
simu5g_00000149,31,1,0,1128.0,,14.0
simu5g_00000149,31,1,1,1128.0,,14.0
simu5g_00000149,31,1,2,1160.0,,15.0
simu5g_00000149,31,1,3,1160.0,,15.0
simu5g_00000149,31,1,4,1160.0,,15.0
simu5g_00000149,31,1,5,1160.0,,15.0
simu5g_00000149,31,1,6,1160.0,,15.0
simu5g_00000149,31,1,7,1160.0,,15.0
simu5g_00000149,31,1,8,1160.0,,15.0
simu5g_00000149,31,1,9,1160.0,,15.0
simu5g_00000149,31,1,10,1160.0,,15.0
simu5g_00000149,31,1,11,1160.0,,15.0
simu5g_00000149,31,1,12,888.0,,12.0
simu5g_00000149,31,1,13,1160.0,,15.0
simu5g_00000149,31,1,14,1160.0,,15.0
simu5g_00000149,31,1,15,1160.0,,15.0
simu5g_00000149,31,1,16,1160.0,,15.0
simu5g_00000149,31,1,17,1160.0,,15.0
simu5g_00000149,31,1,18,1160.0,,15.0
simu5g_00000149,31,1,19,1160.0,,15.0
simu5g_00000149,31,1,20,1128.0,,14.0
simu5g_00000149,31,1,21,1160.0,,15.0
simu5g_00000149,31,1,22,1160.0,,15.0
simu5g_00000149,31,1,23,1160.0,,15.0
simu5g_00000149,31,1,24,1160.0,,15.0
simu5g_00000150,0,0,0,1160.0,,15.0
simu5g_00000150,0,0,1,528.0,,8.0
simu5g_00000150,0,0,2,1160.0,,15.0
simu5g_00000150,0,0,3,984.0,,13.0
simu5g_00000150,0,0,4,1128.0,,14.0
simu5g_00000150,0,0,5,984.0,,13.0
simu5g_00000150,0,0,6,984.0,,13.0
simu5g_00000150,0,0,7,1160.0,,15.0
simu5g_00000150,0,0,8,808.0,,11.0
simu5g_00000150,0,0,9,1128.0,,14.0
simu5g_00000150,0,0,10,1128.0,,14.0
simu5g_00000150,0,0,11,1160.0,,15.0
simu5g_00000150,0,0,12,1128.0,,14.0
simu5g_00000150,0,0,13,1128.0,,14.0
simu5g_00000150,0,0,14,1128.0,,14.0
simu5g_00000150,0,0,15,1128.0,,14.0
simu5g_00000150,0,0,16,984.0,,13.0
simu5g_00000150,0,0,17,1160.0,,15.0
simu5g_00000150,0,0,18,1128.0,,14.0
simu5g_00000150,0,0,19,984.0,,13.0
simu5g_00000150,0,0,20,1160.0,,15.0
simu5g_00000150,0,0,21,808.0,,11.0
simu5g_00000150,0,0,22,1160.0,,15.0
simu5g_00000150,0,0,23,1160.0,,15.0
simu5g_00000150,0,0,24,984.0,,13.0
simu5g_00000150,1,1,0,1128.0,,14.0
simu5g_00000150,1,1,1,984.0,,13.0
simu5g_00000150,1,1,2,984.0,,13.0
simu5g_00000150,1,1,3,1128.0,,14.0
simu5g_00000150,1,1,4,984.0,,13.0
simu5g_00000150,1,1,5,1128.0,,14.0
simu5g_00000150,1,1,6,1128.0,,14.0
simu5g_00000150,1,1,7,704.0,,10.0
simu5g_00000150,1,1,8,608.0,,9.0
simu5g_00000150,1,1,9,1128.0,,14.0
simu5g_00000150,1,1,10,984.0,,13.0
simu5g_00000150,1,1,11,984.0,,13.0
simu5g_00000150,1,1,12,984.0,,13.0
simu5g_00000150,1,1,13,1128.0,,14.0
simu5g_00000150,1,1,14,1128.0,,14.0
simu5g_00000150,1,1,15,1128.0,,14.0
simu5g_00000150,1,1,16,984.0,,13.0
simu5g_00000150,1,1,17,984.0,,13.0
simu5g_00000150,1,1,18,984.0,,13.0
simu5g_00000150,1,1,19,1128.0,,14.0
simu5g_00000150,1,1,20,1128.0,,14.0
simu5g_00000150,1,1,21,528.0,,8.0
simu5g_00000150,1,1,22,1128.0,,14.0
simu5g_00000150,1,1,23,888.0,,12.0
simu5g_00000150,1,1,24,1128.0,,14.0
simu5g_00000150,2,2,0,1128.0,,14.0
simu5g_00000150,2,2,1,1160.0,,15.0
simu5g_00000150,2,2,2,1128.0,,14.0
simu5g_00000150,2,2,3,1160.0,,15.0
simu5g_00000150,2,2,4,1128.0,,14.0
simu5g_00000150,2,2,5,984.0,,13.0
simu5g_00000150,2,2,6,1128.0,,14.0
simu5g_00000150,2,2,7,608.0,,9.0
simu5g_00000150,2,2,8,1160.0,,15.0
simu5g_00000150,2,2,9,1128.0,,14.0
simu5g_00000150,2,2,10,1128.0,,14.0
simu5g_00000150,2,2,11,808.0,,11.0
simu5g_00000150,2,2,12,984.0,,13.0
simu5g_00000150,2,2,13,1128.0,,14.0
simu5g_00000150,2,2,14,1128.0,,14.0
simu5g_00000150,2,2,15,1128.0,,14.0
simu5g_00000150,2,2,16,888.0,,12.0
simu5g_00000150,2,2,17,1128.0,,14.0
simu5g_00000150,2,2,18,1128.0,,14.0
simu5g_00000150,2,2,19,1128.0,,14.0
simu5g_00000150,2,2,20,1128.0,,14.0
simu5g_00000150,2,2,21,984.0,,13.0
simu5g_00000150,2,2,22,984.0,,13.0
simu5g_00000150,2,2,23,1128.0,,14.0
simu5g_00000150,2,2,24,984.0,,13.0
simu5g_00000151,15,0,0,1160.0,,15.0
simu5g_00000151,15,0,1,1160.0,,15.0
simu5g_00000151,15,0,2,1160.0,,15.0
simu5g_00000151,15,0,3,1160.0,,15.0
simu5g_00000151,15,0,4,1160.0,,15.0
simu5g_00000151,15,0,5,984.0,,13.0
simu5g_00000151,15,0,6,1160.0,,15.0
simu5g_00000151,15,0,7,1160.0,,15.0
simu5g_00000151,15,0,8,1160.0,,15.0
simu5g_00000151,15,0,9,1160.0,,15.0
simu5g_00000151,15,0,10,1160.0,,15.0
simu5g_00000151,15,0,11,1160.0,,15.0
simu5g_00000151,15,0,12,1128.0,,14.0
simu5g_00000151,15,0,13,1160.0,,15.0
simu5g_00000151,15,0,14,1160.0,,15.0
simu5g_00000151,15,0,15,1160.0,,15.0
simu5g_00000151,15,0,16,1160.0,,15.0
simu5g_00000151,15,0,17,1160.0,,15.0
simu5g_00000151,15,0,18,1160.0,,15.0
simu5g_00000151,15,0,19,1160.0,,15.0
simu5g_00000151,15,0,20,1160.0,,15.0
simu5g_00000151,15,0,21,1160.0,,15.0
simu5g_00000151,15,0,22,1160.0,,15.0
simu5g_00000151,15,0,23,1160.0,,15.0
simu5g_00000151,15,0,24,1160.0,,15.0
simu5g_00000151,31,1,0,1160.0,,15.0
simu5g_00000151,31,1,1,1128.0,,14.0
simu5g_00000151,31,1,2,1160.0,,15.0
simu5g_00000151,31,1,3,1160.0,,15.0
simu5g_00000151,31,1,4,1160.0,,15.0
simu5g_00000151,31,1,5,1160.0,,15.0
simu5g_00000151,31,1,6,1160.0,,15.0
simu5g_00000151,31,1,7,1160.0,,15.0
simu5g_00000151,31,1,8,1160.0,,15.0
simu5g_00000151,31,1,9,1160.0,,15.0
simu5g_00000151,31,1,10,1160.0,,15.0
simu5g_00000151,31,1,11,1160.0,,15.0
simu5g_00000151,31,1,12,888.0,,12.0
simu5g_00000151,31,1,13,1160.0,,15.0
simu5g_00000151,31,1,14,1160.0,,15.0
simu5g_00000151,31,1,15,1160.0,,15.0
simu5g_00000151,31,1,16,1160.0,,15.0
simu5g_00000151,31,1,17,1160.0,,15.0
simu5g_00000151,31,1,18,1160.0,,15.0
simu5g_00000151,31,1,19,1160.0,,15.0
simu5g_00000151,31,1,20,1128.0,,14.0
simu5g_00000151,31,1,21,1160.0,,15.0
simu5g_00000151,31,1,22,1160.0,,15.0
simu5g_00000151,31,1,23,1160.0,,15.0
simu5g_00000151,31,1,24,1160.0,,15.0
simu5g_00000152,0,0,0,1160.0,,15.0
simu5g_00000152,0,0,1,528.0,,8.0
simu5g_00000152,0,0,2,1160.0,,15.0
simu5g_00000152,0,0,3,984.0,,13.0
simu5g_00000152,0,0,4,1128.0,,14.0
simu5g_00000152,0,0,5,984.0,,13.0
simu5g_00000152,0,0,6,984.0,,13.0
simu5g_00000152,0,0,7,1160.0,,15.0
simu5g_00000152,0,0,8,808.0,,11.0
simu5g_00000152,0,0,9,1128.0,,14.0
simu5g_00000152,0,0,10,1128.0,,14.0
simu5g_00000152,0,0,11,1160.0,,15.0
simu5g_00000152,0,0,12,1128.0,,14.0
simu5g_00000152,0,0,13,1128.0,,14.0
simu5g_00000152,0,0,14,1128.0,,14.0
simu5g_00000152,0,0,15,1128.0,,14.0
simu5g_00000152,0,0,16,984.0,,13.0
simu5g_00000152,0,0,17,1160.0,,15.0
simu5g_00000152,0,0,18,1128.0,,14.0
simu5g_00000152,0,0,19,984.0,,13.0
simu5g_00000152,0,0,20,1160.0,,15.0
simu5g_00000152,0,0,21,808.0,,11.0
simu5g_00000152,0,0,22,1160.0,,15.0
simu5g_00000152,0,0,23,1160.0,,15.0
simu5g_00000152,0,0,24,984.0,,13.0
simu5g_00000152,1,1,0,1128.0,,14.0
simu5g_00000152,1,1,1,984.0,,13.0
simu5g_00000152,1,1,2,984.0,,13.0
simu5g_00000152,1,1,3,1128.0,,14.0
simu5g_00000152,1,1,4,984.0,,13.0
simu5g_00000152,1,1,5,1128.0,,14.0
simu5g_00000152,1,1,6,1128.0,,14.0
simu5g_00000152,1,1,7,704.0,,10.0
simu5g_00000152,1,1,8,608.0,,9.0
simu5g_00000152,1,1,9,1128.0,,14.0
simu5g_00000152,1,1,10,984.0,,13.0
simu5g_00000152,1,1,11,984.0,,13.0
simu5g_00000152,1,1,12,984.0,,13.0
simu5g_00000152,1,1,13,1128.0,,14.0
simu5g_00000152,1,1,14,1128.0,,14.0
simu5g_00000152,1,1,15,1128.0,,14.0
simu5g_00000152,1,1,16,984.0,,13.0
simu5g_00000152,1,1,17,984.0,,13.0
simu5g_00000152,1,1,18,984.0,,13.0
simu5g_00000152,1,1,19,1128.0,,14.0
simu5g_00000152,1,1,20,1128.0,,14.0
simu5g_00000152,1,1,21,528.0,,8.0
simu5g_00000152,1,1,22,1128.0,,14.0
simu5g_00000152,1,1,23,888.0,,12.0
simu5g_00000152,1,1,24,1128.0,,14.0
simu5g_00000152,2,2,0,1128.0,,14.0
simu5g_00000152,2,2,1,1160.0,,15.0
simu5g_00000152,2,2,2,1128.0,,14.0
simu5g_00000152,2,2,3,1160.0,,15.0
simu5g_00000152,2,2,4,1128.0,,14.0
simu5g_00000152,2,2,5,984.0,,13.0
simu5g_00000152,2,2,6,1128.0,,14.0
simu5g_00000152,2,2,7,608.0,,9.0
simu5g_00000152,2,2,8,1160.0,,15.0
simu5g_00000152,2,2,9,1128.0,,14.0
simu5g_00000152,2,2,10,1128.0,,14.0
simu5g_00000152,2,2,11,808.0,,11.0
simu5g_00000152,2,2,12,984.0,,13.0
simu5g_00000152,2,2,13,1128.0,,14.0
simu5g_00000152,2,2,14,1128.0,,14.0
simu5g_00000152,2,2,15,1128.0,,14.0
simu5g_00000152,2,2,16,888.0,,12.0
simu5g_00000152,2,2,17,1128.0,,14.0
simu5g_00000152,2,2,18,1128.0,,14.0
simu5g_00000152,2,2,19,1128.0,,14.0
simu5g_00000152,2,2,20,1128.0,,14.0
simu5g_00000152,2,2,21,984.0,,13.0
simu5g_00000152,2,2,22,984.0,,13.0
simu5g_00000152,2,2,23,1128.0,,14.0
simu5g_00000152,2,2,24,984.0,,13.0
simu5g_00000153,15,0,0,1160.0,,15.0
simu5g_00000153,15,0,1,1160.0,,15.0
simu5g_00000153,15,0,2,1160.0,,15.0
simu5g_00000153,15,0,3,1160.0,,15.0
simu5g_00000153,15,0,4,1160.0,,15.0
simu5g_00000153,15,0,5,1128.0,,14.0
simu5g_00000153,15,0,6,1160.0,,15.0
simu5g_00000153,15,0,7,1160.0,,15.0
simu5g_00000153,15,0,8,1160.0,,15.0
simu5g_00000153,15,0,9,1160.0,,15.0
simu5g_00000153,15,0,10,1160.0,,15.0
simu5g_00000153,15,0,11,1160.0,,15.0
simu5g_00000153,15,0,12,1128.0,,14.0
simu5g_00000153,15,0,13,1160.0,,15.0
simu5g_00000153,15,0,14,1160.0,,15.0
simu5g_00000153,15,0,15,1160.0,,15.0
simu5g_00000153,15,0,16,1160.0,,15.0
simu5g_00000153,15,0,17,1160.0,,15.0
simu5g_00000153,15,0,18,1160.0,,15.0
simu5g_00000153,15,0,19,1160.0,,15.0
simu5g_00000153,15,0,20,1160.0,,15.0
simu5g_00000153,15,0,21,1160.0,,15.0
simu5g_00000153,15,0,22,1160.0,,15.0
simu5g_00000153,15,0,23,1160.0,,15.0
simu5g_00000153,15,0,24,1160.0,,15.0
simu5g_00000153,31,1,0,1160.0,,15.0
simu5g_00000153,31,1,1,1128.0,,14.0
simu5g_00000153,31,1,2,1160.0,,15.0
simu5g_00000153,31,1,3,1160.0,,15.0
simu5g_00000153,31,1,4,1160.0,,15.0
simu5g_00000153,31,1,5,1160.0,,15.0
simu5g_00000153,31,1,6,1160.0,,15.0
simu5g_00000153,31,1,7,1160.0,,15.0
simu5g_00000153,31,1,8,1160.0,,15.0
simu5g_00000153,31,1,9,1160.0,,15.0
simu5g_00000153,31,1,10,1160.0,,15.0
simu5g_00000153,31,1,11,1160.0,,15.0
simu5g_00000153,31,1,12,888.0,,12.0
simu5g_00000153,31,1,13,1160.0,,15.0
simu5g_00000153,31,1,14,1160.0,,15.0
simu5g_00000153,31,1,15,1160.0,,15.0
simu5g_00000153,31,1,16,1160.0,,15.0
simu5g_00000153,31,1,17,1160.0,,15.0
simu5g_00000153,31,1,18,1160.0,,15.0
simu5g_00000153,31,1,19,1160.0,,15.0
simu5g_00000153,31,1,20,1160.0,,15.0
simu5g_00000153,31,1,21,1160.0,,15.0
simu5g_00000153,31,1,22,1160.0,,15.0
simu5g_00000153,31,1,23,1160.0,,15.0
simu5g_00000153,31,1,24,1160.0,,15.0
simu5g_00000154,0,0,0,1160.0,,15.0
simu5g_00000154,0,0,1,528.0,,8.0
simu5g_00000154,0,0,2,1160.0,,15.0
simu5g_00000154,0,0,3,984.0,,13.0
simu5g_00000154,0,0,4,1128.0,,14.0
simu5g_00000154,0,0,5,984.0,,13.0
simu5g_00000154,0,0,6,984.0,,13.0
simu5g_00000154,0,0,7,1160.0,,15.0
simu5g_00000154,0,0,8,808.0,,11.0
simu5g_00000154,0,0,9,1128.0,,14.0
simu5g_00000154,0,0,10,1128.0,,14.0
simu5g_00000154,0,0,11,1160.0,,15.0
simu5g_00000154,0,0,12,1128.0,,14.0
simu5g_00000154,0,0,13,1128.0,,14.0
simu5g_00000154,0,0,14,1128.0,,14.0
simu5g_00000154,0,0,15,1128.0,,14.0
simu5g_00000154,0,0,16,984.0,,13.0
simu5g_00000154,0,0,17,1160.0,,15.0
simu5g_00000154,0,0,18,1128.0,,14.0
simu5g_00000154,0,0,19,984.0,,13.0
simu5g_00000154,0,0,20,1160.0,,15.0
simu5g_00000154,0,0,21,808.0,,11.0
simu5g_00000154,0,0,22,1160.0,,15.0
simu5g_00000154,0,0,23,1160.0,,15.0
simu5g_00000154,0,0,24,984.0,,13.0
simu5g_00000154,1,1,0,1128.0,,14.0
simu5g_00000154,1,1,1,984.0,,13.0
simu5g_00000154,1,1,2,984.0,,13.0
simu5g_00000154,1,1,3,1128.0,,14.0
simu5g_00000154,1,1,4,984.0,,13.0
simu5g_00000154,1,1,5,1128.0,,14.0
simu5g_00000154,1,1,6,1128.0,,14.0
simu5g_00000154,1,1,7,704.0,,10.0
simu5g_00000154,1,1,8,608.0,,9.0
simu5g_00000154,1,1,9,1128.0,,14.0
simu5g_00000154,1,1,10,984.0,,13.0
simu5g_00000154,1,1,11,984.0,,13.0
simu5g_00000154,1,1,12,984.0,,13.0
simu5g_00000154,1,1,13,1128.0,,14.0
simu5g_00000154,1,1,14,1128.0,,14.0
simu5g_00000154,1,1,15,1128.0,,14.0
simu5g_00000154,1,1,16,984.0,,13.0
simu5g_00000154,1,1,17,984.0,,13.0
simu5g_00000154,1,1,18,984.0,,13.0
simu5g_00000154,1,1,19,1128.0,,14.0
simu5g_00000154,1,1,20,1128.0,,14.0
simu5g_00000154,1,1,21,528.0,,8.0
simu5g_00000154,1,1,22,1128.0,,14.0
simu5g_00000154,1,1,23,888.0,,12.0
simu5g_00000154,1,1,24,1128.0,,14.0
simu5g_00000154,2,2,0,1128.0,,14.0
simu5g_00000154,2,2,1,1160.0,,15.0
simu5g_00000154,2,2,2,1128.0,,14.0
simu5g_00000154,2,2,3,1160.0,,15.0
simu5g_00000154,2,2,4,1128.0,,14.0
simu5g_00000154,2,2,5,984.0,,13.0
simu5g_00000154,2,2,6,1128.0,,14.0
simu5g_00000154,2,2,7,608.0,,9.0
simu5g_00000154,2,2,8,1160.0,,15.0
simu5g_00000154,2,2,9,1128.0,,14.0
simu5g_00000154,2,2,10,1128.0,,14.0
simu5g_00000154,2,2,11,808.0,,11.0
simu5g_00000154,2,2,12,984.0,,13.0
simu5g_00000154,2,2,13,1128.0,,14.0
simu5g_00000154,2,2,14,1128.0,,14.0
simu5g_00000154,2,2,15,1128.0,,14.0
simu5g_00000154,2,2,16,888.0,,12.0
simu5g_00000154,2,2,17,1128.0,,14.0
simu5g_00000154,2,2,18,1128.0,,14.0
simu5g_00000154,2,2,19,1128.0,,14.0
simu5g_00000154,2,2,20,1128.0,,14.0
simu5g_00000154,2,2,21,984.0,,13.0
simu5g_00000154,2,2,22,984.0,,13.0
simu5g_00000154,2,2,23,1128.0,,14.0
simu5g_00000154,2,2,24,984.0,,13.0
simu5g_00000155,15,0,0,1160.0,,15.0
simu5g_00000155,15,0,1,1160.0,,15.0
simu5g_00000155,15,0,2,1160.0,,15.0
simu5g_00000155,15,0,3,1160.0,,15.0
simu5g_00000155,15,0,4,1160.0,,15.0
simu5g_00000155,15,0,5,1128.0,,14.0
simu5g_00000155,15,0,6,1160.0,,15.0
simu5g_00000155,15,0,7,1160.0,,15.0
simu5g_00000155,15,0,8,1160.0,,15.0
simu5g_00000155,15,0,9,1160.0,,15.0
simu5g_00000155,15,0,10,1160.0,,15.0
simu5g_00000155,15,0,11,1160.0,,15.0
simu5g_00000155,15,0,12,1128.0,,14.0
simu5g_00000155,15,0,13,1160.0,,15.0
simu5g_00000155,15,0,14,1160.0,,15.0
simu5g_00000155,15,0,15,1160.0,,15.0
simu5g_00000155,15,0,16,1160.0,,15.0
simu5g_00000155,15,0,17,1160.0,,15.0
simu5g_00000155,15,0,18,1160.0,,15.0
simu5g_00000155,15,0,19,1160.0,,15.0
simu5g_00000155,15,0,20,1160.0,,15.0
simu5g_00000155,15,0,21,1160.0,,15.0
simu5g_00000155,15,0,22,1160.0,,15.0
simu5g_00000155,15,0,23,1160.0,,15.0
simu5g_00000155,15,0,24,1160.0,,15.0
simu5g_00000155,31,1,0,1160.0,,15.0
simu5g_00000155,31,1,1,1128.0,,14.0
simu5g_00000155,31,1,2,1160.0,,15.0
simu5g_00000155,31,1,3,1160.0,,15.0
simu5g_00000155,31,1,4,1160.0,,15.0
simu5g_00000155,31,1,5,1160.0,,15.0
simu5g_00000155,31,1,6,1160.0,,15.0
simu5g_00000155,31,1,7,1160.0,,15.0
simu5g_00000155,31,1,8,1160.0,,15.0
simu5g_00000155,31,1,9,1160.0,,15.0
simu5g_00000155,31,1,10,1160.0,,15.0
simu5g_00000155,31,1,11,1160.0,,15.0
simu5g_00000155,31,1,12,888.0,,12.0
simu5g_00000155,31,1,13,1160.0,,15.0
simu5g_00000155,31,1,14,1160.0,,15.0
simu5g_00000155,31,1,15,1160.0,,15.0
simu5g_00000155,31,1,16,1160.0,,15.0
simu5g_00000155,31,1,17,1160.0,,15.0
simu5g_00000155,31,1,18,1160.0,,15.0
simu5g_00000155,31,1,19,1160.0,,15.0
simu5g_00000155,31,1,20,1160.0,,15.0
simu5g_00000155,31,1,21,1160.0,,15.0
simu5g_00000155,31,1,22,1160.0,,15.0
simu5g_00000155,31,1,23,1160.0,,15.0
simu5g_00000155,31,1,24,1160.0,,15.0
simu5g_00000156,0,0,0,1160.0,,15.0
simu5g_00000156,0,0,1,528.0,,8.0
simu5g_00000156,0,0,2,1160.0,,15.0
simu5g_00000156,0,0,3,984.0,,13.0
simu5g_00000156,0,0,4,1128.0,,14.0
simu5g_00000156,0,0,5,984.0,,13.0
simu5g_00000156,0,0,6,984.0,,13.0
simu5g_00000156,0,0,7,1160.0,,15.0
simu5g_00000156,0,0,8,808.0,,11.0
simu5g_00000156,0,0,9,1128.0,,14.0
simu5g_00000156,0,0,10,1128.0,,14.0
simu5g_00000156,0,0,11,1160.0,,15.0
simu5g_00000156,0,0,12,1128.0,,14.0
simu5g_00000156,0,0,13,1128.0,,14.0
simu5g_00000156,0,0,14,1128.0,,14.0
simu5g_00000156,0,0,15,1128.0,,14.0
simu5g_00000156,0,0,16,984.0,,13.0
simu5g_00000156,0,0,17,1160.0,,15.0
simu5g_00000156,0,0,18,1128.0,,14.0
simu5g_00000156,0,0,19,984.0,,13.0
simu5g_00000156,0,0,20,1160.0,,15.0
simu5g_00000156,0,0,21,808.0,,11.0
simu5g_00000156,0,0,22,1160.0,,15.0
simu5g_00000156,0,0,23,1160.0,,15.0
simu5g_00000156,0,0,24,984.0,,13.0
simu5g_00000156,1,1,0,1128.0,,14.0
simu5g_00000156,1,1,1,984.0,,13.0
simu5g_00000156,1,1,2,984.0,,13.0
simu5g_00000156,1,1,3,1128.0,,14.0
simu5g_00000156,1,1,4,984.0,,13.0
simu5g_00000156,1,1,5,1128.0,,14.0
simu5g_00000156,1,1,6,1128.0,,14.0
simu5g_00000156,1,1,7,704.0,,10.0
simu5g_00000156,1,1,8,608.0,,9.0
simu5g_00000156,1,1,9,1128.0,,14.0
simu5g_00000156,1,1,10,984.0,,13.0
simu5g_00000156,1,1,11,984.0,,13.0
simu5g_00000156,1,1,12,984.0,,13.0
simu5g_00000156,1,1,13,1128.0,,14.0
simu5g_00000156,1,1,14,1128.0,,14.0
simu5g_00000156,1,1,15,1128.0,,14.0
simu5g_00000156,1,1,16,984.0,,13.0
simu5g_00000156,1,1,17,984.0,,13.0
simu5g_00000156,1,1,18,984.0,,13.0
simu5g_00000156,1,1,19,1128.0,,14.0
simu5g_00000156,1,1,20,1128.0,,14.0
simu5g_00000156,1,1,21,528.0,,8.0
simu5g_00000156,1,1,22,1128.0,,14.0
simu5g_00000156,1,1,23,888.0,,12.0
simu5g_00000156,1,1,24,1128.0,,14.0
simu5g_00000156,2,2,0,1128.0,,14.0
simu5g_00000156,2,2,1,1160.0,,15.0
simu5g_00000156,2,2,2,1128.0,,14.0
simu5g_00000156,2,2,3,1160.0,,15.0
simu5g_00000156,2,2,4,1128.0,,14.0
simu5g_00000156,2,2,5,984.0,,13.0
simu5g_00000156,2,2,6,1128.0,,14.0
simu5g_00000156,2,2,7,608.0,,9.0
simu5g_00000156,2,2,8,1160.0,,15.0
simu5g_00000156,2,2,9,1128.0,,14.0
simu5g_00000156,2,2,10,1128.0,,14.0
simu5g_00000156,2,2,11,808.0,,11.0
simu5g_00000156,2,2,12,984.0,,13.0
simu5g_00000156,2,2,13,1128.0,,14.0
simu5g_00000156,2,2,14,1128.0,,14.0
simu5g_00000156,2,2,15,1128.0,,14.0
simu5g_00000156,2,2,16,888.0,,12.0
simu5g_00000156,2,2,17,1128.0,,14.0
simu5g_00000156,2,2,18,1128.0,,14.0
simu5g_00000156,2,2,19,1128.0,,14.0
simu5g_00000156,2,2,20,1128.0,,14.0
simu5g_00000156,2,2,21,984.0,,13.0
simu5g_00000156,2,2,22,984.0,,13.0
simu5g_00000156,2,2,23,1128.0,,14.0
simu5g_00000156,2,2,24,984.0,,13.0
simu5g_00000157,15,0,0,1160.0,,15.0
simu5g_00000157,15,0,1,1160.0,,15.0
simu5g_00000157,15,0,2,1160.0,,15.0
simu5g_00000157,15,0,3,1160.0,,15.0
simu5g_00000157,15,0,4,1160.0,,15.0
simu5g_00000157,15,0,5,1128.0,,14.0
simu5g_00000157,15,0,6,1160.0,,15.0
simu5g_00000157,15,0,7,1160.0,,15.0
simu5g_00000157,15,0,8,1160.0,,15.0
simu5g_00000157,15,0,9,1160.0,,15.0
simu5g_00000157,15,0,10,1160.0,,15.0
simu5g_00000157,15,0,11,1160.0,,15.0
simu5g_00000157,15,0,12,1128.0,,14.0
simu5g_00000157,15,0,13,1160.0,,15.0
simu5g_00000157,15,0,14,1160.0,,15.0
simu5g_00000157,15,0,15,1160.0,,15.0
simu5g_00000157,15,0,16,1160.0,,15.0
simu5g_00000157,15,0,17,1160.0,,15.0
simu5g_00000157,15,0,18,1160.0,,15.0
simu5g_00000157,15,0,19,1160.0,,15.0
simu5g_00000157,15,0,20,1160.0,,15.0
simu5g_00000157,15,0,21,1160.0,,15.0
simu5g_00000157,15,0,22,1160.0,,15.0
simu5g_00000157,15,0,23,1160.0,,15.0
simu5g_00000157,15,0,24,1160.0,,15.0
simu5g_00000157,31,1,0,1160.0,,15.0
simu5g_00000157,31,1,1,1128.0,,14.0
simu5g_00000157,31,1,2,1160.0,,15.0
simu5g_00000157,31,1,3,1160.0,,15.0
simu5g_00000157,31,1,4,1160.0,,15.0
simu5g_00000157,31,1,5,1160.0,,15.0
simu5g_00000157,31,1,6,1160.0,,15.0
simu5g_00000157,31,1,7,1160.0,,15.0
simu5g_00000157,31,1,8,1160.0,,15.0
simu5g_00000157,31,1,9,1160.0,,15.0
simu5g_00000157,31,1,10,1160.0,,15.0
simu5g_00000157,31,1,11,1160.0,,15.0
simu5g_00000157,31,1,12,888.0,,12.0
simu5g_00000157,31,1,13,1160.0,,15.0
simu5g_00000157,31,1,14,1160.0,,15.0
simu5g_00000157,31,1,15,1160.0,,15.0
simu5g_00000157,31,1,16,1160.0,,15.0
simu5g_00000157,31,1,17,1160.0,,15.0
simu5g_00000157,31,1,18,1160.0,,15.0
simu5g_00000157,31,1,19,1160.0,,15.0
simu5g_00000157,31,1,20,1160.0,,15.0
simu5g_00000157,31,1,21,1160.0,,15.0
simu5g_00000157,31,1,22,1160.0,,15.0
simu5g_00000157,31,1,23,1160.0,,15.0
simu5g_00000157,31,1,24,1160.0,,15.0
simu5g_00000158,0,0,0,1160.0,,15.0
simu5g_00000158,0,0,1,528.0,,8.0
simu5g_00000158,0,0,2,1160.0,,15.0
simu5g_00000158,0,0,3,984.0,,13.0
simu5g_00000158,0,0,4,1128.0,,14.0
simu5g_00000158,0,0,5,984.0,,13.0
simu5g_00000158,0,0,6,984.0,,13.0
simu5g_00000158,0,0,7,1160.0,,15.0
simu5g_00000158,0,0,8,808.0,,11.0
simu5g_00000158,0,0,9,1128.0,,14.0
simu5g_00000158,0,0,10,1128.0,,14.0
simu5g_00000158,0,0,11,1160.0,,15.0
simu5g_00000158,0,0,12,1128.0,,14.0
simu5g_00000158,0,0,13,1128.0,,14.0
simu5g_00000158,0,0,14,1128.0,,14.0
simu5g_00000158,0,0,15,1128.0,,14.0
simu5g_00000158,0,0,16,984.0,,13.0
simu5g_00000158,0,0,17,1160.0,,15.0
simu5g_00000158,0,0,18,1128.0,,14.0
simu5g_00000158,0,0,19,984.0,,13.0
simu5g_00000158,0,0,20,1160.0,,15.0
simu5g_00000158,0,0,21,808.0,,11.0
simu5g_00000158,0,0,22,1160.0,,15.0
simu5g_00000158,0,0,23,1160.0,,15.0
simu5g_00000158,0,0,24,984.0,,13.0
simu5g_00000158,1,1,0,1128.0,,14.0
simu5g_00000158,1,1,1,984.0,,13.0
simu5g_00000158,1,1,2,984.0,,13.0
simu5g_00000158,1,1,3,1128.0,,14.0
simu5g_00000158,1,1,4,984.0,,13.0
simu5g_00000158,1,1,5,1128.0,,14.0
simu5g_00000158,1,1,6,1128.0,,14.0
simu5g_00000158,1,1,7,704.0,,10.0
simu5g_00000158,1,1,8,608.0,,9.0
simu5g_00000158,1,1,9,1128.0,,14.0
simu5g_00000158,1,1,10,984.0,,13.0
simu5g_00000158,1,1,11,984.0,,13.0
simu5g_00000158,1,1,12,984.0,,13.0
simu5g_00000158,1,1,13,1128.0,,14.0
simu5g_00000158,1,1,14,1128.0,,14.0
simu5g_00000158,1,1,15,1128.0,,14.0
simu5g_00000158,1,1,16,984.0,,13.0
simu5g_00000158,1,1,17,984.0,,13.0
simu5g_00000158,1,1,18,984.0,,13.0
simu5g_00000158,1,1,19,1128.0,,14.0
simu5g_00000158,1,1,20,1128.0,,14.0
simu5g_00000158,1,1,21,528.0,,8.0
simu5g_00000158,1,1,22,1128.0,,14.0
simu5g_00000158,1,1,23,888.0,,12.0
simu5g_00000158,1,1,24,1128.0,,14.0
simu5g_00000158,2,2,0,1128.0,,14.0
simu5g_00000158,2,2,1,1160.0,,15.0
simu5g_00000158,2,2,2,1128.0,,14.0
simu5g_00000158,2,2,3,1160.0,,15.0
simu5g_00000158,2,2,4,1128.0,,14.0
simu5g_00000158,2,2,5,984.0,,13.0
simu5g_00000158,2,2,6,1128.0,,14.0
simu5g_00000158,2,2,7,608.0,,9.0
simu5g_00000158,2,2,8,1160.0,,15.0
simu5g_00000158,2,2,9,1128.0,,14.0
simu5g_00000158,2,2,10,1128.0,,14.0
simu5g_00000158,2,2,11,808.0,,11.0
simu5g_00000158,2,2,12,984.0,,13.0
simu5g_00000158,2,2,13,1128.0,,14.0
simu5g_00000158,2,2,14,1128.0,,14.0
simu5g_00000158,2,2,15,1128.0,,14.0
simu5g_00000158,2,2,16,888.0,,12.0
simu5g_00000158,2,2,17,1128.0,,14.0
simu5g_00000158,2,2,18,1128.0,,14.0
simu5g_00000158,2,2,19,1128.0,,14.0
simu5g_00000158,2,2,20,1128.0,,14.0
simu5g_00000158,2,2,21,984.0,,13.0
simu5g_00000158,2,2,22,984.0,,13.0
simu5g_00000158,2,2,23,1128.0,,14.0
simu5g_00000158,2,2,24,984.0,,13.0
simu5g_00000159,15,0,0,1160.0,,15.0
simu5g_00000159,15,0,1,1160.0,,15.0
simu5g_00000159,15,0,2,1160.0,,15.0
simu5g_00000159,15,0,3,1160.0,,15.0
simu5g_00000159,15,0,4,1160.0,,15.0
simu5g_00000159,15,0,5,1128.0,,14.0
simu5g_00000159,15,0,6,1160.0,,15.0
simu5g_00000159,15,0,7,1160.0,,15.0
simu5g_00000159,15,0,8,1160.0,,15.0
simu5g_00000159,15,0,9,1160.0,,15.0
simu5g_00000159,15,0,10,1160.0,,15.0
simu5g_00000159,15,0,11,1160.0,,15.0
simu5g_00000159,15,0,12,1128.0,,14.0
simu5g_00000159,15,0,13,1160.0,,15.0
simu5g_00000159,15,0,14,1160.0,,15.0
simu5g_00000159,15,0,15,1160.0,,15.0
simu5g_00000159,15,0,16,1160.0,,15.0
simu5g_00000159,15,0,17,1160.0,,15.0
simu5g_00000159,15,0,18,1160.0,,15.0
simu5g_00000159,15,0,19,1160.0,,15.0
simu5g_00000159,15,0,20,1160.0,,15.0
simu5g_00000159,15,0,21,1160.0,,15.0
simu5g_00000159,15,0,22,1160.0,,15.0
simu5g_00000159,15,0,23,1160.0,,15.0
simu5g_00000159,15,0,24,1160.0,,15.0
simu5g_00000159,31,1,0,1160.0,,15.0
simu5g_00000159,31,1,1,1128.0,,14.0
simu5g_00000159,31,1,2,1160.0,,15.0
simu5g_00000159,31,1,3,1160.0,,15.0
simu5g_00000159,31,1,4,1160.0,,15.0
simu5g_00000159,31,1,5,1160.0,,15.0
simu5g_00000159,31,1,6,1160.0,,15.0
simu5g_00000159,31,1,7,1160.0,,15.0
simu5g_00000159,31,1,8,1160.0,,15.0
simu5g_00000159,31,1,9,1160.0,,15.0
simu5g_00000159,31,1,10,1160.0,,15.0
simu5g_00000159,31,1,11,1160.0,,15.0
simu5g_00000159,31,1,12,888.0,,12.0
simu5g_00000159,31,1,13,1160.0,,15.0
simu5g_00000159,31,1,14,1160.0,,15.0
simu5g_00000159,31,1,15,1160.0,,15.0
simu5g_00000159,31,1,16,1160.0,,15.0
simu5g_00000159,31,1,17,1160.0,,15.0
simu5g_00000159,31,1,18,1160.0,,15.0
simu5g_00000159,31,1,19,1160.0,,15.0
simu5g_00000159,31,1,20,1160.0,,15.0
simu5g_00000159,31,1,21,1160.0,,15.0
simu5g_00000159,31,1,22,1160.0,,15.0
simu5g_00000159,31,1,23,1160.0,,15.0
simu5g_00000159,31,1,24,1160.0,,15.0
simu5g_00000160,0,0,0,1160.0,,15.0
simu5g_00000160,0,0,1,528.0,,8.0
simu5g_00000160,0,0,2,1160.0,,15.0
simu5g_00000160,0,0,3,984.0,,13.0
simu5g_00000160,0,0,4,1128.0,,14.0
simu5g_00000160,0,0,5,984.0,,13.0
simu5g_00000160,0,0,6,984.0,,13.0
simu5g_00000160,0,0,7,1160.0,,15.0
simu5g_00000160,0,0,8,808.0,,11.0
simu5g_00000160,0,0,9,1128.0,,14.0
simu5g_00000160,0,0,10,1128.0,,14.0
simu5g_00000160,0,0,11,1160.0,,15.0
simu5g_00000160,0,0,12,1128.0,,14.0
simu5g_00000160,0,0,13,1128.0,,14.0
simu5g_00000160,0,0,14,1128.0,,14.0
simu5g_00000160,0,0,15,1128.0,,14.0
simu5g_00000160,0,0,16,984.0,,13.0
simu5g_00000160,0,0,17,1160.0,,15.0
simu5g_00000160,0,0,18,1128.0,,14.0
simu5g_00000160,0,0,19,984.0,,13.0
simu5g_00000160,0,0,20,1160.0,,15.0
simu5g_00000160,0,0,21,808.0,,11.0
simu5g_00000160,0,0,22,1160.0,,15.0
simu5g_00000160,0,0,23,1160.0,,15.0
simu5g_00000160,0,0,24,984.0,,13.0
simu5g_00000160,1,1,0,1128.0,,14.0
simu5g_00000160,1,1,1,984.0,,13.0
simu5g_00000160,1,1,2,984.0,,13.0
simu5g_00000160,1,1,3,1128.0,,14.0
simu5g_00000160,1,1,4,984.0,,13.0
simu5g_00000160,1,1,5,1128.0,,14.0
simu5g_00000160,1,1,6,1128.0,,14.0
simu5g_00000160,1,1,7,704.0,,10.0
simu5g_00000160,1,1,8,608.0,,9.0
simu5g_00000160,1,1,9,1128.0,,14.0
simu5g_00000160,1,1,10,984.0,,13.0
simu5g_00000160,1,1,11,984.0,,13.0
simu5g_00000160,1,1,12,984.0,,13.0
simu5g_00000160,1,1,13,1128.0,,14.0
simu5g_00000160,1,1,14,1128.0,,14.0
simu5g_00000160,1,1,15,1128.0,,14.0
simu5g_00000160,1,1,16,984.0,,13.0
simu5g_00000160,1,1,17,984.0,,13.0
simu5g_00000160,1,1,18,984.0,,13.0
simu5g_00000160,1,1,19,1128.0,,14.0
simu5g_00000160,1,1,20,1128.0,,14.0
simu5g_00000160,1,1,21,528.0,,8.0
simu5g_00000160,1,1,22,1128.0,,14.0
simu5g_00000160,1,1,23,888.0,,12.0
simu5g_00000160,1,1,24,1128.0,,14.0
simu5g_00000160,2,2,0,1128.0,,14.0
simu5g_00000160,2,2,1,1160.0,,15.0
simu5g_00000160,2,2,2,1128.0,,14.0
simu5g_00000160,2,2,3,1160.0,,15.0
simu5g_00000160,2,2,4,1128.0,,14.0
simu5g_00000160,2,2,5,984.0,,13.0
simu5g_00000160,2,2,6,1128.0,,14.0
simu5g_00000160,2,2,7,608.0,,9.0
simu5g_00000160,2,2,8,1160.0,,15.0
simu5g_00000160,2,2,9,1128.0,,14.0
simu5g_00000160,2,2,10,1128.0,,14.0
simu5g_00000160,2,2,11,808.0,,11.0
simu5g_00000160,2,2,12,984.0,,13.0
simu5g_00000160,2,2,13,1128.0,,14.0
simu5g_00000160,2,2,14,1128.0,,14.0
simu5g_00000160,2,2,15,1128.0,,14.0
simu5g_00000160,2,2,16,888.0,,12.0
simu5g_00000160,2,2,17,1128.0,,14.0
simu5g_00000160,2,2,18,1128.0,,14.0
simu5g_00000160,2,2,19,1128.0,,14.0
simu5g_00000160,2,2,20,1128.0,,14.0
simu5g_00000160,2,2,21,984.0,,13.0
simu5g_00000160,2,2,22,984.0,,13.0
simu5g_00000160,2,2,23,1128.0,,14.0
simu5g_00000160,2,2,24,984.0,,13.0
simu5g_00000161,15,0,0,1160.0,,15.0
simu5g_00000161,15,0,1,1160.0,,15.0
simu5g_00000161,15,0,2,1160.0,,15.0
simu5g_00000161,15,0,3,1160.0,,15.0
simu5g_00000161,15,0,4,1160.0,,15.0
simu5g_00000161,15,0,5,1128.0,,14.0
simu5g_00000161,15,0,6,1160.0,,15.0
simu5g_00000161,15,0,7,1160.0,,15.0
simu5g_00000161,15,0,8,1160.0,,15.0
simu5g_00000161,15,0,9,1160.0,,15.0
simu5g_00000161,15,0,10,1160.0,,15.0
simu5g_00000161,15,0,11,1160.0,,15.0
simu5g_00000161,15,0,12,1128.0,,14.0
simu5g_00000161,15,0,13,1160.0,,15.0
simu5g_00000161,15,0,14,1160.0,,15.0
simu5g_00000161,15,0,15,1160.0,,15.0
simu5g_00000161,15,0,16,1160.0,,15.0
simu5g_00000161,15,0,17,1160.0,,15.0
simu5g_00000161,15,0,18,1160.0,,15.0
simu5g_00000161,15,0,19,1160.0,,15.0
simu5g_00000161,15,0,20,1160.0,,15.0
simu5g_00000161,15,0,21,1160.0,,15.0
simu5g_00000161,15,0,22,1160.0,,15.0
simu5g_00000161,15,0,23,1160.0,,15.0
simu5g_00000161,15,0,24,1160.0,,15.0
simu5g_00000161,31,1,0,1160.0,,15.0
simu5g_00000161,31,1,1,1128.0,,14.0
simu5g_00000161,31,1,2,1160.0,,15.0
simu5g_00000161,31,1,3,1160.0,,15.0
simu5g_00000161,31,1,4,1160.0,,15.0
simu5g_00000161,31,1,5,1160.0,,15.0
simu5g_00000161,31,1,6,1160.0,,15.0
simu5g_00000161,31,1,7,1160.0,,15.0
simu5g_00000161,31,1,8,1160.0,,15.0
simu5g_00000161,31,1,9,1160.0,,15.0
simu5g_00000161,31,1,10,1160.0,,15.0
simu5g_00000161,31,1,11,1160.0,,15.0
simu5g_00000161,31,1,12,888.0,,12.0
simu5g_00000161,31,1,13,1160.0,,15.0
simu5g_00000161,31,1,14,1160.0,,15.0
simu5g_00000161,31,1,15,1160.0,,15.0
simu5g_00000161,31,1,16,1160.0,,15.0
simu5g_00000161,31,1,17,1160.0,,15.0
simu5g_00000161,31,1,18,1160.0,,15.0
simu5g_00000161,31,1,19,1160.0,,15.0
simu5g_00000161,31,1,20,1160.0,,15.0
simu5g_00000161,31,1,21,1160.0,,15.0
simu5g_00000161,31,1,22,1160.0,,15.0
simu5g_00000161,31,1,23,1160.0,,15.0
simu5g_00000161,31,1,24,1160.0,,15.0
simu5g_00000162,0,0,0,1160.0,,15.0
simu5g_00000162,0,0,1,528.0,,8.0
simu5g_00000162,0,0,2,1160.0,,15.0
simu5g_00000162,0,0,3,984.0,,13.0
simu5g_00000162,0,0,4,1128.0,,14.0
simu5g_00000162,0,0,5,984.0,,13.0
simu5g_00000162,0,0,6,984.0,,13.0
simu5g_00000162,0,0,7,1160.0,,15.0
simu5g_00000162,0,0,8,808.0,,11.0
simu5g_00000162,0,0,9,1128.0,,14.0
simu5g_00000162,0,0,10,1128.0,,14.0
simu5g_00000162,0,0,11,1160.0,,15.0
simu5g_00000162,0,0,12,1128.0,,14.0
simu5g_00000162,0,0,13,1128.0,,14.0
simu5g_00000162,0,0,14,1128.0,,14.0
simu5g_00000162,0,0,15,1160.0,,15.0
simu5g_00000162,0,0,16,984.0,,13.0
simu5g_00000162,0,0,17,1160.0,,15.0
simu5g_00000162,0,0,18,1128.0,,14.0
simu5g_00000162,0,0,19,984.0,,13.0
simu5g_00000162,0,0,20,1160.0,,15.0
simu5g_00000162,0,0,21,888.0,,12.0
simu5g_00000162,0,0,22,1160.0,,15.0
simu5g_00000162,0,0,23,1160.0,,15.0
simu5g_00000162,0,0,24,984.0,,13.0
simu5g_00000162,1,1,0,1128.0,,14.0
simu5g_00000162,1,1,1,984.0,,13.0
simu5g_00000162,1,1,2,984.0,,13.0
simu5g_00000162,1,1,3,1128.0,,14.0
simu5g_00000162,1,1,4,984.0,,13.0
simu5g_00000162,1,1,5,1128.0,,14.0
simu5g_00000162,1,1,6,1128.0,,14.0
simu5g_00000162,1,1,7,704.0,,10.0
simu5g_00000162,1,1,8,608.0,,9.0
simu5g_00000162,1,1,9,1128.0,,14.0
simu5g_00000162,1,1,10,984.0,,13.0
simu5g_00000162,1,1,11,984.0,,13.0
simu5g_00000162,1,1,12,984.0,,13.0
simu5g_00000162,1,1,13,1128.0,,14.0
simu5g_00000162,1,1,14,1128.0,,14.0
simu5g_00000162,1,1,15,1128.0,,14.0
simu5g_00000162,1,1,16,984.0,,13.0
simu5g_00000162,1,1,17,984.0,,13.0
simu5g_00000162,1,1,18,984.0,,13.0
simu5g_00000162,1,1,19,1128.0,,14.0
simu5g_00000162,1,1,20,1128.0,,14.0
simu5g_00000162,1,1,21,528.0,,8.0
simu5g_00000162,1,1,22,1128.0,,14.0
simu5g_00000162,1,1,23,888.0,,12.0
simu5g_00000162,1,1,24,1128.0,,14.0
simu5g_00000162,2,2,0,1128.0,,14.0
simu5g_00000162,2,2,1,1160.0,,15.0
simu5g_00000162,2,2,2,1128.0,,14.0
simu5g_00000162,2,2,3,1160.0,,15.0
simu5g_00000162,2,2,4,1128.0,,14.0
simu5g_00000162,2,2,5,984.0,,13.0
simu5g_00000162,2,2,6,1128.0,,14.0
simu5g_00000162,2,2,7,608.0,,9.0
simu5g_00000162,2,2,8,1160.0,,15.0
simu5g_00000162,2,2,9,1128.0,,14.0
simu5g_00000162,2,2,10,1128.0,,14.0
simu5g_00000162,2,2,11,808.0,,11.0
simu5g_00000162,2,2,12,984.0,,13.0
simu5g_00000162,2,2,13,1128.0,,14.0
simu5g_00000162,2,2,14,1128.0,,14.0
simu5g_00000162,2,2,15,1128.0,,14.0
simu5g_00000162,2,2,16,888.0,,12.0
simu5g_00000162,2,2,17,1128.0,,14.0
simu5g_00000162,2,2,18,1128.0,,14.0
simu5g_00000162,2,2,19,1128.0,,14.0
simu5g_00000162,2,2,20,1128.0,,14.0
simu5g_00000162,2,2,21,984.0,,13.0
simu5g_00000162,2,2,22,984.0,,13.0
simu5g_00000162,2,2,23,1128.0,,14.0
simu5g_00000162,2,2,24,984.0,,13.0
simu5g_00000163,15,0,0,1160.0,,15.0
simu5g_00000163,15,0,1,1160.0,,15.0
simu5g_00000163,15,0,2,1160.0,,15.0
simu5g_00000163,15,0,3,1160.0,,15.0
simu5g_00000163,15,0,4,1160.0,,15.0
simu5g_00000163,15,0,5,1128.0,,14.0
simu5g_00000163,15,0,6,1160.0,,15.0
simu5g_00000163,15,0,7,1160.0,,15.0
simu5g_00000163,15,0,8,1160.0,,15.0
simu5g_00000163,15,0,9,1160.0,,15.0
simu5g_00000163,15,0,10,1160.0,,15.0
simu5g_00000163,15,0,11,1160.0,,15.0
simu5g_00000163,15,0,12,1128.0,,14.0
simu5g_00000163,15,0,13,1160.0,,15.0
simu5g_00000163,15,0,14,1160.0,,15.0
simu5g_00000163,15,0,15,1160.0,,15.0
simu5g_00000163,15,0,16,1160.0,,15.0
simu5g_00000163,15,0,17,1160.0,,15.0
simu5g_00000163,15,0,18,1160.0,,15.0
simu5g_00000163,15,0,19,1160.0,,15.0
simu5g_00000163,15,0,20,1160.0,,15.0
simu5g_00000163,15,0,21,1160.0,,15.0
simu5g_00000163,15,0,22,1160.0,,15.0
simu5g_00000163,15,0,23,1160.0,,15.0
simu5g_00000163,15,0,24,1160.0,,15.0
simu5g_00000163,31,1,0,1160.0,,15.0
simu5g_00000163,31,1,1,1128.0,,14.0
simu5g_00000163,31,1,2,1160.0,,15.0
simu5g_00000163,31,1,3,1160.0,,15.0
simu5g_00000163,31,1,4,1160.0,,15.0
simu5g_00000163,31,1,5,1160.0,,15.0
simu5g_00000163,31,1,6,1160.0,,15.0
simu5g_00000163,31,1,7,1160.0,,15.0
simu5g_00000163,31,1,8,1160.0,,15.0
simu5g_00000163,31,1,9,1160.0,,15.0
simu5g_00000163,31,1,10,1160.0,,15.0
simu5g_00000163,31,1,11,1160.0,,15.0
simu5g_00000163,31,1,12,888.0,,12.0
simu5g_00000163,31,1,13,1160.0,,15.0
simu5g_00000163,31,1,14,1160.0,,15.0
simu5g_00000163,31,1,15,1160.0,,15.0
simu5g_00000163,31,1,16,1160.0,,15.0
simu5g_00000163,31,1,17,1160.0,,15.0
simu5g_00000163,31,1,18,1160.0,,15.0
simu5g_00000163,31,1,19,1160.0,,15.0
simu5g_00000163,31,1,20,1160.0,,15.0
simu5g_00000163,31,1,21,1160.0,,15.0
simu5g_00000163,31,1,22,1160.0,,15.0
simu5g_00000163,31,1,23,1160.0,,15.0
simu5g_00000163,31,1,24,1160.0,,15.0
simu5g_00000164,0,0,0,1160.0,,15.0
simu5g_00000164,0,0,1,528.0,,8.0
simu5g_00000164,0,0,2,1160.0,,15.0
simu5g_00000164,0,0,3,984.0,,13.0
simu5g_00000164,0,0,4,1128.0,,14.0
simu5g_00000164,0,0,5,984.0,,13.0
simu5g_00000164,0,0,6,984.0,,13.0
simu5g_00000164,0,0,7,1160.0,,15.0
simu5g_00000164,0,0,8,808.0,,11.0
simu5g_00000164,0,0,9,1128.0,,14.0
simu5g_00000164,0,0,10,1128.0,,14.0
simu5g_00000164,0,0,11,1160.0,,15.0
simu5g_00000164,0,0,12,1128.0,,14.0
simu5g_00000164,0,0,13,1128.0,,14.0
simu5g_00000164,0,0,14,1128.0,,14.0
simu5g_00000164,0,0,15,1160.0,,15.0
simu5g_00000164,0,0,16,984.0,,13.0
simu5g_00000164,0,0,17,1160.0,,15.0
simu5g_00000164,0,0,18,1128.0,,14.0
simu5g_00000164,0,0,19,984.0,,13.0
simu5g_00000164,0,0,20,1160.0,,15.0
simu5g_00000164,0,0,21,888.0,,12.0
simu5g_00000164,0,0,22,1160.0,,15.0
simu5g_00000164,0,0,23,1160.0,,15.0
simu5g_00000164,0,0,24,984.0,,13.0
simu5g_00000164,1,1,0,1128.0,,14.0
simu5g_00000164,1,1,1,984.0,,13.0
simu5g_00000164,1,1,2,984.0,,13.0
simu5g_00000164,1,1,3,1160.0,,15.0
simu5g_00000164,1,1,4,984.0,,13.0
simu5g_00000164,1,1,5,1128.0,,14.0
simu5g_00000164,1,1,6,1128.0,,14.0
simu5g_00000164,1,1,7,808.0,,11.0
simu5g_00000164,1,1,8,608.0,,9.0
simu5g_00000164,1,1,9,1128.0,,14.0
simu5g_00000164,1,1,10,1128.0,,14.0
simu5g_00000164,1,1,11,1128.0,,14.0
simu5g_00000164,1,1,12,984.0,,13.0
simu5g_00000164,1,1,13,1160.0,,15.0
simu5g_00000164,1,1,14,1128.0,,14.0
simu5g_00000164,1,1,15,1128.0,,14.0
simu5g_00000164,1,1,16,1128.0,,14.0
simu5g_00000164,1,1,17,984.0,,13.0
simu5g_00000164,1,1,18,984.0,,13.0
simu5g_00000164,1,1,19,1128.0,,14.0
simu5g_00000164,1,1,20,1128.0,,14.0
simu5g_00000164,1,1,21,608.0,,9.0
simu5g_00000164,1,1,22,1128.0,,14.0
simu5g_00000164,1,1,23,888.0,,12.0
simu5g_00000164,1,1,24,1128.0,,14.0
simu5g_00000164,2,2,0,1128.0,,14.0
simu5g_00000164,2,2,1,1160.0,,15.0
simu5g_00000164,2,2,2,1128.0,,14.0
simu5g_00000164,2,2,3,1160.0,,15.0
simu5g_00000164,2,2,4,1128.0,,14.0
simu5g_00000164,2,2,5,984.0,,13.0
simu5g_00000164,2,2,6,1128.0,,14.0
simu5g_00000164,2,2,7,608.0,,9.0
simu5g_00000164,2,2,8,1160.0,,15.0
simu5g_00000164,2,2,9,1128.0,,14.0
simu5g_00000164,2,2,10,1128.0,,14.0
simu5g_00000164,2,2,11,808.0,,11.0
simu5g_00000164,2,2,12,984.0,,13.0
simu5g_00000164,2,2,13,1128.0,,14.0
simu5g_00000164,2,2,14,1128.0,,14.0
simu5g_00000164,2,2,15,1128.0,,14.0
simu5g_00000164,2,2,16,888.0,,12.0
simu5g_00000164,2,2,17,1128.0,,14.0
simu5g_00000164,2,2,18,1128.0,,14.0
simu5g_00000164,2,2,19,1128.0,,14.0
simu5g_00000164,2,2,20,1128.0,,14.0
simu5g_00000164,2,2,21,984.0,,13.0
simu5g_00000164,2,2,22,984.0,,13.0
simu5g_00000164,2,2,23,1160.0,,15.0
simu5g_00000164,2,2,24,984.0,,13.0
simu5g_00000165,15,0,0,1160.0,,15.0
simu5g_00000165,15,0,1,1160.0,,15.0
simu5g_00000165,15,0,2,1160.0,,15.0
simu5g_00000165,15,0,3,1160.0,,15.0
simu5g_00000165,15,0,4,1160.0,,15.0
simu5g_00000165,15,0,5,1128.0,,14.0
simu5g_00000165,15,0,6,1160.0,,15.0
simu5g_00000165,15,0,7,1160.0,,15.0
simu5g_00000165,15,0,8,1160.0,,15.0
simu5g_00000165,15,0,9,1160.0,,15.0
simu5g_00000165,15,0,10,1160.0,,15.0
simu5g_00000165,15,0,11,1160.0,,15.0
simu5g_00000165,15,0,12,1160.0,,15.0
simu5g_00000165,15,0,13,1160.0,,15.0
simu5g_00000165,15,0,14,1160.0,,15.0
simu5g_00000165,15,0,15,1160.0,,15.0
simu5g_00000165,15,0,16,1160.0,,15.0
simu5g_00000165,15,0,17,1160.0,,15.0
simu5g_00000165,15,0,18,1160.0,,15.0
simu5g_00000165,15,0,19,1160.0,,15.0
simu5g_00000165,15,0,20,1160.0,,15.0
simu5g_00000165,15,0,21,1160.0,,15.0
simu5g_00000165,15,0,22,1160.0,,15.0
simu5g_00000165,15,0,23,1160.0,,15.0
simu5g_00000165,15,0,24,1160.0,,15.0
simu5g_00000165,31,1,0,1160.0,,15.0
simu5g_00000165,31,1,1,1128.0,,14.0
simu5g_00000165,31,1,2,1160.0,,15.0
simu5g_00000165,31,1,3,1160.0,,15.0
simu5g_00000165,31,1,4,1160.0,,15.0
simu5g_00000165,31,1,5,1160.0,,15.0
simu5g_00000165,31,1,6,1160.0,,15.0
simu5g_00000165,31,1,7,1160.0,,15.0
simu5g_00000165,31,1,8,1160.0,,15.0
simu5g_00000165,31,1,9,1160.0,,15.0
simu5g_00000165,31,1,10,1160.0,,15.0
simu5g_00000165,31,1,11,1160.0,,15.0
simu5g_00000165,31,1,12,984.0,,13.0
simu5g_00000165,31,1,13,1160.0,,15.0
simu5g_00000165,31,1,14,1160.0,,15.0
simu5g_00000165,31,1,15,1160.0,,15.0
simu5g_00000165,31,1,16,1160.0,,15.0
simu5g_00000165,31,1,17,1160.0,,15.0
simu5g_00000165,31,1,18,1160.0,,15.0
simu5g_00000165,31,1,19,1160.0,,15.0
simu5g_00000165,31,1,20,1160.0,,15.0
simu5g_00000165,31,1,21,1160.0,,15.0
simu5g_00000165,31,1,22,1160.0,,15.0
simu5g_00000165,31,1,23,1160.0,,15.0
simu5g_00000165,31,1,24,1160.0,,15.0
simu5g_00000166,0,0,0,1160.0,,15.0
simu5g_00000166,0,0,1,528.0,,8.0
simu5g_00000166,0,0,2,1160.0,,15.0
simu5g_00000166,0,0,3,984.0,,13.0
simu5g_00000166,0,0,4,1128.0,,14.0
simu5g_00000166,0,0,5,984.0,,13.0
simu5g_00000166,0,0,6,984.0,,13.0
simu5g_00000166,0,0,7,1160.0,,15.0
simu5g_00000166,0,0,8,808.0,,11.0
simu5g_00000166,0,0,9,1128.0,,14.0
simu5g_00000166,0,0,10,1128.0,,14.0
simu5g_00000166,0,0,11,1160.0,,15.0
simu5g_00000166,0,0,12,1128.0,,14.0
simu5g_00000166,0,0,13,1128.0,,14.0
simu5g_00000166,0,0,14,1128.0,,14.0
simu5g_00000166,0,0,15,1160.0,,15.0
simu5g_00000166,0,0,16,984.0,,13.0
simu5g_00000166,0,0,17,1160.0,,15.0
simu5g_00000166,0,0,18,1128.0,,14.0
simu5g_00000166,0,0,19,984.0,,13.0
simu5g_00000166,0,0,20,1160.0,,15.0
simu5g_00000166,0,0,21,888.0,,12.0
simu5g_00000166,0,0,22,1160.0,,15.0
simu5g_00000166,0,0,23,1160.0,,15.0
simu5g_00000166,0,0,24,984.0,,13.0
simu5g_00000166,1,1,0,1128.0,,14.0
simu5g_00000166,1,1,1,984.0,,13.0
simu5g_00000166,1,1,2,984.0,,13.0
simu5g_00000166,1,1,3,1160.0,,15.0
simu5g_00000166,1,1,4,984.0,,13.0
simu5g_00000166,1,1,5,1128.0,,14.0
simu5g_00000166,1,1,6,1128.0,,14.0
simu5g_00000166,1,1,7,808.0,,11.0
simu5g_00000166,1,1,8,608.0,,9.0
simu5g_00000166,1,1,9,1128.0,,14.0
simu5g_00000166,1,1,10,1128.0,,14.0
simu5g_00000166,1,1,11,1128.0,,14.0
simu5g_00000166,1,1,12,984.0,,13.0
simu5g_00000166,1,1,13,1160.0,,15.0
simu5g_00000166,1,1,14,1128.0,,14.0
simu5g_00000166,1,1,15,1128.0,,14.0
simu5g_00000166,1,1,16,1128.0,,14.0
simu5g_00000166,1,1,17,984.0,,13.0
simu5g_00000166,1,1,18,984.0,,13.0
simu5g_00000166,1,1,19,1128.0,,14.0
simu5g_00000166,1,1,20,1128.0,,14.0
simu5g_00000166,1,1,21,608.0,,9.0
simu5g_00000166,1,1,22,1128.0,,14.0
simu5g_00000166,1,1,23,888.0,,12.0
simu5g_00000166,1,1,24,1128.0,,14.0
simu5g_00000166,2,2,0,1128.0,,14.0
simu5g_00000166,2,2,1,1160.0,,15.0
simu5g_00000166,2,2,2,1128.0,,14.0
simu5g_00000166,2,2,3,1160.0,,15.0
simu5g_00000166,2,2,4,1128.0,,14.0
simu5g_00000166,2,2,5,984.0,,13.0
simu5g_00000166,2,2,6,1128.0,,14.0
simu5g_00000166,2,2,7,608.0,,9.0
simu5g_00000166,2,2,8,1160.0,,15.0
simu5g_00000166,2,2,9,1128.0,,14.0
simu5g_00000166,2,2,10,1128.0,,14.0
simu5g_00000166,2,2,11,808.0,,11.0
simu5g_00000166,2,2,12,984.0,,13.0
simu5g_00000166,2,2,13,1128.0,,14.0
simu5g_00000166,2,2,14,1128.0,,14.0
simu5g_00000166,2,2,15,1128.0,,14.0
simu5g_00000166,2,2,16,888.0,,12.0
simu5g_00000166,2,2,17,1128.0,,14.0
simu5g_00000166,2,2,18,1128.0,,14.0
simu5g_00000166,2,2,19,1128.0,,14.0
simu5g_00000166,2,2,20,1128.0,,14.0
simu5g_00000166,2,2,21,984.0,,13.0
simu5g_00000166,2,2,22,984.0,,13.0
simu5g_00000166,2,2,23,1160.0,,15.0
simu5g_00000166,2,2,24,984.0,,13.0
simu5g_00000167,15,0,0,1160.0,,15.0
simu5g_00000167,15,0,1,1160.0,,15.0
simu5g_00000167,15,0,2,1160.0,,15.0
simu5g_00000167,15,0,3,1160.0,,15.0
simu5g_00000167,15,0,4,1160.0,,15.0
simu5g_00000167,15,0,5,1128.0,,14.0
simu5g_00000167,15,0,6,1160.0,,15.0
simu5g_00000167,15,0,7,1160.0,,15.0
simu5g_00000167,15,0,8,1160.0,,15.0
simu5g_00000167,15,0,9,1160.0,,15.0
simu5g_00000167,15,0,10,1160.0,,15.0
simu5g_00000167,15,0,11,1160.0,,15.0
simu5g_00000167,15,0,12,1160.0,,15.0
simu5g_00000167,15,0,13,1160.0,,15.0
simu5g_00000167,15,0,14,1160.0,,15.0
simu5g_00000167,15,0,15,1160.0,,15.0
simu5g_00000167,15,0,16,1160.0,,15.0
simu5g_00000167,15,0,17,1160.0,,15.0
simu5g_00000167,15,0,18,1160.0,,15.0
simu5g_00000167,15,0,19,1160.0,,15.0
simu5g_00000167,15,0,20,1160.0,,15.0
simu5g_00000167,15,0,21,1160.0,,15.0
simu5g_00000167,15,0,22,1160.0,,15.0
simu5g_00000167,15,0,23,1160.0,,15.0
simu5g_00000167,15,0,24,1160.0,,15.0
simu5g_00000167,31,1,0,1160.0,,15.0
simu5g_00000167,31,1,1,1128.0,,14.0
simu5g_00000167,31,1,2,1160.0,,15.0
simu5g_00000167,31,1,3,1160.0,,15.0
simu5g_00000167,31,1,4,1160.0,,15.0
simu5g_00000167,31,1,5,1160.0,,15.0
simu5g_00000167,31,1,6,1160.0,,15.0
simu5g_00000167,31,1,7,1160.0,,15.0
simu5g_00000167,31,1,8,1160.0,,15.0
simu5g_00000167,31,1,9,1160.0,,15.0
simu5g_00000167,31,1,10,1160.0,,15.0
simu5g_00000167,31,1,11,1160.0,,15.0
simu5g_00000167,31,1,12,984.0,,13.0
simu5g_00000167,31,1,13,1160.0,,15.0
simu5g_00000167,31,1,14,1160.0,,15.0
simu5g_00000167,31,1,15,1160.0,,15.0
simu5g_00000167,31,1,16,1160.0,,15.0
simu5g_00000167,31,1,17,1160.0,,15.0
simu5g_00000167,31,1,18,1160.0,,15.0
simu5g_00000167,31,1,19,1160.0,,15.0
simu5g_00000167,31,1,20,1160.0,,15.0
simu5g_00000167,31,1,21,1160.0,,15.0
simu5g_00000167,31,1,22,1160.0,,15.0
simu5g_00000167,31,1,23,1160.0,,15.0
simu5g_00000167,31,1,24,1160.0,,15.0
simu5g_00000168,0,0,0,1160.0,,15.0
simu5g_00000168,0,0,1,528.0,,8.0
simu5g_00000168,0,0,2,1160.0,,15.0
simu5g_00000168,0,0,3,984.0,,13.0
simu5g_00000168,0,0,4,1128.0,,14.0
simu5g_00000168,0,0,5,984.0,,13.0
simu5g_00000168,0,0,6,984.0,,13.0
simu5g_00000168,0,0,7,1160.0,,15.0
simu5g_00000168,0,0,8,808.0,,11.0
simu5g_00000168,0,0,9,1128.0,,14.0
simu5g_00000168,0,0,10,1128.0,,14.0
simu5g_00000168,0,0,11,1160.0,,15.0
simu5g_00000168,0,0,12,1128.0,,14.0
simu5g_00000168,0,0,13,1128.0,,14.0
simu5g_00000168,0,0,14,1128.0,,14.0
simu5g_00000168,0,0,15,1160.0,,15.0
simu5g_00000168,0,0,16,984.0,,13.0
simu5g_00000168,0,0,17,1160.0,,15.0
simu5g_00000168,0,0,18,1128.0,,14.0
simu5g_00000168,0,0,19,984.0,,13.0
simu5g_00000168,0,0,20,1160.0,,15.0
simu5g_00000168,0,0,21,888.0,,12.0
simu5g_00000168,0,0,22,1160.0,,15.0
simu5g_00000168,0,0,23,1160.0,,15.0
simu5g_00000168,0,0,24,984.0,,13.0
simu5g_00000168,1,1,0,1128.0,,14.0
simu5g_00000168,1,1,1,984.0,,13.0
simu5g_00000168,1,1,2,984.0,,13.0
simu5g_00000168,1,1,3,1160.0,,15.0
simu5g_00000168,1,1,4,984.0,,13.0
simu5g_00000168,1,1,5,1128.0,,14.0
simu5g_00000168,1,1,6,1128.0,,14.0
simu5g_00000168,1,1,7,808.0,,11.0
simu5g_00000168,1,1,8,608.0,,9.0
simu5g_00000168,1,1,9,1128.0,,14.0
simu5g_00000168,1,1,10,1128.0,,14.0
simu5g_00000168,1,1,11,1128.0,,14.0
simu5g_00000168,1,1,12,984.0,,13.0
simu5g_00000168,1,1,13,1160.0,,15.0
simu5g_00000168,1,1,14,1128.0,,14.0
simu5g_00000168,1,1,15,1128.0,,14.0
simu5g_00000168,1,1,16,1128.0,,14.0
simu5g_00000168,1,1,17,984.0,,13.0
simu5g_00000168,1,1,18,984.0,,13.0
simu5g_00000168,1,1,19,1128.0,,14.0
simu5g_00000168,1,1,20,1128.0,,14.0
simu5g_00000168,1,1,21,608.0,,9.0
simu5g_00000168,1,1,22,1128.0,,14.0
simu5g_00000168,1,1,23,888.0,,12.0
simu5g_00000168,1,1,24,1128.0,,14.0
simu5g_00000168,2,2,0,1128.0,,14.0
simu5g_00000168,2,2,1,1160.0,,15.0
simu5g_00000168,2,2,2,1128.0,,14.0
simu5g_00000168,2,2,3,1160.0,,15.0
simu5g_00000168,2,2,4,1128.0,,14.0
simu5g_00000168,2,2,5,984.0,,13.0
simu5g_00000168,2,2,6,1128.0,,14.0
simu5g_00000168,2,2,7,608.0,,9.0
simu5g_00000168,2,2,8,1160.0,,15.0
simu5g_00000168,2,2,9,1128.0,,14.0
simu5g_00000168,2,2,10,1128.0,,14.0
simu5g_00000168,2,2,11,808.0,,11.0
simu5g_00000168,2,2,12,984.0,,13.0
simu5g_00000168,2,2,13,1128.0,,14.0
simu5g_00000168,2,2,14,1128.0,,14.0
simu5g_00000168,2,2,15,1128.0,,14.0
simu5g_00000168,2,2,16,888.0,,12.0
simu5g_00000168,2,2,17,1128.0,,14.0
simu5g_00000168,2,2,18,1128.0,,14.0
simu5g_00000168,2,2,19,1128.0,,14.0
simu5g_00000168,2,2,20,1128.0,,14.0
simu5g_00000168,2,2,21,984.0,,13.0
simu5g_00000168,2,2,22,984.0,,13.0
simu5g_00000168,2,2,23,1160.0,,15.0
simu5g_00000168,2,2,24,984.0,,13.0
simu5g_00000169,15,0,0,1160.0,,15.0
simu5g_00000169,15,0,1,1160.0,,15.0
simu5g_00000169,15,0,2,1160.0,,15.0
simu5g_00000169,15,0,3,1160.0,,15.0
simu5g_00000169,15,0,4,1160.0,,15.0
simu5g_00000169,15,0,5,1128.0,,14.0
simu5g_00000169,15,0,6,1160.0,,15.0
simu5g_00000169,15,0,7,1160.0,,15.0
simu5g_00000169,15,0,8,1160.0,,15.0
simu5g_00000169,15,0,9,1160.0,,15.0
simu5g_00000169,15,0,10,1160.0,,15.0
simu5g_00000169,15,0,11,1160.0,,15.0
simu5g_00000169,15,0,12,1160.0,,15.0
simu5g_00000169,15,0,13,1160.0,,15.0
simu5g_00000169,15,0,14,1160.0,,15.0
simu5g_00000169,15,0,15,1160.0,,15.0
simu5g_00000169,15,0,16,1160.0,,15.0
simu5g_00000169,15,0,17,1160.0,,15.0
simu5g_00000169,15,0,18,1160.0,,15.0
simu5g_00000169,15,0,19,1160.0,,15.0
simu5g_00000169,15,0,20,1160.0,,15.0
simu5g_00000169,15,0,21,1160.0,,15.0
simu5g_00000169,15,0,22,1160.0,,15.0
simu5g_00000169,15,0,23,1160.0,,15.0
simu5g_00000169,15,0,24,1160.0,,15.0
simu5g_00000169,31,1,0,1160.0,,15.0
simu5g_00000169,31,1,1,1160.0,,15.0
simu5g_00000169,31,1,2,1160.0,,15.0
simu5g_00000169,31,1,3,1160.0,,15.0
simu5g_00000169,31,1,4,1160.0,,15.0
simu5g_00000169,31,1,5,1160.0,,15.0
simu5g_00000169,31,1,6,1160.0,,15.0
simu5g_00000169,31,1,7,1160.0,,15.0
simu5g_00000169,31,1,8,1160.0,,15.0
simu5g_00000169,31,1,9,1160.0,,15.0
simu5g_00000169,31,1,10,1160.0,,15.0
simu5g_00000169,31,1,11,1160.0,,15.0
simu5g_00000169,31,1,12,984.0,,13.0
simu5g_00000169,31,1,13,1160.0,,15.0
simu5g_00000169,31,1,14,1160.0,,15.0
simu5g_00000169,31,1,15,1160.0,,15.0
simu5g_00000169,31,1,16,1160.0,,15.0
simu5g_00000169,31,1,17,1160.0,,15.0
simu5g_00000169,31,1,18,1160.0,,15.0
simu5g_00000169,31,1,19,1160.0,,15.0
simu5g_00000169,31,1,20,1160.0,,15.0
simu5g_00000169,31,1,21,1160.0,,15.0
simu5g_00000169,31,1,22,1160.0,,15.0
simu5g_00000169,31,1,23,1160.0,,15.0
simu5g_00000169,31,1,24,1160.0,,15.0
simu5g_00000170,0,0,0,1160.0,,15.0
simu5g_00000170,0,0,1,528.0,,8.0
simu5g_00000170,0,0,2,1160.0,,15.0
simu5g_00000170,0,0,3,984.0,,13.0
simu5g_00000170,0,0,4,1128.0,,14.0
simu5g_00000170,0,0,5,984.0,,13.0
simu5g_00000170,0,0,6,984.0,,13.0
simu5g_00000170,0,0,7,1160.0,,15.0
simu5g_00000170,0,0,8,808.0,,11.0
simu5g_00000170,0,0,9,1128.0,,14.0
simu5g_00000170,0,0,10,1128.0,,14.0
simu5g_00000170,0,0,11,1160.0,,15.0
simu5g_00000170,0,0,12,1128.0,,14.0
simu5g_00000170,0,0,13,1128.0,,14.0
simu5g_00000170,0,0,14,1128.0,,14.0
simu5g_00000170,0,0,15,1160.0,,15.0
simu5g_00000170,0,0,16,984.0,,13.0
simu5g_00000170,0,0,17,1160.0,,15.0
simu5g_00000170,0,0,18,1160.0,,15.0
simu5g_00000170,0,0,19,984.0,,13.0
simu5g_00000170,0,0,20,1160.0,,15.0
simu5g_00000170,0,0,21,888.0,,12.0
simu5g_00000170,0,0,22,1160.0,,15.0
simu5g_00000170,0,0,23,1160.0,,15.0
simu5g_00000170,0,0,24,984.0,,13.0
simu5g_00000170,1,1,0,1128.0,,14.0
simu5g_00000170,1,1,1,984.0,,13.0
simu5g_00000170,1,1,2,984.0,,13.0
simu5g_00000170,1,1,3,1160.0,,15.0
simu5g_00000170,1,1,4,984.0,,13.0
simu5g_00000170,1,1,5,1128.0,,14.0
simu5g_00000170,1,1,6,1128.0,,14.0
simu5g_00000170,1,1,7,808.0,,11.0
simu5g_00000170,1,1,8,608.0,,9.0
simu5g_00000170,1,1,9,1128.0,,14.0
simu5g_00000170,1,1,10,1128.0,,14.0
simu5g_00000170,1,1,11,1128.0,,14.0
simu5g_00000170,1,1,12,984.0,,13.0
simu5g_00000170,1,1,13,1160.0,,15.0
simu5g_00000170,1,1,14,1128.0,,14.0
simu5g_00000170,1,1,15,1128.0,,14.0
simu5g_00000170,1,1,16,1128.0,,14.0
simu5g_00000170,1,1,17,984.0,,13.0
simu5g_00000170,1,1,18,984.0,,13.0
simu5g_00000170,1,1,19,1128.0,,14.0
simu5g_00000170,1,1,20,1128.0,,14.0
simu5g_00000170,1,1,21,608.0,,9.0
simu5g_00000170,1,1,22,1128.0,,14.0
simu5g_00000170,1,1,23,888.0,,12.0
simu5g_00000170,1,1,24,1128.0,,14.0
simu5g_00000170,2,2,0,1128.0,,14.0
simu5g_00000170,2,2,1,1160.0,,15.0
simu5g_00000170,2,2,2,1128.0,,14.0
simu5g_00000170,2,2,3,1160.0,,15.0
simu5g_00000170,2,2,4,1128.0,,14.0
simu5g_00000170,2,2,5,984.0,,13.0
simu5g_00000170,2,2,6,1128.0,,14.0
simu5g_00000170,2,2,7,608.0,,9.0
simu5g_00000170,2,2,8,1160.0,,15.0
simu5g_00000170,2,2,9,1128.0,,14.0
simu5g_00000170,2,2,10,1128.0,,14.0
simu5g_00000170,2,2,11,808.0,,11.0
simu5g_00000170,2,2,12,984.0,,13.0
simu5g_00000170,2,2,13,1128.0,,14.0
simu5g_00000170,2,2,14,1128.0,,14.0
simu5g_00000170,2,2,15,1128.0,,14.0
simu5g_00000170,2,2,16,888.0,,12.0
simu5g_00000170,2,2,17,1128.0,,14.0
simu5g_00000170,2,2,18,1128.0,,14.0
simu5g_00000170,2,2,19,1128.0,,14.0
simu5g_00000170,2,2,20,1128.0,,14.0
simu5g_00000170,2,2,21,984.0,,13.0
simu5g_00000170,2,2,22,984.0,,13.0
simu5g_00000170,2,2,23,1160.0,,15.0
simu5g_00000170,2,2,24,984.0,,13.0
simu5g_00000171,15,0,0,1160.0,,15.0
simu5g_00000171,15,0,1,1160.0,,15.0
simu5g_00000171,15,0,2,1160.0,,15.0
simu5g_00000171,15,0,3,1160.0,,15.0
simu5g_00000171,15,0,4,1160.0,,15.0
simu5g_00000171,15,0,5,1128.0,,14.0
simu5g_00000171,15,0,6,1160.0,,15.0
simu5g_00000171,15,0,7,1160.0,,15.0
simu5g_00000171,15,0,8,1160.0,,15.0
simu5g_00000171,15,0,9,1160.0,,15.0
simu5g_00000171,15,0,10,1160.0,,15.0
simu5g_00000171,15,0,11,1160.0,,15.0
simu5g_00000171,15,0,12,1160.0,,15.0
simu5g_00000171,15,0,13,1160.0,,15.0
simu5g_00000171,15,0,14,1160.0,,15.0
simu5g_00000171,15,0,15,1160.0,,15.0
simu5g_00000171,15,0,16,1160.0,,15.0
simu5g_00000171,15,0,17,1160.0,,15.0
simu5g_00000171,15,0,18,1160.0,,15.0
simu5g_00000171,15,0,19,1160.0,,15.0
simu5g_00000171,15,0,20,1160.0,,15.0
simu5g_00000171,15,0,21,1160.0,,15.0
simu5g_00000171,15,0,22,1160.0,,15.0
simu5g_00000171,15,0,23,1160.0,,15.0
simu5g_00000171,15,0,24,1160.0,,15.0
simu5g_00000171,31,1,0,1160.0,,15.0
simu5g_00000171,31,1,1,1160.0,,15.0
simu5g_00000171,31,1,2,1160.0,,15.0
simu5g_00000171,31,1,3,1160.0,,15.0
simu5g_00000171,31,1,4,1160.0,,15.0
simu5g_00000171,31,1,5,1160.0,,15.0
simu5g_00000171,31,1,6,1160.0,,15.0
simu5g_00000171,31,1,7,1160.0,,15.0
simu5g_00000171,31,1,8,1160.0,,15.0
simu5g_00000171,31,1,9,1160.0,,15.0
simu5g_00000171,31,1,10,1160.0,,15.0
simu5g_00000171,31,1,11,1160.0,,15.0
simu5g_00000171,31,1,12,984.0,,13.0
simu5g_00000171,31,1,13,1160.0,,15.0
simu5g_00000171,31,1,14,1160.0,,15.0
simu5g_00000171,31,1,15,1160.0,,15.0
simu5g_00000171,31,1,16,1160.0,,15.0
simu5g_00000171,31,1,17,1160.0,,15.0
simu5g_00000171,31,1,18,1160.0,,15.0
simu5g_00000171,31,1,19,1160.0,,15.0
simu5g_00000171,31,1,20,1160.0,,15.0
simu5g_00000171,31,1,21,1160.0,,15.0
simu5g_00000171,31,1,22,1160.0,,15.0
simu5g_00000171,31,1,23,1160.0,,15.0
simu5g_00000171,31,1,24,1160.0,,15.0
simu5g_00000172,0,0,0,1160.0,,15.0
simu5g_00000172,0,0,1,528.0,,8.0
simu5g_00000172,0,0,2,1160.0,,15.0
simu5g_00000172,0,0,3,984.0,,13.0
simu5g_00000172,0,0,4,1128.0,,14.0
simu5g_00000172,0,0,5,984.0,,13.0
simu5g_00000172,0,0,6,984.0,,13.0
simu5g_00000172,0,0,7,1160.0,,15.0
simu5g_00000172,0,0,8,808.0,,11.0
simu5g_00000172,0,0,9,1128.0,,14.0
simu5g_00000172,0,0,10,1128.0,,14.0
simu5g_00000172,0,0,11,1160.0,,15.0
simu5g_00000172,0,0,12,1128.0,,14.0
simu5g_00000172,0,0,13,1128.0,,14.0
simu5g_00000172,0,0,14,1128.0,,14.0
simu5g_00000172,0,0,15,1160.0,,15.0
simu5g_00000172,0,0,16,984.0,,13.0
simu5g_00000172,0,0,17,1160.0,,15.0
simu5g_00000172,0,0,18,1160.0,,15.0
simu5g_00000172,0,0,19,1128.0,,14.0
simu5g_00000172,0,0,20,1160.0,,15.0
simu5g_00000172,0,0,21,888.0,,12.0
simu5g_00000172,0,0,22,1160.0,,15.0
simu5g_00000172,0,0,23,1160.0,,15.0
simu5g_00000172,0,0,24,984.0,,13.0
simu5g_00000172,1,1,0,1128.0,,14.0
simu5g_00000172,1,1,1,984.0,,13.0
simu5g_00000172,1,1,2,984.0,,13.0
simu5g_00000172,1,1,3,1160.0,,15.0
simu5g_00000172,1,1,4,984.0,,13.0
simu5g_00000172,1,1,5,1128.0,,14.0
simu5g_00000172,1,1,6,1128.0,,14.0
simu5g_00000172,1,1,7,808.0,,11.0
simu5g_00000172,1,1,8,608.0,,9.0
simu5g_00000172,1,1,9,1128.0,,14.0
simu5g_00000172,1,1,10,1128.0,,14.0
simu5g_00000172,1,1,11,1128.0,,14.0
simu5g_00000172,1,1,12,984.0,,13.0
simu5g_00000172,1,1,13,1160.0,,15.0
simu5g_00000172,1,1,14,1128.0,,14.0
simu5g_00000172,1,1,15,1128.0,,14.0
simu5g_00000172,1,1,16,1128.0,,14.0
simu5g_00000172,1,1,17,984.0,,13.0
simu5g_00000172,1,1,18,984.0,,13.0
simu5g_00000172,1,1,19,1128.0,,14.0
simu5g_00000172,1,1,20,1128.0,,14.0
simu5g_00000172,1,1,21,608.0,,9.0
simu5g_00000172,1,1,22,1128.0,,14.0
simu5g_00000172,1,1,23,984.0,,13.0
simu5g_00000172,1,1,24,1128.0,,14.0
simu5g_00000172,2,2,0,1128.0,,14.0
simu5g_00000172,2,2,1,1160.0,,15.0
simu5g_00000172,2,2,2,1128.0,,14.0
simu5g_00000172,2,2,3,1160.0,,15.0
simu5g_00000172,2,2,4,1128.0,,14.0
simu5g_00000172,2,2,5,984.0,,13.0
simu5g_00000172,2,2,6,1128.0,,14.0
simu5g_00000172,2,2,7,608.0,,9.0
simu5g_00000172,2,2,8,1160.0,,15.0
simu5g_00000172,2,2,9,1128.0,,14.0
simu5g_00000172,2,2,10,1128.0,,14.0
simu5g_00000172,2,2,11,808.0,,11.0
simu5g_00000172,2,2,12,984.0,,13.0
simu5g_00000172,2,2,13,1128.0,,14.0
simu5g_00000172,2,2,14,1128.0,,14.0
simu5g_00000172,2,2,15,1128.0,,14.0
simu5g_00000172,2,2,16,888.0,,12.0
simu5g_00000172,2,2,17,1128.0,,14.0
simu5g_00000172,2,2,18,1128.0,,14.0
simu5g_00000172,2,2,19,1128.0,,14.0
simu5g_00000172,2,2,20,1128.0,,14.0
simu5g_00000172,2,2,21,984.0,,13.0
simu5g_00000172,2,2,22,984.0,,13.0
simu5g_00000172,2,2,23,1128.0,,14.0
simu5g_00000172,2,2,24,888.0,,12.0
simu5g_00000173,15,0,0,1160.0,,15.0
simu5g_00000173,15,0,1,1160.0,,15.0
simu5g_00000173,15,0,2,1160.0,,15.0
simu5g_00000173,15,0,3,1160.0,,15.0
simu5g_00000173,15,0,4,1160.0,,15.0
simu5g_00000173,15,0,5,1128.0,,14.0
simu5g_00000173,15,0,6,1160.0,,15.0
simu5g_00000173,15,0,7,1160.0,,15.0
simu5g_00000173,15,0,8,1160.0,,15.0
simu5g_00000173,15,0,9,1160.0,,15.0
simu5g_00000173,15,0,10,1160.0,,15.0
simu5g_00000173,15,0,11,1160.0,,15.0
simu5g_00000173,15,0,12,1160.0,,15.0
simu5g_00000173,15,0,13,1160.0,,15.0
simu5g_00000173,15,0,14,1160.0,,15.0
simu5g_00000173,15,0,15,1160.0,,15.0
simu5g_00000173,15,0,16,1160.0,,15.0
simu5g_00000173,15,0,17,1160.0,,15.0
simu5g_00000173,15,0,18,1160.0,,15.0
simu5g_00000173,15,0,19,1160.0,,15.0
simu5g_00000173,15,0,20,1160.0,,15.0
simu5g_00000173,15,0,21,1160.0,,15.0
simu5g_00000173,15,0,22,1160.0,,15.0
simu5g_00000173,15,0,23,1160.0,,15.0
simu5g_00000173,15,0,24,1160.0,,15.0
simu5g_00000173,31,1,0,1160.0,,15.0
simu5g_00000173,31,1,1,1160.0,,15.0
simu5g_00000173,31,1,2,1160.0,,15.0
simu5g_00000173,31,1,3,1160.0,,15.0
simu5g_00000173,31,1,4,1160.0,,15.0
simu5g_00000173,31,1,5,1160.0,,15.0
simu5g_00000173,31,1,6,1160.0,,15.0
simu5g_00000173,31,1,7,1160.0,,15.0
simu5g_00000173,31,1,8,1160.0,,15.0
simu5g_00000173,31,1,9,1160.0,,15.0
simu5g_00000173,31,1,10,1160.0,,15.0
simu5g_00000173,31,1,11,1160.0,,15.0
simu5g_00000173,31,1,12,984.0,,13.0
simu5g_00000173,31,1,13,1160.0,,15.0
simu5g_00000173,31,1,14,1160.0,,15.0
simu5g_00000173,31,1,15,1160.0,,15.0
simu5g_00000173,31,1,16,1160.0,,15.0
simu5g_00000173,31,1,17,1160.0,,15.0
simu5g_00000173,31,1,18,1160.0,,15.0
simu5g_00000173,31,1,19,1160.0,,15.0
simu5g_00000173,31,1,20,1160.0,,15.0
simu5g_00000173,31,1,21,1160.0,,15.0
simu5g_00000173,31,1,22,1160.0,,15.0
simu5g_00000173,31,1,23,1160.0,,15.0
simu5g_00000173,31,1,24,1160.0,,15.0
simu5g_00000174,0,0,0,1160.0,,15.0
simu5g_00000174,0,0,1,808.0,,11.0
simu5g_00000174,0,0,2,1160.0,,15.0
simu5g_00000174,0,0,3,1128.0,,14.0
simu5g_00000174,0,0,4,1160.0,,15.0
simu5g_00000174,0,0,5,1128.0,,14.0
simu5g_00000174,0,0,6,1128.0,,14.0
simu5g_00000174,0,0,7,1160.0,,15.0
simu5g_00000174,0,0,8,984.0,,13.0
simu5g_00000174,0,0,9,1160.0,,15.0
simu5g_00000174,0,0,10,1160.0,,15.0
simu5g_00000174,0,0,11,1160.0,,15.0
simu5g_00000174,0,0,12,1160.0,,15.0
simu5g_00000174,0,0,13,1160.0,,15.0
simu5g_00000174,0,0,14,1160.0,,15.0
simu5g_00000174,0,0,15,1160.0,,15.0
simu5g_00000174,0,0,16,1128.0,,14.0
simu5g_00000174,0,0,17,1160.0,,15.0
simu5g_00000174,0,0,18,1160.0,,15.0
simu5g_00000174,0,0,19,1160.0,,15.0
simu5g_00000174,0,0,20,1160.0,,15.0
simu5g_00000174,0,0,21,984.0,,13.0
simu5g_00000174,0,0,22,1160.0,,15.0
simu5g_00000174,0,0,23,1160.0,,15.0
simu5g_00000174,0,0,24,1128.0,,14.0
simu5g_00000174,1,1,0,1128.0,,14.0
simu5g_00000174,1,1,1,984.0,,13.0
simu5g_00000174,1,1,2,984.0,,13.0
simu5g_00000174,1,1,3,1160.0,,15.0
simu5g_00000174,1,1,4,984.0,,13.0
simu5g_00000174,1,1,5,1128.0,,14.0
simu5g_00000174,1,1,6,1128.0,,14.0
simu5g_00000174,1,1,7,808.0,,11.0
simu5g_00000174,1,1,8,608.0,,9.0
simu5g_00000174,1,1,9,1128.0,,14.0
simu5g_00000174,1,1,10,1128.0,,14.0
simu5g_00000174,1,1,11,1128.0,,14.0
simu5g_00000174,1,1,12,984.0,,13.0
simu5g_00000174,1,1,13,1160.0,,15.0
simu5g_00000174,1,1,14,1128.0,,14.0
simu5g_00000174,1,1,15,1128.0,,14.0
simu5g_00000174,1,1,16,1128.0,,14.0
simu5g_00000174,1,1,17,984.0,,13.0
simu5g_00000174,1,1,18,984.0,,13.0
simu5g_00000174,1,1,19,1128.0,,14.0
simu5g_00000174,1,1,20,1128.0,,14.0
simu5g_00000174,1,1,21,608.0,,9.0
simu5g_00000174,1,1,22,1128.0,,14.0
simu5g_00000174,1,1,23,984.0,,13.0
simu5g_00000174,1,1,24,1128.0,,14.0
simu5g_00000174,2,2,0,1128.0,,14.0
simu5g_00000174,2,2,1,1160.0,,15.0
simu5g_00000174,2,2,2,1128.0,,14.0
simu5g_00000174,2,2,3,1160.0,,15.0
simu5g_00000174,2,2,4,1128.0,,14.0
simu5g_00000174,2,2,5,984.0,,13.0
simu5g_00000174,2,2,6,1128.0,,14.0
simu5g_00000174,2,2,7,608.0,,9.0
simu5g_00000174,2,2,8,1160.0,,15.0
simu5g_00000174,2,2,9,1128.0,,14.0
simu5g_00000174,2,2,10,1128.0,,14.0
simu5g_00000174,2,2,11,808.0,,11.0
simu5g_00000174,2,2,12,984.0,,13.0
simu5g_00000174,2,2,13,1128.0,,14.0
simu5g_00000174,2,2,14,1128.0,,14.0
simu5g_00000174,2,2,15,1128.0,,14.0
simu5g_00000174,2,2,16,888.0,,12.0
simu5g_00000174,2,2,17,1128.0,,14.0
simu5g_00000174,2,2,18,1128.0,,14.0
simu5g_00000174,2,2,19,1128.0,,14.0
simu5g_00000174,2,2,20,1128.0,,14.0
simu5g_00000174,2,2,21,984.0,,13.0
simu5g_00000174,2,2,22,984.0,,13.0
simu5g_00000174,2,2,23,1128.0,,14.0
simu5g_00000174,2,2,24,888.0,,12.0
simu5g_00000175,15,0,0,1160.0,,15.0
simu5g_00000175,15,0,1,1160.0,,15.0
simu5g_00000175,15,0,2,1160.0,,15.0
simu5g_00000175,15,0,3,1160.0,,15.0
simu5g_00000175,15,0,4,1160.0,,15.0
simu5g_00000175,15,0,5,1128.0,,14.0
simu5g_00000175,15,0,6,1160.0,,15.0
simu5g_00000175,15,0,7,1160.0,,15.0
simu5g_00000175,15,0,8,1160.0,,15.0
simu5g_00000175,15,0,9,1160.0,,15.0
simu5g_00000175,15,0,10,1160.0,,15.0
simu5g_00000175,15,0,11,1160.0,,15.0
simu5g_00000175,15,0,12,1160.0,,15.0
simu5g_00000175,15,0,13,1160.0,,15.0
simu5g_00000175,15,0,14,1160.0,,15.0
simu5g_00000175,15,0,15,1160.0,,15.0
simu5g_00000175,15,0,16,1160.0,,15.0
simu5g_00000175,15,0,17,1160.0,,15.0
simu5g_00000175,15,0,18,1160.0,,15.0
simu5g_00000175,15,0,19,1160.0,,15.0
simu5g_00000175,15,0,20,1160.0,,15.0
simu5g_00000175,15,0,21,1160.0,,15.0
simu5g_00000175,15,0,22,1160.0,,15.0
simu5g_00000175,15,0,23,1160.0,,15.0
simu5g_00000175,15,0,24,1160.0,,15.0
simu5g_00000175,31,1,0,1160.0,,15.0
simu5g_00000175,31,1,1,1160.0,,15.0
simu5g_00000175,31,1,2,1160.0,,15.0
simu5g_00000175,31,1,3,1160.0,,15.0
simu5g_00000175,31,1,4,1160.0,,15.0
simu5g_00000175,31,1,5,1160.0,,15.0
simu5g_00000175,31,1,6,1160.0,,15.0
simu5g_00000175,31,1,7,1160.0,,15.0
simu5g_00000175,31,1,8,1160.0,,15.0
simu5g_00000175,31,1,9,1160.0,,15.0
simu5g_00000175,31,1,10,1160.0,,15.0
simu5g_00000175,31,1,11,1160.0,,15.0
simu5g_00000175,31,1,12,984.0,,13.0
simu5g_00000175,31,1,13,1160.0,,15.0
simu5g_00000175,31,1,14,1160.0,,15.0
simu5g_00000175,31,1,15,1160.0,,15.0
simu5g_00000175,31,1,16,1160.0,,15.0
simu5g_00000175,31,1,17,1160.0,,15.0
simu5g_00000175,31,1,18,1160.0,,15.0
simu5g_00000175,31,1,19,1160.0,,15.0
simu5g_00000175,31,1,20,1160.0,,15.0
simu5g_00000175,31,1,21,1160.0,,15.0
simu5g_00000175,31,1,22,1160.0,,15.0
simu5g_00000175,31,1,23,1160.0,,15.0
simu5g_00000175,31,1,24,1160.0,,15.0
simu5g_00000176,0,0,0,1160.0,,15.0
simu5g_00000176,0,0,1,808.0,,11.0
simu5g_00000176,0,0,2,1160.0,,15.0
simu5g_00000176,0,0,3,1128.0,,14.0
simu5g_00000176,0,0,4,1160.0,,15.0
simu5g_00000176,0,0,5,1128.0,,14.0
simu5g_00000176,0,0,6,1128.0,,14.0
simu5g_00000176,0,0,7,1160.0,,15.0
simu5g_00000176,0,0,8,984.0,,13.0
simu5g_00000176,0,0,9,1160.0,,15.0
simu5g_00000176,0,0,10,1160.0,,15.0
simu5g_00000176,0,0,11,1160.0,,15.0
simu5g_00000176,0,0,12,1160.0,,15.0
simu5g_00000176,0,0,13,1160.0,,15.0
simu5g_00000176,0,0,14,1160.0,,15.0
simu5g_00000176,0,0,15,1160.0,,15.0
simu5g_00000176,0,0,16,1160.0,,15.0
simu5g_00000176,0,0,17,1160.0,,15.0
simu5g_00000176,0,0,18,1160.0,,15.0
simu5g_00000176,0,0,19,1160.0,,15.0
simu5g_00000176,0,0,20,1160.0,,15.0
simu5g_00000176,0,0,21,984.0,,13.0
simu5g_00000176,0,0,22,1160.0,,15.0
simu5g_00000176,0,0,23,1160.0,,15.0
simu5g_00000176,0,0,24,1128.0,,14.0
simu5g_00000176,1,1,0,1160.0,,15.0
simu5g_00000176,1,1,1,1128.0,,14.0
simu5g_00000176,1,1,2,1128.0,,14.0
simu5g_00000176,1,1,3,1160.0,,15.0
simu5g_00000176,1,1,4,1128.0,,14.0
simu5g_00000176,1,1,5,1128.0,,14.0
simu5g_00000176,1,1,6,1128.0,,14.0
simu5g_00000176,1,1,7,888.0,,12.0
simu5g_00000176,1,1,8,808.0,,11.0
simu5g_00000176,1,1,9,1128.0,,14.0
simu5g_00000176,1,1,10,1128.0,,14.0
simu5g_00000176,1,1,11,1128.0,,14.0
simu5g_00000176,1,1,12,1128.0,,14.0
simu5g_00000176,1,1,13,1160.0,,15.0
simu5g_00000176,1,1,14,1160.0,,15.0
simu5g_00000176,1,1,15,1160.0,,15.0
simu5g_00000176,1,1,16,1128.0,,14.0
simu5g_00000176,1,1,17,1128.0,,14.0
simu5g_00000176,1,1,18,1128.0,,14.0
simu5g_00000176,1,1,19,1128.0,,14.0
simu5g_00000176,1,1,20,1160.0,,15.0
simu5g_00000176,1,1,21,608.0,,9.0
simu5g_00000176,1,1,22,1160.0,,15.0
simu5g_00000176,1,1,23,984.0,,13.0
simu5g_00000176,1,1,24,1128.0,,14.0
simu5g_00000176,2,2,0,1128.0,,14.0
simu5g_00000176,2,2,1,1160.0,,15.0
simu5g_00000176,2,2,2,1128.0,,14.0
simu5g_00000176,2,2,3,1160.0,,15.0
simu5g_00000176,2,2,4,1128.0,,14.0
simu5g_00000176,2,2,5,984.0,,13.0
simu5g_00000176,2,2,6,1128.0,,14.0
simu5g_00000176,2,2,7,608.0,,9.0
simu5g_00000176,2,2,8,1160.0,,15.0
simu5g_00000176,2,2,9,1128.0,,14.0
simu5g_00000176,2,2,10,1128.0,,14.0
simu5g_00000176,2,2,11,808.0,,11.0
simu5g_00000176,2,2,12,984.0,,13.0
simu5g_00000176,2,2,13,1128.0,,14.0
simu5g_00000176,2,2,14,1128.0,,14.0
simu5g_00000176,2,2,15,1128.0,,14.0
simu5g_00000176,2,2,16,888.0,,12.0
simu5g_00000176,2,2,17,1128.0,,14.0
simu5g_00000176,2,2,18,1128.0,,14.0
simu5g_00000176,2,2,19,1128.0,,14.0
simu5g_00000176,2,2,20,1128.0,,14.0
simu5g_00000176,2,2,21,984.0,,13.0
simu5g_00000176,2,2,22,984.0,,13.0
simu5g_00000176,2,2,23,1128.0,,14.0
simu5g_00000176,2,2,24,888.0,,12.0
simu5g_00000177,15,0,0,1160.0,,15.0
simu5g_00000177,15,0,1,1160.0,,15.0
simu5g_00000177,15,0,2,1160.0,,15.0
simu5g_00000177,15,0,3,1160.0,,15.0
simu5g_00000177,15,0,4,1160.0,,15.0
simu5g_00000177,15,0,5,1128.0,,14.0
simu5g_00000177,15,0,6,1160.0,,15.0
simu5g_00000177,15,0,7,1160.0,,15.0
simu5g_00000177,15,0,8,1160.0,,15.0
simu5g_00000177,15,0,9,1160.0,,15.0
simu5g_00000177,15,0,10,1160.0,,15.0
simu5g_00000177,15,0,11,1160.0,,15.0
simu5g_00000177,15,0,12,1160.0,,15.0
simu5g_00000177,15,0,13,1160.0,,15.0
simu5g_00000177,15,0,14,1160.0,,15.0
simu5g_00000177,15,0,15,1160.0,,15.0
simu5g_00000177,15,0,16,1160.0,,15.0
simu5g_00000177,15,0,17,1160.0,,15.0
simu5g_00000177,15,0,18,1160.0,,15.0
simu5g_00000177,15,0,19,1160.0,,15.0
simu5g_00000177,15,0,20,1160.0,,15.0
simu5g_00000177,15,0,21,1160.0,,15.0
simu5g_00000177,15,0,22,1160.0,,15.0
simu5g_00000177,15,0,23,1160.0,,15.0
simu5g_00000177,15,0,24,1160.0,,15.0
simu5g_00000177,31,1,0,1128.0,,14.0
simu5g_00000177,31,1,1,1128.0,,14.0
simu5g_00000177,31,1,2,1160.0,,15.0
simu5g_00000177,31,1,3,1160.0,,15.0
simu5g_00000177,31,1,4,1160.0,,15.0
simu5g_00000177,31,1,5,1160.0,,15.0
simu5g_00000177,31,1,6,1160.0,,15.0
simu5g_00000177,31,1,7,1160.0,,15.0
simu5g_00000177,31,1,8,1160.0,,15.0
simu5g_00000177,31,1,9,1160.0,,15.0
simu5g_00000177,31,1,10,1160.0,,15.0
simu5g_00000177,31,1,11,1160.0,,15.0
simu5g_00000177,31,1,12,808.0,,11.0
simu5g_00000177,31,1,13,1160.0,,15.0
simu5g_00000177,31,1,14,1160.0,,15.0
simu5g_00000177,31,1,15,1160.0,,15.0
simu5g_00000177,31,1,16,1160.0,,15.0
simu5g_00000177,31,1,17,1160.0,,15.0
simu5g_00000177,31,1,18,1160.0,,15.0
simu5g_00000177,31,1,19,1128.0,,14.0
simu5g_00000177,31,1,20,1128.0,,14.0
simu5g_00000177,31,1,21,1160.0,,15.0
simu5g_00000177,31,1,22,1160.0,,15.0
simu5g_00000177,31,1,23,1160.0,,15.0
simu5g_00000177,31,1,24,1160.0,,15.0
simu5g_00000178,0,0,0,1160.0,,15.0
simu5g_00000178,0,0,1,808.0,,11.0
simu5g_00000178,0,0,2,1160.0,,15.0
simu5g_00000178,0,0,3,1128.0,,14.0
simu5g_00000178,0,0,4,1160.0,,15.0
simu5g_00000178,0,0,5,1128.0,,14.0
simu5g_00000178,0,0,6,1128.0,,14.0
simu5g_00000178,0,0,7,1160.0,,15.0
simu5g_00000178,0,0,8,984.0,,13.0
simu5g_00000178,0,0,9,1160.0,,15.0
simu5g_00000178,0,0,10,1160.0,,15.0
simu5g_00000178,0,0,11,1160.0,,15.0
simu5g_00000178,0,0,12,1160.0,,15.0
simu5g_00000178,0,0,13,1160.0,,15.0
simu5g_00000178,0,0,14,1160.0,,15.0
simu5g_00000178,0,0,15,1160.0,,15.0
simu5g_00000178,0,0,16,1160.0,,15.0
simu5g_00000178,0,0,17,1160.0,,15.0
simu5g_00000178,0,0,18,1160.0,,15.0
simu5g_00000178,0,0,19,1160.0,,15.0
simu5g_00000178,0,0,20,1160.0,,15.0
simu5g_00000178,0,0,21,984.0,,13.0
simu5g_00000178,0,0,22,1160.0,,15.0
simu5g_00000178,0,0,23,1160.0,,15.0
simu5g_00000178,0,0,24,1128.0,,14.0
simu5g_00000178,1,1,0,1160.0,,15.0
simu5g_00000178,1,1,1,1128.0,,14.0
simu5g_00000178,1,1,2,1128.0,,14.0
simu5g_00000178,1,1,3,1160.0,,15.0
simu5g_00000178,1,1,4,1128.0,,14.0
simu5g_00000178,1,1,5,1128.0,,14.0
simu5g_00000178,1,1,6,1128.0,,14.0
simu5g_00000178,1,1,7,888.0,,12.0
simu5g_00000178,1,1,8,808.0,,11.0
simu5g_00000178,1,1,9,1128.0,,14.0
simu5g_00000178,1,1,10,1128.0,,14.0
simu5g_00000178,1,1,11,1128.0,,14.0
simu5g_00000178,1,1,12,1128.0,,14.0
simu5g_00000178,1,1,13,1160.0,,15.0
simu5g_00000178,1,1,14,1160.0,,15.0
simu5g_00000178,1,1,15,1160.0,,15.0
simu5g_00000178,1,1,16,1128.0,,14.0
simu5g_00000178,1,1,17,1128.0,,14.0
simu5g_00000178,1,1,18,1128.0,,14.0
simu5g_00000178,1,1,19,1128.0,,14.0
simu5g_00000178,1,1,20,1160.0,,15.0
simu5g_00000178,1,1,21,608.0,,9.0
simu5g_00000178,1,1,22,1160.0,,15.0
simu5g_00000178,1,1,23,984.0,,13.0
simu5g_00000178,1,1,24,1128.0,,14.0
simu5g_00000178,2,2,0,1128.0,,14.0
simu5g_00000178,2,2,1,1160.0,,15.0
simu5g_00000178,2,2,2,1128.0,,14.0
simu5g_00000178,2,2,3,1160.0,,15.0
simu5g_00000178,2,2,4,1128.0,,14.0
simu5g_00000178,2,2,5,984.0,,13.0
simu5g_00000178,2,2,6,1128.0,,14.0
simu5g_00000178,2,2,7,608.0,,9.0
simu5g_00000178,2,2,8,1160.0,,15.0
simu5g_00000178,2,2,9,1128.0,,14.0
simu5g_00000178,2,2,10,1128.0,,14.0
simu5g_00000178,2,2,11,808.0,,11.0
simu5g_00000178,2,2,12,984.0,,13.0
simu5g_00000178,2,2,13,1128.0,,14.0
simu5g_00000178,2,2,14,1128.0,,14.0
simu5g_00000178,2,2,15,1128.0,,14.0
simu5g_00000178,2,2,16,888.0,,12.0
simu5g_00000178,2,2,17,1128.0,,14.0
simu5g_00000178,2,2,18,1128.0,,14.0
simu5g_00000178,2,2,19,1128.0,,14.0
simu5g_00000178,2,2,20,1128.0,,14.0
simu5g_00000178,2,2,21,984.0,,13.0
simu5g_00000178,2,2,22,984.0,,13.0
simu5g_00000178,2,2,23,1128.0,,14.0
simu5g_00000178,2,2,24,888.0,,12.0
simu5g_00000179,15,0,0,1160.0,,15.0
simu5g_00000179,15,0,1,1160.0,,15.0
simu5g_00000179,15,0,2,1160.0,,15.0
simu5g_00000179,15,0,3,1160.0,,15.0
simu5g_00000179,15,0,4,1160.0,,15.0
simu5g_00000179,15,0,5,1128.0,,14.0
simu5g_00000179,15,0,6,1160.0,,15.0
simu5g_00000179,15,0,7,1160.0,,15.0
simu5g_00000179,15,0,8,1160.0,,15.0
simu5g_00000179,15,0,9,1160.0,,15.0
simu5g_00000179,15,0,10,1160.0,,15.0
simu5g_00000179,15,0,11,1160.0,,15.0
simu5g_00000179,15,0,12,1160.0,,15.0
simu5g_00000179,15,0,13,1160.0,,15.0
simu5g_00000179,15,0,14,1160.0,,15.0
simu5g_00000179,15,0,15,1160.0,,15.0
simu5g_00000179,15,0,16,1160.0,,15.0
simu5g_00000179,15,0,17,1160.0,,15.0
simu5g_00000179,15,0,18,1160.0,,15.0
simu5g_00000179,15,0,19,1160.0,,15.0
simu5g_00000179,15,0,20,1160.0,,15.0
simu5g_00000179,15,0,21,1160.0,,15.0
simu5g_00000179,15,0,22,1160.0,,15.0
simu5g_00000179,15,0,23,1160.0,,15.0
simu5g_00000179,15,0,24,1160.0,,15.0
simu5g_00000179,31,1,0,1128.0,,14.0
simu5g_00000179,31,1,1,1128.0,,14.0
simu5g_00000179,31,1,2,1160.0,,15.0
simu5g_00000179,31,1,3,1160.0,,15.0
simu5g_00000179,31,1,4,1160.0,,15.0
simu5g_00000179,31,1,5,1160.0,,15.0
simu5g_00000179,31,1,6,1160.0,,15.0
simu5g_00000179,31,1,7,1160.0,,15.0
simu5g_00000179,31,1,8,1160.0,,15.0
simu5g_00000179,31,1,9,1160.0,,15.0
simu5g_00000179,31,1,10,1160.0,,15.0
simu5g_00000179,31,1,11,1160.0,,15.0
simu5g_00000179,31,1,12,808.0,,11.0
simu5g_00000179,31,1,13,1160.0,,15.0
simu5g_00000179,31,1,14,1160.0,,15.0
simu5g_00000179,31,1,15,1160.0,,15.0
simu5g_00000179,31,1,16,1160.0,,15.0
simu5g_00000179,31,1,17,1160.0,,15.0
simu5g_00000179,31,1,18,1160.0,,15.0
simu5g_00000179,31,1,19,1128.0,,14.0
simu5g_00000179,31,1,20,1128.0,,14.0
simu5g_00000179,31,1,21,1160.0,,15.0
simu5g_00000179,31,1,22,1160.0,,15.0
simu5g_00000179,31,1,23,1160.0,,15.0
simu5g_00000179,31,1,24,1160.0,,15.0
simu5g_00000180,0,0,0,1160.0,,15.0
simu5g_00000180,0,0,1,808.0,,11.0
simu5g_00000180,0,0,2,1160.0,,15.0
simu5g_00000180,0,0,3,1128.0,,14.0
simu5g_00000180,0,0,4,1160.0,,15.0
simu5g_00000180,0,0,5,1128.0,,14.0
simu5g_00000180,0,0,6,1128.0,,14.0
simu5g_00000180,0,0,7,1160.0,,15.0
simu5g_00000180,0,0,8,984.0,,13.0
simu5g_00000180,0,0,9,1160.0,,15.0
simu5g_00000180,0,0,10,1160.0,,15.0
simu5g_00000180,0,0,11,1160.0,,15.0
simu5g_00000180,0,0,12,1160.0,,15.0
simu5g_00000180,0,0,13,1160.0,,15.0
simu5g_00000180,0,0,14,1160.0,,15.0
simu5g_00000180,0,0,15,1160.0,,15.0
simu5g_00000180,0,0,16,1160.0,,15.0
simu5g_00000180,0,0,17,1160.0,,15.0
simu5g_00000180,0,0,18,1160.0,,15.0
simu5g_00000180,0,0,19,1160.0,,15.0
simu5g_00000180,0,0,20,1160.0,,15.0
simu5g_00000180,0,0,21,984.0,,13.0
simu5g_00000180,0,0,22,1160.0,,15.0
simu5g_00000180,0,0,23,1160.0,,15.0
simu5g_00000180,0,0,24,1128.0,,14.0
simu5g_00000180,1,1,0,1160.0,,15.0
simu5g_00000180,1,1,1,1128.0,,14.0
simu5g_00000180,1,1,2,1128.0,,14.0
simu5g_00000180,1,1,3,1160.0,,15.0
simu5g_00000180,1,1,4,1128.0,,14.0
simu5g_00000180,1,1,5,1128.0,,14.0
simu5g_00000180,1,1,6,1128.0,,14.0
simu5g_00000180,1,1,7,888.0,,12.0
simu5g_00000180,1,1,8,808.0,,11.0
simu5g_00000180,1,1,9,1128.0,,14.0
simu5g_00000180,1,1,10,1128.0,,14.0
simu5g_00000180,1,1,11,1128.0,,14.0
simu5g_00000180,1,1,12,1128.0,,14.0
simu5g_00000180,1,1,13,1160.0,,15.0
simu5g_00000180,1,1,14,1160.0,,15.0
simu5g_00000180,1,1,15,1160.0,,15.0
simu5g_00000180,1,1,16,1128.0,,14.0
simu5g_00000180,1,1,17,1128.0,,14.0
simu5g_00000180,1,1,18,1128.0,,14.0
simu5g_00000180,1,1,19,1128.0,,14.0
simu5g_00000180,1,1,20,1160.0,,15.0
simu5g_00000180,1,1,21,608.0,,9.0
simu5g_00000180,1,1,22,1160.0,,15.0
simu5g_00000180,1,1,23,984.0,,13.0
simu5g_00000180,1,1,24,1128.0,,14.0
simu5g_00000180,2,2,0,1128.0,,14.0
simu5g_00000180,2,2,1,1160.0,,15.0
simu5g_00000180,2,2,2,1128.0,,14.0
simu5g_00000180,2,2,3,1160.0,,15.0
simu5g_00000180,2,2,4,1128.0,,14.0
simu5g_00000180,2,2,5,984.0,,13.0
simu5g_00000180,2,2,6,1128.0,,14.0
simu5g_00000180,2,2,7,608.0,,9.0
simu5g_00000180,2,2,8,1160.0,,15.0
simu5g_00000180,2,2,9,1128.0,,14.0
simu5g_00000180,2,2,10,1128.0,,14.0
simu5g_00000180,2,2,11,808.0,,11.0
simu5g_00000180,2,2,12,984.0,,13.0
simu5g_00000180,2,2,13,1128.0,,14.0
simu5g_00000180,2,2,14,1128.0,,14.0
simu5g_00000180,2,2,15,1128.0,,14.0
simu5g_00000180,2,2,16,888.0,,12.0
simu5g_00000180,2,2,17,1128.0,,14.0
simu5g_00000180,2,2,18,1128.0,,14.0
simu5g_00000180,2,2,19,1128.0,,14.0
simu5g_00000180,2,2,20,1128.0,,14.0
simu5g_00000180,2,2,21,984.0,,13.0
simu5g_00000180,2,2,22,984.0,,13.0
simu5g_00000180,2,2,23,1128.0,,14.0
simu5g_00000180,2,2,24,888.0,,12.0
simu5g_00000181,15,0,0,1160.0,,15.0
simu5g_00000181,15,0,1,1160.0,,15.0
simu5g_00000181,15,0,2,1160.0,,15.0
simu5g_00000181,15,0,3,1160.0,,15.0
simu5g_00000181,15,0,4,1160.0,,15.0
simu5g_00000181,15,0,5,1128.0,,14.0
simu5g_00000181,15,0,6,1160.0,,15.0
simu5g_00000181,15,0,7,1160.0,,15.0
simu5g_00000181,15,0,8,1160.0,,15.0
simu5g_00000181,15,0,9,1160.0,,15.0
simu5g_00000181,15,0,10,1160.0,,15.0
simu5g_00000181,15,0,11,1160.0,,15.0
simu5g_00000181,15,0,12,1160.0,,15.0
simu5g_00000181,15,0,13,1160.0,,15.0
simu5g_00000181,15,0,14,1160.0,,15.0
simu5g_00000181,15,0,15,1160.0,,15.0
simu5g_00000181,15,0,16,1160.0,,15.0
simu5g_00000181,15,0,17,1160.0,,15.0
simu5g_00000181,15,0,18,1160.0,,15.0
simu5g_00000181,15,0,19,1160.0,,15.0
simu5g_00000181,15,0,20,1160.0,,15.0
simu5g_00000181,15,0,21,1160.0,,15.0
simu5g_00000181,15,0,22,1160.0,,15.0
simu5g_00000181,15,0,23,1160.0,,15.0
simu5g_00000181,15,0,24,1160.0,,15.0
simu5g_00000181,31,1,0,1128.0,,14.0
simu5g_00000181,31,1,1,1128.0,,14.0
simu5g_00000181,31,1,2,1160.0,,15.0
simu5g_00000181,31,1,3,1160.0,,15.0
simu5g_00000181,31,1,4,1160.0,,15.0
simu5g_00000181,31,1,5,1160.0,,15.0
simu5g_00000181,31,1,6,1160.0,,15.0
simu5g_00000181,31,1,7,1160.0,,15.0
simu5g_00000181,31,1,8,1160.0,,15.0
simu5g_00000181,31,1,9,1160.0,,15.0
simu5g_00000181,31,1,10,1160.0,,15.0
simu5g_00000181,31,1,11,1160.0,,15.0
simu5g_00000181,31,1,12,808.0,,11.0
simu5g_00000181,31,1,13,1160.0,,15.0
simu5g_00000181,31,1,14,1160.0,,15.0
simu5g_00000181,31,1,15,1160.0,,15.0
simu5g_00000181,31,1,16,1160.0,,15.0
simu5g_00000181,31,1,17,1160.0,,15.0
simu5g_00000181,31,1,18,1160.0,,15.0
simu5g_00000181,31,1,19,1160.0,,15.0
simu5g_00000181,31,1,20,1128.0,,14.0
simu5g_00000181,31,1,21,1160.0,,15.0
simu5g_00000181,31,1,22,1160.0,,15.0
simu5g_00000181,31,1,23,1160.0,,15.0
simu5g_00000181,31,1,24,1160.0,,15.0
simu5g_00000182,0,0,0,1160.0,,15.0
simu5g_00000182,0,0,1,808.0,,11.0
simu5g_00000182,0,0,2,1160.0,,15.0
simu5g_00000182,0,0,3,1128.0,,14.0
simu5g_00000182,0,0,4,1160.0,,15.0
simu5g_00000182,0,0,5,1128.0,,14.0
simu5g_00000182,0,0,6,1128.0,,14.0
simu5g_00000182,0,0,7,1160.0,,15.0
simu5g_00000182,0,0,8,984.0,,13.0
simu5g_00000182,0,0,9,1160.0,,15.0
simu5g_00000182,0,0,10,1160.0,,15.0
simu5g_00000182,0,0,11,1160.0,,15.0
simu5g_00000182,0,0,12,1160.0,,15.0
simu5g_00000182,0,0,13,1160.0,,15.0
simu5g_00000182,0,0,14,1160.0,,15.0
simu5g_00000182,0,0,15,1160.0,,15.0
simu5g_00000182,0,0,16,1160.0,,15.0
simu5g_00000182,0,0,17,1160.0,,15.0
simu5g_00000182,0,0,18,1160.0,,15.0
simu5g_00000182,0,0,19,1160.0,,15.0
simu5g_00000182,0,0,20,1160.0,,15.0
simu5g_00000182,0,0,21,984.0,,13.0
simu5g_00000182,0,0,22,1160.0,,15.0
simu5g_00000182,0,0,23,1160.0,,15.0
simu5g_00000182,0,0,24,1128.0,,14.0
simu5g_00000182,1,1,0,1160.0,,15.0
simu5g_00000182,1,1,1,1128.0,,14.0
simu5g_00000182,1,1,2,1128.0,,14.0
simu5g_00000182,1,1,3,1160.0,,15.0
simu5g_00000182,1,1,4,1128.0,,14.0
simu5g_00000182,1,1,5,1128.0,,14.0
simu5g_00000182,1,1,6,1128.0,,14.0
simu5g_00000182,1,1,7,888.0,,12.0
simu5g_00000182,1,1,8,808.0,,11.0
simu5g_00000182,1,1,9,1128.0,,14.0
simu5g_00000182,1,1,10,1128.0,,14.0
simu5g_00000182,1,1,11,1128.0,,14.0
simu5g_00000182,1,1,12,1128.0,,14.0
simu5g_00000182,1,1,13,1160.0,,15.0
simu5g_00000182,1,1,14,1160.0,,15.0
simu5g_00000182,1,1,15,1160.0,,15.0
simu5g_00000182,1,1,16,1128.0,,14.0
simu5g_00000182,1,1,17,1128.0,,14.0
simu5g_00000182,1,1,18,1128.0,,14.0
simu5g_00000182,1,1,19,1128.0,,14.0
simu5g_00000182,1,1,20,1160.0,,15.0
simu5g_00000182,1,1,21,608.0,,9.0
simu5g_00000182,1,1,22,1160.0,,15.0
simu5g_00000182,1,1,23,984.0,,13.0
simu5g_00000182,1,1,24,1128.0,,14.0
simu5g_00000182,2,2,0,1128.0,,14.0
simu5g_00000182,2,2,1,1160.0,,15.0
simu5g_00000182,2,2,2,1128.0,,14.0
simu5g_00000182,2,2,3,1160.0,,15.0
simu5g_00000182,2,2,4,1128.0,,14.0
simu5g_00000182,2,2,5,984.0,,13.0
simu5g_00000182,2,2,6,1128.0,,14.0
simu5g_00000182,2,2,7,608.0,,9.0
simu5g_00000182,2,2,8,1160.0,,15.0
simu5g_00000182,2,2,9,1128.0,,14.0
simu5g_00000182,2,2,10,1128.0,,14.0
simu5g_00000182,2,2,11,808.0,,11.0
simu5g_00000182,2,2,12,984.0,,13.0
simu5g_00000182,2,2,13,1128.0,,14.0
simu5g_00000182,2,2,14,1128.0,,14.0
simu5g_00000182,2,2,15,1128.0,,14.0
simu5g_00000182,2,2,16,888.0,,12.0
simu5g_00000182,2,2,17,1128.0,,14.0
simu5g_00000182,2,2,18,1128.0,,14.0
simu5g_00000182,2,2,19,1128.0,,14.0
simu5g_00000182,2,2,20,1128.0,,14.0
simu5g_00000182,2,2,21,984.0,,13.0
simu5g_00000182,2,2,22,984.0,,13.0
simu5g_00000182,2,2,23,1128.0,,14.0
simu5g_00000182,2,2,24,888.0,,12.0
simu5g_00000183,15,0,0,1160.0,,15.0
simu5g_00000183,15,0,1,1160.0,,15.0
simu5g_00000183,15,0,2,1160.0,,15.0
simu5g_00000183,15,0,3,1160.0,,15.0
simu5g_00000183,15,0,4,1160.0,,15.0
simu5g_00000183,15,0,5,1128.0,,14.0
simu5g_00000183,15,0,6,1160.0,,15.0
simu5g_00000183,15,0,7,1160.0,,15.0
simu5g_00000183,15,0,8,1160.0,,15.0
simu5g_00000183,15,0,9,1160.0,,15.0
simu5g_00000183,15,0,10,1160.0,,15.0
simu5g_00000183,15,0,11,1160.0,,15.0
simu5g_00000183,15,0,12,1160.0,,15.0
simu5g_00000183,15,0,13,1160.0,,15.0
simu5g_00000183,15,0,14,1160.0,,15.0
simu5g_00000183,15,0,15,1160.0,,15.0
simu5g_00000183,15,0,16,1160.0,,15.0
simu5g_00000183,15,0,17,1160.0,,15.0
simu5g_00000183,15,0,18,1160.0,,15.0
simu5g_00000183,15,0,19,1160.0,,15.0
simu5g_00000183,15,0,20,1160.0,,15.0
simu5g_00000183,15,0,21,1160.0,,15.0
simu5g_00000183,15,0,22,1160.0,,15.0
simu5g_00000183,15,0,23,1160.0,,15.0
simu5g_00000183,15,0,24,1160.0,,15.0
simu5g_00000183,31,1,0,1128.0,,14.0
simu5g_00000183,31,1,1,1128.0,,14.0
simu5g_00000183,31,1,2,1160.0,,15.0
simu5g_00000183,31,1,3,1160.0,,15.0
simu5g_00000183,31,1,4,1160.0,,15.0
simu5g_00000183,31,1,5,1160.0,,15.0
simu5g_00000183,31,1,6,1160.0,,15.0
simu5g_00000183,31,1,7,1160.0,,15.0
simu5g_00000183,31,1,8,1160.0,,15.0
simu5g_00000183,31,1,9,1160.0,,15.0
simu5g_00000183,31,1,10,1160.0,,15.0
simu5g_00000183,31,1,11,1160.0,,15.0
simu5g_00000183,31,1,12,808.0,,11.0
simu5g_00000183,31,1,13,1160.0,,15.0
simu5g_00000183,31,1,14,1160.0,,15.0
simu5g_00000183,31,1,15,1160.0,,15.0
simu5g_00000183,31,1,16,1160.0,,15.0
simu5g_00000183,31,1,17,1160.0,,15.0
simu5g_00000183,31,1,18,1160.0,,15.0
simu5g_00000183,31,1,19,1160.0,,15.0
simu5g_00000183,31,1,20,1128.0,,14.0
simu5g_00000183,31,1,21,1160.0,,15.0
simu5g_00000183,31,1,22,1160.0,,15.0
simu5g_00000183,31,1,23,1160.0,,15.0
simu5g_00000183,31,1,24,1160.0,,15.0
simu5g_00000184,0,0,0,1160.0,,15.0
simu5g_00000184,0,0,1,808.0,,11.0
simu5g_00000184,0,0,2,1160.0,,15.0
simu5g_00000184,0,0,3,1128.0,,14.0
simu5g_00000184,0,0,4,1160.0,,15.0
simu5g_00000184,0,0,5,1128.0,,14.0
simu5g_00000184,0,0,6,1128.0,,14.0
simu5g_00000184,0,0,7,1160.0,,15.0
simu5g_00000184,0,0,8,984.0,,13.0
simu5g_00000184,0,0,9,1160.0,,15.0
simu5g_00000184,0,0,10,1160.0,,15.0
simu5g_00000184,0,0,11,1160.0,,15.0
simu5g_00000184,0,0,12,1160.0,,15.0
simu5g_00000184,0,0,13,1160.0,,15.0
simu5g_00000184,0,0,14,1160.0,,15.0
simu5g_00000184,0,0,15,1160.0,,15.0
simu5g_00000184,0,0,16,1160.0,,15.0
simu5g_00000184,0,0,17,1160.0,,15.0
simu5g_00000184,0,0,18,1160.0,,15.0
simu5g_00000184,0,0,19,1160.0,,15.0
simu5g_00000184,0,0,20,1160.0,,15.0
simu5g_00000184,0,0,21,984.0,,13.0
simu5g_00000184,0,0,22,1160.0,,15.0
simu5g_00000184,0,0,23,1160.0,,15.0
simu5g_00000184,0,0,24,1128.0,,14.0
simu5g_00000184,1,1,0,1160.0,,15.0
simu5g_00000184,1,1,1,1128.0,,14.0
simu5g_00000184,1,1,2,1128.0,,14.0
simu5g_00000184,1,1,3,1160.0,,15.0
simu5g_00000184,1,1,4,1128.0,,14.0
simu5g_00000184,1,1,5,1128.0,,14.0
simu5g_00000184,1,1,6,1128.0,,14.0
simu5g_00000184,1,1,7,888.0,,12.0
simu5g_00000184,1,1,8,808.0,,11.0
simu5g_00000184,1,1,9,1128.0,,14.0
simu5g_00000184,1,1,10,1128.0,,14.0
simu5g_00000184,1,1,11,1128.0,,14.0
simu5g_00000184,1,1,12,1128.0,,14.0
simu5g_00000184,1,1,13,1160.0,,15.0
simu5g_00000184,1,1,14,1160.0,,15.0
simu5g_00000184,1,1,15,1160.0,,15.0
simu5g_00000184,1,1,16,1128.0,,14.0
simu5g_00000184,1,1,17,1128.0,,14.0
simu5g_00000184,1,1,18,1128.0,,14.0
simu5g_00000184,1,1,19,1128.0,,14.0
simu5g_00000184,1,1,20,1160.0,,15.0
simu5g_00000184,1,1,21,608.0,,9.0
simu5g_00000184,1,1,22,1160.0,,15.0
simu5g_00000184,1,1,23,984.0,,13.0
simu5g_00000184,1,1,24,1128.0,,14.0
simu5g_00000184,2,2,0,1128.0,,14.0
simu5g_00000184,2,2,1,1160.0,,15.0
simu5g_00000184,2,2,2,1128.0,,14.0
simu5g_00000184,2,2,3,1160.0,,15.0
simu5g_00000184,2,2,4,1128.0,,14.0
simu5g_00000184,2,2,5,984.0,,13.0
simu5g_00000184,2,2,6,1128.0,,14.0
simu5g_00000184,2,2,7,608.0,,9.0
simu5g_00000184,2,2,8,1160.0,,15.0
simu5g_00000184,2,2,9,1128.0,,14.0
simu5g_00000184,2,2,10,1128.0,,14.0
simu5g_00000184,2,2,11,808.0,,11.0
simu5g_00000184,2,2,12,984.0,,13.0
simu5g_00000184,2,2,13,1128.0,,14.0
simu5g_00000184,2,2,14,1128.0,,14.0
simu5g_00000184,2,2,15,1128.0,,14.0
simu5g_00000184,2,2,16,888.0,,12.0
simu5g_00000184,2,2,17,1128.0,,14.0
simu5g_00000184,2,2,18,1128.0,,14.0
simu5g_00000184,2,2,19,1128.0,,14.0
simu5g_00000184,2,2,20,1128.0,,14.0
simu5g_00000184,2,2,21,984.0,,13.0
simu5g_00000184,2,2,22,984.0,,13.0
simu5g_00000184,2,2,23,1128.0,,14.0
simu5g_00000184,2,2,24,984.0,,13.0
simu5g_00000185,15,0,0,1160.0,,15.0
simu5g_00000185,15,0,1,1160.0,,15.0
simu5g_00000185,15,0,2,1160.0,,15.0
simu5g_00000185,15,0,3,1160.0,,15.0
simu5g_00000185,15,0,4,1160.0,,15.0
simu5g_00000185,15,0,5,1128.0,,14.0
simu5g_00000185,15,0,6,1160.0,,15.0
simu5g_00000185,15,0,7,1160.0,,15.0
simu5g_00000185,15,0,8,1160.0,,15.0
simu5g_00000185,15,0,9,1160.0,,15.0
simu5g_00000185,15,0,10,1160.0,,15.0
simu5g_00000185,15,0,11,1160.0,,15.0
simu5g_00000185,15,0,12,1160.0,,15.0
simu5g_00000185,15,0,13,1160.0,,15.0
simu5g_00000185,15,0,14,1160.0,,15.0
simu5g_00000185,15,0,15,1160.0,,15.0
simu5g_00000185,15,0,16,1160.0,,15.0
simu5g_00000185,15,0,17,1160.0,,15.0
simu5g_00000185,15,0,18,1160.0,,15.0
simu5g_00000185,15,0,19,1160.0,,15.0
simu5g_00000185,15,0,20,1160.0,,15.0
simu5g_00000185,15,0,21,1160.0,,15.0
simu5g_00000185,15,0,22,1160.0,,15.0
simu5g_00000185,15,0,23,1160.0,,15.0
simu5g_00000185,15,0,24,1160.0,,15.0
simu5g_00000185,31,1,0,1128.0,,14.0
simu5g_00000185,31,1,1,1128.0,,14.0
simu5g_00000185,31,1,2,1160.0,,15.0
simu5g_00000185,31,1,3,1160.0,,15.0
simu5g_00000185,31,1,4,1160.0,,15.0
simu5g_00000185,31,1,5,1160.0,,15.0
simu5g_00000185,31,1,6,1160.0,,15.0
simu5g_00000185,31,1,7,1160.0,,15.0
simu5g_00000185,31,1,8,1160.0,,15.0
simu5g_00000185,31,1,9,1160.0,,15.0
simu5g_00000185,31,1,10,1160.0,,15.0
simu5g_00000185,31,1,11,1160.0,,15.0
simu5g_00000185,31,1,12,808.0,,11.0
simu5g_00000185,31,1,13,1160.0,,15.0
simu5g_00000185,31,1,14,1160.0,,15.0
simu5g_00000185,31,1,15,1160.0,,15.0
simu5g_00000185,31,1,16,1160.0,,15.0
simu5g_00000185,31,1,17,1160.0,,15.0
simu5g_00000185,31,1,18,1160.0,,15.0
simu5g_00000185,31,1,19,1160.0,,15.0
simu5g_00000185,31,1,20,1128.0,,14.0
simu5g_00000185,31,1,21,1160.0,,15.0
simu5g_00000185,31,1,22,1160.0,,15.0
simu5g_00000185,31,1,23,1160.0,,15.0
simu5g_00000185,31,1,24,1160.0,,15.0
simu5g_00000186,0,0,0,1160.0,,15.0
simu5g_00000186,0,0,1,608.0,,9.0
simu5g_00000186,0,0,2,1160.0,,15.0
simu5g_00000186,0,0,3,984.0,,13.0
simu5g_00000186,0,0,4,1160.0,,15.0
simu5g_00000186,0,0,5,984.0,,13.0
simu5g_00000186,0,0,6,1128.0,,14.0
simu5g_00000186,0,0,7,1160.0,,15.0
simu5g_00000186,0,0,8,888.0,,12.0
simu5g_00000186,0,0,9,1128.0,,14.0
simu5g_00000186,0,0,10,1160.0,,15.0
simu5g_00000186,0,0,11,1160.0,,15.0
simu5g_00000186,0,0,12,1128.0,,14.0
simu5g_00000186,0,0,13,1128.0,,14.0
simu5g_00000186,0,0,14,1128.0,,14.0
simu5g_00000186,0,0,15,1160.0,,15.0
simu5g_00000186,0,0,16,1128.0,,14.0
simu5g_00000186,0,0,17,1160.0,,15.0
simu5g_00000186,0,0,18,1160.0,,15.0
simu5g_00000186,0,0,19,1128.0,,14.0
simu5g_00000186,0,0,20,1160.0,,15.0
simu5g_00000186,0,0,21,888.0,,12.0
simu5g_00000186,0,0,22,1160.0,,15.0
simu5g_00000186,0,0,23,1160.0,,15.0
simu5g_00000186,0,0,24,984.0,,13.0
simu5g_00000186,1,1,0,1160.0,,15.0
simu5g_00000186,1,1,1,1128.0,,14.0
simu5g_00000186,1,1,2,1128.0,,14.0
simu5g_00000186,1,1,3,1160.0,,15.0
simu5g_00000186,1,1,4,1128.0,,14.0
simu5g_00000186,1,1,5,1128.0,,14.0
simu5g_00000186,1,1,6,1128.0,,14.0
simu5g_00000186,1,1,7,888.0,,12.0
simu5g_00000186,1,1,8,808.0,,11.0
simu5g_00000186,1,1,9,1128.0,,14.0
simu5g_00000186,1,1,10,1128.0,,14.0
simu5g_00000186,1,1,11,1128.0,,14.0
simu5g_00000186,1,1,12,1128.0,,14.0
simu5g_00000186,1,1,13,1160.0,,15.0
simu5g_00000186,1,1,14,1160.0,,15.0
simu5g_00000186,1,1,15,1160.0,,15.0
simu5g_00000186,1,1,16,1128.0,,14.0
simu5g_00000186,1,1,17,1128.0,,14.0
simu5g_00000186,1,1,18,1128.0,,14.0
simu5g_00000186,1,1,19,1128.0,,14.0
simu5g_00000186,1,1,20,1160.0,,15.0
simu5g_00000186,1,1,21,608.0,,9.0
simu5g_00000186,1,1,22,1160.0,,15.0
simu5g_00000186,1,1,23,984.0,,13.0
simu5g_00000186,1,1,24,1128.0,,14.0
simu5g_00000186,2,2,0,1128.0,,14.0
simu5g_00000186,2,2,1,1160.0,,15.0
simu5g_00000186,2,2,2,1128.0,,14.0
simu5g_00000186,2,2,3,1160.0,,15.0
simu5g_00000186,2,2,4,1128.0,,14.0
simu5g_00000186,2,2,5,984.0,,13.0
simu5g_00000186,2,2,6,1128.0,,14.0
simu5g_00000186,2,2,7,608.0,,9.0
simu5g_00000186,2,2,8,1160.0,,15.0
simu5g_00000186,2,2,9,1128.0,,14.0
simu5g_00000186,2,2,10,1128.0,,14.0
simu5g_00000186,2,2,11,808.0,,11.0
simu5g_00000186,2,2,12,984.0,,13.0
simu5g_00000186,2,2,13,1128.0,,14.0
simu5g_00000186,2,2,14,1128.0,,14.0
simu5g_00000186,2,2,15,1128.0,,14.0
simu5g_00000186,2,2,16,888.0,,12.0
simu5g_00000186,2,2,17,1128.0,,14.0
simu5g_00000186,2,2,18,1128.0,,14.0
simu5g_00000186,2,2,19,1128.0,,14.0
simu5g_00000186,2,2,20,1128.0,,14.0
simu5g_00000186,2,2,21,984.0,,13.0
simu5g_00000186,2,2,22,984.0,,13.0
simu5g_00000186,2,2,23,1128.0,,14.0
simu5g_00000186,2,2,24,984.0,,13.0
simu5g_00000187,15,0,0,1160.0,,15.0
simu5g_00000187,15,0,1,1160.0,,15.0
simu5g_00000187,15,0,2,1160.0,,15.0
simu5g_00000187,15,0,3,1160.0,,15.0
simu5g_00000187,15,0,4,1160.0,,15.0
simu5g_00000187,15,0,5,1128.0,,14.0
simu5g_00000187,15,0,6,1160.0,,15.0
simu5g_00000187,15,0,7,1160.0,,15.0
simu5g_00000187,15,0,8,1160.0,,15.0
simu5g_00000187,15,0,9,1160.0,,15.0
simu5g_00000187,15,0,10,1160.0,,15.0
simu5g_00000187,15,0,11,1160.0,,15.0
simu5g_00000187,15,0,12,1160.0,,15.0
simu5g_00000187,15,0,13,1160.0,,15.0
simu5g_00000187,15,0,14,1160.0,,15.0
simu5g_00000187,15,0,15,1160.0,,15.0
simu5g_00000187,15,0,16,1160.0,,15.0
simu5g_00000187,15,0,17,1160.0,,15.0
simu5g_00000187,15,0,18,1160.0,,15.0
simu5g_00000187,15,0,19,1160.0,,15.0
simu5g_00000187,15,0,20,1160.0,,15.0
simu5g_00000187,15,0,21,1160.0,,15.0
simu5g_00000187,15,0,22,1160.0,,15.0
simu5g_00000187,15,0,23,1160.0,,15.0
simu5g_00000187,15,0,24,1160.0,,15.0
simu5g_00000187,31,1,0,888.0,,12.0
simu5g_00000187,31,1,1,808.0,,11.0
simu5g_00000187,31,1,2,1128.0,,14.0
simu5g_00000187,31,1,3,1128.0,,14.0
simu5g_00000187,31,1,4,1128.0,,14.0
simu5g_00000187,31,1,5,984.0,,13.0
simu5g_00000187,31,1,6,1128.0,,14.0
simu5g_00000187,31,1,7,984.0,,13.0
simu5g_00000187,31,1,8,1160.0,,15.0
simu5g_00000187,31,1,9,1160.0,,15.0
simu5g_00000187,31,1,10,1128.0,,14.0
simu5g_00000187,31,1,11,984.0,,13.0
simu5g_00000187,31,1,12,368.0,,6.0
simu5g_00000187,31,1,13,984.0,,13.0
simu5g_00000187,31,1,14,1160.0,,15.0
simu5g_00000187,31,1,15,1128.0,,14.0
simu5g_00000187,31,1,16,984.0,,13.0
simu5g_00000187,31,1,17,1160.0,,15.0
simu5g_00000187,31,1,18,1160.0,,15.0
simu5g_00000187,31,1,19,888.0,,12.0
simu5g_00000187,31,1,20,888.0,,12.0
simu5g_00000187,31,1,21,1128.0,,14.0
simu5g_00000187,31,1,22,984.0,,13.0
simu5g_00000187,31,1,23,1128.0,,14.0
simu5g_00000187,31,1,24,1160.0,,15.0
simu5g_00000188,0,0,0,1160.0,,15.0
simu5g_00000188,0,0,1,608.0,,9.0
simu5g_00000188,0,0,2,1160.0,,15.0
simu5g_00000188,0,0,3,984.0,,13.0
simu5g_00000188,0,0,4,1160.0,,15.0
simu5g_00000188,0,0,5,984.0,,13.0
simu5g_00000188,0,0,6,1128.0,,14.0
simu5g_00000188,0,0,7,1160.0,,15.0
simu5g_00000188,0,0,8,888.0,,12.0
simu5g_00000188,0,0,9,1128.0,,14.0
simu5g_00000188,0,0,10,1160.0,,15.0
simu5g_00000188,0,0,11,1160.0,,15.0
simu5g_00000188,0,0,12,1128.0,,14.0
simu5g_00000188,0,0,13,1128.0,,14.0
simu5g_00000188,0,0,14,1128.0,,14.0
simu5g_00000188,0,0,15,1160.0,,15.0
simu5g_00000188,0,0,16,1128.0,,14.0
simu5g_00000188,0,0,17,1160.0,,15.0
simu5g_00000188,0,0,18,1160.0,,15.0
simu5g_00000188,0,0,19,1128.0,,14.0
simu5g_00000188,0,0,20,1160.0,,15.0
simu5g_00000188,0,0,21,888.0,,12.0
simu5g_00000188,0,0,22,1160.0,,15.0
simu5g_00000188,0,0,23,1160.0,,15.0
simu5g_00000188,0,0,24,984.0,,13.0
simu5g_00000188,1,1,0,1160.0,,15.0
simu5g_00000188,1,1,1,1128.0,,14.0
simu5g_00000188,1,1,2,1128.0,,14.0
simu5g_00000188,1,1,3,1160.0,,15.0
simu5g_00000188,1,1,4,1128.0,,14.0
simu5g_00000188,1,1,5,1160.0,,15.0
simu5g_00000188,1,1,6,1160.0,,15.0
simu5g_00000188,1,1,7,984.0,,13.0
simu5g_00000188,1,1,8,888.0,,12.0
simu5g_00000188,1,1,9,1160.0,,15.0
simu5g_00000188,1,1,10,1128.0,,14.0
simu5g_00000188,1,1,11,1128.0,,14.0
simu5g_00000188,1,1,12,1128.0,,14.0
simu5g_00000188,1,1,13,1160.0,,15.0
simu5g_00000188,1,1,14,1160.0,,15.0
simu5g_00000188,1,1,15,1160.0,,15.0
simu5g_00000188,1,1,16,1128.0,,14.0
simu5g_00000188,1,1,17,1128.0,,14.0
simu5g_00000188,1,1,18,1128.0,,14.0
simu5g_00000188,1,1,19,1160.0,,15.0
simu5g_00000188,1,1,20,1160.0,,15.0
simu5g_00000188,1,1,21,808.0,,11.0
simu5g_00000188,1,1,22,1160.0,,15.0
simu5g_00000188,1,1,23,984.0,,13.0
simu5g_00000188,1,1,24,1160.0,,15.0
simu5g_00000188,2,2,0,1128.0,,14.0
simu5g_00000188,2,2,1,1160.0,,15.0
simu5g_00000188,2,2,2,1128.0,,14.0
simu5g_00000188,2,2,3,1160.0,,15.0
simu5g_00000188,2,2,4,1128.0,,14.0
simu5g_00000188,2,2,5,984.0,,13.0
simu5g_00000188,2,2,6,1128.0,,14.0
simu5g_00000188,2,2,7,608.0,,9.0
simu5g_00000188,2,2,8,1160.0,,15.0
simu5g_00000188,2,2,9,1128.0,,14.0
simu5g_00000188,2,2,10,1128.0,,14.0
simu5g_00000188,2,2,11,808.0,,11.0
simu5g_00000188,2,2,12,984.0,,13.0
simu5g_00000188,2,2,13,1128.0,,14.0
simu5g_00000188,2,2,14,1128.0,,14.0
simu5g_00000188,2,2,15,1128.0,,14.0
simu5g_00000188,2,2,16,888.0,,12.0
simu5g_00000188,2,2,17,1128.0,,14.0
simu5g_00000188,2,2,18,1128.0,,14.0
simu5g_00000188,2,2,19,1128.0,,14.0
simu5g_00000188,2,2,20,1128.0,,14.0
simu5g_00000188,2,2,21,984.0,,13.0
simu5g_00000188,2,2,22,984.0,,13.0
simu5g_00000188,2,2,23,1128.0,,14.0
simu5g_00000188,2,2,24,984.0,,13.0
simu5g_00000189,15,0,0,1160.0,,15.0
simu5g_00000189,15,0,1,1160.0,,15.0
simu5g_00000189,15,0,2,1160.0,,15.0
simu5g_00000189,15,0,3,1160.0,,15.0
simu5g_00000189,15,0,4,1160.0,,15.0
simu5g_00000189,15,0,5,1128.0,,14.0
simu5g_00000189,15,0,6,1160.0,,15.0
simu5g_00000189,15,0,7,1160.0,,15.0
simu5g_00000189,15,0,8,1160.0,,15.0
simu5g_00000189,15,0,9,1160.0,,15.0
simu5g_00000189,15,0,10,1160.0,,15.0
simu5g_00000189,15,0,11,1160.0,,15.0
simu5g_00000189,15,0,12,1160.0,,15.0
simu5g_00000189,15,0,13,1160.0,,15.0
simu5g_00000189,15,0,14,1160.0,,15.0
simu5g_00000189,15,0,15,1160.0,,15.0
simu5g_00000189,15,0,16,1160.0,,15.0
simu5g_00000189,15,0,17,1160.0,,15.0
simu5g_00000189,15,0,18,1160.0,,15.0
simu5g_00000189,15,0,19,1160.0,,15.0
simu5g_00000189,15,0,20,1160.0,,15.0
simu5g_00000189,15,0,21,1160.0,,15.0
simu5g_00000189,15,0,22,1160.0,,15.0
simu5g_00000189,15,0,23,1160.0,,15.0
simu5g_00000189,15,0,24,1160.0,,15.0
simu5g_00000189,31,1,0,888.0,,12.0
simu5g_00000189,31,1,1,808.0,,11.0
simu5g_00000189,31,1,2,1128.0,,14.0
simu5g_00000189,31,1,3,1128.0,,14.0
simu5g_00000189,31,1,4,1128.0,,14.0
simu5g_00000189,31,1,5,984.0,,13.0
simu5g_00000189,31,1,6,1128.0,,14.0
simu5g_00000189,31,1,7,984.0,,13.0
simu5g_00000189,31,1,8,1160.0,,15.0
simu5g_00000189,31,1,9,1160.0,,15.0
simu5g_00000189,31,1,10,1128.0,,14.0
simu5g_00000189,31,1,11,984.0,,13.0
simu5g_00000189,31,1,12,368.0,,6.0
simu5g_00000189,31,1,13,984.0,,13.0
simu5g_00000189,31,1,14,1160.0,,15.0
simu5g_00000189,31,1,15,1128.0,,14.0
simu5g_00000189,31,1,16,984.0,,13.0
simu5g_00000189,31,1,17,1160.0,,15.0
simu5g_00000189,31,1,18,1160.0,,15.0
simu5g_00000189,31,1,19,984.0,,13.0
simu5g_00000189,31,1,20,888.0,,12.0
simu5g_00000189,31,1,21,1128.0,,14.0
simu5g_00000189,31,1,22,984.0,,13.0
simu5g_00000189,31,1,23,1128.0,,14.0
simu5g_00000189,31,1,24,1160.0,,15.0
simu5g_00000190,0,0,0,1160.0,,15.0
simu5g_00000190,0,0,1,608.0,,9.0
simu5g_00000190,0,0,2,1160.0,,15.0
simu5g_00000190,0,0,3,984.0,,13.0
simu5g_00000190,0,0,4,1160.0,,15.0
simu5g_00000190,0,0,5,984.0,,13.0
simu5g_00000190,0,0,6,1128.0,,14.0
simu5g_00000190,0,0,7,1160.0,,15.0
simu5g_00000190,0,0,8,888.0,,12.0
simu5g_00000190,0,0,9,1128.0,,14.0
simu5g_00000190,0,0,10,1160.0,,15.0
simu5g_00000190,0,0,11,1160.0,,15.0
simu5g_00000190,0,0,12,1128.0,,14.0
simu5g_00000190,0,0,13,1128.0,,14.0
simu5g_00000190,0,0,14,1128.0,,14.0
simu5g_00000190,0,0,15,1160.0,,15.0
simu5g_00000190,0,0,16,1128.0,,14.0
simu5g_00000190,0,0,17,1160.0,,15.0
simu5g_00000190,0,0,18,1160.0,,15.0
simu5g_00000190,0,0,19,1128.0,,14.0
simu5g_00000190,0,0,20,1160.0,,15.0
simu5g_00000190,0,0,21,888.0,,12.0
simu5g_00000190,0,0,22,1160.0,,15.0
simu5g_00000190,0,0,23,1160.0,,15.0
simu5g_00000190,0,0,24,984.0,,13.0
simu5g_00000190,1,1,0,1160.0,,15.0
simu5g_00000190,1,1,1,1128.0,,14.0
simu5g_00000190,1,1,2,1128.0,,14.0
simu5g_00000190,1,1,3,1160.0,,15.0
simu5g_00000190,1,1,4,1128.0,,14.0
simu5g_00000190,1,1,5,1160.0,,15.0
simu5g_00000190,1,1,6,1160.0,,15.0
simu5g_00000190,1,1,7,984.0,,13.0
simu5g_00000190,1,1,8,888.0,,12.0
simu5g_00000190,1,1,9,1160.0,,15.0
simu5g_00000190,1,1,10,1128.0,,14.0
simu5g_00000190,1,1,11,1128.0,,14.0
simu5g_00000190,1,1,12,1128.0,,14.0
simu5g_00000190,1,1,13,1160.0,,15.0
simu5g_00000190,1,1,14,1160.0,,15.0
simu5g_00000190,1,1,15,1160.0,,15.0
simu5g_00000190,1,1,16,1128.0,,14.0
simu5g_00000190,1,1,17,1128.0,,14.0
simu5g_00000190,1,1,18,1128.0,,14.0
simu5g_00000190,1,1,19,1160.0,,15.0
simu5g_00000190,1,1,20,1160.0,,15.0
simu5g_00000190,1,1,21,808.0,,11.0
simu5g_00000190,1,1,22,1160.0,,15.0
simu5g_00000190,1,1,23,984.0,,13.0
simu5g_00000190,1,1,24,1160.0,,15.0
simu5g_00000190,2,2,0,1128.0,,14.0
simu5g_00000190,2,2,1,1160.0,,15.0
simu5g_00000190,2,2,2,1128.0,,14.0
simu5g_00000190,2,2,3,1160.0,,15.0
simu5g_00000190,2,2,4,1128.0,,14.0
simu5g_00000190,2,2,5,984.0,,13.0
simu5g_00000190,2,2,6,1128.0,,14.0
simu5g_00000190,2,2,7,608.0,,9.0
simu5g_00000190,2,2,8,1160.0,,15.0
simu5g_00000190,2,2,9,1128.0,,14.0
simu5g_00000190,2,2,10,1128.0,,14.0
simu5g_00000190,2,2,11,808.0,,11.0
simu5g_00000190,2,2,12,984.0,,13.0
simu5g_00000190,2,2,13,1128.0,,14.0
simu5g_00000190,2,2,14,1128.0,,14.0
simu5g_00000190,2,2,15,1128.0,,14.0
simu5g_00000190,2,2,16,888.0,,12.0
simu5g_00000190,2,2,17,1128.0,,14.0
simu5g_00000190,2,2,18,1128.0,,14.0
simu5g_00000190,2,2,19,1128.0,,14.0
simu5g_00000190,2,2,20,1128.0,,14.0
simu5g_00000190,2,2,21,984.0,,13.0
simu5g_00000190,2,2,22,984.0,,13.0
simu5g_00000190,2,2,23,1128.0,,14.0
simu5g_00000190,2,2,24,984.0,,13.0
simu5g_00000191,15,0,0,1160.0,,15.0
simu5g_00000191,15,0,1,1160.0,,15.0
simu5g_00000191,15,0,2,1160.0,,15.0
simu5g_00000191,15,0,3,1160.0,,15.0
simu5g_00000191,15,0,4,1160.0,,15.0
simu5g_00000191,15,0,5,1128.0,,14.0
simu5g_00000191,15,0,6,1160.0,,15.0
simu5g_00000191,15,0,7,1160.0,,15.0
simu5g_00000191,15,0,8,1160.0,,15.0
simu5g_00000191,15,0,9,1160.0,,15.0
simu5g_00000191,15,0,10,1160.0,,15.0
simu5g_00000191,15,0,11,1160.0,,15.0
simu5g_00000191,15,0,12,1160.0,,15.0
simu5g_00000191,15,0,13,1160.0,,15.0
simu5g_00000191,15,0,14,1160.0,,15.0
simu5g_00000191,15,0,15,1160.0,,15.0
simu5g_00000191,15,0,16,1160.0,,15.0
simu5g_00000191,15,0,17,1160.0,,15.0
simu5g_00000191,15,0,18,1160.0,,15.0
simu5g_00000191,15,0,19,1160.0,,15.0
simu5g_00000191,15,0,20,1160.0,,15.0
simu5g_00000191,15,0,21,1160.0,,15.0
simu5g_00000191,15,0,22,1160.0,,15.0
simu5g_00000191,15,0,23,1160.0,,15.0
simu5g_00000191,15,0,24,1160.0,,15.0
simu5g_00000191,31,1,0,888.0,,12.0
simu5g_00000191,31,1,1,808.0,,11.0
simu5g_00000191,31,1,2,1128.0,,14.0
simu5g_00000191,31,1,3,1128.0,,14.0
simu5g_00000191,31,1,4,1128.0,,14.0
simu5g_00000191,31,1,5,984.0,,13.0
simu5g_00000191,31,1,6,1128.0,,14.0
simu5g_00000191,31,1,7,984.0,,13.0
simu5g_00000191,31,1,8,1160.0,,15.0
simu5g_00000191,31,1,9,1160.0,,15.0
simu5g_00000191,31,1,10,1128.0,,14.0
simu5g_00000191,31,1,11,984.0,,13.0
simu5g_00000191,31,1,12,368.0,,6.0
simu5g_00000191,31,1,13,1128.0,,14.0
simu5g_00000191,31,1,14,1160.0,,15.0
simu5g_00000191,31,1,15,1128.0,,14.0
simu5g_00000191,31,1,16,984.0,,13.0
simu5g_00000191,31,1,17,1160.0,,15.0
simu5g_00000191,31,1,18,1160.0,,15.0
simu5g_00000191,31,1,19,984.0,,13.0
simu5g_00000191,31,1,20,888.0,,12.0
simu5g_00000191,31,1,21,1128.0,,14.0
simu5g_00000191,31,1,22,984.0,,13.0
simu5g_00000191,31,1,23,1128.0,,14.0
simu5g_00000191,31,1,24,1160.0,,15.0
simu5g_00000192,0,0,0,1160.0,,15.0
simu5g_00000192,0,0,1,608.0,,9.0
simu5g_00000192,0,0,2,1160.0,,15.0
simu5g_00000192,0,0,3,984.0,,13.0
simu5g_00000192,0,0,4,1160.0,,15.0
simu5g_00000192,0,0,5,984.0,,13.0
simu5g_00000192,0,0,6,1128.0,,14.0
simu5g_00000192,0,0,7,1160.0,,15.0
simu5g_00000192,0,0,8,888.0,,12.0
simu5g_00000192,0,0,9,1128.0,,14.0
simu5g_00000192,0,0,10,1160.0,,15.0
simu5g_00000192,0,0,11,1160.0,,15.0
simu5g_00000192,0,0,12,1128.0,,14.0
simu5g_00000192,0,0,13,1128.0,,14.0
simu5g_00000192,0,0,14,1128.0,,14.0
simu5g_00000192,0,0,15,1160.0,,15.0
simu5g_00000192,0,0,16,1128.0,,14.0
simu5g_00000192,0,0,17,1160.0,,15.0
simu5g_00000192,0,0,18,1160.0,,15.0
simu5g_00000192,0,0,19,1128.0,,14.0
simu5g_00000192,0,0,20,1160.0,,15.0
simu5g_00000192,0,0,21,888.0,,12.0
simu5g_00000192,0,0,22,1160.0,,15.0
simu5g_00000192,0,0,23,1160.0,,15.0
simu5g_00000192,0,0,24,984.0,,13.0
simu5g_00000192,1,1,0,1160.0,,15.0
simu5g_00000192,1,1,1,1128.0,,14.0
simu5g_00000192,1,1,2,1128.0,,14.0
simu5g_00000192,1,1,3,1160.0,,15.0
simu5g_00000192,1,1,4,1128.0,,14.0
simu5g_00000192,1,1,5,1160.0,,15.0
simu5g_00000192,1,1,6,1160.0,,15.0
simu5g_00000192,1,1,7,984.0,,13.0
simu5g_00000192,1,1,8,888.0,,12.0
simu5g_00000192,1,1,9,1160.0,,15.0
simu5g_00000192,1,1,10,1128.0,,14.0
simu5g_00000192,1,1,11,1128.0,,14.0
simu5g_00000192,1,1,12,1128.0,,14.0
simu5g_00000192,1,1,13,1160.0,,15.0
simu5g_00000192,1,1,14,1160.0,,15.0
simu5g_00000192,1,1,15,1160.0,,15.0
simu5g_00000192,1,1,16,1128.0,,14.0
simu5g_00000192,1,1,17,1128.0,,14.0
simu5g_00000192,1,1,18,1128.0,,14.0
simu5g_00000192,1,1,19,1160.0,,15.0
simu5g_00000192,1,1,20,1160.0,,15.0
simu5g_00000192,1,1,21,808.0,,11.0
simu5g_00000192,1,1,22,1160.0,,15.0
simu5g_00000192,1,1,23,1128.0,,14.0
simu5g_00000192,1,1,24,1160.0,,15.0
simu5g_00000192,2,2,0,1128.0,,14.0
simu5g_00000192,2,2,1,1160.0,,15.0
simu5g_00000192,2,2,2,1128.0,,14.0
simu5g_00000192,2,2,3,1160.0,,15.0
simu5g_00000192,2,2,4,1128.0,,14.0
simu5g_00000192,2,2,5,984.0,,13.0
simu5g_00000192,2,2,6,1128.0,,14.0
simu5g_00000192,2,2,7,608.0,,9.0
simu5g_00000192,2,2,8,1160.0,,15.0
simu5g_00000192,2,2,9,1128.0,,14.0
simu5g_00000192,2,2,10,1128.0,,14.0
simu5g_00000192,2,2,11,808.0,,11.0
simu5g_00000192,2,2,12,984.0,,13.0
simu5g_00000192,2,2,13,1128.0,,14.0
simu5g_00000192,2,2,14,1128.0,,14.0
simu5g_00000192,2,2,15,1128.0,,14.0
simu5g_00000192,2,2,16,888.0,,12.0
simu5g_00000192,2,2,17,1128.0,,14.0
simu5g_00000192,2,2,18,1128.0,,14.0
simu5g_00000192,2,2,19,1128.0,,14.0
simu5g_00000192,2,2,20,1128.0,,14.0
simu5g_00000192,2,2,21,984.0,,13.0
simu5g_00000192,2,2,22,984.0,,13.0
simu5g_00000192,2,2,23,1128.0,,14.0
simu5g_00000192,2,2,24,984.0,,13.0
simu5g_00000193,15,0,0,1160.0,,15.0
simu5g_00000193,15,0,1,1160.0,,15.0
simu5g_00000193,15,0,2,1160.0,,15.0
simu5g_00000193,15,0,3,1160.0,,15.0
simu5g_00000193,15,0,4,1128.0,,14.0
simu5g_00000193,15,0,5,984.0,,13.0
simu5g_00000193,15,0,6,1160.0,,15.0
simu5g_00000193,15,0,7,1160.0,,15.0
simu5g_00000193,15,0,8,1160.0,,15.0
simu5g_00000193,15,0,9,1160.0,,15.0
simu5g_00000193,15,0,10,1160.0,,15.0
simu5g_00000193,15,0,11,1160.0,,15.0
simu5g_00000193,15,0,12,1128.0,,14.0
simu5g_00000193,15,0,13,1160.0,,15.0
simu5g_00000193,15,0,14,1160.0,,15.0
simu5g_00000193,15,0,15,1160.0,,15.0
simu5g_00000193,15,0,16,1160.0,,15.0
simu5g_00000193,15,0,17,1160.0,,15.0
simu5g_00000193,15,0,18,1160.0,,15.0
simu5g_00000193,15,0,19,1160.0,,15.0
simu5g_00000193,15,0,20,1160.0,,15.0
simu5g_00000193,15,0,21,1160.0,,15.0
simu5g_00000193,15,0,22,1160.0,,15.0
simu5g_00000193,15,0,23,1160.0,,15.0
simu5g_00000193,15,0,24,1160.0,,15.0
simu5g_00000193,31,1,0,888.0,,12.0
simu5g_00000193,31,1,1,808.0,,11.0
simu5g_00000193,31,1,2,1128.0,,14.0
simu5g_00000193,31,1,3,1128.0,,14.0
simu5g_00000193,31,1,4,1128.0,,14.0
simu5g_00000193,31,1,5,984.0,,13.0
simu5g_00000193,31,1,6,1128.0,,14.0
simu5g_00000193,31,1,7,984.0,,13.0
simu5g_00000193,31,1,8,1160.0,,15.0
simu5g_00000193,31,1,9,1160.0,,15.0
simu5g_00000193,31,1,10,1128.0,,14.0
simu5g_00000193,31,1,11,984.0,,13.0
simu5g_00000193,31,1,12,368.0,,6.0
simu5g_00000193,31,1,13,1128.0,,14.0
simu5g_00000193,31,1,14,1160.0,,15.0
simu5g_00000193,31,1,15,1128.0,,14.0
simu5g_00000193,31,1,16,984.0,,13.0
simu5g_00000193,31,1,17,1160.0,,15.0
simu5g_00000193,31,1,18,1160.0,,15.0
simu5g_00000193,31,1,19,984.0,,13.0
simu5g_00000193,31,1,20,888.0,,12.0
simu5g_00000193,31,1,21,1128.0,,14.0
simu5g_00000193,31,1,22,984.0,,13.0
simu5g_00000193,31,1,23,1128.0,,14.0
simu5g_00000193,31,1,24,1160.0,,15.0
simu5g_00000194,0,0,0,1160.0,,15.0
simu5g_00000194,0,0,1,608.0,,9.0
simu5g_00000194,0,0,2,1160.0,,15.0
simu5g_00000194,0,0,3,984.0,,13.0
simu5g_00000194,0,0,4,1160.0,,15.0
simu5g_00000194,0,0,5,984.0,,13.0
simu5g_00000194,0,0,6,1128.0,,14.0
simu5g_00000194,0,0,7,1160.0,,15.0
simu5g_00000194,0,0,8,888.0,,12.0
simu5g_00000194,0,0,9,1128.0,,14.0
simu5g_00000194,0,0,10,1160.0,,15.0
simu5g_00000194,0,0,11,1160.0,,15.0
simu5g_00000194,0,0,12,1128.0,,14.0
simu5g_00000194,0,0,13,1128.0,,14.0
simu5g_00000194,0,0,14,1128.0,,14.0
simu5g_00000194,0,0,15,1160.0,,15.0
simu5g_00000194,0,0,16,1128.0,,14.0
simu5g_00000194,0,0,17,1160.0,,15.0
simu5g_00000194,0,0,18,1160.0,,15.0
simu5g_00000194,0,0,19,1128.0,,14.0
simu5g_00000194,0,0,20,1160.0,,15.0
simu5g_00000194,0,0,21,888.0,,12.0
simu5g_00000194,0,0,22,1160.0,,15.0
simu5g_00000194,0,0,23,1160.0,,15.0
simu5g_00000194,0,0,24,984.0,,13.0
simu5g_00000194,1,1,0,1160.0,,15.0
simu5g_00000194,1,1,1,1128.0,,14.0
simu5g_00000194,1,1,2,1128.0,,14.0
simu5g_00000194,1,1,3,1160.0,,15.0
simu5g_00000194,1,1,4,1128.0,,14.0
simu5g_00000194,1,1,5,1160.0,,15.0
simu5g_00000194,1,1,6,1160.0,,15.0
simu5g_00000194,1,1,7,984.0,,13.0
simu5g_00000194,1,1,8,888.0,,12.0
simu5g_00000194,1,1,9,1160.0,,15.0
simu5g_00000194,1,1,10,1128.0,,14.0
simu5g_00000194,1,1,11,1128.0,,14.0
simu5g_00000194,1,1,12,1128.0,,14.0
simu5g_00000194,1,1,13,1160.0,,15.0
simu5g_00000194,1,1,14,1160.0,,15.0
simu5g_00000194,1,1,15,1160.0,,15.0
simu5g_00000194,1,1,16,1128.0,,14.0
simu5g_00000194,1,1,17,1128.0,,14.0
simu5g_00000194,1,1,18,1128.0,,14.0
simu5g_00000194,1,1,19,1160.0,,15.0
simu5g_00000194,1,1,20,1160.0,,15.0
simu5g_00000194,1,1,21,808.0,,11.0
simu5g_00000194,1,1,22,1160.0,,15.0
simu5g_00000194,1,1,23,1128.0,,14.0
simu5g_00000194,1,1,24,1160.0,,15.0
simu5g_00000194,2,2,0,1128.0,,14.0
simu5g_00000194,2,2,1,1160.0,,15.0
simu5g_00000194,2,2,2,1128.0,,14.0
simu5g_00000194,2,2,3,1160.0,,15.0
simu5g_00000194,2,2,4,1128.0,,14.0
simu5g_00000194,2,2,5,1128.0,,14.0
simu5g_00000194,2,2,6,1160.0,,15.0
simu5g_00000194,2,2,7,808.0,,11.0
simu5g_00000194,2,2,8,1160.0,,15.0
simu5g_00000194,2,2,9,1160.0,,15.0
simu5g_00000194,2,2,10,1160.0,,15.0
simu5g_00000194,2,2,11,984.0,,13.0
simu5g_00000194,2,2,12,1128.0,,14.0
simu5g_00000194,2,2,13,1160.0,,15.0
simu5g_00000194,2,2,14,1160.0,,15.0
simu5g_00000194,2,2,15,1160.0,,15.0
simu5g_00000194,2,2,16,984.0,,13.0
simu5g_00000194,2,2,17,1128.0,,14.0
simu5g_00000194,2,2,18,1128.0,,14.0
simu5g_00000194,2,2,19,1160.0,,15.0
simu5g_00000194,2,2,20,1160.0,,15.0
simu5g_00000194,2,2,21,1128.0,,14.0
simu5g_00000194,2,2,22,1128.0,,14.0
simu5g_00000194,2,2,23,1160.0,,15.0
simu5g_00000194,2,2,24,984.0,,13.0
simu5g_00000195,15,0,0,1160.0,,15.0
simu5g_00000195,15,0,1,1160.0,,15.0
simu5g_00000195,15,0,2,1160.0,,15.0
simu5g_00000195,15,0,3,1160.0,,15.0
simu5g_00000195,15,0,4,1128.0,,14.0
simu5g_00000195,15,0,5,984.0,,13.0
simu5g_00000195,15,0,6,1160.0,,15.0
simu5g_00000195,15,0,7,1160.0,,15.0
simu5g_00000195,15,0,8,1160.0,,15.0
simu5g_00000195,15,0,9,1160.0,,15.0
simu5g_00000195,15,0,10,1160.0,,15.0
simu5g_00000195,15,0,11,1160.0,,15.0
simu5g_00000195,15,0,12,1128.0,,14.0
simu5g_00000195,15,0,13,1160.0,,15.0
simu5g_00000195,15,0,14,1160.0,,15.0
simu5g_00000195,15,0,15,1160.0,,15.0
simu5g_00000195,15,0,16,1160.0,,15.0
simu5g_00000195,15,0,17,1160.0,,15.0
simu5g_00000195,15,0,18,1160.0,,15.0
simu5g_00000195,15,0,19,1160.0,,15.0
simu5g_00000195,15,0,20,1160.0,,15.0
simu5g_00000195,15,0,21,1160.0,,15.0
simu5g_00000195,15,0,22,1160.0,,15.0
simu5g_00000195,15,0,23,1160.0,,15.0
simu5g_00000195,15,0,24,1160.0,,15.0
simu5g_00000195,31,1,0,888.0,,12.0
simu5g_00000195,31,1,1,808.0,,11.0
simu5g_00000195,31,1,2,1128.0,,14.0
simu5g_00000195,31,1,3,1128.0,,14.0
simu5g_00000195,31,1,4,1128.0,,14.0
simu5g_00000195,31,1,5,984.0,,13.0
simu5g_00000195,31,1,6,1128.0,,14.0
simu5g_00000195,31,1,7,984.0,,13.0
simu5g_00000195,31,1,8,1160.0,,15.0
simu5g_00000195,31,1,9,1160.0,,15.0
simu5g_00000195,31,1,10,1128.0,,14.0
simu5g_00000195,31,1,11,984.0,,13.0
simu5g_00000195,31,1,12,368.0,,6.0
simu5g_00000195,31,1,13,1128.0,,14.0
simu5g_00000195,31,1,14,1160.0,,15.0
simu5g_00000195,31,1,15,1128.0,,14.0
simu5g_00000195,31,1,16,984.0,,13.0
simu5g_00000195,31,1,17,1160.0,,15.0
simu5g_00000195,31,1,18,1160.0,,15.0
simu5g_00000195,31,1,19,984.0,,13.0
simu5g_00000195,31,1,20,888.0,,12.0
simu5g_00000195,31,1,21,1128.0,,14.0
simu5g_00000195,31,1,22,984.0,,13.0
simu5g_00000195,31,1,23,1128.0,,14.0
simu5g_00000195,31,1,24,1160.0,,15.0
simu5g_00000196,0,0,0,1160.0,,15.0
simu5g_00000196,0,0,1,608.0,,9.0
simu5g_00000196,0,0,2,1160.0,,15.0
simu5g_00000196,0,0,3,984.0,,13.0
simu5g_00000196,0,0,4,1160.0,,15.0
simu5g_00000196,0,0,5,984.0,,13.0
simu5g_00000196,0,0,6,1128.0,,14.0
simu5g_00000196,0,0,7,1160.0,,15.0
simu5g_00000196,0,0,8,888.0,,12.0
simu5g_00000196,0,0,9,1128.0,,14.0
simu5g_00000196,0,0,10,1160.0,,15.0
simu5g_00000196,0,0,11,1160.0,,15.0
simu5g_00000196,0,0,12,1128.0,,14.0
simu5g_00000196,0,0,13,1128.0,,14.0
simu5g_00000196,0,0,14,1128.0,,14.0
simu5g_00000196,0,0,15,1160.0,,15.0
simu5g_00000196,0,0,16,1128.0,,14.0
simu5g_00000196,0,0,17,1160.0,,15.0
simu5g_00000196,0,0,18,1160.0,,15.0
simu5g_00000196,0,0,19,1128.0,,14.0
simu5g_00000196,0,0,20,1160.0,,15.0
simu5g_00000196,0,0,21,888.0,,12.0
simu5g_00000196,0,0,22,1160.0,,15.0
simu5g_00000196,0,0,23,1160.0,,15.0
simu5g_00000196,0,0,24,984.0,,13.0
simu5g_00000196,1,1,0,1160.0,,15.0
simu5g_00000196,1,1,1,1128.0,,14.0
simu5g_00000196,1,1,2,1128.0,,14.0
simu5g_00000196,1,1,3,1160.0,,15.0
simu5g_00000196,1,1,4,1128.0,,14.0
simu5g_00000196,1,1,5,1160.0,,15.0
simu5g_00000196,1,1,6,1160.0,,15.0
simu5g_00000196,1,1,7,984.0,,13.0
simu5g_00000196,1,1,8,888.0,,12.0
simu5g_00000196,1,1,9,1160.0,,15.0
simu5g_00000196,1,1,10,1128.0,,14.0
simu5g_00000196,1,1,11,1128.0,,14.0
simu5g_00000196,1,1,12,1128.0,,14.0
simu5g_00000196,1,1,13,1160.0,,15.0
simu5g_00000196,1,1,14,1160.0,,15.0
simu5g_00000196,1,1,15,1160.0,,15.0
simu5g_00000196,1,1,16,1128.0,,14.0
simu5g_00000196,1,1,17,1128.0,,14.0
simu5g_00000196,1,1,18,1128.0,,14.0
simu5g_00000196,1,1,19,1160.0,,15.0
simu5g_00000196,1,1,20,1160.0,,15.0
simu5g_00000196,1,1,21,808.0,,11.0
simu5g_00000196,1,1,22,1160.0,,15.0
simu5g_00000196,1,1,23,1128.0,,14.0
simu5g_00000196,1,1,24,1160.0,,15.0
simu5g_00000196,2,2,0,1128.0,,14.0
simu5g_00000196,2,2,1,1160.0,,15.0
simu5g_00000196,2,2,2,1128.0,,14.0
simu5g_00000196,2,2,3,1160.0,,15.0
simu5g_00000196,2,2,4,1128.0,,14.0
simu5g_00000196,2,2,5,1128.0,,14.0
simu5g_00000196,2,2,6,1160.0,,15.0
simu5g_00000196,2,2,7,808.0,,11.0
simu5g_00000196,2,2,8,1160.0,,15.0
simu5g_00000196,2,2,9,1160.0,,15.0
simu5g_00000196,2,2,10,1160.0,,15.0
simu5g_00000196,2,2,11,984.0,,13.0
simu5g_00000196,2,2,12,1128.0,,14.0
simu5g_00000196,2,2,13,1160.0,,15.0
simu5g_00000196,2,2,14,1160.0,,15.0
simu5g_00000196,2,2,15,1160.0,,15.0
simu5g_00000196,2,2,16,984.0,,13.0
simu5g_00000196,2,2,17,1128.0,,14.0
simu5g_00000196,2,2,18,1128.0,,14.0
simu5g_00000196,2,2,19,1160.0,,15.0
simu5g_00000196,2,2,20,1160.0,,15.0
simu5g_00000196,2,2,21,1128.0,,14.0
simu5g_00000196,2,2,22,1128.0,,14.0
simu5g_00000196,2,2,23,1160.0,,15.0
simu5g_00000196,2,2,24,984.0,,13.0
simu5g_00000197,15,0,0,1160.0,,15.0
simu5g_00000197,15,0,1,1160.0,,15.0
simu5g_00000197,15,0,2,1160.0,,15.0
simu5g_00000197,15,0,3,1160.0,,15.0
simu5g_00000197,15,0,4,1128.0,,14.0
simu5g_00000197,15,0,5,984.0,,13.0
simu5g_00000197,15,0,6,1160.0,,15.0
simu5g_00000197,15,0,7,1160.0,,15.0
simu5g_00000197,15,0,8,1160.0,,15.0
simu5g_00000197,15,0,9,1160.0,,15.0
simu5g_00000197,15,0,10,1160.0,,15.0
simu5g_00000197,15,0,11,1160.0,,15.0
simu5g_00000197,15,0,12,1128.0,,14.0
simu5g_00000197,15,0,13,1160.0,,15.0
simu5g_00000197,15,0,14,1160.0,,15.0
simu5g_00000197,15,0,15,1160.0,,15.0
simu5g_00000197,15,0,16,1160.0,,15.0
simu5g_00000197,15,0,17,1160.0,,15.0
simu5g_00000197,15,0,18,1160.0,,15.0
simu5g_00000197,15,0,19,1160.0,,15.0
simu5g_00000197,15,0,20,1160.0,,15.0
simu5g_00000197,15,0,21,1160.0,,15.0
simu5g_00000197,15,0,22,1160.0,,15.0
simu5g_00000197,15,0,23,1160.0,,15.0
simu5g_00000197,15,0,24,1160.0,,15.0
simu5g_00000197,31,1,0,608.0,,9.0
simu5g_00000197,31,1,1,528.0,,8.0
simu5g_00000197,31,1,2,984.0,,13.0
simu5g_00000197,31,1,3,888.0,,12.0
simu5g_00000197,31,1,4,984.0,,13.0
simu5g_00000197,31,1,5,808.0,,11.0
simu5g_00000197,31,1,6,984.0,,13.0
simu5g_00000197,31,1,7,808.0,,11.0
simu5g_00000197,31,1,8,1128.0,,14.0
simu5g_00000197,31,1,9,1128.0,,14.0
simu5g_00000197,31,1,10,888.0,,12.0
simu5g_00000197,31,1,11,704.0,,10.0
simu5g_00000197,31,1,12,224.0,,4.0
simu5g_00000197,31,1,13,888.0,,12.0
simu5g_00000197,31,1,14,1128.0,,14.0
simu5g_00000197,31,1,15,984.0,,13.0
simu5g_00000197,31,1,16,704.0,,10.0
simu5g_00000197,31,1,17,1128.0,,14.0
simu5g_00000197,31,1,18,1128.0,,14.0
simu5g_00000197,31,1,19,608.0,,9.0
simu5g_00000197,31,1,20,608.0,,9.0
simu5g_00000197,31,1,21,984.0,,13.0
simu5g_00000197,31,1,22,808.0,,11.0
simu5g_00000197,31,1,23,984.0,,13.0
simu5g_00000197,31,1,24,1128.0,,14.0
simu5g_00000198,0,0,0,1160.0,,15.0
simu5g_00000198,0,0,1,608.0,,9.0
simu5g_00000198,0,0,2,1160.0,,15.0
simu5g_00000198,0,0,3,1128.0,,14.0
simu5g_00000198,0,0,4,1160.0,,15.0
simu5g_00000198,0,0,5,1128.0,,14.0
simu5g_00000198,0,0,6,1128.0,,14.0
simu5g_00000198,0,0,7,1160.0,,15.0
simu5g_00000198,0,0,8,984.0,,13.0
simu5g_00000198,0,0,9,1128.0,,14.0
simu5g_00000198,0,0,10,1160.0,,15.0
simu5g_00000198,0,0,11,1160.0,,15.0
simu5g_00000198,0,0,12,1160.0,,15.0
simu5g_00000198,0,0,13,1128.0,,14.0
simu5g_00000198,0,0,14,1160.0,,15.0
simu5g_00000198,0,0,15,1160.0,,15.0
simu5g_00000198,0,0,16,1128.0,,14.0
simu5g_00000198,0,0,17,1160.0,,15.0
simu5g_00000198,0,0,18,1160.0,,15.0
simu5g_00000198,0,0,19,1128.0,,14.0
simu5g_00000198,0,0,20,1160.0,,15.0
simu5g_00000198,0,0,21,984.0,,13.0
simu5g_00000198,0,0,22,1160.0,,15.0
simu5g_00000198,0,0,23,1160.0,,15.0
simu5g_00000198,0,0,24,1128.0,,14.0
simu5g_00000198,1,1,0,1160.0,,15.0
simu5g_00000198,1,1,1,984.0,,13.0
simu5g_00000198,1,1,2,984.0,,13.0
simu5g_00000198,1,1,3,1160.0,,15.0
simu5g_00000198,1,1,4,1128.0,,14.0
simu5g_00000198,1,1,5,1128.0,,14.0
simu5g_00000198,1,1,6,1128.0,,14.0
simu5g_00000198,1,1,7,888.0,,12.0
simu5g_00000198,1,1,8,808.0,,11.0
simu5g_00000198,1,1,9,1128.0,,14.0
simu5g_00000198,1,1,10,1128.0,,14.0
simu5g_00000198,1,1,11,1128.0,,14.0
simu5g_00000198,1,1,12,1128.0,,14.0
simu5g_00000198,1,1,13,1160.0,,15.0
simu5g_00000198,1,1,14,1160.0,,15.0
simu5g_00000198,1,1,15,1160.0,,15.0
simu5g_00000198,1,1,16,1128.0,,14.0
simu5g_00000198,1,1,17,1128.0,,14.0
simu5g_00000198,1,1,18,1128.0,,14.0
simu5g_00000198,1,1,19,1128.0,,14.0
simu5g_00000198,1,1,20,1160.0,,15.0
simu5g_00000198,1,1,21,608.0,,9.0
simu5g_00000198,1,1,22,1160.0,,15.0
simu5g_00000198,1,1,23,984.0,,13.0
simu5g_00000198,1,1,24,1128.0,,14.0
simu5g_00000198,2,2,0,1128.0,,14.0
simu5g_00000198,2,2,1,1160.0,,15.0
simu5g_00000198,2,2,2,1128.0,,14.0
simu5g_00000198,2,2,3,1160.0,,15.0
simu5g_00000198,2,2,4,1128.0,,14.0
simu5g_00000198,2,2,5,1128.0,,14.0
simu5g_00000198,2,2,6,1160.0,,15.0
simu5g_00000198,2,2,7,808.0,,11.0
simu5g_00000198,2,2,8,1160.0,,15.0
simu5g_00000198,2,2,9,1160.0,,15.0
simu5g_00000198,2,2,10,1160.0,,15.0
simu5g_00000198,2,2,11,984.0,,13.0
simu5g_00000198,2,2,12,1128.0,,14.0
simu5g_00000198,2,2,13,1160.0,,15.0
simu5g_00000198,2,2,14,1160.0,,15.0
simu5g_00000198,2,2,15,1160.0,,15.0
simu5g_00000198,2,2,16,984.0,,13.0
simu5g_00000198,2,2,17,1128.0,,14.0
simu5g_00000198,2,2,18,1128.0,,14.0
simu5g_00000198,2,2,19,1160.0,,15.0
simu5g_00000198,2,2,20,1160.0,,15.0
simu5g_00000198,2,2,21,1128.0,,14.0
simu5g_00000198,2,2,22,1128.0,,14.0
simu5g_00000198,2,2,23,1160.0,,15.0
simu5g_00000198,2,2,24,984.0,,13.0
simu5g_00000199,15,0,0,1160.0,,15.0
simu5g_00000199,15,0,1,1160.0,,15.0
simu5g_00000199,15,0,2,1160.0,,15.0
simu5g_00000199,15,0,3,1160.0,,15.0
simu5g_00000199,15,0,4,1128.0,,14.0
simu5g_00000199,15,0,5,984.0,,13.0
simu5g_00000199,15,0,6,1160.0,,15.0
simu5g_00000199,15,0,7,1160.0,,15.0
simu5g_00000199,15,0,8,1160.0,,15.0
simu5g_00000199,15,0,9,1160.0,,15.0
simu5g_00000199,15,0,10,1160.0,,15.0
simu5g_00000199,15,0,11,1160.0,,15.0
simu5g_00000199,15,0,12,1128.0,,14.0
simu5g_00000199,15,0,13,1160.0,,15.0
simu5g_00000199,15,0,14,1160.0,,15.0
simu5g_00000199,15,0,15,1160.0,,15.0
simu5g_00000199,15,0,16,1160.0,,15.0
simu5g_00000199,15,0,17,1160.0,,15.0
simu5g_00000199,15,0,18,1160.0,,15.0
simu5g_00000199,15,0,19,1160.0,,15.0
simu5g_00000199,15,0,20,1160.0,,15.0
simu5g_00000199,15,0,21,1160.0,,15.0
simu5g_00000199,15,0,22,1160.0,,15.0
simu5g_00000199,15,0,23,1160.0,,15.0
simu5g_00000199,15,0,24,1160.0,,15.0
simu5g_00000199,31,1,0,608.0,,9.0
simu5g_00000199,31,1,1,528.0,,8.0
simu5g_00000199,31,1,2,984.0,,13.0
simu5g_00000199,31,1,3,888.0,,12.0
simu5g_00000199,31,1,4,984.0,,13.0
simu5g_00000199,31,1,5,808.0,,11.0
simu5g_00000199,31,1,6,984.0,,13.0
simu5g_00000199,31,1,7,808.0,,11.0
simu5g_00000199,31,1,8,1128.0,,14.0
simu5g_00000199,31,1,9,1128.0,,14.0
simu5g_00000199,31,1,10,888.0,,12.0
simu5g_00000199,31,1,11,704.0,,10.0
simu5g_00000199,31,1,12,224.0,,4.0
simu5g_00000199,31,1,13,888.0,,12.0
simu5g_00000199,31,1,14,1128.0,,14.0
simu5g_00000199,31,1,15,984.0,,13.0
simu5g_00000199,31,1,16,704.0,,10.0
simu5g_00000199,31,1,17,1128.0,,14.0
simu5g_00000199,31,1,18,1128.0,,14.0
simu5g_00000199,31,1,19,608.0,,9.0
simu5g_00000199,31,1,20,608.0,,9.0
simu5g_00000199,31,1,21,984.0,,13.0
simu5g_00000199,31,1,22,808.0,,11.0
simu5g_00000199,31,1,23,984.0,,13.0
simu5g_00000199,31,1,24,1128.0,,14.0
simu5g_00000200,0,0,0,1160.0,,15.0
simu5g_00000200,0,0,1,608.0,,9.0
simu5g_00000200,0,0,2,1160.0,,15.0
simu5g_00000200,0,0,3,1128.0,,14.0
simu5g_00000200,0,0,4,1160.0,,15.0
simu5g_00000200,0,0,5,1128.0,,14.0
simu5g_00000200,0,0,6,1128.0,,14.0
simu5g_00000200,0,0,7,1160.0,,15.0
simu5g_00000200,0,0,8,984.0,,13.0
simu5g_00000200,0,0,9,1128.0,,14.0
simu5g_00000200,0,0,10,1160.0,,15.0
simu5g_00000200,0,0,11,1160.0,,15.0
simu5g_00000200,0,0,12,1160.0,,15.0
simu5g_00000200,0,0,13,1128.0,,14.0
simu5g_00000200,0,0,14,1160.0,,15.0
simu5g_00000200,0,0,15,1160.0,,15.0
simu5g_00000200,0,0,16,1128.0,,14.0
simu5g_00000200,0,0,17,1160.0,,15.0
simu5g_00000200,0,0,18,1160.0,,15.0
simu5g_00000200,0,0,19,1128.0,,14.0
simu5g_00000200,0,0,20,1160.0,,15.0
simu5g_00000200,0,0,21,984.0,,13.0
simu5g_00000200,0,0,22,1160.0,,15.0
simu5g_00000200,0,0,23,1160.0,,15.0
simu5g_00000200,0,0,24,1128.0,,14.0
simu5g_00000200,1,1,0,1160.0,,15.0
simu5g_00000200,1,1,1,984.0,,13.0
simu5g_00000200,1,1,2,984.0,,13.0
simu5g_00000200,1,1,3,1160.0,,15.0
simu5g_00000200,1,1,4,1128.0,,14.0
simu5g_00000200,1,1,5,1128.0,,14.0
simu5g_00000200,1,1,6,1128.0,,14.0
simu5g_00000200,1,1,7,888.0,,12.0
simu5g_00000200,1,1,8,808.0,,11.0
simu5g_00000200,1,1,9,1128.0,,14.0
simu5g_00000200,1,1,10,1128.0,,14.0
simu5g_00000200,1,1,11,1128.0,,14.0
simu5g_00000200,1,1,12,1128.0,,14.0
simu5g_00000200,1,1,13,1160.0,,15.0
simu5g_00000200,1,1,14,1160.0,,15.0
simu5g_00000200,1,1,15,1160.0,,15.0
simu5g_00000200,1,1,16,1128.0,,14.0
simu5g_00000200,1,1,17,1128.0,,14.0
simu5g_00000200,1,1,18,1128.0,,14.0
simu5g_00000200,1,1,19,1128.0,,14.0
simu5g_00000200,1,1,20,1160.0,,15.0
simu5g_00000200,1,1,21,608.0,,9.0
simu5g_00000200,1,1,22,1160.0,,15.0
simu5g_00000200,1,1,23,984.0,,13.0
simu5g_00000200,1,1,24,1128.0,,14.0
simu5g_00000200,2,2,0,1128.0,,14.0
simu5g_00000200,2,2,1,1160.0,,15.0
simu5g_00000200,2,2,2,1128.0,,14.0
simu5g_00000200,2,2,3,1160.0,,15.0
simu5g_00000200,2,2,4,1128.0,,14.0
simu5g_00000200,2,2,5,1128.0,,14.0
simu5g_00000200,2,2,6,1160.0,,15.0
simu5g_00000200,2,2,7,808.0,,11.0
simu5g_00000200,2,2,8,1160.0,,15.0
simu5g_00000200,2,2,9,1160.0,,15.0
simu5g_00000200,2,2,10,1160.0,,15.0
simu5g_00000200,2,2,11,984.0,,13.0
simu5g_00000200,2,2,12,1128.0,,14.0
simu5g_00000200,2,2,13,1160.0,,15.0
simu5g_00000200,2,2,14,1160.0,,15.0
simu5g_00000200,2,2,15,1160.0,,15.0
simu5g_00000200,2,2,16,984.0,,13.0
simu5g_00000200,2,2,17,1128.0,,14.0
simu5g_00000200,2,2,18,1128.0,,14.0
simu5g_00000200,2,2,19,1160.0,,15.0
simu5g_00000200,2,2,20,1160.0,,15.0
simu5g_00000200,2,2,21,1128.0,,14.0
simu5g_00000200,2,2,22,1128.0,,14.0
simu5g_00000200,2,2,23,1160.0,,15.0
simu5g_00000200,2,2,24,984.0,,13.0
simu5g_00000201,15,0,0,1160.0,,15.0
simu5g_00000201,15,0,1,1160.0,,15.0
simu5g_00000201,15,0,2,1160.0,,15.0
simu5g_00000201,15,0,3,1160.0,,15.0
simu5g_00000201,15,0,4,1128.0,,14.0
simu5g_00000201,15,0,5,984.0,,13.0
simu5g_00000201,15,0,6,1160.0,,15.0
simu5g_00000201,15,0,7,1160.0,,15.0
simu5g_00000201,15,0,8,1160.0,,15.0
simu5g_00000201,15,0,9,1160.0,,15.0
simu5g_00000201,15,0,10,1160.0,,15.0
simu5g_00000201,15,0,11,1160.0,,15.0
simu5g_00000201,15,0,12,1128.0,,14.0
simu5g_00000201,15,0,13,1160.0,,15.0
simu5g_00000201,15,0,14,1160.0,,15.0
simu5g_00000201,15,0,15,1160.0,,15.0
simu5g_00000201,15,0,16,1160.0,,15.0
simu5g_00000201,15,0,17,1160.0,,15.0
simu5g_00000201,15,0,18,1160.0,,15.0
simu5g_00000201,15,0,19,1160.0,,15.0
simu5g_00000201,15,0,20,1160.0,,15.0
simu5g_00000201,15,0,21,1160.0,,15.0
simu5g_00000201,15,0,22,1160.0,,15.0
simu5g_00000201,15,0,23,1160.0,,15.0
simu5g_00000201,15,0,24,1160.0,,15.0
simu5g_00000201,31,1,0,608.0,,9.0
simu5g_00000201,31,1,1,528.0,,8.0
simu5g_00000201,31,1,2,984.0,,13.0
simu5g_00000201,31,1,3,888.0,,12.0
simu5g_00000201,31,1,4,984.0,,13.0
simu5g_00000201,31,1,5,808.0,,11.0
simu5g_00000201,31,1,6,984.0,,13.0
simu5g_00000201,31,1,7,808.0,,11.0
simu5g_00000201,31,1,8,1128.0,,14.0
simu5g_00000201,31,1,9,1128.0,,14.0
simu5g_00000201,31,1,10,888.0,,12.0
simu5g_00000201,31,1,11,704.0,,10.0
simu5g_00000201,31,1,12,224.0,,4.0
simu5g_00000201,31,1,13,888.0,,12.0
simu5g_00000201,31,1,14,1128.0,,14.0
simu5g_00000201,31,1,15,984.0,,13.0
simu5g_00000201,31,1,16,704.0,,10.0
simu5g_00000201,31,1,17,1128.0,,14.0
simu5g_00000201,31,1,18,1128.0,,14.0
simu5g_00000201,31,1,19,704.0,,10.0
simu5g_00000201,31,1,20,608.0,,9.0
simu5g_00000201,31,1,21,984.0,,13.0
simu5g_00000201,31,1,22,808.0,,11.0
simu5g_00000201,31,1,23,984.0,,13.0
simu5g_00000201,31,1,24,1128.0,,14.0
simu5g_00000202,0,0,0,1160.0,,15.0
simu5g_00000202,0,0,1,608.0,,9.0
simu5g_00000202,0,0,2,1160.0,,15.0
simu5g_00000202,0,0,3,1128.0,,14.0
simu5g_00000202,0,0,4,1160.0,,15.0
simu5g_00000202,0,0,5,1128.0,,14.0
simu5g_00000202,0,0,6,1128.0,,14.0
simu5g_00000202,0,0,7,1160.0,,15.0
simu5g_00000202,0,0,8,984.0,,13.0
simu5g_00000202,0,0,9,1128.0,,14.0
simu5g_00000202,0,0,10,1160.0,,15.0
simu5g_00000202,0,0,11,1160.0,,15.0
simu5g_00000202,0,0,12,1160.0,,15.0
simu5g_00000202,0,0,13,1128.0,,14.0
simu5g_00000202,0,0,14,1160.0,,15.0
simu5g_00000202,0,0,15,1160.0,,15.0
simu5g_00000202,0,0,16,1128.0,,14.0
simu5g_00000202,0,0,17,1160.0,,15.0
simu5g_00000202,0,0,18,1160.0,,15.0
simu5g_00000202,0,0,19,1128.0,,14.0
simu5g_00000202,0,0,20,1160.0,,15.0
simu5g_00000202,0,0,21,984.0,,13.0
simu5g_00000202,0,0,22,1160.0,,15.0
simu5g_00000202,0,0,23,1160.0,,15.0
simu5g_00000202,0,0,24,1128.0,,14.0
simu5g_00000202,1,1,0,1160.0,,15.0
simu5g_00000202,1,1,1,1128.0,,14.0
simu5g_00000202,1,1,2,984.0,,13.0
simu5g_00000202,1,1,3,1160.0,,15.0
simu5g_00000202,1,1,4,1128.0,,14.0
simu5g_00000202,1,1,5,1128.0,,14.0
simu5g_00000202,1,1,6,1128.0,,14.0
simu5g_00000202,1,1,7,888.0,,12.0
simu5g_00000202,1,1,8,808.0,,11.0
simu5g_00000202,1,1,9,1128.0,,14.0
simu5g_00000202,1,1,10,1128.0,,14.0
simu5g_00000202,1,1,11,1128.0,,14.0
simu5g_00000202,1,1,12,1128.0,,14.0
simu5g_00000202,1,1,13,1160.0,,15.0
simu5g_00000202,1,1,14,1160.0,,15.0
simu5g_00000202,1,1,15,1160.0,,15.0
simu5g_00000202,1,1,16,1128.0,,14.0
simu5g_00000202,1,1,17,1128.0,,14.0
simu5g_00000202,1,1,18,1128.0,,14.0
simu5g_00000202,1,1,19,1128.0,,14.0
simu5g_00000202,1,1,20,1160.0,,15.0
simu5g_00000202,1,1,21,608.0,,9.0
simu5g_00000202,1,1,22,1160.0,,15.0
simu5g_00000202,1,1,23,984.0,,13.0
simu5g_00000202,1,1,24,1128.0,,14.0
simu5g_00000202,2,2,0,1128.0,,14.0
simu5g_00000202,2,2,1,1160.0,,15.0
simu5g_00000202,2,2,2,1128.0,,14.0
simu5g_00000202,2,2,3,1160.0,,15.0
simu5g_00000202,2,2,4,1128.0,,14.0
simu5g_00000202,2,2,5,1128.0,,14.0
simu5g_00000202,2,2,6,1160.0,,15.0
simu5g_00000202,2,2,7,808.0,,11.0
simu5g_00000202,2,2,8,1160.0,,15.0
simu5g_00000202,2,2,9,1160.0,,15.0
simu5g_00000202,2,2,10,1160.0,,15.0
simu5g_00000202,2,2,11,984.0,,13.0
simu5g_00000202,2,2,12,1128.0,,14.0
simu5g_00000202,2,2,13,1160.0,,15.0
simu5g_00000202,2,2,14,1160.0,,15.0
simu5g_00000202,2,2,15,1160.0,,15.0
simu5g_00000202,2,2,16,984.0,,13.0
simu5g_00000202,2,2,17,1128.0,,14.0
simu5g_00000202,2,2,18,1128.0,,14.0
simu5g_00000202,2,2,19,1160.0,,15.0
simu5g_00000202,2,2,20,1160.0,,15.0
simu5g_00000202,2,2,21,1128.0,,14.0
simu5g_00000202,2,2,22,1128.0,,14.0
simu5g_00000202,2,2,23,1160.0,,15.0
simu5g_00000202,2,2,24,984.0,,13.0
simu5g_00000203,15,0,0,1160.0,,15.0
simu5g_00000203,15,0,1,1160.0,,15.0
simu5g_00000203,15,0,2,1160.0,,15.0
simu5g_00000203,15,0,3,1160.0,,15.0
simu5g_00000203,15,0,4,1128.0,,14.0
simu5g_00000203,15,0,5,984.0,,13.0
simu5g_00000203,15,0,6,1160.0,,15.0
simu5g_00000203,15,0,7,1160.0,,15.0
simu5g_00000203,15,0,8,1160.0,,15.0
simu5g_00000203,15,0,9,1160.0,,15.0
simu5g_00000203,15,0,10,1160.0,,15.0
simu5g_00000203,15,0,11,1160.0,,15.0
simu5g_00000203,15,0,12,1128.0,,14.0
simu5g_00000203,15,0,13,1160.0,,15.0
simu5g_00000203,15,0,14,1160.0,,15.0
simu5g_00000203,15,0,15,1160.0,,15.0
simu5g_00000203,15,0,16,1160.0,,15.0
simu5g_00000203,15,0,17,1160.0,,15.0
simu5g_00000203,15,0,18,1160.0,,15.0
simu5g_00000203,15,0,19,1160.0,,15.0
simu5g_00000203,15,0,20,1160.0,,15.0
simu5g_00000203,15,0,21,1160.0,,15.0
simu5g_00000203,15,0,22,1160.0,,15.0
simu5g_00000203,15,0,23,1160.0,,15.0
simu5g_00000203,15,0,24,1160.0,,15.0
simu5g_00000203,31,1,0,608.0,,9.0
simu5g_00000203,31,1,1,528.0,,8.0
simu5g_00000203,31,1,2,984.0,,13.0
simu5g_00000203,31,1,3,888.0,,12.0
simu5g_00000203,31,1,4,984.0,,13.0
simu5g_00000203,31,1,5,808.0,,11.0
simu5g_00000203,31,1,6,984.0,,13.0
simu5g_00000203,31,1,7,808.0,,11.0
simu5g_00000203,31,1,8,1128.0,,14.0
simu5g_00000203,31,1,9,1128.0,,14.0
simu5g_00000203,31,1,10,888.0,,12.0
simu5g_00000203,31,1,11,704.0,,10.0
simu5g_00000203,31,1,12,304.0,,5.0
simu5g_00000203,31,1,13,888.0,,12.0
simu5g_00000203,31,1,14,1128.0,,14.0
simu5g_00000203,31,1,15,984.0,,13.0
simu5g_00000203,31,1,16,704.0,,10.0
simu5g_00000203,31,1,17,1128.0,,14.0
simu5g_00000203,31,1,18,1128.0,,14.0
simu5g_00000203,31,1,19,704.0,,10.0
simu5g_00000203,31,1,20,608.0,,9.0
simu5g_00000203,31,1,21,984.0,,13.0
simu5g_00000203,31,1,22,808.0,,11.0
simu5g_00000203,31,1,23,984.0,,13.0
simu5g_00000203,31,1,24,1128.0,,14.0
simu5g_00000204,0,0,0,1160.0,,15.0
simu5g_00000204,0,0,1,608.0,,9.0
simu5g_00000204,0,0,2,1160.0,,15.0
simu5g_00000204,0,0,3,1128.0,,14.0
simu5g_00000204,0,0,4,1160.0,,15.0
simu5g_00000204,0,0,5,1128.0,,14.0
simu5g_00000204,0,0,6,1128.0,,14.0
simu5g_00000204,0,0,7,1160.0,,15.0
simu5g_00000204,0,0,8,984.0,,13.0
simu5g_00000204,0,0,9,1128.0,,14.0
simu5g_00000204,0,0,10,1160.0,,15.0
simu5g_00000204,0,0,11,1160.0,,15.0
simu5g_00000204,0,0,12,1160.0,,15.0
simu5g_00000204,0,0,13,1128.0,,14.0
simu5g_00000204,0,0,14,1160.0,,15.0
simu5g_00000204,0,0,15,1160.0,,15.0
simu5g_00000204,0,0,16,1128.0,,14.0
simu5g_00000204,0,0,17,1160.0,,15.0
simu5g_00000204,0,0,18,1160.0,,15.0
simu5g_00000204,0,0,19,1128.0,,14.0
simu5g_00000204,0,0,20,1160.0,,15.0
simu5g_00000204,0,0,21,984.0,,13.0
simu5g_00000204,0,0,22,1160.0,,15.0
simu5g_00000204,0,0,23,1160.0,,15.0
simu5g_00000204,0,0,24,1128.0,,14.0
simu5g_00000204,1,1,0,1160.0,,15.0
simu5g_00000204,1,1,1,1128.0,,14.0
simu5g_00000204,1,1,2,1128.0,,14.0
simu5g_00000204,1,1,3,1160.0,,15.0
simu5g_00000204,1,1,4,1128.0,,14.0
simu5g_00000204,1,1,5,1128.0,,14.0
simu5g_00000204,1,1,6,1128.0,,14.0
simu5g_00000204,1,1,7,888.0,,12.0
simu5g_00000204,1,1,8,808.0,,11.0
simu5g_00000204,1,1,9,1128.0,,14.0
simu5g_00000204,1,1,10,1128.0,,14.0
simu5g_00000204,1,1,11,1128.0,,14.0
simu5g_00000204,1,1,12,1128.0,,14.0
simu5g_00000204,1,1,13,1160.0,,15.0
simu5g_00000204,1,1,14,1160.0,,15.0
simu5g_00000204,1,1,15,1160.0,,15.0
simu5g_00000204,1,1,16,1128.0,,14.0
simu5g_00000204,1,1,17,1128.0,,14.0
simu5g_00000204,1,1,18,1128.0,,14.0
simu5g_00000204,1,1,19,1128.0,,14.0
simu5g_00000204,1,1,20,1160.0,,15.0
simu5g_00000204,1,1,21,608.0,,9.0
simu5g_00000204,1,1,22,1160.0,,15.0
simu5g_00000204,1,1,23,984.0,,13.0
simu5g_00000204,1,1,24,1128.0,,14.0
simu5g_00000204,2,2,0,1128.0,,14.0
simu5g_00000204,2,2,1,1160.0,,15.0
simu5g_00000204,2,2,2,1128.0,,14.0
simu5g_00000204,2,2,3,1160.0,,15.0
simu5g_00000204,2,2,4,1128.0,,14.0
simu5g_00000204,2,2,5,1128.0,,14.0
simu5g_00000204,2,2,6,1160.0,,15.0
simu5g_00000204,2,2,7,808.0,,11.0
simu5g_00000204,2,2,8,1160.0,,15.0
simu5g_00000204,2,2,9,1160.0,,15.0
simu5g_00000204,2,2,10,1160.0,,15.0
simu5g_00000204,2,2,11,984.0,,13.0
simu5g_00000204,2,2,12,1128.0,,14.0
simu5g_00000204,2,2,13,1160.0,,15.0
simu5g_00000204,2,2,14,1160.0,,15.0
simu5g_00000204,2,2,15,1160.0,,15.0
simu5g_00000204,2,2,16,984.0,,13.0
simu5g_00000204,2,2,17,1128.0,,14.0
simu5g_00000204,2,2,18,1128.0,,14.0
simu5g_00000204,2,2,19,1160.0,,15.0
simu5g_00000204,2,2,20,1160.0,,15.0
simu5g_00000204,2,2,21,1128.0,,14.0
simu5g_00000204,2,2,22,1128.0,,14.0
simu5g_00000204,2,2,23,1160.0,,15.0
simu5g_00000204,2,2,24,984.0,,13.0
simu5g_00000205,15,0,0,1160.0,,15.0
simu5g_00000205,15,0,1,1160.0,,15.0
simu5g_00000205,15,0,2,1160.0,,15.0
simu5g_00000205,15,0,3,1160.0,,15.0
simu5g_00000205,15,0,4,1128.0,,14.0
simu5g_00000205,15,0,5,984.0,,13.0
simu5g_00000205,15,0,6,1160.0,,15.0
simu5g_00000205,15,0,7,1160.0,,15.0
simu5g_00000205,15,0,8,1160.0,,15.0
simu5g_00000205,15,0,9,1160.0,,15.0
simu5g_00000205,15,0,10,1160.0,,15.0
simu5g_00000205,15,0,11,1160.0,,15.0
simu5g_00000205,15,0,12,1128.0,,14.0
simu5g_00000205,15,0,13,1160.0,,15.0
simu5g_00000205,15,0,14,1160.0,,15.0
simu5g_00000205,15,0,15,1160.0,,15.0
simu5g_00000205,15,0,16,1160.0,,15.0
simu5g_00000205,15,0,17,1160.0,,15.0
simu5g_00000205,15,0,18,1160.0,,15.0
simu5g_00000205,15,0,19,1160.0,,15.0
simu5g_00000205,15,0,20,1160.0,,15.0
simu5g_00000205,15,0,21,1160.0,,15.0
simu5g_00000205,15,0,22,1160.0,,15.0
simu5g_00000205,15,0,23,1160.0,,15.0
simu5g_00000205,15,0,24,1160.0,,15.0
simu5g_00000205,31,1,0,608.0,,9.0
simu5g_00000205,31,1,1,528.0,,8.0
simu5g_00000205,31,1,2,984.0,,13.0
simu5g_00000205,31,1,3,888.0,,12.0
simu5g_00000205,31,1,4,984.0,,13.0
simu5g_00000205,31,1,5,808.0,,11.0
simu5g_00000205,31,1,6,984.0,,13.0
simu5g_00000205,31,1,7,808.0,,11.0
simu5g_00000205,31,1,8,1128.0,,14.0
simu5g_00000205,31,1,9,1128.0,,14.0
simu5g_00000205,31,1,10,888.0,,12.0
simu5g_00000205,31,1,11,704.0,,10.0
simu5g_00000205,31,1,12,304.0,,5.0
simu5g_00000205,31,1,13,888.0,,12.0
simu5g_00000205,31,1,14,1128.0,,14.0
simu5g_00000205,31,1,15,984.0,,13.0
simu5g_00000205,31,1,16,808.0,,11.0
simu5g_00000205,31,1,17,1128.0,,14.0
simu5g_00000205,31,1,18,1128.0,,14.0
simu5g_00000205,31,1,19,704.0,,10.0
simu5g_00000205,31,1,20,608.0,,9.0
simu5g_00000205,31,1,21,984.0,,13.0
simu5g_00000205,31,1,22,808.0,,11.0
simu5g_00000205,31,1,23,984.0,,13.0
simu5g_00000205,31,1,24,1128.0,,14.0
simu5g_00000206,0,0,0,1160.0,,15.0
simu5g_00000206,0,0,1,608.0,,9.0
simu5g_00000206,0,0,2,1160.0,,15.0
simu5g_00000206,0,0,3,1128.0,,14.0
simu5g_00000206,0,0,4,1160.0,,15.0
simu5g_00000206,0,0,5,1128.0,,14.0
simu5g_00000206,0,0,6,1128.0,,14.0
simu5g_00000206,0,0,7,1160.0,,15.0
simu5g_00000206,0,0,8,984.0,,13.0
simu5g_00000206,0,0,9,1128.0,,14.0
simu5g_00000206,0,0,10,1160.0,,15.0
simu5g_00000206,0,0,11,1160.0,,15.0
simu5g_00000206,0,0,12,1160.0,,15.0
simu5g_00000206,0,0,13,1128.0,,14.0
simu5g_00000206,0,0,14,1160.0,,15.0
simu5g_00000206,0,0,15,1160.0,,15.0
simu5g_00000206,0,0,16,1128.0,,14.0
simu5g_00000206,0,0,17,1160.0,,15.0
simu5g_00000206,0,0,18,1160.0,,15.0
simu5g_00000206,0,0,19,1128.0,,14.0
simu5g_00000206,0,0,20,1160.0,,15.0
simu5g_00000206,0,0,21,984.0,,13.0
simu5g_00000206,0,0,22,1160.0,,15.0
simu5g_00000206,0,0,23,1160.0,,15.0
simu5g_00000206,0,0,24,1128.0,,14.0
simu5g_00000206,1,1,0,1160.0,,15.0
simu5g_00000206,1,1,1,1128.0,,14.0
simu5g_00000206,1,1,2,1128.0,,14.0
simu5g_00000206,1,1,3,1160.0,,15.0
simu5g_00000206,1,1,4,1128.0,,14.0
simu5g_00000206,1,1,5,1128.0,,14.0
simu5g_00000206,1,1,6,1128.0,,14.0
simu5g_00000206,1,1,7,888.0,,12.0
simu5g_00000206,1,1,8,808.0,,11.0
simu5g_00000206,1,1,9,1128.0,,14.0
simu5g_00000206,1,1,10,1128.0,,14.0
simu5g_00000206,1,1,11,1128.0,,14.0
simu5g_00000206,1,1,12,1128.0,,14.0
simu5g_00000206,1,1,13,1160.0,,15.0
simu5g_00000206,1,1,14,1160.0,,15.0
simu5g_00000206,1,1,15,1160.0,,15.0
simu5g_00000206,1,1,16,1128.0,,14.0
simu5g_00000206,1,1,17,1128.0,,14.0
simu5g_00000206,1,1,18,1128.0,,14.0
simu5g_00000206,1,1,19,1128.0,,14.0
simu5g_00000206,1,1,20,1160.0,,15.0
simu5g_00000206,1,1,21,608.0,,9.0
simu5g_00000206,1,1,22,1160.0,,15.0
simu5g_00000206,1,1,23,984.0,,13.0
simu5g_00000206,1,1,24,1128.0,,14.0
simu5g_00000206,2,2,0,1128.0,,14.0
simu5g_00000206,2,2,1,1160.0,,15.0
simu5g_00000206,2,2,2,1128.0,,14.0
simu5g_00000206,2,2,3,1160.0,,15.0
simu5g_00000206,2,2,4,1128.0,,14.0
simu5g_00000206,2,2,5,1128.0,,14.0
simu5g_00000206,2,2,6,1160.0,,15.0
simu5g_00000206,2,2,7,808.0,,11.0
simu5g_00000206,2,2,8,1160.0,,15.0
simu5g_00000206,2,2,9,1160.0,,15.0
simu5g_00000206,2,2,10,1160.0,,15.0
simu5g_00000206,2,2,11,984.0,,13.0
simu5g_00000206,2,2,12,1128.0,,14.0
simu5g_00000206,2,2,13,1160.0,,15.0
simu5g_00000206,2,2,14,1160.0,,15.0
simu5g_00000206,2,2,15,1160.0,,15.0
simu5g_00000206,2,2,16,984.0,,13.0
simu5g_00000206,2,2,17,1128.0,,14.0
simu5g_00000206,2,2,18,1128.0,,14.0
simu5g_00000206,2,2,19,1160.0,,15.0
simu5g_00000206,2,2,20,1160.0,,15.0
simu5g_00000206,2,2,21,1128.0,,14.0
simu5g_00000206,2,2,22,1128.0,,14.0
simu5g_00000206,2,2,23,1160.0,,15.0
simu5g_00000206,2,2,24,984.0,,13.0
simu5g_00000207,15,0,0,1160.0,,15.0
simu5g_00000207,15,0,1,1160.0,,15.0
simu5g_00000207,15,0,2,1160.0,,15.0
simu5g_00000207,15,0,3,1160.0,,15.0
simu5g_00000207,15,0,4,1128.0,,14.0
simu5g_00000207,15,0,5,984.0,,13.0
simu5g_00000207,15,0,6,1160.0,,15.0
simu5g_00000207,15,0,7,1160.0,,15.0
simu5g_00000207,15,0,8,1160.0,,15.0
simu5g_00000207,15,0,9,1160.0,,15.0
simu5g_00000207,15,0,10,1160.0,,15.0
simu5g_00000207,15,0,11,1160.0,,15.0
simu5g_00000207,15,0,12,1128.0,,14.0
simu5g_00000207,15,0,13,1160.0,,15.0
simu5g_00000207,15,0,14,1160.0,,15.0
simu5g_00000207,15,0,15,1160.0,,15.0
simu5g_00000207,15,0,16,1160.0,,15.0
simu5g_00000207,15,0,17,1160.0,,15.0
simu5g_00000207,15,0,18,1160.0,,15.0
simu5g_00000207,15,0,19,1160.0,,15.0
simu5g_00000207,15,0,20,1160.0,,15.0
simu5g_00000207,15,0,21,1160.0,,15.0
simu5g_00000207,15,0,22,1160.0,,15.0
simu5g_00000207,15,0,23,1160.0,,15.0
simu5g_00000207,15,0,24,1160.0,,15.0
simu5g_00000207,31,1,0,1128.0,,14.0
simu5g_00000207,31,1,1,984.0,,13.0
simu5g_00000207,31,1,2,1160.0,,15.0
simu5g_00000207,31,1,3,1160.0,,15.0
simu5g_00000207,31,1,4,1160.0,,15.0
simu5g_00000207,31,1,5,1160.0,,15.0
simu5g_00000207,31,1,6,1160.0,,15.0
simu5g_00000207,31,1,7,1160.0,,15.0
simu5g_00000207,31,1,8,1160.0,,15.0
simu5g_00000207,31,1,9,1160.0,,15.0
simu5g_00000207,31,1,10,1160.0,,15.0
simu5g_00000207,31,1,11,1128.0,,14.0
simu5g_00000207,31,1,12,704.0,,10.0
simu5g_00000207,31,1,13,1160.0,,15.0
simu5g_00000207,31,1,14,1160.0,,15.0
simu5g_00000207,31,1,15,1160.0,,15.0
simu5g_00000207,31,1,16,1128.0,,14.0
simu5g_00000207,31,1,17,1160.0,,15.0
simu5g_00000207,31,1,18,1160.0,,15.0
simu5g_00000207,31,1,19,1128.0,,14.0
simu5g_00000207,31,1,20,1128.0,,14.0
simu5g_00000207,31,1,21,1160.0,,15.0
simu5g_00000207,31,1,22,1128.0,,14.0
simu5g_00000207,31,1,23,1160.0,,15.0
simu5g_00000207,31,1,24,1160.0,,15.0
simu5g_00000208,0,0,0,1160.0,,15.0
simu5g_00000208,0,0,1,432.0,,7.0
simu5g_00000208,0,0,2,1160.0,,15.0
simu5g_00000208,0,0,3,888.0,,12.0
simu5g_00000208,0,0,4,1128.0,,14.0
simu5g_00000208,0,0,5,888.0,,12.0
simu5g_00000208,0,0,6,984.0,,13.0
simu5g_00000208,0,0,7,1128.0,,14.0
simu5g_00000208,0,0,8,704.0,,10.0
simu5g_00000208,0,0,9,984.0,,13.0
simu5g_00000208,0,0,10,1128.0,,14.0
simu5g_00000208,0,0,11,1160.0,,15.0
simu5g_00000208,0,0,12,1128.0,,14.0
simu5g_00000208,0,0,13,984.0,,13.0
simu5g_00000208,0,0,14,1128.0,,14.0
simu5g_00000208,0,0,15,1128.0,,14.0
simu5g_00000208,0,0,16,984.0,,13.0
simu5g_00000208,0,0,17,1160.0,,15.0
simu5g_00000208,0,0,18,1128.0,,14.0
simu5g_00000208,0,0,19,984.0,,13.0
simu5g_00000208,0,0,20,1160.0,,15.0
simu5g_00000208,0,0,21,808.0,,11.0
simu5g_00000208,0,0,22,1128.0,,14.0
simu5g_00000208,0,0,23,1160.0,,15.0
simu5g_00000208,0,0,24,984.0,,13.0
simu5g_00000208,1,1,0,1160.0,,15.0
simu5g_00000208,1,1,1,1128.0,,14.0
simu5g_00000208,1,1,2,1128.0,,14.0
simu5g_00000208,1,1,3,1160.0,,15.0
simu5g_00000208,1,1,4,1128.0,,14.0
simu5g_00000208,1,1,5,1160.0,,15.0
simu5g_00000208,1,1,6,1128.0,,14.0
simu5g_00000208,1,1,7,888.0,,12.0
simu5g_00000208,1,1,8,808.0,,11.0
simu5g_00000208,1,1,9,1160.0,,15.0
simu5g_00000208,1,1,10,1128.0,,14.0
simu5g_00000208,1,1,11,1128.0,,14.0
simu5g_00000208,1,1,12,1128.0,,14.0
simu5g_00000208,1,1,13,1160.0,,15.0
simu5g_00000208,1,1,14,1160.0,,15.0
simu5g_00000208,1,1,15,1160.0,,15.0
simu5g_00000208,1,1,16,1128.0,,14.0
simu5g_00000208,1,1,17,1128.0,,14.0
simu5g_00000208,1,1,18,1128.0,,14.0
simu5g_00000208,1,1,19,1160.0,,15.0
simu5g_00000208,1,1,20,1160.0,,15.0
simu5g_00000208,1,1,21,704.0,,10.0
simu5g_00000208,1,1,22,1160.0,,15.0
simu5g_00000208,1,1,23,984.0,,13.0
simu5g_00000208,1,1,24,1128.0,,14.0
simu5g_00000208,2,2,0,1128.0,,14.0
simu5g_00000208,2,2,1,1160.0,,15.0
simu5g_00000208,2,2,2,1128.0,,14.0
simu5g_00000208,2,2,3,1160.0,,15.0
simu5g_00000208,2,2,4,1128.0,,14.0
simu5g_00000208,2,2,5,1128.0,,14.0
simu5g_00000208,2,2,6,1160.0,,15.0
simu5g_00000208,2,2,7,808.0,,11.0
simu5g_00000208,2,2,8,1160.0,,15.0
simu5g_00000208,2,2,9,1160.0,,15.0
simu5g_00000208,2,2,10,1160.0,,15.0
simu5g_00000208,2,2,11,984.0,,13.0
simu5g_00000208,2,2,12,1128.0,,14.0
simu5g_00000208,2,2,13,1160.0,,15.0
simu5g_00000208,2,2,14,1160.0,,15.0
simu5g_00000208,2,2,15,1160.0,,15.0
simu5g_00000208,2,2,16,984.0,,13.0
simu5g_00000208,2,2,17,1128.0,,14.0
simu5g_00000208,2,2,18,1128.0,,14.0
simu5g_00000208,2,2,19,1160.0,,15.0
simu5g_00000208,2,2,20,1160.0,,15.0
simu5g_00000208,2,2,21,1128.0,,14.0
simu5g_00000208,2,2,22,1128.0,,14.0
simu5g_00000208,2,2,23,1160.0,,15.0
simu5g_00000208,2,2,24,984.0,,13.0
simu5g_00000209,15,0,0,1128.0,,14.0
simu5g_00000209,15,0,1,1128.0,,14.0
simu5g_00000209,15,0,2,1160.0,,15.0
simu5g_00000209,15,0,3,1160.0,,15.0
simu5g_00000209,15,0,4,984.0,,13.0
simu5g_00000209,15,0,5,808.0,,11.0
simu5g_00000209,15,0,6,1160.0,,15.0
simu5g_00000209,15,0,7,1128.0,,14.0
simu5g_00000209,15,0,8,1160.0,,15.0
simu5g_00000209,15,0,9,1160.0,,15.0
simu5g_00000209,15,0,10,1160.0,,15.0
simu5g_00000209,15,0,11,1160.0,,15.0
simu5g_00000209,15,0,12,984.0,,13.0
simu5g_00000209,15,0,13,1160.0,,15.0
simu5g_00000209,15,0,14,1128.0,,14.0
simu5g_00000209,15,0,15,1128.0,,14.0
simu5g_00000209,15,0,16,1160.0,,15.0
simu5g_00000209,15,0,17,1160.0,,15.0
simu5g_00000209,15,0,18,1160.0,,15.0
simu5g_00000209,15,0,19,1160.0,,15.0
simu5g_00000209,15,0,20,1160.0,,15.0
simu5g_00000209,15,0,21,1160.0,,15.0
simu5g_00000209,15,0,22,1160.0,,15.0
simu5g_00000209,15,0,23,1160.0,,15.0
simu5g_00000209,15,0,24,1160.0,,15.0
simu5g_00000209,31,1,0,1128.0,,14.0
simu5g_00000209,31,1,1,984.0,,13.0
simu5g_00000209,31,1,2,1160.0,,15.0
simu5g_00000209,31,1,3,1160.0,,15.0
simu5g_00000209,31,1,4,1160.0,,15.0
simu5g_00000209,31,1,5,1160.0,,15.0
simu5g_00000209,31,1,6,1160.0,,15.0
simu5g_00000209,31,1,7,1160.0,,15.0
simu5g_00000209,31,1,8,1160.0,,15.0
simu5g_00000209,31,1,9,1160.0,,15.0
simu5g_00000209,31,1,10,1160.0,,15.0
simu5g_00000209,31,1,11,1128.0,,14.0
simu5g_00000209,31,1,12,704.0,,10.0
simu5g_00000209,31,1,13,1160.0,,15.0
simu5g_00000209,31,1,14,1160.0,,15.0
simu5g_00000209,31,1,15,1160.0,,15.0
simu5g_00000209,31,1,16,1128.0,,14.0
simu5g_00000209,31,1,17,1160.0,,15.0
simu5g_00000209,31,1,18,1160.0,,15.0
simu5g_00000209,31,1,19,1128.0,,14.0
simu5g_00000209,31,1,20,1128.0,,14.0
simu5g_00000209,31,1,21,1160.0,,15.0
simu5g_00000209,31,1,22,1160.0,,15.0
simu5g_00000209,31,1,23,1160.0,,15.0
simu5g_00000209,31,1,24,1160.0,,15.0
simu5g_00000210,0,0,0,1160.0,,15.0
simu5g_00000210,0,0,1,432.0,,7.0
simu5g_00000210,0,0,2,1160.0,,15.0
simu5g_00000210,0,0,3,888.0,,12.0
simu5g_00000210,0,0,4,1128.0,,14.0
simu5g_00000210,0,0,5,888.0,,12.0
simu5g_00000210,0,0,6,984.0,,13.0
simu5g_00000210,0,0,7,1128.0,,14.0
simu5g_00000210,0,0,8,704.0,,10.0
simu5g_00000210,0,0,9,984.0,,13.0
simu5g_00000210,0,0,10,1128.0,,14.0
simu5g_00000210,0,0,11,1160.0,,15.0
simu5g_00000210,0,0,12,1128.0,,14.0
simu5g_00000210,0,0,13,984.0,,13.0
simu5g_00000210,0,0,14,1128.0,,14.0
simu5g_00000210,0,0,15,1128.0,,14.0
simu5g_00000210,0,0,16,984.0,,13.0
simu5g_00000210,0,0,17,1160.0,,15.0
simu5g_00000210,0,0,18,1128.0,,14.0
simu5g_00000210,0,0,19,984.0,,13.0
simu5g_00000210,0,0,20,1160.0,,15.0
simu5g_00000210,0,0,21,808.0,,11.0
simu5g_00000210,0,0,22,1128.0,,14.0
simu5g_00000210,0,0,23,1160.0,,15.0
simu5g_00000210,0,0,24,984.0,,13.0
simu5g_00000210,1,1,0,1160.0,,15.0
simu5g_00000210,1,1,1,1128.0,,14.0
simu5g_00000210,1,1,2,1128.0,,14.0
simu5g_00000210,1,1,3,1160.0,,15.0
simu5g_00000210,1,1,4,1128.0,,14.0
simu5g_00000210,1,1,5,1160.0,,15.0
simu5g_00000210,1,1,6,1128.0,,14.0
simu5g_00000210,1,1,7,888.0,,12.0
simu5g_00000210,1,1,8,808.0,,11.0
simu5g_00000210,1,1,9,1160.0,,15.0
simu5g_00000210,1,1,10,1128.0,,14.0
simu5g_00000210,1,1,11,1128.0,,14.0
simu5g_00000210,1,1,12,1128.0,,14.0
simu5g_00000210,1,1,13,1160.0,,15.0
simu5g_00000210,1,1,14,1160.0,,15.0
simu5g_00000210,1,1,15,1160.0,,15.0
simu5g_00000210,1,1,16,1128.0,,14.0
simu5g_00000210,1,1,17,1128.0,,14.0
simu5g_00000210,1,1,18,1128.0,,14.0
simu5g_00000210,1,1,19,1160.0,,15.0
simu5g_00000210,1,1,20,1160.0,,15.0
simu5g_00000210,1,1,21,704.0,,10.0
simu5g_00000210,1,1,22,1160.0,,15.0
simu5g_00000210,1,1,23,984.0,,13.0
simu5g_00000210,1,1,24,1128.0,,14.0
simu5g_00000210,2,2,0,1128.0,,14.0
simu5g_00000210,2,2,1,1160.0,,15.0
simu5g_00000210,2,2,2,1128.0,,14.0
simu5g_00000210,2,2,3,1160.0,,15.0
simu5g_00000210,2,2,4,1128.0,,14.0
simu5g_00000210,2,2,5,1128.0,,14.0
simu5g_00000210,2,2,6,1160.0,,15.0
simu5g_00000210,2,2,7,808.0,,11.0
simu5g_00000210,2,2,8,1160.0,,15.0
simu5g_00000210,2,2,9,1160.0,,15.0
simu5g_00000210,2,2,10,1160.0,,15.0
simu5g_00000210,2,2,11,984.0,,13.0
simu5g_00000210,2,2,12,1128.0,,14.0
simu5g_00000210,2,2,13,1160.0,,15.0
simu5g_00000210,2,2,14,1160.0,,15.0
simu5g_00000210,2,2,15,1160.0,,15.0
simu5g_00000210,2,2,16,984.0,,13.0
simu5g_00000210,2,2,17,1128.0,,14.0
simu5g_00000210,2,2,18,1128.0,,14.0
simu5g_00000210,2,2,19,1160.0,,15.0
simu5g_00000210,2,2,20,1160.0,,15.0
simu5g_00000210,2,2,21,1128.0,,14.0
simu5g_00000210,2,2,22,1128.0,,14.0
simu5g_00000210,2,2,23,1160.0,,15.0
simu5g_00000210,2,2,24,984.0,,13.0
simu5g_00000211,15,0,0,1128.0,,14.0
simu5g_00000211,15,0,1,1128.0,,14.0
simu5g_00000211,15,0,2,1160.0,,15.0
simu5g_00000211,15,0,3,1160.0,,15.0
simu5g_00000211,15,0,4,984.0,,13.0
simu5g_00000211,15,0,5,808.0,,11.0
simu5g_00000211,15,0,6,1160.0,,15.0
simu5g_00000211,15,0,7,1128.0,,14.0
simu5g_00000211,15,0,8,1160.0,,15.0
simu5g_00000211,15,0,9,1160.0,,15.0
simu5g_00000211,15,0,10,1160.0,,15.0
simu5g_00000211,15,0,11,1160.0,,15.0
simu5g_00000211,15,0,12,984.0,,13.0
simu5g_00000211,15,0,13,1160.0,,15.0
simu5g_00000211,15,0,14,1128.0,,14.0
simu5g_00000211,15,0,15,1128.0,,14.0
simu5g_00000211,15,0,16,1160.0,,15.0
simu5g_00000211,15,0,17,1160.0,,15.0
simu5g_00000211,15,0,18,1160.0,,15.0
simu5g_00000211,15,0,19,1160.0,,15.0
simu5g_00000211,15,0,20,1160.0,,15.0
simu5g_00000211,15,0,21,1160.0,,15.0
simu5g_00000211,15,0,22,1160.0,,15.0
simu5g_00000211,15,0,23,1160.0,,15.0
simu5g_00000211,15,0,24,1160.0,,15.0
simu5g_00000211,31,1,0,1128.0,,14.0
simu5g_00000211,31,1,1,1128.0,,14.0
simu5g_00000211,31,1,2,1160.0,,15.0
simu5g_00000211,31,1,3,1160.0,,15.0
simu5g_00000211,31,1,4,1160.0,,15.0
simu5g_00000211,31,1,5,1160.0,,15.0
simu5g_00000211,31,1,6,1160.0,,15.0
simu5g_00000211,31,1,7,1160.0,,15.0
simu5g_00000211,31,1,8,1160.0,,15.0
simu5g_00000211,31,1,9,1160.0,,15.0
simu5g_00000211,31,1,10,1160.0,,15.0
simu5g_00000211,31,1,11,1128.0,,14.0
simu5g_00000211,31,1,12,704.0,,10.0
simu5g_00000211,31,1,13,1160.0,,15.0
simu5g_00000211,31,1,14,1160.0,,15.0
simu5g_00000211,31,1,15,1160.0,,15.0
simu5g_00000211,31,1,16,1128.0,,14.0
simu5g_00000211,31,1,17,1160.0,,15.0
simu5g_00000211,31,1,18,1160.0,,15.0
simu5g_00000211,31,1,19,1128.0,,14.0
simu5g_00000211,31,1,20,1128.0,,14.0
simu5g_00000211,31,1,21,1160.0,,15.0
simu5g_00000211,31,1,22,1160.0,,15.0
simu5g_00000211,31,1,23,1160.0,,15.0
simu5g_00000211,31,1,24,1160.0,,15.0
simu5g_00000212,0,0,0,1160.0,,15.0
simu5g_00000212,0,0,1,432.0,,7.0
simu5g_00000212,0,0,2,1160.0,,15.0
simu5g_00000212,0,0,3,888.0,,12.0
simu5g_00000212,0,0,4,1128.0,,14.0
simu5g_00000212,0,0,5,888.0,,12.0
simu5g_00000212,0,0,6,984.0,,13.0
simu5g_00000212,0,0,7,1128.0,,14.0
simu5g_00000212,0,0,8,704.0,,10.0
simu5g_00000212,0,0,9,984.0,,13.0
simu5g_00000212,0,0,10,1128.0,,14.0
simu5g_00000212,0,0,11,1160.0,,15.0
simu5g_00000212,0,0,12,1128.0,,14.0
simu5g_00000212,0,0,13,984.0,,13.0
simu5g_00000212,0,0,14,1128.0,,14.0
simu5g_00000212,0,0,15,1128.0,,14.0
simu5g_00000212,0,0,16,984.0,,13.0
simu5g_00000212,0,0,17,1160.0,,15.0
simu5g_00000212,0,0,18,1128.0,,14.0
simu5g_00000212,0,0,19,984.0,,13.0
simu5g_00000212,0,0,20,1160.0,,15.0
simu5g_00000212,0,0,21,808.0,,11.0
simu5g_00000212,0,0,22,1128.0,,14.0
simu5g_00000212,0,0,23,1160.0,,15.0
simu5g_00000212,0,0,24,984.0,,13.0
simu5g_00000212,1,1,0,1160.0,,15.0
simu5g_00000212,1,1,1,1128.0,,14.0
simu5g_00000212,1,1,2,1128.0,,14.0
simu5g_00000212,1,1,3,1160.0,,15.0
simu5g_00000212,1,1,4,1128.0,,14.0
simu5g_00000212,1,1,5,1160.0,,15.0
simu5g_00000212,1,1,6,1128.0,,14.0
simu5g_00000212,1,1,7,888.0,,12.0
simu5g_00000212,1,1,8,808.0,,11.0
simu5g_00000212,1,1,9,1160.0,,15.0
simu5g_00000212,1,1,10,1128.0,,14.0
simu5g_00000212,1,1,11,1128.0,,14.0
simu5g_00000212,1,1,12,1128.0,,14.0
simu5g_00000212,1,1,13,1160.0,,15.0
simu5g_00000212,1,1,14,1160.0,,15.0
simu5g_00000212,1,1,15,1160.0,,15.0
simu5g_00000212,1,1,16,1128.0,,14.0
simu5g_00000212,1,1,17,1128.0,,14.0
simu5g_00000212,1,1,18,1128.0,,14.0
simu5g_00000212,1,1,19,1160.0,,15.0
simu5g_00000212,1,1,20,1160.0,,15.0
simu5g_00000212,1,1,21,704.0,,10.0
simu5g_00000212,1,1,22,1160.0,,15.0
simu5g_00000212,1,1,23,984.0,,13.0
simu5g_00000212,1,1,24,1128.0,,14.0
simu5g_00000212,2,2,0,1160.0,,15.0
simu5g_00000212,2,2,1,1160.0,,15.0
simu5g_00000212,2,2,2,1160.0,,15.0
simu5g_00000212,2,2,3,1160.0,,15.0
simu5g_00000212,2,2,4,1160.0,,15.0
simu5g_00000212,2,2,5,1160.0,,15.0
simu5g_00000212,2,2,6,1160.0,,15.0
simu5g_00000212,2,2,7,984.0,,13.0
simu5g_00000212,2,2,8,1160.0,,15.0
simu5g_00000212,2,2,9,1160.0,,15.0
simu5g_00000212,2,2,10,1160.0,,15.0
simu5g_00000212,2,2,11,1128.0,,14.0
simu5g_00000212,2,2,12,1160.0,,15.0
simu5g_00000212,2,2,13,1160.0,,15.0
simu5g_00000212,2,2,14,1160.0,,15.0
simu5g_00000212,2,2,15,1160.0,,15.0
simu5g_00000212,2,2,16,1128.0,,14.0
simu5g_00000212,2,2,17,1160.0,,15.0
simu5g_00000212,2,2,18,1160.0,,15.0
simu5g_00000212,2,2,19,1160.0,,15.0
simu5g_00000212,2,2,20,1160.0,,15.0
simu5g_00000212,2,2,21,1160.0,,15.0
simu5g_00000212,2,2,22,1128.0,,14.0
simu5g_00000212,2,2,23,1160.0,,15.0
simu5g_00000212,2,2,24,1128.0,,14.0
simu5g_00000213,15,0,0,1128.0,,14.0
simu5g_00000213,15,0,1,1128.0,,14.0
simu5g_00000213,15,0,2,1160.0,,15.0
simu5g_00000213,15,0,3,1160.0,,15.0
simu5g_00000213,15,0,4,984.0,,13.0
simu5g_00000213,15,0,5,808.0,,11.0
simu5g_00000213,15,0,6,1160.0,,15.0
simu5g_00000213,15,0,7,1128.0,,14.0
simu5g_00000213,15,0,8,1160.0,,15.0
simu5g_00000213,15,0,9,1160.0,,15.0
simu5g_00000213,15,0,10,1160.0,,15.0
simu5g_00000213,15,0,11,1160.0,,15.0
simu5g_00000213,15,0,12,984.0,,13.0
simu5g_00000213,15,0,13,1160.0,,15.0
simu5g_00000213,15,0,14,1128.0,,14.0
simu5g_00000213,15,0,15,1128.0,,14.0
simu5g_00000213,15,0,16,1160.0,,15.0
simu5g_00000213,15,0,17,1160.0,,15.0
simu5g_00000213,15,0,18,1160.0,,15.0
simu5g_00000213,15,0,19,1160.0,,15.0
simu5g_00000213,15,0,20,1160.0,,15.0
simu5g_00000213,15,0,21,1160.0,,15.0
simu5g_00000213,15,0,22,1160.0,,15.0
simu5g_00000213,15,0,23,1160.0,,15.0
simu5g_00000213,15,0,24,1160.0,,15.0
simu5g_00000213,31,1,0,1128.0,,14.0
simu5g_00000213,31,1,1,1128.0,,14.0
simu5g_00000213,31,1,2,1160.0,,15.0
simu5g_00000213,31,1,3,1160.0,,15.0
simu5g_00000213,31,1,4,1160.0,,15.0
simu5g_00000213,31,1,5,1160.0,,15.0
simu5g_00000213,31,1,6,1160.0,,15.0
simu5g_00000213,31,1,7,1160.0,,15.0
simu5g_00000213,31,1,8,1160.0,,15.0
simu5g_00000213,31,1,9,1160.0,,15.0
simu5g_00000213,31,1,10,1160.0,,15.0
simu5g_00000213,31,1,11,1128.0,,14.0
simu5g_00000213,31,1,12,704.0,,10.0
simu5g_00000213,31,1,13,1160.0,,15.0
simu5g_00000213,31,1,14,1160.0,,15.0
simu5g_00000213,31,1,15,1160.0,,15.0
simu5g_00000213,31,1,16,1128.0,,14.0
simu5g_00000213,31,1,17,1160.0,,15.0
simu5g_00000213,31,1,18,1160.0,,15.0
simu5g_00000213,31,1,19,1128.0,,14.0
simu5g_00000213,31,1,20,1128.0,,14.0
simu5g_00000213,31,1,21,1160.0,,15.0
simu5g_00000213,31,1,22,1160.0,,15.0
simu5g_00000213,31,1,23,1160.0,,15.0
simu5g_00000213,31,1,24,1160.0,,15.0
simu5g_00000214,0,0,0,1160.0,,15.0
simu5g_00000214,0,0,1,432.0,,7.0
simu5g_00000214,0,0,2,1160.0,,15.0
simu5g_00000214,0,0,3,888.0,,12.0
simu5g_00000214,0,0,4,1128.0,,14.0
simu5g_00000214,0,0,5,888.0,,12.0
simu5g_00000214,0,0,6,984.0,,13.0
simu5g_00000214,0,0,7,1128.0,,14.0
simu5g_00000214,0,0,8,704.0,,10.0
simu5g_00000214,0,0,9,984.0,,13.0
simu5g_00000214,0,0,10,1128.0,,14.0
simu5g_00000214,0,0,11,1160.0,,15.0
simu5g_00000214,0,0,12,1128.0,,14.0
simu5g_00000214,0,0,13,984.0,,13.0
simu5g_00000214,0,0,14,1128.0,,14.0
simu5g_00000214,0,0,15,1128.0,,14.0
simu5g_00000214,0,0,16,984.0,,13.0
simu5g_00000214,0,0,17,1160.0,,15.0
simu5g_00000214,0,0,18,1128.0,,14.0
simu5g_00000214,0,0,19,984.0,,13.0
simu5g_00000214,0,0,20,1160.0,,15.0
simu5g_00000214,0,0,21,808.0,,11.0
simu5g_00000214,0,0,22,1128.0,,14.0
simu5g_00000214,0,0,23,1160.0,,15.0
simu5g_00000214,0,0,24,984.0,,13.0
simu5g_00000214,1,1,0,1160.0,,15.0
simu5g_00000214,1,1,1,1128.0,,14.0
simu5g_00000214,1,1,2,1128.0,,14.0
simu5g_00000214,1,1,3,1160.0,,15.0
simu5g_00000214,1,1,4,1128.0,,14.0
simu5g_00000214,1,1,5,1160.0,,15.0
simu5g_00000214,1,1,6,1128.0,,14.0
simu5g_00000214,1,1,7,888.0,,12.0
simu5g_00000214,1,1,8,808.0,,11.0
simu5g_00000214,1,1,9,1160.0,,15.0
simu5g_00000214,1,1,10,1128.0,,14.0
simu5g_00000214,1,1,11,1128.0,,14.0
simu5g_00000214,1,1,12,1128.0,,14.0
simu5g_00000214,1,1,13,1160.0,,15.0
simu5g_00000214,1,1,14,1160.0,,15.0
simu5g_00000214,1,1,15,1160.0,,15.0
simu5g_00000214,1,1,16,1128.0,,14.0
simu5g_00000214,1,1,17,1128.0,,14.0
simu5g_00000214,1,1,18,1128.0,,14.0
simu5g_00000214,1,1,19,1160.0,,15.0
simu5g_00000214,1,1,20,1160.0,,15.0
simu5g_00000214,1,1,21,704.0,,10.0
simu5g_00000214,1,1,22,1160.0,,15.0
simu5g_00000214,1,1,23,984.0,,13.0
simu5g_00000214,1,1,24,1128.0,,14.0
simu5g_00000214,2,2,0,1160.0,,15.0
simu5g_00000214,2,2,1,1160.0,,15.0
simu5g_00000214,2,2,2,1160.0,,15.0
simu5g_00000214,2,2,3,1160.0,,15.0
simu5g_00000214,2,2,4,1160.0,,15.0
simu5g_00000214,2,2,5,1160.0,,15.0
simu5g_00000214,2,2,6,1160.0,,15.0
simu5g_00000214,2,2,7,984.0,,13.0
simu5g_00000214,2,2,8,1160.0,,15.0
simu5g_00000214,2,2,9,1160.0,,15.0
simu5g_00000214,2,2,10,1160.0,,15.0
simu5g_00000214,2,2,11,1128.0,,14.0
simu5g_00000214,2,2,12,1160.0,,15.0
simu5g_00000214,2,2,13,1160.0,,15.0
simu5g_00000214,2,2,14,1160.0,,15.0
simu5g_00000214,2,2,15,1160.0,,15.0
simu5g_00000214,2,2,16,1128.0,,14.0
simu5g_00000214,2,2,17,1160.0,,15.0
simu5g_00000214,2,2,18,1160.0,,15.0
simu5g_00000214,2,2,19,1160.0,,15.0
simu5g_00000214,2,2,20,1160.0,,15.0
simu5g_00000214,2,2,21,1160.0,,15.0
simu5g_00000214,2,2,22,1128.0,,14.0
simu5g_00000214,2,2,23,1160.0,,15.0
simu5g_00000214,2,2,24,1128.0,,14.0
simu5g_00000215,15,0,0,1128.0,,14.0
simu5g_00000215,15,0,1,1128.0,,14.0
simu5g_00000215,15,0,2,1160.0,,15.0
simu5g_00000215,15,0,3,1160.0,,15.0
simu5g_00000215,15,0,4,984.0,,13.0
simu5g_00000215,15,0,5,808.0,,11.0
simu5g_00000215,15,0,6,1160.0,,15.0
simu5g_00000215,15,0,7,1128.0,,14.0
simu5g_00000215,15,0,8,1160.0,,15.0
simu5g_00000215,15,0,9,1160.0,,15.0
simu5g_00000215,15,0,10,1160.0,,15.0
simu5g_00000215,15,0,11,1160.0,,15.0
simu5g_00000215,15,0,12,984.0,,13.0
simu5g_00000215,15,0,13,1160.0,,15.0
simu5g_00000215,15,0,14,1128.0,,14.0
simu5g_00000215,15,0,15,1128.0,,14.0
simu5g_00000215,15,0,16,1160.0,,15.0
simu5g_00000215,15,0,17,1160.0,,15.0
simu5g_00000215,15,0,18,1160.0,,15.0
simu5g_00000215,15,0,19,1160.0,,15.0
simu5g_00000215,15,0,20,1160.0,,15.0
simu5g_00000215,15,0,21,1160.0,,15.0
simu5g_00000215,15,0,22,1160.0,,15.0
simu5g_00000215,15,0,23,1160.0,,15.0
simu5g_00000215,15,0,24,1160.0,,15.0
simu5g_00000215,31,1,0,1128.0,,14.0
simu5g_00000215,31,1,1,1128.0,,14.0
simu5g_00000215,31,1,2,1160.0,,15.0
simu5g_00000215,31,1,3,1160.0,,15.0
simu5g_00000215,31,1,4,1160.0,,15.0
simu5g_00000215,31,1,5,1160.0,,15.0
simu5g_00000215,31,1,6,1160.0,,15.0
simu5g_00000215,31,1,7,1160.0,,15.0
simu5g_00000215,31,1,8,1160.0,,15.0
simu5g_00000215,31,1,9,1160.0,,15.0
simu5g_00000215,31,1,10,1160.0,,15.0
simu5g_00000215,31,1,11,1128.0,,14.0
simu5g_00000215,31,1,12,704.0,,10.0
simu5g_00000215,31,1,13,1160.0,,15.0
simu5g_00000215,31,1,14,1160.0,,15.0
simu5g_00000215,31,1,15,1160.0,,15.0
simu5g_00000215,31,1,16,1128.0,,14.0
simu5g_00000215,31,1,17,1160.0,,15.0
simu5g_00000215,31,1,18,1160.0,,15.0
simu5g_00000215,31,1,19,1128.0,,14.0
simu5g_00000215,31,1,20,1128.0,,14.0
simu5g_00000215,31,1,21,1160.0,,15.0
simu5g_00000215,31,1,22,1160.0,,15.0
simu5g_00000215,31,1,23,1160.0,,15.0
simu5g_00000215,31,1,24,1160.0,,15.0
simu5g_00000216,0,0,0,1160.0,,15.0
simu5g_00000216,0,0,1,432.0,,7.0
simu5g_00000216,0,0,2,1160.0,,15.0
simu5g_00000216,0,0,3,888.0,,12.0
simu5g_00000216,0,0,4,1128.0,,14.0
simu5g_00000216,0,0,5,888.0,,12.0
simu5g_00000216,0,0,6,984.0,,13.0
simu5g_00000216,0,0,7,1128.0,,14.0
simu5g_00000216,0,0,8,704.0,,10.0
simu5g_00000216,0,0,9,984.0,,13.0
simu5g_00000216,0,0,10,1128.0,,14.0
simu5g_00000216,0,0,11,1160.0,,15.0
simu5g_00000216,0,0,12,1128.0,,14.0
simu5g_00000216,0,0,13,984.0,,13.0
simu5g_00000216,0,0,14,1128.0,,14.0
simu5g_00000216,0,0,15,1128.0,,14.0
simu5g_00000216,0,0,16,984.0,,13.0
simu5g_00000216,0,0,17,1160.0,,15.0
simu5g_00000216,0,0,18,1128.0,,14.0
simu5g_00000216,0,0,19,984.0,,13.0
simu5g_00000216,0,0,20,1160.0,,15.0
simu5g_00000216,0,0,21,808.0,,11.0
simu5g_00000216,0,0,22,1128.0,,14.0
simu5g_00000216,0,0,23,1160.0,,15.0
simu5g_00000216,0,0,24,984.0,,13.0
simu5g_00000216,1,1,0,1160.0,,15.0
simu5g_00000216,1,1,1,1128.0,,14.0
simu5g_00000216,1,1,2,1128.0,,14.0
simu5g_00000216,1,1,3,1160.0,,15.0
simu5g_00000216,1,1,4,1128.0,,14.0
simu5g_00000216,1,1,5,1160.0,,15.0
simu5g_00000216,1,1,6,1128.0,,14.0
simu5g_00000216,1,1,7,888.0,,12.0
simu5g_00000216,1,1,8,808.0,,11.0
simu5g_00000216,1,1,9,1160.0,,15.0
simu5g_00000216,1,1,10,1128.0,,14.0
simu5g_00000216,1,1,11,1128.0,,14.0
simu5g_00000216,1,1,12,1128.0,,14.0
simu5g_00000216,1,1,13,1160.0,,15.0
simu5g_00000216,1,1,14,1160.0,,15.0
simu5g_00000216,1,1,15,1160.0,,15.0
simu5g_00000216,1,1,16,1128.0,,14.0
simu5g_00000216,1,1,17,1128.0,,14.0
simu5g_00000216,1,1,18,1128.0,,14.0
simu5g_00000216,1,1,19,1160.0,,15.0
simu5g_00000216,1,1,20,1160.0,,15.0
simu5g_00000216,1,1,21,704.0,,10.0
simu5g_00000216,1,1,22,1160.0,,15.0
simu5g_00000216,1,1,23,984.0,,13.0
simu5g_00000216,1,1,24,1128.0,,14.0
simu5g_00000216,2,2,0,1160.0,,15.0
simu5g_00000216,2,2,1,1160.0,,15.0
simu5g_00000216,2,2,2,1160.0,,15.0
simu5g_00000216,2,2,3,1160.0,,15.0
simu5g_00000216,2,2,4,1160.0,,15.0
simu5g_00000216,2,2,5,1160.0,,15.0
simu5g_00000216,2,2,6,1160.0,,15.0
simu5g_00000216,2,2,7,984.0,,13.0
simu5g_00000216,2,2,8,1160.0,,15.0
simu5g_00000216,2,2,9,1160.0,,15.0
simu5g_00000216,2,2,10,1160.0,,15.0
simu5g_00000216,2,2,11,1128.0,,14.0
simu5g_00000216,2,2,12,1160.0,,15.0
simu5g_00000216,2,2,13,1160.0,,15.0
simu5g_00000216,2,2,14,1160.0,,15.0
simu5g_00000216,2,2,15,1160.0,,15.0
simu5g_00000216,2,2,16,1128.0,,14.0
simu5g_00000216,2,2,17,1160.0,,15.0
simu5g_00000216,2,2,18,1160.0,,15.0
simu5g_00000216,2,2,19,1160.0,,15.0
simu5g_00000216,2,2,20,1160.0,,15.0
simu5g_00000216,2,2,21,1160.0,,15.0
simu5g_00000216,2,2,22,1128.0,,14.0
simu5g_00000216,2,2,23,1160.0,,15.0
simu5g_00000216,2,2,24,1128.0,,14.0
simu5g_00000217,15,0,0,1128.0,,14.0
simu5g_00000217,15,0,1,1128.0,,14.0
simu5g_00000217,15,0,2,1160.0,,15.0
simu5g_00000217,15,0,3,1160.0,,15.0
simu5g_00000217,15,0,4,984.0,,13.0
simu5g_00000217,15,0,5,808.0,,11.0
simu5g_00000217,15,0,6,1160.0,,15.0
simu5g_00000217,15,0,7,1128.0,,14.0
simu5g_00000217,15,0,8,1160.0,,15.0
simu5g_00000217,15,0,9,1160.0,,15.0
simu5g_00000217,15,0,10,1160.0,,15.0
simu5g_00000217,15,0,11,1160.0,,15.0
simu5g_00000217,15,0,12,984.0,,13.0
simu5g_00000217,15,0,13,1160.0,,15.0
simu5g_00000217,15,0,14,1128.0,,14.0
simu5g_00000217,15,0,15,1128.0,,14.0
simu5g_00000217,15,0,16,1160.0,,15.0
simu5g_00000217,15,0,17,1160.0,,15.0
simu5g_00000217,15,0,18,1160.0,,15.0
simu5g_00000217,15,0,19,1160.0,,15.0
simu5g_00000217,15,0,20,1160.0,,15.0
simu5g_00000217,15,0,21,1160.0,,15.0
simu5g_00000217,15,0,22,1160.0,,15.0
simu5g_00000217,15,0,23,1160.0,,15.0
simu5g_00000217,15,0,24,1160.0,,15.0
simu5g_00000217,31,1,0,1128.0,,14.0
simu5g_00000217,31,1,1,1128.0,,14.0
simu5g_00000217,31,1,2,1160.0,,15.0
simu5g_00000217,31,1,3,1160.0,,15.0
simu5g_00000217,31,1,4,1160.0,,15.0
simu5g_00000217,31,1,5,1160.0,,15.0
simu5g_00000217,31,1,6,1160.0,,15.0
simu5g_00000217,31,1,7,1160.0,,15.0
simu5g_00000217,31,1,8,1160.0,,15.0
simu5g_00000217,31,1,9,1160.0,,15.0
simu5g_00000217,31,1,10,1160.0,,15.0
simu5g_00000217,31,1,11,1160.0,,15.0
simu5g_00000217,31,1,12,808.0,,11.0
simu5g_00000217,31,1,13,1160.0,,15.0
simu5g_00000217,31,1,14,1160.0,,15.0
simu5g_00000217,31,1,15,1160.0,,15.0
simu5g_00000217,31,1,16,1160.0,,15.0
simu5g_00000217,31,1,17,1160.0,,15.0
simu5g_00000217,31,1,18,1160.0,,15.0
simu5g_00000217,31,1,19,1160.0,,15.0
simu5g_00000217,31,1,20,1128.0,,14.0
simu5g_00000217,31,1,21,1160.0,,15.0
simu5g_00000217,31,1,22,1160.0,,15.0
simu5g_00000217,31,1,23,1160.0,,15.0
simu5g_00000217,31,1,24,1160.0,,15.0
simu5g_00000218,0,0,0,1128.0,,14.0
simu5g_00000218,0,0,1,432.0,,7.0
simu5g_00000218,0,0,2,1160.0,,15.0
simu5g_00000218,0,0,3,888.0,,12.0
simu5g_00000218,0,0,4,1128.0,,14.0
simu5g_00000218,0,0,5,888.0,,12.0
simu5g_00000218,0,0,6,984.0,,13.0
simu5g_00000218,0,0,7,1128.0,,14.0
simu5g_00000218,0,0,8,704.0,,10.0
simu5g_00000218,0,0,9,984.0,,13.0
simu5g_00000218,0,0,10,1128.0,,14.0
simu5g_00000218,0,0,11,1160.0,,15.0
simu5g_00000218,0,0,12,1128.0,,14.0
simu5g_00000218,0,0,13,984.0,,13.0
simu5g_00000218,0,0,14,1128.0,,14.0
simu5g_00000218,0,0,15,1128.0,,14.0
simu5g_00000218,0,0,16,984.0,,13.0
simu5g_00000218,0,0,17,1160.0,,15.0
simu5g_00000218,0,0,18,1128.0,,14.0
simu5g_00000218,0,0,19,984.0,,13.0
simu5g_00000218,0,0,20,1160.0,,15.0
simu5g_00000218,0,0,21,704.0,,10.0
simu5g_00000218,0,0,22,1128.0,,14.0
simu5g_00000218,0,0,23,1160.0,,15.0
simu5g_00000218,0,0,24,984.0,,13.0
simu5g_00000218,1,1,0,1160.0,,15.0
simu5g_00000218,1,1,1,1160.0,,15.0
simu5g_00000218,1,1,2,1160.0,,15.0
simu5g_00000218,1,1,3,1160.0,,15.0
simu5g_00000218,1,1,4,1160.0,,15.0
simu5g_00000218,1,1,5,1160.0,,15.0
simu5g_00000218,1,1,6,1160.0,,15.0
simu5g_00000218,1,1,7,1128.0,,14.0
simu5g_00000218,1,1,8,984.0,,13.0
simu5g_00000218,1,1,9,1160.0,,15.0
simu5g_00000218,1,1,10,1160.0,,15.0
simu5g_00000218,1,1,11,1160.0,,15.0
simu5g_00000218,1,1,12,1160.0,,15.0
simu5g_00000218,1,1,13,1160.0,,15.0
simu5g_00000218,1,1,14,1160.0,,15.0
simu5g_00000218,1,1,15,1160.0,,15.0
simu5g_00000218,1,1,16,1160.0,,15.0
simu5g_00000218,1,1,17,1160.0,,15.0
simu5g_00000218,1,1,18,1160.0,,15.0
simu5g_00000218,1,1,19,1160.0,,15.0
simu5g_00000218,1,1,20,1160.0,,15.0
simu5g_00000218,1,1,21,984.0,,13.0
simu5g_00000218,1,1,22,1160.0,,15.0
simu5g_00000218,1,1,23,1128.0,,14.0
simu5g_00000218,1,1,24,1160.0,,15.0
simu5g_00000218,2,2,0,1160.0,,15.0
simu5g_00000218,2,2,1,1160.0,,15.0
simu5g_00000218,2,2,2,1160.0,,15.0
simu5g_00000218,2,2,3,1160.0,,15.0
simu5g_00000218,2,2,4,1160.0,,15.0
simu5g_00000218,2,2,5,1160.0,,15.0
simu5g_00000218,2,2,6,1160.0,,15.0
simu5g_00000218,2,2,7,984.0,,13.0
simu5g_00000218,2,2,8,1160.0,,15.0
simu5g_00000218,2,2,9,1160.0,,15.0
simu5g_00000218,2,2,10,1160.0,,15.0
simu5g_00000218,2,2,11,1128.0,,14.0
simu5g_00000218,2,2,12,1160.0,,15.0
simu5g_00000218,2,2,13,1160.0,,15.0
simu5g_00000218,2,2,14,1160.0,,15.0
simu5g_00000218,2,2,15,1160.0,,15.0
simu5g_00000218,2,2,16,1128.0,,14.0
simu5g_00000218,2,2,17,1160.0,,15.0
simu5g_00000218,2,2,18,1160.0,,15.0
simu5g_00000218,2,2,19,1160.0,,15.0
simu5g_00000218,2,2,20,1160.0,,15.0
simu5g_00000218,2,2,21,1160.0,,15.0
simu5g_00000218,2,2,22,1128.0,,14.0
simu5g_00000218,2,2,23,1160.0,,15.0
simu5g_00000218,2,2,24,1128.0,,14.0
simu5g_00000218,3,3,0,888.0,,12.0
simu5g_00000218,3,3,1,1160.0,,15.0
simu5g_00000218,3,3,2,984.0,,13.0
simu5g_00000218,3,3,3,984.0,,13.0
simu5g_00000218,3,3,4,1128.0,,14.0
simu5g_00000218,3,3,5,1128.0,,14.0
simu5g_00000218,3,3,6,1128.0,,14.0
simu5g_00000218,3,3,7,984.0,,13.0
simu5g_00000218,3,3,8,608.0,,9.0
simu5g_00000218,3,3,9,608.0,,9.0
simu5g_00000218,3,3,10,1128.0,,14.0
simu5g_00000218,3,3,11,984.0,,13.0
simu5g_00000218,3,3,12,1128.0,,14.0
simu5g_00000218,3,3,13,1128.0,,14.0
simu5g_00000218,3,3,14,1128.0,,14.0
simu5g_00000218,3,3,15,1128.0,,14.0
simu5g_00000218,3,3,16,1128.0,,14.0
simu5g_00000218,3,3,17,1128.0,,14.0
simu5g_00000218,3,3,18,1128.0,,14.0
simu5g_00000218,3,3,19,1128.0,,14.0
simu5g_00000218,3,3,20,1128.0,,14.0
simu5g_00000218,3,3,21,984.0,,13.0
simu5g_00000218,3,3,22,888.0,,12.0
simu5g_00000218,3,3,23,1128.0,,14.0
simu5g_00000218,3,3,24,888.0,,12.0
simu5g_00000219,15,0,0,1128.0,,14.0
simu5g_00000219,15,0,1,1128.0,,14.0
simu5g_00000219,15,0,2,1160.0,,15.0
simu5g_00000219,15,0,3,1160.0,,15.0
simu5g_00000219,15,0,4,984.0,,13.0
simu5g_00000219,15,0,5,808.0,,11.0
simu5g_00000219,15,0,6,1160.0,,15.0
simu5g_00000219,15,0,7,1128.0,,14.0
simu5g_00000219,15,0,8,1160.0,,15.0
simu5g_00000219,15,0,9,1160.0,,15.0
simu5g_00000219,15,0,10,1160.0,,15.0
simu5g_00000219,15,0,11,1160.0,,15.0
simu5g_00000219,15,0,12,984.0,,13.0
simu5g_00000219,15,0,13,1160.0,,15.0
simu5g_00000219,15,0,14,1128.0,,14.0
simu5g_00000219,15,0,15,1128.0,,14.0
simu5g_00000219,15,0,16,1160.0,,15.0
simu5g_00000219,15,0,17,1160.0,,15.0
simu5g_00000219,15,0,18,1160.0,,15.0
simu5g_00000219,15,0,19,1160.0,,15.0
simu5g_00000219,15,0,20,1160.0,,15.0
simu5g_00000219,15,0,21,1160.0,,15.0
simu5g_00000219,15,0,22,1160.0,,15.0
simu5g_00000219,15,0,23,1160.0,,15.0
simu5g_00000219,15,0,24,1160.0,,15.0
simu5g_00000219,31,1,0,1128.0,,14.0
simu5g_00000219,31,1,1,1128.0,,14.0
simu5g_00000219,31,1,2,1160.0,,15.0
simu5g_00000219,31,1,3,1160.0,,15.0
simu5g_00000219,31,1,4,1160.0,,15.0
simu5g_00000219,31,1,5,1160.0,,15.0
simu5g_00000219,31,1,6,1160.0,,15.0
simu5g_00000219,31,1,7,1160.0,,15.0
simu5g_00000219,31,1,8,1160.0,,15.0
simu5g_00000219,31,1,9,1160.0,,15.0
simu5g_00000219,31,1,10,1160.0,,15.0
simu5g_00000219,31,1,11,1160.0,,15.0
simu5g_00000219,31,1,12,808.0,,11.0
simu5g_00000219,31,1,13,1160.0,,15.0
simu5g_00000219,31,1,14,1160.0,,15.0
simu5g_00000219,31,1,15,1160.0,,15.0
simu5g_00000219,31,1,16,1160.0,,15.0
simu5g_00000219,31,1,17,1160.0,,15.0
simu5g_00000219,31,1,18,1160.0,,15.0
simu5g_00000219,31,1,19,1160.0,,15.0
simu5g_00000219,31,1,20,1128.0,,14.0
simu5g_00000219,31,1,21,1160.0,,15.0
simu5g_00000219,31,1,22,1160.0,,15.0
simu5g_00000219,31,1,23,1160.0,,15.0
simu5g_00000219,31,1,24,1160.0,,15.0
simu5g_00000220,0,0,0,1128.0,,14.0
simu5g_00000220,0,0,1,432.0,,7.0
simu5g_00000220,0,0,2,1160.0,,15.0
simu5g_00000220,0,0,3,888.0,,12.0
simu5g_00000220,0,0,4,1128.0,,14.0
simu5g_00000220,0,0,5,888.0,,12.0
simu5g_00000220,0,0,6,984.0,,13.0
simu5g_00000220,0,0,7,1128.0,,14.0
simu5g_00000220,0,0,8,704.0,,10.0
simu5g_00000220,0,0,9,984.0,,13.0
simu5g_00000220,0,0,10,1128.0,,14.0
simu5g_00000220,0,0,11,1160.0,,15.0
simu5g_00000220,0,0,12,1128.0,,14.0
simu5g_00000220,0,0,13,984.0,,13.0
simu5g_00000220,0,0,14,1128.0,,14.0
simu5g_00000220,0,0,15,1128.0,,14.0
simu5g_00000220,0,0,16,984.0,,13.0
simu5g_00000220,0,0,17,1160.0,,15.0
simu5g_00000220,0,0,18,1128.0,,14.0
simu5g_00000220,0,0,19,984.0,,13.0
simu5g_00000220,0,0,20,1160.0,,15.0
simu5g_00000220,0,0,21,704.0,,10.0
simu5g_00000220,0,0,22,1128.0,,14.0
simu5g_00000220,0,0,23,1160.0,,15.0
simu5g_00000220,0,0,24,984.0,,13.0
simu5g_00000220,1,1,0,1160.0,,15.0
simu5g_00000220,1,1,1,1160.0,,15.0
simu5g_00000220,1,1,2,1160.0,,15.0
simu5g_00000220,1,1,3,1160.0,,15.0
simu5g_00000220,1,1,4,1160.0,,15.0
simu5g_00000220,1,1,5,1160.0,,15.0
simu5g_00000220,1,1,6,1160.0,,15.0
simu5g_00000220,1,1,7,1128.0,,14.0
simu5g_00000220,1,1,8,984.0,,13.0
simu5g_00000220,1,1,9,1160.0,,15.0
simu5g_00000220,1,1,10,1160.0,,15.0
simu5g_00000220,1,1,11,1160.0,,15.0
simu5g_00000220,1,1,12,1160.0,,15.0
simu5g_00000220,1,1,13,1160.0,,15.0
simu5g_00000220,1,1,14,1160.0,,15.0
simu5g_00000220,1,1,15,1160.0,,15.0
simu5g_00000220,1,1,16,1160.0,,15.0
simu5g_00000220,1,1,17,1160.0,,15.0
simu5g_00000220,1,1,18,1160.0,,15.0
simu5g_00000220,1,1,19,1160.0,,15.0
simu5g_00000220,1,1,20,1160.0,,15.0
simu5g_00000220,1,1,21,984.0,,13.0
simu5g_00000220,1,1,22,1160.0,,15.0
simu5g_00000220,1,1,23,1128.0,,14.0
simu5g_00000220,1,1,24,1160.0,,15.0
simu5g_00000220,2,2,0,1160.0,,15.0
simu5g_00000220,2,2,1,1160.0,,15.0
simu5g_00000220,2,2,2,1160.0,,15.0
simu5g_00000220,2,2,3,1160.0,,15.0
simu5g_00000220,2,2,4,1160.0,,15.0
simu5g_00000220,2,2,5,1160.0,,15.0
simu5g_00000220,2,2,6,1160.0,,15.0
simu5g_00000220,2,2,7,984.0,,13.0
simu5g_00000220,2,2,8,1160.0,,15.0
simu5g_00000220,2,2,9,1160.0,,15.0
simu5g_00000220,2,2,10,1160.0,,15.0
simu5g_00000220,2,2,11,1128.0,,14.0
simu5g_00000220,2,2,12,1160.0,,15.0
simu5g_00000220,2,2,13,1160.0,,15.0
simu5g_00000220,2,2,14,1160.0,,15.0
simu5g_00000220,2,2,15,1160.0,,15.0
simu5g_00000220,2,2,16,1128.0,,14.0
simu5g_00000220,2,2,17,1160.0,,15.0
simu5g_00000220,2,2,18,1160.0,,15.0
simu5g_00000220,2,2,19,1160.0,,15.0
simu5g_00000220,2,2,20,1160.0,,15.0
simu5g_00000220,2,2,21,1160.0,,15.0
simu5g_00000220,2,2,22,1128.0,,14.0
simu5g_00000220,2,2,23,1160.0,,15.0
simu5g_00000220,2,2,24,1128.0,,14.0
simu5g_00000220,3,3,0,888.0,,12.0
simu5g_00000220,3,3,1,1160.0,,15.0
simu5g_00000220,3,3,2,984.0,,13.0
simu5g_00000220,3,3,3,984.0,,13.0
simu5g_00000220,3,3,4,1128.0,,14.0
simu5g_00000220,3,3,5,1128.0,,14.0
simu5g_00000220,3,3,6,1128.0,,14.0
simu5g_00000220,3,3,7,984.0,,13.0
simu5g_00000220,3,3,8,608.0,,9.0
simu5g_00000220,3,3,9,608.0,,9.0
simu5g_00000220,3,3,10,1128.0,,14.0
simu5g_00000220,3,3,11,984.0,,13.0
simu5g_00000220,3,3,12,1128.0,,14.0
simu5g_00000220,3,3,13,1128.0,,14.0
simu5g_00000220,3,3,14,1128.0,,14.0
simu5g_00000220,3,3,15,1128.0,,14.0
simu5g_00000220,3,3,16,1128.0,,14.0
simu5g_00000220,3,3,17,1128.0,,14.0
simu5g_00000220,3,3,18,1128.0,,14.0
simu5g_00000220,3,3,19,1128.0,,14.0
simu5g_00000220,3,3,20,1128.0,,14.0
simu5g_00000220,3,3,21,984.0,,13.0
simu5g_00000220,3,3,22,888.0,,12.0
simu5g_00000220,3,3,23,1128.0,,14.0
simu5g_00000220,3,3,24,888.0,,12.0
simu5g_00000221,15,0,0,1128.0,,14.0
simu5g_00000221,15,0,1,1128.0,,14.0
simu5g_00000221,15,0,2,1160.0,,15.0
simu5g_00000221,15,0,3,1160.0,,15.0
simu5g_00000221,15,0,4,984.0,,13.0
simu5g_00000221,15,0,5,808.0,,11.0
simu5g_00000221,15,0,6,1160.0,,15.0
simu5g_00000221,15,0,7,1128.0,,14.0
simu5g_00000221,15,0,8,1160.0,,15.0
simu5g_00000221,15,0,9,1160.0,,15.0
simu5g_00000221,15,0,10,1160.0,,15.0
simu5g_00000221,15,0,11,1160.0,,15.0
simu5g_00000221,15,0,12,984.0,,13.0
simu5g_00000221,15,0,13,1160.0,,15.0
simu5g_00000221,15,0,14,1128.0,,14.0
simu5g_00000221,15,0,15,1128.0,,14.0
simu5g_00000221,15,0,16,1160.0,,15.0
simu5g_00000221,15,0,17,1160.0,,15.0
simu5g_00000221,15,0,18,1160.0,,15.0
simu5g_00000221,15,0,19,1160.0,,15.0
simu5g_00000221,15,0,20,1160.0,,15.0
simu5g_00000221,15,0,21,1160.0,,15.0
simu5g_00000221,15,0,22,1160.0,,15.0
simu5g_00000221,15,0,23,1160.0,,15.0
simu5g_00000221,15,0,24,1160.0,,15.0
simu5g_00000221,31,1,0,1128.0,,14.0
simu5g_00000221,31,1,1,1128.0,,14.0
simu5g_00000221,31,1,2,1160.0,,15.0
simu5g_00000221,31,1,3,1160.0,,15.0
simu5g_00000221,31,1,4,1160.0,,15.0
simu5g_00000221,31,1,5,1160.0,,15.0
simu5g_00000221,31,1,6,1160.0,,15.0
simu5g_00000221,31,1,7,1160.0,,15.0
simu5g_00000221,31,1,8,1160.0,,15.0
simu5g_00000221,31,1,9,1160.0,,15.0
simu5g_00000221,31,1,10,1160.0,,15.0
simu5g_00000221,31,1,11,1160.0,,15.0
simu5g_00000221,31,1,12,808.0,,11.0
simu5g_00000221,31,1,13,1160.0,,15.0
simu5g_00000221,31,1,14,1160.0,,15.0
simu5g_00000221,31,1,15,1160.0,,15.0
simu5g_00000221,31,1,16,1160.0,,15.0
simu5g_00000221,31,1,17,1160.0,,15.0
simu5g_00000221,31,1,18,1160.0,,15.0
simu5g_00000221,31,1,19,1160.0,,15.0
simu5g_00000221,31,1,20,1128.0,,14.0
simu5g_00000221,31,1,21,1160.0,,15.0
simu5g_00000221,31,1,22,1160.0,,15.0
simu5g_00000221,31,1,23,1160.0,,15.0
simu5g_00000221,31,1,24,1160.0,,15.0
simu5g_00000222,0,0,0,1128.0,,14.0
simu5g_00000222,0,0,1,432.0,,7.0
simu5g_00000222,0,0,2,1160.0,,15.0
simu5g_00000222,0,0,3,888.0,,12.0
simu5g_00000222,0,0,4,1128.0,,14.0
simu5g_00000222,0,0,5,888.0,,12.0
simu5g_00000222,0,0,6,984.0,,13.0
simu5g_00000222,0,0,7,1128.0,,14.0
simu5g_00000222,0,0,8,704.0,,10.0
simu5g_00000222,0,0,9,984.0,,13.0
simu5g_00000222,0,0,10,1128.0,,14.0
simu5g_00000222,0,0,11,1160.0,,15.0
simu5g_00000222,0,0,12,1128.0,,14.0
simu5g_00000222,0,0,13,984.0,,13.0
simu5g_00000222,0,0,14,1128.0,,14.0
simu5g_00000222,0,0,15,1128.0,,14.0
simu5g_00000222,0,0,16,984.0,,13.0
simu5g_00000222,0,0,17,1160.0,,15.0
simu5g_00000222,0,0,18,1128.0,,14.0
simu5g_00000222,0,0,19,984.0,,13.0
simu5g_00000222,0,0,20,1160.0,,15.0
simu5g_00000222,0,0,21,808.0,,11.0
simu5g_00000222,0,0,22,1128.0,,14.0
simu5g_00000222,0,0,23,1160.0,,15.0
simu5g_00000222,0,0,24,984.0,,13.0
simu5g_00000222,1,1,0,1160.0,,15.0
simu5g_00000222,1,1,1,1160.0,,15.0
simu5g_00000222,1,1,2,1160.0,,15.0
simu5g_00000222,1,1,3,1160.0,,15.0
simu5g_00000222,1,1,4,1160.0,,15.0
simu5g_00000222,1,1,5,1160.0,,15.0
simu5g_00000222,1,1,6,1160.0,,15.0
simu5g_00000222,1,1,7,1128.0,,14.0
simu5g_00000222,1,1,8,984.0,,13.0
simu5g_00000222,1,1,9,1160.0,,15.0
simu5g_00000222,1,1,10,1160.0,,15.0
simu5g_00000222,1,1,11,1160.0,,15.0
simu5g_00000222,1,1,12,1160.0,,15.0
simu5g_00000222,1,1,13,1160.0,,15.0
simu5g_00000222,1,1,14,1160.0,,15.0
simu5g_00000222,1,1,15,1160.0,,15.0
simu5g_00000222,1,1,16,1160.0,,15.0
simu5g_00000222,1,1,17,1160.0,,15.0
simu5g_00000222,1,1,18,1160.0,,15.0
simu5g_00000222,1,1,19,1160.0,,15.0
simu5g_00000222,1,1,20,1160.0,,15.0
simu5g_00000222,1,1,21,984.0,,13.0
simu5g_00000222,1,1,22,1160.0,,15.0
simu5g_00000222,1,1,23,1128.0,,14.0
simu5g_00000222,1,1,24,1160.0,,15.0
simu5g_00000222,2,2,0,1160.0,,15.0
simu5g_00000222,2,2,1,1160.0,,15.0
simu5g_00000222,2,2,2,1160.0,,15.0
simu5g_00000222,2,2,3,1160.0,,15.0
simu5g_00000222,2,2,4,1160.0,,15.0
simu5g_00000222,2,2,5,1160.0,,15.0
simu5g_00000222,2,2,6,1160.0,,15.0
simu5g_00000222,2,2,7,984.0,,13.0
simu5g_00000222,2,2,8,1160.0,,15.0
simu5g_00000222,2,2,9,1160.0,,15.0
simu5g_00000222,2,2,10,1160.0,,15.0
simu5g_00000222,2,2,11,1128.0,,14.0
simu5g_00000222,2,2,12,1160.0,,15.0
simu5g_00000222,2,2,13,1160.0,,15.0
simu5g_00000222,2,2,14,1160.0,,15.0
simu5g_00000222,2,2,15,1160.0,,15.0
simu5g_00000222,2,2,16,1128.0,,14.0
simu5g_00000222,2,2,17,1160.0,,15.0
simu5g_00000222,2,2,18,1160.0,,15.0
simu5g_00000222,2,2,19,1160.0,,15.0
simu5g_00000222,2,2,20,1160.0,,15.0
simu5g_00000222,2,2,21,1160.0,,15.0
simu5g_00000222,2,2,22,1128.0,,14.0
simu5g_00000222,2,2,23,1160.0,,15.0
simu5g_00000222,2,2,24,1128.0,,14.0
simu5g_00000222,3,3,0,888.0,,12.0
simu5g_00000222,3,3,1,1160.0,,15.0
simu5g_00000222,3,3,2,984.0,,13.0
simu5g_00000222,3,3,3,984.0,,13.0
simu5g_00000222,3,3,4,1128.0,,14.0
simu5g_00000222,3,3,5,1128.0,,14.0
simu5g_00000222,3,3,6,1128.0,,14.0
simu5g_00000222,3,3,7,984.0,,13.0
simu5g_00000222,3,3,8,608.0,,9.0
simu5g_00000222,3,3,9,608.0,,9.0
simu5g_00000222,3,3,10,1128.0,,14.0
simu5g_00000222,3,3,11,984.0,,13.0
simu5g_00000222,3,3,12,1128.0,,14.0
simu5g_00000222,3,3,13,1128.0,,14.0
simu5g_00000222,3,3,14,1128.0,,14.0
simu5g_00000222,3,3,15,1128.0,,14.0
simu5g_00000222,3,3,16,1128.0,,14.0
simu5g_00000222,3,3,17,1128.0,,14.0
simu5g_00000222,3,3,18,1128.0,,14.0
simu5g_00000222,3,3,19,1128.0,,14.0
simu5g_00000222,3,3,20,1128.0,,14.0
simu5g_00000222,3,3,21,984.0,,13.0
simu5g_00000222,3,3,22,888.0,,12.0
simu5g_00000222,3,3,23,1128.0,,14.0
simu5g_00000222,3,3,24,888.0,,12.0
simu5g_00000223,15,0,0,1128.0,,14.0
simu5g_00000223,15,0,1,1128.0,,14.0
simu5g_00000223,15,0,2,1160.0,,15.0
simu5g_00000223,15,0,3,1160.0,,15.0
simu5g_00000223,15,0,4,984.0,,13.0
simu5g_00000223,15,0,5,808.0,,11.0
simu5g_00000223,15,0,6,1160.0,,15.0
simu5g_00000223,15,0,7,1128.0,,14.0
simu5g_00000223,15,0,8,1160.0,,15.0
simu5g_00000223,15,0,9,1160.0,,15.0
simu5g_00000223,15,0,10,1160.0,,15.0
simu5g_00000223,15,0,11,1160.0,,15.0
simu5g_00000223,15,0,12,984.0,,13.0
simu5g_00000223,15,0,13,1160.0,,15.0
simu5g_00000223,15,0,14,1128.0,,14.0
simu5g_00000223,15,0,15,1128.0,,14.0
simu5g_00000223,15,0,16,1160.0,,15.0
simu5g_00000223,15,0,17,1160.0,,15.0
simu5g_00000223,15,0,18,1160.0,,15.0
simu5g_00000223,15,0,19,1160.0,,15.0
simu5g_00000223,15,0,20,1160.0,,15.0
simu5g_00000223,15,0,21,1160.0,,15.0
simu5g_00000223,15,0,22,1160.0,,15.0
simu5g_00000223,15,0,23,1160.0,,15.0
simu5g_00000223,15,0,24,1160.0,,15.0
simu5g_00000223,31,1,0,1128.0,,14.0
simu5g_00000223,31,1,1,1128.0,,14.0
simu5g_00000223,31,1,2,1160.0,,15.0
simu5g_00000223,31,1,3,1160.0,,15.0
simu5g_00000223,31,1,4,1160.0,,15.0
simu5g_00000223,31,1,5,1160.0,,15.0
simu5g_00000223,31,1,6,1160.0,,15.0
simu5g_00000223,31,1,7,1160.0,,15.0
simu5g_00000223,31,1,8,1160.0,,15.0
simu5g_00000223,31,1,9,1160.0,,15.0
simu5g_00000223,31,1,10,1160.0,,15.0
simu5g_00000223,31,1,11,1160.0,,15.0
simu5g_00000223,31,1,12,808.0,,11.0
simu5g_00000223,31,1,13,1160.0,,15.0
simu5g_00000223,31,1,14,1160.0,,15.0
simu5g_00000223,31,1,15,1160.0,,15.0
simu5g_00000223,31,1,16,1160.0,,15.0
simu5g_00000223,31,1,17,1160.0,,15.0
simu5g_00000223,31,1,18,1160.0,,15.0
simu5g_00000223,31,1,19,1160.0,,15.0
simu5g_00000223,31,1,20,1128.0,,14.0
simu5g_00000223,31,1,21,1160.0,,15.0
simu5g_00000223,31,1,22,1160.0,,15.0
simu5g_00000223,31,1,23,1160.0,,15.0
simu5g_00000223,31,1,24,1160.0,,15.0
simu5g_00000224,0,0,0,1128.0,,14.0
simu5g_00000224,0,0,1,432.0,,7.0
simu5g_00000224,0,0,2,1160.0,,15.0
simu5g_00000224,0,0,3,888.0,,12.0
simu5g_00000224,0,0,4,1128.0,,14.0
simu5g_00000224,0,0,5,888.0,,12.0
simu5g_00000224,0,0,6,984.0,,13.0
simu5g_00000224,0,0,7,1128.0,,14.0
simu5g_00000224,0,0,8,704.0,,10.0
simu5g_00000224,0,0,9,984.0,,13.0
simu5g_00000224,0,0,10,1128.0,,14.0
simu5g_00000224,0,0,11,1160.0,,15.0
simu5g_00000224,0,0,12,1128.0,,14.0
simu5g_00000224,0,0,13,984.0,,13.0
simu5g_00000224,0,0,14,1128.0,,14.0
simu5g_00000224,0,0,15,1128.0,,14.0
simu5g_00000224,0,0,16,984.0,,13.0
simu5g_00000224,0,0,17,1160.0,,15.0
simu5g_00000224,0,0,18,1128.0,,14.0
simu5g_00000224,0,0,19,984.0,,13.0
simu5g_00000224,0,0,20,1160.0,,15.0
simu5g_00000224,0,0,21,808.0,,11.0
simu5g_00000224,0,0,22,1128.0,,14.0
simu5g_00000224,0,0,23,1160.0,,15.0
simu5g_00000224,0,0,24,984.0,,13.0
simu5g_00000224,1,1,0,1160.0,,15.0
simu5g_00000224,1,1,1,1160.0,,15.0
simu5g_00000224,1,1,2,1160.0,,15.0
simu5g_00000224,1,1,3,1160.0,,15.0
simu5g_00000224,1,1,4,1160.0,,15.0
simu5g_00000224,1,1,5,1160.0,,15.0
simu5g_00000224,1,1,6,1160.0,,15.0
simu5g_00000224,1,1,7,1128.0,,14.0
simu5g_00000224,1,1,8,984.0,,13.0
simu5g_00000224,1,1,9,1160.0,,15.0
simu5g_00000224,1,1,10,1160.0,,15.0
simu5g_00000224,1,1,11,1160.0,,15.0
simu5g_00000224,1,1,12,1160.0,,15.0
simu5g_00000224,1,1,13,1160.0,,15.0
simu5g_00000224,1,1,14,1160.0,,15.0
simu5g_00000224,1,1,15,1160.0,,15.0
simu5g_00000224,1,1,16,1160.0,,15.0
simu5g_00000224,1,1,17,1160.0,,15.0
simu5g_00000224,1,1,18,1160.0,,15.0
simu5g_00000224,1,1,19,1160.0,,15.0
simu5g_00000224,1,1,20,1160.0,,15.0
simu5g_00000224,1,1,21,984.0,,13.0
simu5g_00000224,1,1,22,1160.0,,15.0
simu5g_00000224,1,1,23,1128.0,,14.0
simu5g_00000224,1,1,24,1160.0,,15.0
simu5g_00000224,2,2,0,1160.0,,15.0
simu5g_00000224,2,2,1,1160.0,,15.0
simu5g_00000224,2,2,2,1160.0,,15.0
simu5g_00000224,2,2,3,1160.0,,15.0
simu5g_00000224,2,2,4,1160.0,,15.0
simu5g_00000224,2,2,5,1160.0,,15.0
simu5g_00000224,2,2,6,1160.0,,15.0
simu5g_00000224,2,2,7,984.0,,13.0
simu5g_00000224,2,2,8,1160.0,,15.0
simu5g_00000224,2,2,9,1160.0,,15.0
simu5g_00000224,2,2,10,1160.0,,15.0
simu5g_00000224,2,2,11,1128.0,,14.0
simu5g_00000224,2,2,12,1160.0,,15.0
simu5g_00000224,2,2,13,1160.0,,15.0
simu5g_00000224,2,2,14,1160.0,,15.0
simu5g_00000224,2,2,15,1160.0,,15.0
simu5g_00000224,2,2,16,1128.0,,14.0
simu5g_00000224,2,2,17,1160.0,,15.0
simu5g_00000224,2,2,18,1160.0,,15.0
simu5g_00000224,2,2,19,1160.0,,15.0
simu5g_00000224,2,2,20,1160.0,,15.0
simu5g_00000224,2,2,21,1160.0,,15.0
simu5g_00000224,2,2,22,1128.0,,14.0
simu5g_00000224,2,2,23,1160.0,,15.0
simu5g_00000224,2,2,24,1128.0,,14.0
simu5g_00000224,3,3,0,888.0,,12.0
simu5g_00000224,3,3,1,1160.0,,15.0
simu5g_00000224,3,3,2,984.0,,13.0
simu5g_00000224,3,3,3,984.0,,13.0
simu5g_00000224,3,3,4,1128.0,,14.0
simu5g_00000224,3,3,5,1128.0,,14.0
simu5g_00000224,3,3,6,1128.0,,14.0
simu5g_00000224,3,3,7,984.0,,13.0
simu5g_00000224,3,3,8,608.0,,9.0
simu5g_00000224,3,3,9,608.0,,9.0
simu5g_00000224,3,3,10,1128.0,,14.0
simu5g_00000224,3,3,11,984.0,,13.0
simu5g_00000224,3,3,12,1128.0,,14.0
simu5g_00000224,3,3,13,1128.0,,14.0
simu5g_00000224,3,3,14,1128.0,,14.0
simu5g_00000224,3,3,15,1128.0,,14.0
simu5g_00000224,3,3,16,1128.0,,14.0
simu5g_00000224,3,3,17,1128.0,,14.0
simu5g_00000224,3,3,18,1128.0,,14.0
simu5g_00000224,3,3,19,1128.0,,14.0
simu5g_00000224,3,3,20,1128.0,,14.0
simu5g_00000224,3,3,21,984.0,,13.0
simu5g_00000224,3,3,22,888.0,,12.0
simu5g_00000224,3,3,23,1128.0,,14.0
simu5g_00000224,3,3,24,888.0,,12.0
simu5g_00000225,15,0,0,1160.0,,15.0
simu5g_00000225,15,0,1,1160.0,,15.0
simu5g_00000225,15,0,2,1160.0,,15.0
simu5g_00000225,15,0,3,1160.0,,15.0
simu5g_00000225,15,0,4,1160.0,,15.0
simu5g_00000225,15,0,5,1128.0,,14.0
simu5g_00000225,15,0,6,1160.0,,15.0
simu5g_00000225,15,0,7,1160.0,,15.0
simu5g_00000225,15,0,8,1160.0,,15.0
simu5g_00000225,15,0,9,1160.0,,15.0
simu5g_00000225,15,0,10,1160.0,,15.0
simu5g_00000225,15,0,11,1160.0,,15.0
simu5g_00000225,15,0,12,1128.0,,14.0
simu5g_00000225,15,0,13,1160.0,,15.0
simu5g_00000225,15,0,14,1160.0,,15.0
simu5g_00000225,15,0,15,1160.0,,15.0
simu5g_00000225,15,0,16,1160.0,,15.0
simu5g_00000225,15,0,17,1160.0,,15.0
simu5g_00000225,15,0,18,1160.0,,15.0
simu5g_00000225,15,0,19,1160.0,,15.0
simu5g_00000225,15,0,20,1160.0,,15.0
simu5g_00000225,15,0,21,1160.0,,15.0
simu5g_00000225,15,0,22,1160.0,,15.0
simu5g_00000225,15,0,23,1160.0,,15.0
simu5g_00000225,15,0,24,1160.0,,15.0
simu5g_00000225,31,1,0,1128.0,,14.0
simu5g_00000225,31,1,1,1128.0,,14.0
simu5g_00000225,31,1,2,1160.0,,15.0
simu5g_00000225,31,1,3,1160.0,,15.0
simu5g_00000225,31,1,4,1160.0,,15.0
simu5g_00000225,31,1,5,1160.0,,15.0
simu5g_00000225,31,1,6,1160.0,,15.0
simu5g_00000225,31,1,7,1160.0,,15.0
simu5g_00000225,31,1,8,1160.0,,15.0
simu5g_00000225,31,1,9,1160.0,,15.0
simu5g_00000225,31,1,10,1160.0,,15.0
simu5g_00000225,31,1,11,1160.0,,15.0
simu5g_00000225,31,1,12,808.0,,11.0
simu5g_00000225,31,1,13,1160.0,,15.0
simu5g_00000225,31,1,14,1160.0,,15.0
simu5g_00000225,31,1,15,1160.0,,15.0
simu5g_00000225,31,1,16,1160.0,,15.0
simu5g_00000225,31,1,17,1160.0,,15.0
simu5g_00000225,31,1,18,1160.0,,15.0
simu5g_00000225,31,1,19,1160.0,,15.0
simu5g_00000225,31,1,20,1128.0,,14.0
simu5g_00000225,31,1,21,1160.0,,15.0
simu5g_00000225,31,1,22,1160.0,,15.0
simu5g_00000225,31,1,23,1160.0,,15.0
simu5g_00000225,31,1,24,1160.0,,15.0
simu5g_00000226,0,0,0,1128.0,,14.0
simu5g_00000226,0,0,1,432.0,,7.0
simu5g_00000226,0,0,2,1160.0,,15.0
simu5g_00000226,0,0,3,888.0,,12.0
simu5g_00000226,0,0,4,1128.0,,14.0
simu5g_00000226,0,0,5,888.0,,12.0
simu5g_00000226,0,0,6,984.0,,13.0
simu5g_00000226,0,0,7,1128.0,,14.0
simu5g_00000226,0,0,8,704.0,,10.0
simu5g_00000226,0,0,9,984.0,,13.0
simu5g_00000226,0,0,10,1128.0,,14.0
simu5g_00000226,0,0,11,1160.0,,15.0
simu5g_00000226,0,0,12,1128.0,,14.0
simu5g_00000226,0,0,13,984.0,,13.0
simu5g_00000226,0,0,14,1128.0,,14.0
simu5g_00000226,0,0,15,1128.0,,14.0
simu5g_00000226,0,0,16,984.0,,13.0
simu5g_00000226,0,0,17,1160.0,,15.0
simu5g_00000226,0,0,18,1128.0,,14.0
simu5g_00000226,0,0,19,984.0,,13.0
simu5g_00000226,0,0,20,1160.0,,15.0
simu5g_00000226,0,0,21,808.0,,11.0
simu5g_00000226,0,0,22,1128.0,,14.0
simu5g_00000226,0,0,23,1160.0,,15.0
simu5g_00000226,0,0,24,984.0,,13.0
simu5g_00000226,1,1,0,1160.0,,15.0
simu5g_00000226,1,1,1,1160.0,,15.0
simu5g_00000226,1,1,2,1160.0,,15.0
simu5g_00000226,1,1,3,1160.0,,15.0
simu5g_00000226,1,1,4,1160.0,,15.0
simu5g_00000226,1,1,5,1160.0,,15.0
simu5g_00000226,1,1,6,1160.0,,15.0
simu5g_00000226,1,1,7,1128.0,,14.0
simu5g_00000226,1,1,8,984.0,,13.0
simu5g_00000226,1,1,9,1160.0,,15.0
simu5g_00000226,1,1,10,1160.0,,15.0
simu5g_00000226,1,1,11,1160.0,,15.0
simu5g_00000226,1,1,12,1160.0,,15.0
simu5g_00000226,1,1,13,1160.0,,15.0
simu5g_00000226,1,1,14,1160.0,,15.0
simu5g_00000226,1,1,15,1160.0,,15.0
simu5g_00000226,1,1,16,1160.0,,15.0
simu5g_00000226,1,1,17,1160.0,,15.0
simu5g_00000226,1,1,18,1160.0,,15.0
simu5g_00000226,1,1,19,1160.0,,15.0
simu5g_00000226,1,1,20,1160.0,,15.0
simu5g_00000226,1,1,21,984.0,,13.0
simu5g_00000226,1,1,22,1160.0,,15.0
simu5g_00000226,1,1,23,1128.0,,14.0
simu5g_00000226,1,1,24,1160.0,,15.0
simu5g_00000226,2,2,0,1128.0,,14.0
simu5g_00000226,2,2,1,1160.0,,15.0
simu5g_00000226,2,2,2,1128.0,,14.0
simu5g_00000226,2,2,3,1160.0,,15.0
simu5g_00000226,2,2,4,1128.0,,14.0
simu5g_00000226,2,2,5,1128.0,,14.0
simu5g_00000226,2,2,6,1160.0,,15.0
simu5g_00000226,2,2,7,808.0,,11.0
simu5g_00000226,2,2,8,1160.0,,15.0
simu5g_00000226,2,2,9,1160.0,,15.0
simu5g_00000226,2,2,10,1160.0,,15.0
simu5g_00000226,2,2,11,984.0,,13.0
simu5g_00000226,2,2,12,1128.0,,14.0
simu5g_00000226,2,2,13,1160.0,,15.0
simu5g_00000226,2,2,14,1160.0,,15.0
simu5g_00000226,2,2,15,1160.0,,15.0
simu5g_00000226,2,2,16,984.0,,13.0
simu5g_00000226,2,2,17,1128.0,,14.0
simu5g_00000226,2,2,18,1128.0,,14.0
simu5g_00000226,2,2,19,1160.0,,15.0
simu5g_00000226,2,2,20,1160.0,,15.0
simu5g_00000226,2,2,21,1128.0,,14.0
simu5g_00000226,2,2,22,1128.0,,14.0
simu5g_00000226,2,2,23,1160.0,,15.0
simu5g_00000226,2,2,24,984.0,,13.0
simu5g_00000226,3,3,0,888.0,,12.0
simu5g_00000226,3,3,1,1160.0,,15.0
simu5g_00000226,3,3,2,984.0,,13.0
simu5g_00000226,3,3,3,984.0,,13.0
simu5g_00000226,3,3,4,1128.0,,14.0
simu5g_00000226,3,3,5,1128.0,,14.0
simu5g_00000226,3,3,6,1128.0,,14.0
simu5g_00000226,3,3,7,984.0,,13.0
simu5g_00000226,3,3,8,608.0,,9.0
simu5g_00000226,3,3,9,608.0,,9.0
simu5g_00000226,3,3,10,1128.0,,14.0
simu5g_00000226,3,3,11,984.0,,13.0
simu5g_00000226,3,3,12,1128.0,,14.0
simu5g_00000226,3,3,13,1128.0,,14.0
simu5g_00000226,3,3,14,1128.0,,14.0
simu5g_00000226,3,3,15,1128.0,,14.0
simu5g_00000226,3,3,16,1128.0,,14.0
simu5g_00000226,3,3,17,1128.0,,14.0
simu5g_00000226,3,3,18,1128.0,,14.0
simu5g_00000226,3,3,19,1128.0,,14.0
simu5g_00000226,3,3,20,1128.0,,14.0
simu5g_00000226,3,3,21,984.0,,13.0
simu5g_00000226,3,3,22,888.0,,12.0
simu5g_00000226,3,3,23,1128.0,,14.0
simu5g_00000226,3,3,24,888.0,,12.0
simu5g_00000227,15,0,0,1160.0,,15.0
simu5g_00000227,15,0,1,1160.0,,15.0
simu5g_00000227,15,0,2,1160.0,,15.0
simu5g_00000227,15,0,3,1160.0,,15.0
simu5g_00000227,15,0,4,1160.0,,15.0
simu5g_00000227,15,0,5,1128.0,,14.0
simu5g_00000227,15,0,6,1160.0,,15.0
simu5g_00000227,15,0,7,1160.0,,15.0
simu5g_00000227,15,0,8,1160.0,,15.0
simu5g_00000227,15,0,9,1160.0,,15.0
simu5g_00000227,15,0,10,1160.0,,15.0
simu5g_00000227,15,0,11,1160.0,,15.0
simu5g_00000227,15,0,12,1128.0,,14.0
simu5g_00000227,15,0,13,1160.0,,15.0
simu5g_00000227,15,0,14,1160.0,,15.0
simu5g_00000227,15,0,15,1160.0,,15.0
simu5g_00000227,15,0,16,1160.0,,15.0
simu5g_00000227,15,0,17,1160.0,,15.0
simu5g_00000227,15,0,18,1160.0,,15.0
simu5g_00000227,15,0,19,1160.0,,15.0
simu5g_00000227,15,0,20,1160.0,,15.0
simu5g_00000227,15,0,21,1160.0,,15.0
simu5g_00000227,15,0,22,1160.0,,15.0
simu5g_00000227,15,0,23,1160.0,,15.0
simu5g_00000227,15,0,24,1160.0,,15.0
simu5g_00000227,31,1,0,1128.0,,14.0
simu5g_00000227,31,1,1,984.0,,13.0
simu5g_00000227,31,1,2,1160.0,,15.0
simu5g_00000227,31,1,3,1160.0,,15.0
simu5g_00000227,31,1,4,1160.0,,15.0
simu5g_00000227,31,1,5,1160.0,,15.0
simu5g_00000227,31,1,6,1160.0,,15.0
simu5g_00000227,31,1,7,1128.0,,14.0
simu5g_00000227,31,1,8,1160.0,,15.0
simu5g_00000227,31,1,9,1160.0,,15.0
simu5g_00000227,31,1,10,1160.0,,15.0
simu5g_00000227,31,1,11,1128.0,,14.0
simu5g_00000227,31,1,12,608.0,,9.0
simu5g_00000227,31,1,13,1160.0,,15.0
simu5g_00000227,31,1,14,1160.0,,15.0
simu5g_00000227,31,1,15,1160.0,,15.0
simu5g_00000227,31,1,16,1128.0,,14.0
simu5g_00000227,31,1,17,1160.0,,15.0
simu5g_00000227,31,1,18,1160.0,,15.0
simu5g_00000227,31,1,19,1128.0,,14.0
simu5g_00000227,31,1,20,1128.0,,14.0
simu5g_00000227,31,1,21,1160.0,,15.0
simu5g_00000227,31,1,22,1128.0,,14.0
simu5g_00000227,31,1,23,1160.0,,15.0
simu5g_00000227,31,1,24,1160.0,,15.0
simu5g_00000228,0,0,0,1160.0,,15.0
simu5g_00000228,0,0,1,808.0,,11.0
simu5g_00000228,0,0,2,1160.0,,15.0
simu5g_00000228,0,0,3,1128.0,,14.0
simu5g_00000228,0,0,4,1160.0,,15.0
simu5g_00000228,0,0,5,1128.0,,14.0
simu5g_00000228,0,0,6,1128.0,,14.0
simu5g_00000228,0,0,7,1160.0,,15.0
simu5g_00000228,0,0,8,984.0,,13.0
simu5g_00000228,0,0,9,1160.0,,15.0
simu5g_00000228,0,0,10,1160.0,,15.0
simu5g_00000228,0,0,11,1160.0,,15.0
simu5g_00000228,0,0,12,1160.0,,15.0
simu5g_00000228,0,0,13,1160.0,,15.0
simu5g_00000228,0,0,14,1160.0,,15.0
simu5g_00000228,0,0,15,1160.0,,15.0
simu5g_00000228,0,0,16,1128.0,,14.0
simu5g_00000228,0,0,17,1160.0,,15.0
simu5g_00000228,0,0,18,1160.0,,15.0
simu5g_00000228,0,0,19,1128.0,,14.0
simu5g_00000228,0,0,20,1160.0,,15.0
simu5g_00000228,0,0,21,984.0,,13.0
simu5g_00000228,0,0,22,1160.0,,15.0
simu5g_00000228,0,0,23,1160.0,,15.0
simu5g_00000228,0,0,24,1128.0,,14.0
simu5g_00000228,1,1,0,1160.0,,15.0
simu5g_00000228,1,1,1,1160.0,,15.0
simu5g_00000228,1,1,2,1160.0,,15.0
simu5g_00000228,1,1,3,1160.0,,15.0
simu5g_00000228,1,1,4,1160.0,,15.0
simu5g_00000228,1,1,5,1160.0,,15.0
simu5g_00000228,1,1,6,1160.0,,15.0
simu5g_00000228,1,1,7,1128.0,,14.0
simu5g_00000228,1,1,8,1128.0,,14.0
simu5g_00000228,1,1,9,1160.0,,15.0
simu5g_00000228,1,1,10,1160.0,,15.0
simu5g_00000228,1,1,11,1160.0,,15.0
simu5g_00000228,1,1,12,1160.0,,15.0
simu5g_00000228,1,1,13,1160.0,,15.0
simu5g_00000228,1,1,14,1160.0,,15.0
simu5g_00000228,1,1,15,1160.0,,15.0
simu5g_00000228,1,1,16,1160.0,,15.0
simu5g_00000228,1,1,17,1160.0,,15.0
simu5g_00000228,1,1,18,1160.0,,15.0
simu5g_00000228,1,1,19,1160.0,,15.0
simu5g_00000228,1,1,20,1160.0,,15.0
simu5g_00000228,1,1,21,984.0,,13.0
simu5g_00000228,1,1,22,1160.0,,15.0
simu5g_00000228,1,1,23,1160.0,,15.0
simu5g_00000228,1,1,24,1160.0,,15.0
simu5g_00000228,2,2,0,1160.0,,15.0
simu5g_00000228,2,2,1,1160.0,,15.0
simu5g_00000228,2,2,2,1128.0,,14.0
simu5g_00000228,2,2,3,1160.0,,15.0
simu5g_00000228,2,2,4,1128.0,,14.0
simu5g_00000228,2,2,5,1128.0,,14.0
simu5g_00000228,2,2,6,1160.0,,15.0
simu5g_00000228,2,2,7,808.0,,11.0
simu5g_00000228,2,2,8,1160.0,,15.0
simu5g_00000228,2,2,9,1160.0,,15.0
simu5g_00000228,2,2,10,1160.0,,15.0
simu5g_00000228,2,2,11,984.0,,13.0
simu5g_00000228,2,2,12,1128.0,,14.0
simu5g_00000228,2,2,13,1160.0,,15.0
simu5g_00000228,2,2,14,1160.0,,15.0
simu5g_00000228,2,2,15,1160.0,,15.0
simu5g_00000228,2,2,16,984.0,,13.0
simu5g_00000228,2,2,17,1128.0,,14.0
simu5g_00000228,2,2,18,1128.0,,14.0
simu5g_00000228,2,2,19,1160.0,,15.0
simu5g_00000228,2,2,20,1160.0,,15.0
simu5g_00000228,2,2,21,1128.0,,14.0
simu5g_00000228,2,2,22,1128.0,,14.0
simu5g_00000228,2,2,23,1160.0,,15.0
simu5g_00000228,2,2,24,984.0,,13.0
simu5g_00000228,3,3,0,888.0,,12.0
simu5g_00000228,3,3,1,1160.0,,15.0
simu5g_00000228,3,3,2,984.0,,13.0
simu5g_00000228,3,3,3,984.0,,13.0
simu5g_00000228,3,3,4,1128.0,,14.0
simu5g_00000228,3,3,5,1128.0,,14.0
simu5g_00000228,3,3,6,1128.0,,14.0
simu5g_00000228,3,3,7,984.0,,13.0
simu5g_00000228,3,3,8,608.0,,9.0
simu5g_00000228,3,3,9,608.0,,9.0
simu5g_00000228,3,3,10,1128.0,,14.0
simu5g_00000228,3,3,11,984.0,,13.0
simu5g_00000228,3,3,12,1128.0,,14.0
simu5g_00000228,3,3,13,1128.0,,14.0
simu5g_00000228,3,3,14,1128.0,,14.0
simu5g_00000228,3,3,15,1128.0,,14.0
simu5g_00000228,3,3,16,1128.0,,14.0
simu5g_00000228,3,3,17,1128.0,,14.0
simu5g_00000228,3,3,18,1128.0,,14.0
simu5g_00000228,3,3,19,1128.0,,14.0
simu5g_00000228,3,3,20,1128.0,,14.0
simu5g_00000228,3,3,21,984.0,,13.0
simu5g_00000228,3,3,22,888.0,,12.0
simu5g_00000228,3,3,23,1128.0,,14.0
simu5g_00000228,3,3,24,888.0,,12.0
simu5g_00000229,15,0,0,1160.0,,15.0
simu5g_00000229,15,0,1,1160.0,,15.0
simu5g_00000229,15,0,2,1160.0,,15.0
simu5g_00000229,15,0,3,1160.0,,15.0
simu5g_00000229,15,0,4,1160.0,,15.0
simu5g_00000229,15,0,5,1128.0,,14.0
simu5g_00000229,15,0,6,1160.0,,15.0
simu5g_00000229,15,0,7,1160.0,,15.0
simu5g_00000229,15,0,8,1160.0,,15.0
simu5g_00000229,15,0,9,1160.0,,15.0
simu5g_00000229,15,0,10,1160.0,,15.0
simu5g_00000229,15,0,11,1160.0,,15.0
simu5g_00000229,15,0,12,1128.0,,14.0
simu5g_00000229,15,0,13,1160.0,,15.0
simu5g_00000229,15,0,14,1160.0,,15.0
simu5g_00000229,15,0,15,1160.0,,15.0
simu5g_00000229,15,0,16,1160.0,,15.0
simu5g_00000229,15,0,17,1160.0,,15.0
simu5g_00000229,15,0,18,1160.0,,15.0
simu5g_00000229,15,0,19,1160.0,,15.0
simu5g_00000229,15,0,20,1160.0,,15.0
simu5g_00000229,15,0,21,1160.0,,15.0
simu5g_00000229,15,0,22,1160.0,,15.0
simu5g_00000229,15,0,23,1160.0,,15.0
simu5g_00000229,15,0,24,1160.0,,15.0
simu5g_00000229,31,1,0,1128.0,,14.0
simu5g_00000229,31,1,1,984.0,,13.0
simu5g_00000229,31,1,2,1160.0,,15.0
simu5g_00000229,31,1,3,1160.0,,15.0
simu5g_00000229,31,1,4,1160.0,,15.0
simu5g_00000229,31,1,5,1160.0,,15.0
simu5g_00000229,31,1,6,1160.0,,15.0
simu5g_00000229,31,1,7,1128.0,,14.0
simu5g_00000229,31,1,8,1160.0,,15.0
simu5g_00000229,31,1,9,1160.0,,15.0
simu5g_00000229,31,1,10,1160.0,,15.0
simu5g_00000229,31,1,11,1128.0,,14.0
simu5g_00000229,31,1,12,704.0,,10.0
simu5g_00000229,31,1,13,1160.0,,15.0
simu5g_00000229,31,1,14,1160.0,,15.0
simu5g_00000229,31,1,15,1160.0,,15.0
simu5g_00000229,31,1,16,1128.0,,14.0
simu5g_00000229,31,1,17,1160.0,,15.0
simu5g_00000229,31,1,18,1160.0,,15.0
simu5g_00000229,31,1,19,1128.0,,14.0
simu5g_00000229,31,1,20,1128.0,,14.0
simu5g_00000229,31,1,21,1160.0,,15.0
simu5g_00000229,31,1,22,1128.0,,14.0
simu5g_00000229,31,1,23,1160.0,,15.0
simu5g_00000229,31,1,24,1160.0,,15.0
simu5g_00000230,0,0,0,1160.0,,15.0
simu5g_00000230,0,0,1,808.0,,11.0
simu5g_00000230,0,0,2,1160.0,,15.0
simu5g_00000230,0,0,3,1128.0,,14.0
simu5g_00000230,0,0,4,1160.0,,15.0
simu5g_00000230,0,0,5,1128.0,,14.0
simu5g_00000230,0,0,6,1128.0,,14.0
simu5g_00000230,0,0,7,1160.0,,15.0
simu5g_00000230,0,0,8,984.0,,13.0
simu5g_00000230,0,0,9,1160.0,,15.0
simu5g_00000230,0,0,10,1160.0,,15.0
simu5g_00000230,0,0,11,1160.0,,15.0
simu5g_00000230,0,0,12,1160.0,,15.0
simu5g_00000230,0,0,13,1160.0,,15.0
simu5g_00000230,0,0,14,1160.0,,15.0
simu5g_00000230,0,0,15,1160.0,,15.0
simu5g_00000230,0,0,16,1128.0,,14.0
simu5g_00000230,0,0,17,1160.0,,15.0
simu5g_00000230,0,0,18,1160.0,,15.0
simu5g_00000230,0,0,19,1128.0,,14.0
simu5g_00000230,0,0,20,1160.0,,15.0
simu5g_00000230,0,0,21,984.0,,13.0
simu5g_00000230,0,0,22,1160.0,,15.0
simu5g_00000230,0,0,23,1160.0,,15.0
simu5g_00000230,0,0,24,1128.0,,14.0
simu5g_00000230,1,1,0,1160.0,,15.0
simu5g_00000230,1,1,1,1160.0,,15.0
simu5g_00000230,1,1,2,1160.0,,15.0
simu5g_00000230,1,1,3,1160.0,,15.0
simu5g_00000230,1,1,4,1160.0,,15.0
simu5g_00000230,1,1,5,1160.0,,15.0
simu5g_00000230,1,1,6,1160.0,,15.0
simu5g_00000230,1,1,7,1128.0,,14.0
simu5g_00000230,1,1,8,1128.0,,14.0
simu5g_00000230,1,1,9,1160.0,,15.0
simu5g_00000230,1,1,10,1160.0,,15.0
simu5g_00000230,1,1,11,1160.0,,15.0
simu5g_00000230,1,1,12,1160.0,,15.0
simu5g_00000230,1,1,13,1160.0,,15.0
simu5g_00000230,1,1,14,1160.0,,15.0
simu5g_00000230,1,1,15,1160.0,,15.0
simu5g_00000230,1,1,16,1160.0,,15.0
simu5g_00000230,1,1,17,1160.0,,15.0
simu5g_00000230,1,1,18,1160.0,,15.0
simu5g_00000230,1,1,19,1160.0,,15.0
simu5g_00000230,1,1,20,1160.0,,15.0
simu5g_00000230,1,1,21,984.0,,13.0
simu5g_00000230,1,1,22,1160.0,,15.0
simu5g_00000230,1,1,23,1160.0,,15.0
simu5g_00000230,1,1,24,1160.0,,15.0
simu5g_00000230,2,2,0,1160.0,,15.0
simu5g_00000230,2,2,1,1160.0,,15.0
simu5g_00000230,2,2,2,1128.0,,14.0
simu5g_00000230,2,2,3,1160.0,,15.0
simu5g_00000230,2,2,4,1128.0,,14.0
simu5g_00000230,2,2,5,1128.0,,14.0
simu5g_00000230,2,2,6,1160.0,,15.0
simu5g_00000230,2,2,7,808.0,,11.0
simu5g_00000230,2,2,8,1160.0,,15.0
simu5g_00000230,2,2,9,1160.0,,15.0
simu5g_00000230,2,2,10,1160.0,,15.0
simu5g_00000230,2,2,11,984.0,,13.0
simu5g_00000230,2,2,12,1128.0,,14.0
simu5g_00000230,2,2,13,1160.0,,15.0
simu5g_00000230,2,2,14,1160.0,,15.0
simu5g_00000230,2,2,15,1160.0,,15.0
simu5g_00000230,2,2,16,984.0,,13.0
simu5g_00000230,2,2,17,1128.0,,14.0
simu5g_00000230,2,2,18,1128.0,,14.0
simu5g_00000230,2,2,19,1160.0,,15.0
simu5g_00000230,2,2,20,1160.0,,15.0
simu5g_00000230,2,2,21,1128.0,,14.0
simu5g_00000230,2,2,22,1128.0,,14.0
simu5g_00000230,2,2,23,1160.0,,15.0
simu5g_00000230,2,2,24,984.0,,13.0
simu5g_00000230,3,3,0,888.0,,12.0
simu5g_00000230,3,3,1,1160.0,,15.0
simu5g_00000230,3,3,2,984.0,,13.0
simu5g_00000230,3,3,3,984.0,,13.0
simu5g_00000230,3,3,4,1128.0,,14.0
simu5g_00000230,3,3,5,1128.0,,14.0
simu5g_00000230,3,3,6,1128.0,,14.0
simu5g_00000230,3,3,7,984.0,,13.0
simu5g_00000230,3,3,8,608.0,,9.0
simu5g_00000230,3,3,9,608.0,,9.0
simu5g_00000230,3,3,10,1128.0,,14.0
simu5g_00000230,3,3,11,984.0,,13.0
simu5g_00000230,3,3,12,1128.0,,14.0
simu5g_00000230,3,3,13,1128.0,,14.0
simu5g_00000230,3,3,14,1128.0,,14.0
simu5g_00000230,3,3,15,1128.0,,14.0
simu5g_00000230,3,3,16,1128.0,,14.0
simu5g_00000230,3,3,17,1128.0,,14.0
simu5g_00000230,3,3,18,1128.0,,14.0
simu5g_00000230,3,3,19,1128.0,,14.0
simu5g_00000230,3,3,20,1128.0,,14.0
simu5g_00000230,3,3,21,984.0,,13.0
simu5g_00000230,3,3,22,888.0,,12.0
simu5g_00000230,3,3,23,1128.0,,14.0
simu5g_00000230,3,3,24,888.0,,12.0
simu5g_00000231,15,0,0,1160.0,,15.0
simu5g_00000231,15,0,1,1160.0,,15.0
simu5g_00000231,15,0,2,1160.0,,15.0
simu5g_00000231,15,0,3,1160.0,,15.0
simu5g_00000231,15,0,4,1160.0,,15.0
simu5g_00000231,15,0,5,1128.0,,14.0
simu5g_00000231,15,0,6,1160.0,,15.0
simu5g_00000231,15,0,7,1160.0,,15.0
simu5g_00000231,15,0,8,1160.0,,15.0
simu5g_00000231,15,0,9,1160.0,,15.0
simu5g_00000231,15,0,10,1160.0,,15.0
simu5g_00000231,15,0,11,1160.0,,15.0
simu5g_00000231,15,0,12,1128.0,,14.0
simu5g_00000231,15,0,13,1160.0,,15.0
simu5g_00000231,15,0,14,1160.0,,15.0
simu5g_00000231,15,0,15,1160.0,,15.0
simu5g_00000231,15,0,16,1160.0,,15.0
simu5g_00000231,15,0,17,1160.0,,15.0
simu5g_00000231,15,0,18,1160.0,,15.0
simu5g_00000231,15,0,19,1160.0,,15.0
simu5g_00000231,15,0,20,1160.0,,15.0
simu5g_00000231,15,0,21,1160.0,,15.0
simu5g_00000231,15,0,22,1160.0,,15.0
simu5g_00000231,15,0,23,1160.0,,15.0
simu5g_00000231,15,0,24,1160.0,,15.0
simu5g_00000231,31,1,0,1128.0,,14.0
simu5g_00000231,31,1,1,984.0,,13.0
simu5g_00000231,31,1,2,1160.0,,15.0
simu5g_00000231,31,1,3,1160.0,,15.0
simu5g_00000231,31,1,4,1160.0,,15.0
simu5g_00000231,31,1,5,1160.0,,15.0
simu5g_00000231,31,1,6,1160.0,,15.0
simu5g_00000231,31,1,7,1128.0,,14.0
simu5g_00000231,31,1,8,1160.0,,15.0
simu5g_00000231,31,1,9,1160.0,,15.0
simu5g_00000231,31,1,10,1160.0,,15.0
simu5g_00000231,31,1,11,1128.0,,14.0
simu5g_00000231,31,1,12,704.0,,10.0
simu5g_00000231,31,1,13,1160.0,,15.0
simu5g_00000231,31,1,14,1160.0,,15.0
simu5g_00000231,31,1,15,1160.0,,15.0
simu5g_00000231,31,1,16,1128.0,,14.0
simu5g_00000231,31,1,17,1160.0,,15.0
simu5g_00000231,31,1,18,1160.0,,15.0
simu5g_00000231,31,1,19,1128.0,,14.0
simu5g_00000231,31,1,20,1128.0,,14.0
simu5g_00000231,31,1,21,1160.0,,15.0
simu5g_00000231,31,1,22,1128.0,,14.0
simu5g_00000231,31,1,23,1160.0,,15.0
simu5g_00000231,31,1,24,1160.0,,15.0
simu5g_00000232,0,0,0,1160.0,,15.0
simu5g_00000232,0,0,1,808.0,,11.0
simu5g_00000232,0,0,2,1160.0,,15.0
simu5g_00000232,0,0,3,1128.0,,14.0
simu5g_00000232,0,0,4,1160.0,,15.0
simu5g_00000232,0,0,5,1128.0,,14.0
simu5g_00000232,0,0,6,1128.0,,14.0
simu5g_00000232,0,0,7,1160.0,,15.0
simu5g_00000232,0,0,8,984.0,,13.0
simu5g_00000232,0,0,9,1160.0,,15.0
simu5g_00000232,0,0,10,1160.0,,15.0
simu5g_00000232,0,0,11,1160.0,,15.0
simu5g_00000232,0,0,12,1160.0,,15.0
simu5g_00000232,0,0,13,1160.0,,15.0
simu5g_00000232,0,0,14,1160.0,,15.0
simu5g_00000232,0,0,15,1160.0,,15.0
simu5g_00000232,0,0,16,1128.0,,14.0
simu5g_00000232,0,0,17,1160.0,,15.0
simu5g_00000232,0,0,18,1160.0,,15.0
simu5g_00000232,0,0,19,1128.0,,14.0
simu5g_00000232,0,0,20,1160.0,,15.0
simu5g_00000232,0,0,21,984.0,,13.0
simu5g_00000232,0,0,22,1160.0,,15.0
simu5g_00000232,0,0,23,1160.0,,15.0
simu5g_00000232,0,0,24,1128.0,,14.0
simu5g_00000232,1,1,0,1160.0,,15.0
simu5g_00000232,1,1,1,1160.0,,15.0
simu5g_00000232,1,1,2,1160.0,,15.0
simu5g_00000232,1,1,3,1160.0,,15.0
simu5g_00000232,1,1,4,1160.0,,15.0
simu5g_00000232,1,1,5,1160.0,,15.0
simu5g_00000232,1,1,6,1160.0,,15.0
simu5g_00000232,1,1,7,1128.0,,14.0
simu5g_00000232,1,1,8,1128.0,,14.0
simu5g_00000232,1,1,9,1160.0,,15.0
simu5g_00000232,1,1,10,1160.0,,15.0
simu5g_00000232,1,1,11,1160.0,,15.0
simu5g_00000232,1,1,12,1160.0,,15.0
simu5g_00000232,1,1,13,1160.0,,15.0
simu5g_00000232,1,1,14,1160.0,,15.0
simu5g_00000232,1,1,15,1160.0,,15.0
simu5g_00000232,1,1,16,1160.0,,15.0
simu5g_00000232,1,1,17,1160.0,,15.0
simu5g_00000232,1,1,18,1160.0,,15.0
simu5g_00000232,1,1,19,1160.0,,15.0
simu5g_00000232,1,1,20,1160.0,,15.0
simu5g_00000232,1,1,21,984.0,,13.0
simu5g_00000232,1,1,22,1160.0,,15.0
simu5g_00000232,1,1,23,1160.0,,15.0
simu5g_00000232,1,1,24,1160.0,,15.0
simu5g_00000232,2,2,0,1160.0,,15.0
simu5g_00000232,2,2,1,1160.0,,15.0
simu5g_00000232,2,2,2,1128.0,,14.0
simu5g_00000232,2,2,3,1160.0,,15.0
simu5g_00000232,2,2,4,1128.0,,14.0
simu5g_00000232,2,2,5,1128.0,,14.0
simu5g_00000232,2,2,6,1160.0,,15.0
simu5g_00000232,2,2,7,808.0,,11.0
simu5g_00000232,2,2,8,1160.0,,15.0
simu5g_00000232,2,2,9,1160.0,,15.0
simu5g_00000232,2,2,10,1160.0,,15.0
simu5g_00000232,2,2,11,984.0,,13.0
simu5g_00000232,2,2,12,1128.0,,14.0
simu5g_00000232,2,2,13,1160.0,,15.0
simu5g_00000232,2,2,14,1160.0,,15.0
simu5g_00000232,2,2,15,1160.0,,15.0
simu5g_00000232,2,2,16,984.0,,13.0
simu5g_00000232,2,2,17,1128.0,,14.0
simu5g_00000232,2,2,18,1128.0,,14.0
simu5g_00000232,2,2,19,1160.0,,15.0
simu5g_00000232,2,2,20,1160.0,,15.0
simu5g_00000232,2,2,21,1128.0,,14.0
simu5g_00000232,2,2,22,1128.0,,14.0
simu5g_00000232,2,2,23,1160.0,,15.0
simu5g_00000232,2,2,24,984.0,,13.0
simu5g_00000232,3,3,0,888.0,,12.0
simu5g_00000232,3,3,1,1160.0,,15.0
simu5g_00000232,3,3,2,984.0,,13.0
simu5g_00000232,3,3,3,984.0,,13.0
simu5g_00000232,3,3,4,1128.0,,14.0
simu5g_00000232,3,3,5,1128.0,,14.0
simu5g_00000232,3,3,6,1128.0,,14.0
simu5g_00000232,3,3,7,984.0,,13.0
simu5g_00000232,3,3,8,608.0,,9.0
simu5g_00000232,3,3,9,608.0,,9.0
simu5g_00000232,3,3,10,1128.0,,14.0
simu5g_00000232,3,3,11,984.0,,13.0
simu5g_00000232,3,3,12,1128.0,,14.0
simu5g_00000232,3,3,13,1128.0,,14.0
simu5g_00000232,3,3,14,1128.0,,14.0
simu5g_00000232,3,3,15,1128.0,,14.0
simu5g_00000232,3,3,16,1128.0,,14.0
simu5g_00000232,3,3,17,1128.0,,14.0
simu5g_00000232,3,3,18,1128.0,,14.0
simu5g_00000232,3,3,19,1128.0,,14.0
simu5g_00000232,3,3,20,1128.0,,14.0
simu5g_00000232,3,3,21,984.0,,13.0
simu5g_00000232,3,3,22,888.0,,12.0
simu5g_00000232,3,3,23,1128.0,,14.0
simu5g_00000232,3,3,24,888.0,,12.0
simu5g_00000233,15,0,0,1160.0,,15.0
simu5g_00000233,15,0,1,1160.0,,15.0
simu5g_00000233,15,0,2,1160.0,,15.0
simu5g_00000233,15,0,3,1160.0,,15.0
simu5g_00000233,15,0,4,1160.0,,15.0
simu5g_00000233,15,0,5,1128.0,,14.0
simu5g_00000233,15,0,6,1160.0,,15.0
simu5g_00000233,15,0,7,1160.0,,15.0
simu5g_00000233,15,0,8,1160.0,,15.0
simu5g_00000233,15,0,9,1160.0,,15.0
simu5g_00000233,15,0,10,1160.0,,15.0
simu5g_00000233,15,0,11,1160.0,,15.0
simu5g_00000233,15,0,12,1128.0,,14.0
simu5g_00000233,15,0,13,1160.0,,15.0
simu5g_00000233,15,0,14,1160.0,,15.0
simu5g_00000233,15,0,15,1160.0,,15.0
simu5g_00000233,15,0,16,1160.0,,15.0
simu5g_00000233,15,0,17,1160.0,,15.0
simu5g_00000233,15,0,18,1160.0,,15.0
simu5g_00000233,15,0,19,1160.0,,15.0
simu5g_00000233,15,0,20,1160.0,,15.0
simu5g_00000233,15,0,21,1160.0,,15.0
simu5g_00000233,15,0,22,1160.0,,15.0
simu5g_00000233,15,0,23,1160.0,,15.0
simu5g_00000233,15,0,24,1160.0,,15.0
simu5g_00000233,31,1,0,1128.0,,14.0
simu5g_00000233,31,1,1,984.0,,13.0
simu5g_00000233,31,1,2,1160.0,,15.0
simu5g_00000233,31,1,3,1160.0,,15.0
simu5g_00000233,31,1,4,1160.0,,15.0
simu5g_00000233,31,1,5,1160.0,,15.0
simu5g_00000233,31,1,6,1160.0,,15.0
simu5g_00000233,31,1,7,1128.0,,14.0
simu5g_00000233,31,1,8,1160.0,,15.0
simu5g_00000233,31,1,9,1160.0,,15.0
simu5g_00000233,31,1,10,1160.0,,15.0
simu5g_00000233,31,1,11,1128.0,,14.0
simu5g_00000233,31,1,12,704.0,,10.0
simu5g_00000233,31,1,13,1160.0,,15.0
simu5g_00000233,31,1,14,1160.0,,15.0
simu5g_00000233,31,1,15,1160.0,,15.0
simu5g_00000233,31,1,16,1128.0,,14.0
simu5g_00000233,31,1,17,1160.0,,15.0
simu5g_00000233,31,1,18,1160.0,,15.0
simu5g_00000233,31,1,19,1128.0,,14.0
simu5g_00000233,31,1,20,1128.0,,14.0
simu5g_00000233,31,1,21,1160.0,,15.0
simu5g_00000233,31,1,22,1128.0,,14.0
simu5g_00000233,31,1,23,1160.0,,15.0
simu5g_00000233,31,1,24,1160.0,,15.0
simu5g_00000234,0,0,0,1160.0,,15.0
simu5g_00000234,0,0,1,808.0,,11.0
simu5g_00000234,0,0,2,1160.0,,15.0
simu5g_00000234,0,0,3,1128.0,,14.0
simu5g_00000234,0,0,4,1160.0,,15.0
simu5g_00000234,0,0,5,1128.0,,14.0
simu5g_00000234,0,0,6,1128.0,,14.0
simu5g_00000234,0,0,7,1160.0,,15.0
simu5g_00000234,0,0,8,984.0,,13.0
simu5g_00000234,0,0,9,1160.0,,15.0
simu5g_00000234,0,0,10,1160.0,,15.0
simu5g_00000234,0,0,11,1160.0,,15.0
simu5g_00000234,0,0,12,1160.0,,15.0
simu5g_00000234,0,0,13,1160.0,,15.0
simu5g_00000234,0,0,14,1160.0,,15.0
simu5g_00000234,0,0,15,1160.0,,15.0
simu5g_00000234,0,0,16,1128.0,,14.0
simu5g_00000234,0,0,17,1160.0,,15.0
simu5g_00000234,0,0,18,1160.0,,15.0
simu5g_00000234,0,0,19,1128.0,,14.0
simu5g_00000234,0,0,20,1160.0,,15.0
simu5g_00000234,0,0,21,984.0,,13.0
simu5g_00000234,0,0,22,1160.0,,15.0
simu5g_00000234,0,0,23,1160.0,,15.0
simu5g_00000234,0,0,24,1128.0,,14.0
simu5g_00000234,1,1,0,1160.0,,15.0
simu5g_00000234,1,1,1,1160.0,,15.0
simu5g_00000234,1,1,2,1160.0,,15.0
simu5g_00000234,1,1,3,1160.0,,15.0
simu5g_00000234,1,1,4,1160.0,,15.0
simu5g_00000234,1,1,5,1160.0,,15.0
simu5g_00000234,1,1,6,1160.0,,15.0
simu5g_00000234,1,1,7,1128.0,,14.0
simu5g_00000234,1,1,8,1128.0,,14.0
simu5g_00000234,1,1,9,1160.0,,15.0
simu5g_00000234,1,1,10,1160.0,,15.0
simu5g_00000234,1,1,11,1160.0,,15.0
simu5g_00000234,1,1,12,1160.0,,15.0
simu5g_00000234,1,1,13,1160.0,,15.0
simu5g_00000234,1,1,14,1160.0,,15.0
simu5g_00000234,1,1,15,1160.0,,15.0
simu5g_00000234,1,1,16,1160.0,,15.0
simu5g_00000234,1,1,17,1160.0,,15.0
simu5g_00000234,1,1,18,1160.0,,15.0
simu5g_00000234,1,1,19,1160.0,,15.0
simu5g_00000234,1,1,20,1160.0,,15.0
simu5g_00000234,1,1,21,984.0,,13.0
simu5g_00000234,1,1,22,1160.0,,15.0
simu5g_00000234,1,1,23,1160.0,,15.0
simu5g_00000234,1,1,24,1160.0,,15.0
simu5g_00000234,2,2,0,1160.0,,15.0
simu5g_00000234,2,2,1,1160.0,,15.0
simu5g_00000234,2,2,2,1128.0,,14.0
simu5g_00000234,2,2,3,1160.0,,15.0
simu5g_00000234,2,2,4,1128.0,,14.0
simu5g_00000234,2,2,5,1128.0,,14.0
simu5g_00000234,2,2,6,1160.0,,15.0
simu5g_00000234,2,2,7,808.0,,11.0
simu5g_00000234,2,2,8,1160.0,,15.0
simu5g_00000234,2,2,9,1160.0,,15.0
simu5g_00000234,2,2,10,1160.0,,15.0
simu5g_00000234,2,2,11,984.0,,13.0
simu5g_00000234,2,2,12,1128.0,,14.0
simu5g_00000234,2,2,13,1160.0,,15.0
simu5g_00000234,2,2,14,1160.0,,15.0
simu5g_00000234,2,2,15,1160.0,,15.0
simu5g_00000234,2,2,16,984.0,,13.0
simu5g_00000234,2,2,17,1128.0,,14.0
simu5g_00000234,2,2,18,1128.0,,14.0
simu5g_00000234,2,2,19,1160.0,,15.0
simu5g_00000234,2,2,20,1160.0,,15.0
simu5g_00000234,2,2,21,1128.0,,14.0
simu5g_00000234,2,2,22,1128.0,,14.0
simu5g_00000234,2,2,23,1160.0,,15.0
simu5g_00000234,2,2,24,984.0,,13.0
simu5g_00000234,3,3,0,984.0,,13.0
simu5g_00000234,3,3,1,1160.0,,15.0
simu5g_00000234,3,3,2,984.0,,13.0
simu5g_00000234,3,3,3,984.0,,13.0
simu5g_00000234,3,3,4,1128.0,,14.0
simu5g_00000234,3,3,5,1128.0,,14.0
simu5g_00000234,3,3,6,1128.0,,14.0
simu5g_00000234,3,3,7,984.0,,13.0
simu5g_00000234,3,3,8,608.0,,9.0
simu5g_00000234,3,3,9,608.0,,9.0
simu5g_00000234,3,3,10,1128.0,,14.0
simu5g_00000234,3,3,11,984.0,,13.0
simu5g_00000234,3,3,12,1128.0,,14.0
simu5g_00000234,3,3,13,1128.0,,14.0
simu5g_00000234,3,3,14,1128.0,,14.0
simu5g_00000234,3,3,15,1128.0,,14.0
simu5g_00000234,3,3,16,1128.0,,14.0
simu5g_00000234,3,3,17,1128.0,,14.0
simu5g_00000234,3,3,18,1128.0,,14.0
simu5g_00000234,3,3,19,1128.0,,14.0
simu5g_00000234,3,3,20,1128.0,,14.0
simu5g_00000234,3,3,21,984.0,,13.0
simu5g_00000234,3,3,22,888.0,,12.0
simu5g_00000234,3,3,23,1128.0,,14.0
simu5g_00000234,3,3,24,888.0,,12.0
simu5g_00000235,15,0,0,1160.0,,15.0
simu5g_00000235,15,0,1,1160.0,,15.0
simu5g_00000235,15,0,2,1160.0,,15.0
simu5g_00000235,15,0,3,1160.0,,15.0
simu5g_00000235,15,0,4,1160.0,,15.0
simu5g_00000235,15,0,5,1128.0,,14.0
simu5g_00000235,15,0,6,1160.0,,15.0
simu5g_00000235,15,0,7,1160.0,,15.0
simu5g_00000235,15,0,8,1160.0,,15.0
simu5g_00000235,15,0,9,1160.0,,15.0
simu5g_00000235,15,0,10,1160.0,,15.0
simu5g_00000235,15,0,11,1160.0,,15.0
simu5g_00000235,15,0,12,1128.0,,14.0
simu5g_00000235,15,0,13,1160.0,,15.0
simu5g_00000235,15,0,14,1160.0,,15.0
simu5g_00000235,15,0,15,1160.0,,15.0
simu5g_00000235,15,0,16,1160.0,,15.0
simu5g_00000235,15,0,17,1160.0,,15.0
simu5g_00000235,15,0,18,1160.0,,15.0
simu5g_00000235,15,0,19,1160.0,,15.0
simu5g_00000235,15,0,20,1160.0,,15.0
simu5g_00000235,15,0,21,1160.0,,15.0
simu5g_00000235,15,0,22,1160.0,,15.0
simu5g_00000235,15,0,23,1160.0,,15.0
simu5g_00000235,15,0,24,1160.0,,15.0
simu5g_00000235,31,1,0,888.0,,12.0
simu5g_00000235,31,1,1,808.0,,11.0
simu5g_00000235,31,1,2,1128.0,,14.0
simu5g_00000235,31,1,3,1128.0,,14.0
simu5g_00000235,31,1,4,1128.0,,14.0
simu5g_00000235,31,1,5,984.0,,13.0
simu5g_00000235,31,1,6,1128.0,,14.0
simu5g_00000235,31,1,7,984.0,,13.0
simu5g_00000235,31,1,8,1160.0,,15.0
simu5g_00000235,31,1,9,1160.0,,15.0
simu5g_00000235,31,1,10,1128.0,,14.0
simu5g_00000235,31,1,11,984.0,,13.0
simu5g_00000235,31,1,12,368.0,,6.0
simu5g_00000235,31,1,13,984.0,,13.0
simu5g_00000235,31,1,14,1160.0,,15.0
simu5g_00000235,31,1,15,1128.0,,14.0
simu5g_00000235,31,1,16,984.0,,13.0
simu5g_00000235,31,1,17,1160.0,,15.0
simu5g_00000235,31,1,18,1160.0,,15.0
simu5g_00000235,31,1,19,984.0,,13.0
simu5g_00000235,31,1,20,888.0,,12.0
simu5g_00000235,31,1,21,1128.0,,14.0
simu5g_00000235,31,1,22,984.0,,13.0
simu5g_00000235,31,1,23,1128.0,,14.0
simu5g_00000235,31,1,24,1160.0,,15.0
simu5g_00000236,0,0,0,1160.0,,15.0
simu5g_00000236,0,0,1,808.0,,11.0
simu5g_00000236,0,0,2,1160.0,,15.0
simu5g_00000236,0,0,3,1128.0,,14.0
simu5g_00000236,0,0,4,1160.0,,15.0
simu5g_00000236,0,0,5,1128.0,,14.0
simu5g_00000236,0,0,6,1128.0,,14.0
simu5g_00000236,0,0,7,1160.0,,15.0
simu5g_00000236,0,0,8,984.0,,13.0
simu5g_00000236,0,0,9,1160.0,,15.0
simu5g_00000236,0,0,10,1160.0,,15.0
simu5g_00000236,0,0,11,1160.0,,15.0
simu5g_00000236,0,0,12,1160.0,,15.0
simu5g_00000236,0,0,13,1160.0,,15.0
simu5g_00000236,0,0,14,1160.0,,15.0
simu5g_00000236,0,0,15,1160.0,,15.0
simu5g_00000236,0,0,16,1128.0,,14.0
simu5g_00000236,0,0,17,1160.0,,15.0
simu5g_00000236,0,0,18,1160.0,,15.0
simu5g_00000236,0,0,19,1128.0,,14.0
simu5g_00000236,0,0,20,1160.0,,15.0
simu5g_00000236,0,0,21,984.0,,13.0
simu5g_00000236,0,0,22,1160.0,,15.0
simu5g_00000236,0,0,23,1160.0,,15.0
simu5g_00000236,0,0,24,1128.0,,14.0
simu5g_00000236,1,1,0,1160.0,,15.0
simu5g_00000236,1,1,1,1160.0,,15.0
simu5g_00000236,1,1,2,1160.0,,15.0
simu5g_00000236,1,1,3,1160.0,,15.0
simu5g_00000236,1,1,4,1160.0,,15.0
simu5g_00000236,1,1,5,1160.0,,15.0
simu5g_00000236,1,1,6,1160.0,,15.0
simu5g_00000236,1,1,7,1128.0,,14.0
simu5g_00000236,1,1,8,1128.0,,14.0
simu5g_00000236,1,1,9,1160.0,,15.0
simu5g_00000236,1,1,10,1160.0,,15.0
simu5g_00000236,1,1,11,1160.0,,15.0
simu5g_00000236,1,1,12,1160.0,,15.0
simu5g_00000236,1,1,13,1160.0,,15.0
simu5g_00000236,1,1,14,1160.0,,15.0
simu5g_00000236,1,1,15,1160.0,,15.0
simu5g_00000236,1,1,16,1160.0,,15.0
simu5g_00000236,1,1,17,1160.0,,15.0
simu5g_00000236,1,1,18,1160.0,,15.0
simu5g_00000236,1,1,19,1160.0,,15.0
simu5g_00000236,1,1,20,1160.0,,15.0
simu5g_00000236,1,1,21,984.0,,13.0
simu5g_00000236,1,1,22,1160.0,,15.0
simu5g_00000236,1,1,23,1160.0,,15.0
simu5g_00000236,1,1,24,1160.0,,15.0
simu5g_00000236,2,2,0,1160.0,,15.0
simu5g_00000236,2,2,1,1160.0,,15.0
simu5g_00000236,2,2,2,1128.0,,14.0
simu5g_00000236,2,2,3,1160.0,,15.0
simu5g_00000236,2,2,4,1128.0,,14.0
simu5g_00000236,2,2,5,1128.0,,14.0
simu5g_00000236,2,2,6,1160.0,,15.0
simu5g_00000236,2,2,7,808.0,,11.0
simu5g_00000236,2,2,8,1160.0,,15.0
simu5g_00000236,2,2,9,1160.0,,15.0
simu5g_00000236,2,2,10,1160.0,,15.0
simu5g_00000236,2,2,11,984.0,,13.0
simu5g_00000236,2,2,12,1128.0,,14.0
simu5g_00000236,2,2,13,1160.0,,15.0
simu5g_00000236,2,2,14,1160.0,,15.0
simu5g_00000236,2,2,15,1160.0,,15.0
simu5g_00000236,2,2,16,984.0,,13.0
simu5g_00000236,2,2,17,1128.0,,14.0
simu5g_00000236,2,2,18,1128.0,,14.0
simu5g_00000236,2,2,19,1160.0,,15.0
simu5g_00000236,2,2,20,1160.0,,15.0
simu5g_00000236,2,2,21,1128.0,,14.0
simu5g_00000236,2,2,22,1128.0,,14.0
simu5g_00000236,2,2,23,1160.0,,15.0
simu5g_00000236,2,2,24,984.0,,13.0
simu5g_00000236,3,3,0,984.0,,13.0
simu5g_00000236,3,3,1,1160.0,,15.0
simu5g_00000236,3,3,2,984.0,,13.0
simu5g_00000236,3,3,3,984.0,,13.0
simu5g_00000236,3,3,4,1128.0,,14.0
simu5g_00000236,3,3,5,1128.0,,14.0
simu5g_00000236,3,3,6,1128.0,,14.0
simu5g_00000236,3,3,7,984.0,,13.0
simu5g_00000236,3,3,8,608.0,,9.0
simu5g_00000236,3,3,9,608.0,,9.0
simu5g_00000236,3,3,10,1128.0,,14.0
simu5g_00000236,3,3,11,984.0,,13.0
simu5g_00000236,3,3,12,1128.0,,14.0
simu5g_00000236,3,3,13,1128.0,,14.0
simu5g_00000236,3,3,14,1128.0,,14.0
simu5g_00000236,3,3,15,1128.0,,14.0
simu5g_00000236,3,3,16,1128.0,,14.0
simu5g_00000236,3,3,17,1128.0,,14.0
simu5g_00000236,3,3,18,1128.0,,14.0
simu5g_00000236,3,3,19,1128.0,,14.0
simu5g_00000236,3,3,20,1128.0,,14.0
simu5g_00000236,3,3,21,984.0,,13.0
simu5g_00000236,3,3,22,888.0,,12.0
simu5g_00000236,3,3,23,1128.0,,14.0
simu5g_00000236,3,3,24,888.0,,12.0
simu5g_00000237,15,0,0,1160.0,,15.0
simu5g_00000237,15,0,1,1160.0,,15.0
simu5g_00000237,15,0,2,1160.0,,15.0
simu5g_00000237,15,0,3,1160.0,,15.0
simu5g_00000237,15,0,4,1160.0,,15.0
simu5g_00000237,15,0,5,1128.0,,14.0
simu5g_00000237,15,0,6,1160.0,,15.0
simu5g_00000237,15,0,7,1160.0,,15.0
simu5g_00000237,15,0,8,1160.0,,15.0
simu5g_00000237,15,0,9,1160.0,,15.0
simu5g_00000237,15,0,10,1160.0,,15.0
simu5g_00000237,15,0,11,1160.0,,15.0
simu5g_00000237,15,0,12,1128.0,,14.0
simu5g_00000237,15,0,13,1160.0,,15.0
simu5g_00000237,15,0,14,1160.0,,15.0
simu5g_00000237,15,0,15,1160.0,,15.0
simu5g_00000237,15,0,16,1160.0,,15.0
simu5g_00000237,15,0,17,1160.0,,15.0
simu5g_00000237,15,0,18,1160.0,,15.0
simu5g_00000237,15,0,19,1160.0,,15.0
simu5g_00000237,15,0,20,1160.0,,15.0
simu5g_00000237,15,0,21,1160.0,,15.0
simu5g_00000237,15,0,22,1160.0,,15.0
simu5g_00000237,15,0,23,1160.0,,15.0
simu5g_00000237,15,0,24,1160.0,,15.0
simu5g_00000237,31,1,0,888.0,,12.0
simu5g_00000237,31,1,1,808.0,,11.0
simu5g_00000237,31,1,2,1128.0,,14.0
simu5g_00000237,31,1,3,1128.0,,14.0
simu5g_00000237,31,1,4,1128.0,,14.0
simu5g_00000237,31,1,5,984.0,,13.0
simu5g_00000237,31,1,6,1128.0,,14.0
simu5g_00000237,31,1,7,984.0,,13.0
simu5g_00000237,31,1,8,1160.0,,15.0
simu5g_00000237,31,1,9,1160.0,,15.0
simu5g_00000237,31,1,10,1128.0,,14.0
simu5g_00000237,31,1,11,984.0,,13.0
simu5g_00000237,31,1,12,368.0,,6.0
simu5g_00000237,31,1,13,1128.0,,14.0
simu5g_00000237,31,1,14,1160.0,,15.0
simu5g_00000237,31,1,15,1128.0,,14.0
simu5g_00000237,31,1,16,984.0,,13.0
simu5g_00000237,31,1,17,1160.0,,15.0
simu5g_00000237,31,1,18,1160.0,,15.0
simu5g_00000237,31,1,19,984.0,,13.0
simu5g_00000237,31,1,20,888.0,,12.0
simu5g_00000237,31,1,21,1128.0,,14.0
simu5g_00000237,31,1,22,984.0,,13.0
simu5g_00000237,31,1,23,1128.0,,14.0
simu5g_00000237,31,1,24,1160.0,,15.0
simu5g_00000238,0,0,0,1160.0,,15.0
simu5g_00000238,0,0,1,888.0,,12.0
simu5g_00000238,0,0,2,1160.0,,15.0
simu5g_00000238,0,0,3,1160.0,,15.0
simu5g_00000238,0,0,4,1160.0,,15.0
simu5g_00000238,0,0,5,1160.0,,15.0
simu5g_00000238,0,0,6,1160.0,,15.0
simu5g_00000238,0,0,7,1160.0,,15.0
simu5g_00000238,0,0,8,1128.0,,14.0
simu5g_00000238,0,0,9,1160.0,,15.0
simu5g_00000238,0,0,10,1160.0,,15.0
simu5g_00000238,0,0,11,1160.0,,15.0
simu5g_00000238,0,0,12,1160.0,,15.0
simu5g_00000238,0,0,13,1160.0,,15.0
simu5g_00000238,0,0,14,1160.0,,15.0
simu5g_00000238,0,0,15,1160.0,,15.0
simu5g_00000238,0,0,16,1160.0,,15.0
simu5g_00000238,0,0,17,1160.0,,15.0
simu5g_00000238,0,0,18,1160.0,,15.0
simu5g_00000238,0,0,19,1160.0,,15.0
simu5g_00000238,0,0,20,1160.0,,15.0
simu5g_00000238,0,0,21,1128.0,,14.0
simu5g_00000238,0,0,22,1160.0,,15.0
simu5g_00000238,0,0,23,1160.0,,15.0
simu5g_00000238,0,0,24,1160.0,,15.0
simu5g_00000238,1,1,0,1160.0,,15.0
simu5g_00000238,1,1,1,984.0,,13.0
simu5g_00000238,1,1,2,984.0,,13.0
simu5g_00000238,1,1,3,1160.0,,15.0
simu5g_00000238,1,1,4,984.0,,13.0
simu5g_00000238,1,1,5,1128.0,,14.0
simu5g_00000238,1,1,6,1128.0,,14.0
simu5g_00000238,1,1,7,808.0,,11.0
simu5g_00000238,1,1,8,704.0,,10.0
simu5g_00000238,1,1,9,1128.0,,14.0
simu5g_00000238,1,1,10,1128.0,,14.0
simu5g_00000238,1,1,11,1128.0,,14.0
simu5g_00000238,1,1,12,1128.0,,14.0
simu5g_00000238,1,1,13,1160.0,,15.0
simu5g_00000238,1,1,14,1160.0,,15.0
simu5g_00000238,1,1,15,1160.0,,15.0
simu5g_00000238,1,1,16,1128.0,,14.0
simu5g_00000238,1,1,17,1128.0,,14.0
simu5g_00000238,1,1,18,1128.0,,14.0
simu5g_00000238,1,1,19,1128.0,,14.0
simu5g_00000238,1,1,20,1160.0,,15.0
simu5g_00000238,1,1,21,608.0,,9.0
simu5g_00000238,1,1,22,1128.0,,14.0
simu5g_00000238,1,1,23,984.0,,13.0
simu5g_00000238,1,1,24,1128.0,,14.0
simu5g_00000238,2,2,0,1160.0,,15.0
simu5g_00000238,2,2,1,1160.0,,15.0
simu5g_00000238,2,2,2,1128.0,,14.0
simu5g_00000238,2,2,3,1160.0,,15.0
simu5g_00000238,2,2,4,1128.0,,14.0
simu5g_00000238,2,2,5,1128.0,,14.0
simu5g_00000238,2,2,6,1160.0,,15.0
simu5g_00000238,2,2,7,808.0,,11.0
simu5g_00000238,2,2,8,1160.0,,15.0
simu5g_00000238,2,2,9,1160.0,,15.0
simu5g_00000238,2,2,10,1160.0,,15.0
simu5g_00000238,2,2,11,984.0,,13.0
simu5g_00000238,2,2,12,1128.0,,14.0
simu5g_00000238,2,2,13,1160.0,,15.0
simu5g_00000238,2,2,14,1160.0,,15.0
simu5g_00000238,2,2,15,1160.0,,15.0
simu5g_00000238,2,2,16,984.0,,13.0
simu5g_00000238,2,2,17,1128.0,,14.0
simu5g_00000238,2,2,18,1128.0,,14.0
simu5g_00000238,2,2,19,1160.0,,15.0
simu5g_00000238,2,2,20,1160.0,,15.0
simu5g_00000238,2,2,21,1128.0,,14.0
simu5g_00000238,2,2,22,1128.0,,14.0
simu5g_00000238,2,2,23,1160.0,,15.0
simu5g_00000238,2,2,24,984.0,,13.0
simu5g_00000238,3,3,0,984.0,,13.0
simu5g_00000238,3,3,1,1160.0,,15.0
simu5g_00000238,3,3,2,984.0,,13.0
simu5g_00000238,3,3,3,984.0,,13.0
simu5g_00000238,3,3,4,1128.0,,14.0
simu5g_00000238,3,3,5,1128.0,,14.0
simu5g_00000238,3,3,6,1128.0,,14.0
simu5g_00000238,3,3,7,984.0,,13.0
simu5g_00000238,3,3,8,608.0,,9.0
simu5g_00000238,3,3,9,608.0,,9.0
simu5g_00000238,3,3,10,1128.0,,14.0
simu5g_00000238,3,3,11,984.0,,13.0
simu5g_00000238,3,3,12,1128.0,,14.0
simu5g_00000238,3,3,13,1128.0,,14.0
simu5g_00000238,3,3,14,1128.0,,14.0
simu5g_00000238,3,3,15,1128.0,,14.0
simu5g_00000238,3,3,16,1128.0,,14.0
simu5g_00000238,3,3,17,1128.0,,14.0
simu5g_00000238,3,3,18,1128.0,,14.0
simu5g_00000238,3,3,19,1128.0,,14.0
simu5g_00000238,3,3,20,1128.0,,14.0
simu5g_00000238,3,3,21,984.0,,13.0
simu5g_00000238,3,3,22,888.0,,12.0
simu5g_00000238,3,3,23,1128.0,,14.0
simu5g_00000238,3,3,24,888.0,,12.0
simu5g_00000239,15,0,0,1160.0,,15.0
simu5g_00000239,15,0,1,1160.0,,15.0
simu5g_00000239,15,0,2,1160.0,,15.0
simu5g_00000239,15,0,3,1160.0,,15.0
simu5g_00000239,15,0,4,1128.0,,14.0
simu5g_00000239,15,0,5,984.0,,13.0
simu5g_00000239,15,0,6,1160.0,,15.0
simu5g_00000239,15,0,7,1160.0,,15.0
simu5g_00000239,15,0,8,1160.0,,15.0
simu5g_00000239,15,0,9,1160.0,,15.0
simu5g_00000239,15,0,10,1160.0,,15.0
simu5g_00000239,15,0,11,1160.0,,15.0
simu5g_00000239,15,0,12,1128.0,,14.0
simu5g_00000239,15,0,13,1160.0,,15.0
simu5g_00000239,15,0,14,1160.0,,15.0
simu5g_00000239,15,0,15,1160.0,,15.0
simu5g_00000239,15,0,16,1160.0,,15.0
simu5g_00000239,15,0,17,1160.0,,15.0
simu5g_00000239,15,0,18,1160.0,,15.0
simu5g_00000239,15,0,19,1160.0,,15.0
simu5g_00000239,15,0,20,1160.0,,15.0
simu5g_00000239,15,0,21,1160.0,,15.0
simu5g_00000239,15,0,22,1160.0,,15.0
simu5g_00000239,15,0,23,1160.0,,15.0
simu5g_00000239,15,0,24,1160.0,,15.0
simu5g_00000239,31,1,0,888.0,,12.0
simu5g_00000239,31,1,1,808.0,,11.0
simu5g_00000239,31,1,2,1128.0,,14.0
simu5g_00000239,31,1,3,1128.0,,14.0
simu5g_00000239,31,1,4,1128.0,,14.0
simu5g_00000239,31,1,5,984.0,,13.0
simu5g_00000239,31,1,6,1128.0,,14.0
simu5g_00000239,31,1,7,984.0,,13.0
simu5g_00000239,31,1,8,1160.0,,15.0
simu5g_00000239,31,1,9,1160.0,,15.0
simu5g_00000239,31,1,10,1128.0,,14.0
simu5g_00000239,31,1,11,984.0,,13.0
simu5g_00000239,31,1,12,368.0,,6.0
simu5g_00000239,31,1,13,1128.0,,14.0
simu5g_00000239,31,1,14,1160.0,,15.0
simu5g_00000239,31,1,15,1128.0,,14.0
simu5g_00000239,31,1,16,984.0,,13.0
simu5g_00000239,31,1,17,1160.0,,15.0
simu5g_00000239,31,1,18,1160.0,,15.0
simu5g_00000239,31,1,19,984.0,,13.0
simu5g_00000239,31,1,20,888.0,,12.0
simu5g_00000239,31,1,21,1128.0,,14.0
simu5g_00000239,31,1,22,984.0,,13.0
simu5g_00000239,31,1,23,1128.0,,14.0
simu5g_00000239,31,1,24,1160.0,,15.0
simu5g_00000240,0,0,0,1160.0,,15.0
simu5g_00000240,0,0,1,888.0,,12.0
simu5g_00000240,0,0,2,1160.0,,15.0
simu5g_00000240,0,0,3,1160.0,,15.0
simu5g_00000240,0,0,4,1160.0,,15.0
simu5g_00000240,0,0,5,1160.0,,15.0
simu5g_00000240,0,0,6,1160.0,,15.0
simu5g_00000240,0,0,7,1160.0,,15.0
simu5g_00000240,0,0,8,1128.0,,14.0
simu5g_00000240,0,0,9,1160.0,,15.0
simu5g_00000240,0,0,10,1160.0,,15.0
simu5g_00000240,0,0,11,1160.0,,15.0
simu5g_00000240,0,0,12,1160.0,,15.0
simu5g_00000240,0,0,13,1160.0,,15.0
simu5g_00000240,0,0,14,1160.0,,15.0
simu5g_00000240,0,0,15,1160.0,,15.0
simu5g_00000240,0,0,16,1160.0,,15.0
simu5g_00000240,0,0,17,1160.0,,15.0
simu5g_00000240,0,0,18,1160.0,,15.0
simu5g_00000240,0,0,19,1160.0,,15.0
simu5g_00000240,0,0,20,1160.0,,15.0
simu5g_00000240,0,0,21,1128.0,,14.0
simu5g_00000240,0,0,22,1160.0,,15.0
simu5g_00000240,0,0,23,1160.0,,15.0
simu5g_00000240,0,0,24,1160.0,,15.0
simu5g_00000240,1,1,0,1160.0,,15.0
simu5g_00000240,1,1,1,984.0,,13.0
simu5g_00000240,1,1,2,984.0,,13.0
simu5g_00000240,1,1,3,1160.0,,15.0
simu5g_00000240,1,1,4,984.0,,13.0
simu5g_00000240,1,1,5,1128.0,,14.0
simu5g_00000240,1,1,6,1128.0,,14.0
simu5g_00000240,1,1,7,888.0,,12.0
simu5g_00000240,1,1,8,704.0,,10.0
simu5g_00000240,1,1,9,1128.0,,14.0
simu5g_00000240,1,1,10,1128.0,,14.0
simu5g_00000240,1,1,11,1128.0,,14.0
simu5g_00000240,1,1,12,1128.0,,14.0
simu5g_00000240,1,1,13,1160.0,,15.0
simu5g_00000240,1,1,14,1160.0,,15.0
simu5g_00000240,1,1,15,1160.0,,15.0
simu5g_00000240,1,1,16,1128.0,,14.0
simu5g_00000240,1,1,17,1128.0,,14.0
simu5g_00000240,1,1,18,1128.0,,14.0
simu5g_00000240,1,1,19,1128.0,,14.0
simu5g_00000240,1,1,20,1160.0,,15.0
simu5g_00000240,1,1,21,608.0,,9.0
simu5g_00000240,1,1,22,1128.0,,14.0
simu5g_00000240,1,1,23,984.0,,13.0
simu5g_00000240,1,1,24,1128.0,,14.0
simu5g_00000240,2,2,0,1160.0,,15.0
simu5g_00000240,2,2,1,1160.0,,15.0
simu5g_00000240,2,2,2,1160.0,,15.0
simu5g_00000240,2,2,3,1160.0,,15.0
simu5g_00000240,2,2,4,1160.0,,15.0
simu5g_00000240,2,2,5,1128.0,,14.0
simu5g_00000240,2,2,6,1160.0,,15.0
simu5g_00000240,2,2,7,984.0,,13.0
simu5g_00000240,2,2,8,1160.0,,15.0
simu5g_00000240,2,2,9,1160.0,,15.0
simu5g_00000240,2,2,10,1160.0,,15.0
simu5g_00000240,2,2,11,984.0,,13.0
simu5g_00000240,2,2,12,1160.0,,15.0
simu5g_00000240,2,2,13,1160.0,,15.0
simu5g_00000240,2,2,14,1160.0,,15.0
simu5g_00000240,2,2,15,1160.0,,15.0
simu5g_00000240,2,2,16,1128.0,,14.0
simu5g_00000240,2,2,17,1160.0,,15.0
simu5g_00000240,2,2,18,1160.0,,15.0
simu5g_00000240,2,2,19,1160.0,,15.0
simu5g_00000240,2,2,20,1160.0,,15.0
simu5g_00000240,2,2,21,1160.0,,15.0
simu5g_00000240,2,2,22,1128.0,,14.0
simu5g_00000240,2,2,23,1160.0,,15.0
simu5g_00000240,2,2,24,1128.0,,14.0
simu5g_00000240,3,3,0,984.0,,13.0
simu5g_00000240,3,3,1,1160.0,,15.0
simu5g_00000240,3,3,2,984.0,,13.0
simu5g_00000240,3,3,3,984.0,,13.0
simu5g_00000240,3,3,4,1128.0,,14.0
simu5g_00000240,3,3,5,1128.0,,14.0
simu5g_00000240,3,3,6,1128.0,,14.0
simu5g_00000240,3,3,7,984.0,,13.0
simu5g_00000240,3,3,8,608.0,,9.0
simu5g_00000240,3,3,9,608.0,,9.0
simu5g_00000240,3,3,10,1128.0,,14.0
simu5g_00000240,3,3,11,984.0,,13.0
simu5g_00000240,3,3,12,1128.0,,14.0
simu5g_00000240,3,3,13,1128.0,,14.0
simu5g_00000240,3,3,14,1128.0,,14.0
simu5g_00000240,3,3,15,1128.0,,14.0
simu5g_00000240,3,3,16,1128.0,,14.0
simu5g_00000240,3,3,17,1128.0,,14.0
simu5g_00000240,3,3,18,1128.0,,14.0
simu5g_00000240,3,3,19,1128.0,,14.0
simu5g_00000240,3,3,20,1128.0,,14.0
simu5g_00000240,3,3,21,984.0,,13.0
simu5g_00000240,3,3,22,888.0,,12.0
simu5g_00000240,3,3,23,1128.0,,14.0
simu5g_00000240,3,3,24,888.0,,12.0
simu5g_00000241,15,0,0,1160.0,,15.0
simu5g_00000241,15,0,1,1160.0,,15.0
simu5g_00000241,15,0,2,1160.0,,15.0
simu5g_00000241,15,0,3,1160.0,,15.0
simu5g_00000241,15,0,4,1128.0,,14.0
simu5g_00000241,15,0,5,984.0,,13.0
simu5g_00000241,15,0,6,1160.0,,15.0
simu5g_00000241,15,0,7,1160.0,,15.0
simu5g_00000241,15,0,8,1160.0,,15.0
simu5g_00000241,15,0,9,1160.0,,15.0
simu5g_00000241,15,0,10,1160.0,,15.0
simu5g_00000241,15,0,11,1160.0,,15.0
simu5g_00000241,15,0,12,1128.0,,14.0
simu5g_00000241,15,0,13,1160.0,,15.0
simu5g_00000241,15,0,14,1160.0,,15.0
simu5g_00000241,15,0,15,1160.0,,15.0
simu5g_00000241,15,0,16,1160.0,,15.0
simu5g_00000241,15,0,17,1160.0,,15.0
simu5g_00000241,15,0,18,1160.0,,15.0
simu5g_00000241,15,0,19,1160.0,,15.0
simu5g_00000241,15,0,20,1160.0,,15.0
simu5g_00000241,15,0,21,1160.0,,15.0
simu5g_00000241,15,0,22,1160.0,,15.0
simu5g_00000241,15,0,23,1160.0,,15.0
simu5g_00000241,15,0,24,1160.0,,15.0
simu5g_00000241,31,1,0,888.0,,12.0
simu5g_00000241,31,1,1,808.0,,11.0
simu5g_00000241,31,1,2,1128.0,,14.0
simu5g_00000241,31,1,3,1128.0,,14.0
simu5g_00000241,31,1,4,1128.0,,14.0
simu5g_00000241,31,1,5,984.0,,13.0
simu5g_00000241,31,1,6,1128.0,,14.0
simu5g_00000241,31,1,7,984.0,,13.0
simu5g_00000241,31,1,8,1160.0,,15.0
simu5g_00000241,31,1,9,1160.0,,15.0
simu5g_00000241,31,1,10,1128.0,,14.0
simu5g_00000241,31,1,11,984.0,,13.0
simu5g_00000241,31,1,12,368.0,,6.0
simu5g_00000241,31,1,13,1128.0,,14.0
simu5g_00000241,31,1,14,1160.0,,15.0
simu5g_00000241,31,1,15,1128.0,,14.0
simu5g_00000241,31,1,16,984.0,,13.0
simu5g_00000241,31,1,17,1160.0,,15.0
simu5g_00000241,31,1,18,1160.0,,15.0
simu5g_00000241,31,1,19,984.0,,13.0
simu5g_00000241,31,1,20,888.0,,12.0
simu5g_00000241,31,1,21,1128.0,,14.0
simu5g_00000241,31,1,22,984.0,,13.0
simu5g_00000241,31,1,23,1128.0,,14.0
simu5g_00000241,31,1,24,1160.0,,15.0
simu5g_00000242,0,0,0,1160.0,,15.0
simu5g_00000242,0,0,1,888.0,,12.0
simu5g_00000242,0,0,2,1160.0,,15.0
simu5g_00000242,0,0,3,1160.0,,15.0
simu5g_00000242,0,0,4,1160.0,,15.0
simu5g_00000242,0,0,5,1160.0,,15.0
simu5g_00000242,0,0,6,1160.0,,15.0
simu5g_00000242,0,0,7,1160.0,,15.0
simu5g_00000242,0,0,8,1128.0,,14.0
simu5g_00000242,0,0,9,1160.0,,15.0
simu5g_00000242,0,0,10,1160.0,,15.0
simu5g_00000242,0,0,11,1160.0,,15.0
simu5g_00000242,0,0,12,1160.0,,15.0
simu5g_00000242,0,0,13,1160.0,,15.0
simu5g_00000242,0,0,14,1160.0,,15.0
simu5g_00000242,0,0,15,1160.0,,15.0
simu5g_00000242,0,0,16,1160.0,,15.0
simu5g_00000242,0,0,17,1160.0,,15.0
simu5g_00000242,0,0,18,1160.0,,15.0
simu5g_00000242,0,0,19,1160.0,,15.0
simu5g_00000242,0,0,20,1160.0,,15.0
simu5g_00000242,0,0,21,1128.0,,14.0
simu5g_00000242,0,0,22,1160.0,,15.0
simu5g_00000242,0,0,23,1160.0,,15.0
simu5g_00000242,0,0,24,1160.0,,15.0
simu5g_00000242,1,1,0,1160.0,,15.0
simu5g_00000242,1,1,1,984.0,,13.0
simu5g_00000242,1,1,2,984.0,,13.0
simu5g_00000242,1,1,3,1160.0,,15.0
simu5g_00000242,1,1,4,984.0,,13.0
simu5g_00000242,1,1,5,1128.0,,14.0
simu5g_00000242,1,1,6,1128.0,,14.0
simu5g_00000242,1,1,7,888.0,,12.0
simu5g_00000242,1,1,8,704.0,,10.0
simu5g_00000242,1,1,9,1128.0,,14.0
simu5g_00000242,1,1,10,1128.0,,14.0
simu5g_00000242,1,1,11,1128.0,,14.0
simu5g_00000242,1,1,12,1128.0,,14.0
simu5g_00000242,1,1,13,1160.0,,15.0
simu5g_00000242,1,1,14,1160.0,,15.0
simu5g_00000242,1,1,15,1160.0,,15.0
simu5g_00000242,1,1,16,1128.0,,14.0
simu5g_00000242,1,1,17,1128.0,,14.0
simu5g_00000242,1,1,18,1128.0,,14.0
simu5g_00000242,1,1,19,1128.0,,14.0
simu5g_00000242,1,1,20,1160.0,,15.0
simu5g_00000242,1,1,21,608.0,,9.0
simu5g_00000242,1,1,22,1128.0,,14.0
simu5g_00000242,1,1,23,984.0,,13.0
simu5g_00000242,1,1,24,1128.0,,14.0
simu5g_00000242,2,2,0,1160.0,,15.0
simu5g_00000242,2,2,1,1160.0,,15.0
simu5g_00000242,2,2,2,1160.0,,15.0
simu5g_00000242,2,2,3,1160.0,,15.0
simu5g_00000242,2,2,4,1160.0,,15.0
simu5g_00000242,2,2,5,1128.0,,14.0
simu5g_00000242,2,2,6,1160.0,,15.0
simu5g_00000242,2,2,7,984.0,,13.0
simu5g_00000242,2,2,8,1160.0,,15.0
simu5g_00000242,2,2,9,1160.0,,15.0
simu5g_00000242,2,2,10,1160.0,,15.0
simu5g_00000242,2,2,11,984.0,,13.0
simu5g_00000242,2,2,12,1160.0,,15.0
simu5g_00000242,2,2,13,1160.0,,15.0
simu5g_00000242,2,2,14,1160.0,,15.0
simu5g_00000242,2,2,15,1160.0,,15.0
simu5g_00000242,2,2,16,1128.0,,14.0
simu5g_00000242,2,2,17,1160.0,,15.0
simu5g_00000242,2,2,18,1160.0,,15.0
simu5g_00000242,2,2,19,1160.0,,15.0
simu5g_00000242,2,2,20,1160.0,,15.0
simu5g_00000242,2,2,21,1160.0,,15.0
simu5g_00000242,2,2,22,1128.0,,14.0
simu5g_00000242,2,2,23,1160.0,,15.0
simu5g_00000242,2,2,24,1128.0,,14.0
simu5g_00000242,3,3,0,984.0,,13.0
simu5g_00000242,3,3,1,1160.0,,15.0
simu5g_00000242,3,3,2,984.0,,13.0
simu5g_00000242,3,3,3,984.0,,13.0
simu5g_00000242,3,3,4,1128.0,,14.0
simu5g_00000242,3,3,5,1128.0,,14.0
simu5g_00000242,3,3,6,1128.0,,14.0
simu5g_00000242,3,3,7,984.0,,13.0
simu5g_00000242,3,3,8,608.0,,9.0
simu5g_00000242,3,3,9,608.0,,9.0
simu5g_00000242,3,3,10,1128.0,,14.0
simu5g_00000242,3,3,11,984.0,,13.0
simu5g_00000242,3,3,12,1128.0,,14.0
simu5g_00000242,3,3,13,1128.0,,14.0
simu5g_00000242,3,3,14,1128.0,,14.0
simu5g_00000242,3,3,15,1128.0,,14.0
simu5g_00000242,3,3,16,1128.0,,14.0
simu5g_00000242,3,3,17,1128.0,,14.0
simu5g_00000242,3,3,18,1128.0,,14.0
simu5g_00000242,3,3,19,1128.0,,14.0
simu5g_00000242,3,3,20,1128.0,,14.0
simu5g_00000242,3,3,21,984.0,,13.0
simu5g_00000242,3,3,22,888.0,,12.0
simu5g_00000242,3,3,23,1128.0,,14.0
simu5g_00000242,3,3,24,888.0,,12.0
simu5g_00000243,15,0,0,1160.0,,15.0
simu5g_00000243,15,0,1,1160.0,,15.0
simu5g_00000243,15,0,2,1160.0,,15.0
simu5g_00000243,15,0,3,1160.0,,15.0
simu5g_00000243,15,0,4,1128.0,,14.0
simu5g_00000243,15,0,5,984.0,,13.0
simu5g_00000243,15,0,6,1160.0,,15.0
simu5g_00000243,15,0,7,1160.0,,15.0
simu5g_00000243,15,0,8,1160.0,,15.0
simu5g_00000243,15,0,9,1160.0,,15.0
simu5g_00000243,15,0,10,1160.0,,15.0
simu5g_00000243,15,0,11,1160.0,,15.0
simu5g_00000243,15,0,12,1128.0,,14.0
simu5g_00000243,15,0,13,1160.0,,15.0
simu5g_00000243,15,0,14,1160.0,,15.0
simu5g_00000243,15,0,15,1160.0,,15.0
simu5g_00000243,15,0,16,1160.0,,15.0
simu5g_00000243,15,0,17,1160.0,,15.0
simu5g_00000243,15,0,18,1160.0,,15.0
simu5g_00000243,15,0,19,1160.0,,15.0
simu5g_00000243,15,0,20,1160.0,,15.0
simu5g_00000243,15,0,21,1160.0,,15.0
simu5g_00000243,15,0,22,1160.0,,15.0
simu5g_00000243,15,0,23,1160.0,,15.0
simu5g_00000243,15,0,24,1160.0,,15.0
simu5g_00000243,31,1,0,608.0,,9.0
simu5g_00000243,31,1,1,608.0,,9.0
simu5g_00000243,31,1,2,984.0,,13.0
simu5g_00000243,31,1,3,984.0,,13.0
simu5g_00000243,31,1,4,984.0,,13.0
simu5g_00000243,31,1,5,888.0,,12.0
simu5g_00000243,31,1,6,984.0,,13.0
simu5g_00000243,31,1,7,808.0,,11.0
simu5g_00000243,31,1,8,1128.0,,14.0
simu5g_00000243,31,1,9,1128.0,,14.0
simu5g_00000243,31,1,10,984.0,,13.0
simu5g_00000243,31,1,11,808.0,,11.0
simu5g_00000243,31,1,12,304.0,,5.0
simu5g_00000243,31,1,13,984.0,,13.0
simu5g_00000243,31,1,14,1128.0,,14.0
simu5g_00000243,31,1,15,1128.0,,14.0
simu5g_00000243,31,1,16,808.0,,11.0
simu5g_00000243,31,1,17,1128.0,,14.0
simu5g_00000243,31,1,18,1128.0,,14.0
simu5g_00000243,31,1,19,808.0,,11.0
simu5g_00000243,31,1,20,608.0,,9.0
simu5g_00000243,31,1,21,984.0,,13.0
simu5g_00000243,31,1,22,808.0,,11.0
simu5g_00000243,31,1,23,1128.0,,14.0
simu5g_00000243,31,1,24,1128.0,,14.0
simu5g_00000244,0,0,0,1160.0,,15.0
simu5g_00000244,0,0,1,888.0,,12.0
simu5g_00000244,0,0,2,1160.0,,15.0
simu5g_00000244,0,0,3,1160.0,,15.0
simu5g_00000244,0,0,4,1160.0,,15.0
simu5g_00000244,0,0,5,1160.0,,15.0
simu5g_00000244,0,0,6,1160.0,,15.0
simu5g_00000244,0,0,7,1160.0,,15.0
simu5g_00000244,0,0,8,1128.0,,14.0
simu5g_00000244,0,0,9,1160.0,,15.0
simu5g_00000244,0,0,10,1160.0,,15.0
simu5g_00000244,0,0,11,1160.0,,15.0
simu5g_00000244,0,0,12,1160.0,,15.0
simu5g_00000244,0,0,13,1160.0,,15.0
simu5g_00000244,0,0,14,1160.0,,15.0
simu5g_00000244,0,0,15,1160.0,,15.0
simu5g_00000244,0,0,16,1160.0,,15.0
simu5g_00000244,0,0,17,1160.0,,15.0
simu5g_00000244,0,0,18,1160.0,,15.0
simu5g_00000244,0,0,19,1160.0,,15.0
simu5g_00000244,0,0,20,1160.0,,15.0
simu5g_00000244,0,0,21,1128.0,,14.0
simu5g_00000244,0,0,22,1160.0,,15.0
simu5g_00000244,0,0,23,1160.0,,15.0
simu5g_00000244,0,0,24,1160.0,,15.0
simu5g_00000244,1,1,0,1160.0,,15.0
simu5g_00000244,1,1,1,984.0,,13.0
simu5g_00000244,1,1,2,984.0,,13.0
simu5g_00000244,1,1,3,1160.0,,15.0
simu5g_00000244,1,1,4,1128.0,,14.0
simu5g_00000244,1,1,5,1128.0,,14.0
simu5g_00000244,1,1,6,1128.0,,14.0
simu5g_00000244,1,1,7,888.0,,12.0
simu5g_00000244,1,1,8,704.0,,10.0
simu5g_00000244,1,1,9,1128.0,,14.0
simu5g_00000244,1,1,10,1128.0,,14.0
simu5g_00000244,1,1,11,1128.0,,14.0
simu5g_00000244,1,1,12,1128.0,,14.0
simu5g_00000244,1,1,13,1160.0,,15.0
simu5g_00000244,1,1,14,1160.0,,15.0
simu5g_00000244,1,1,15,1160.0,,15.0
simu5g_00000244,1,1,16,1128.0,,14.0
simu5g_00000244,1,1,17,1128.0,,14.0
simu5g_00000244,1,1,18,1128.0,,14.0
simu5g_00000244,1,1,19,1128.0,,14.0
simu5g_00000244,1,1,20,1160.0,,15.0
simu5g_00000244,1,1,21,608.0,,9.0
simu5g_00000244,1,1,22,1128.0,,14.0
simu5g_00000244,1,1,23,984.0,,13.0
simu5g_00000244,1,1,24,1128.0,,14.0
simu5g_00000244,2,2,0,1160.0,,15.0
simu5g_00000244,2,2,1,1160.0,,15.0
simu5g_00000244,2,2,2,1160.0,,15.0
simu5g_00000244,2,2,3,1160.0,,15.0
simu5g_00000244,2,2,4,1160.0,,15.0
simu5g_00000244,2,2,5,1128.0,,14.0
simu5g_00000244,2,2,6,1160.0,,15.0
simu5g_00000244,2,2,7,984.0,,13.0
simu5g_00000244,2,2,8,1160.0,,15.0
simu5g_00000244,2,2,9,1160.0,,15.0
simu5g_00000244,2,2,10,1160.0,,15.0
simu5g_00000244,2,2,11,984.0,,13.0
simu5g_00000244,2,2,12,1160.0,,15.0
simu5g_00000244,2,2,13,1160.0,,15.0
simu5g_00000244,2,2,14,1160.0,,15.0
simu5g_00000244,2,2,15,1160.0,,15.0
simu5g_00000244,2,2,16,1128.0,,14.0
simu5g_00000244,2,2,17,1160.0,,15.0
simu5g_00000244,2,2,18,1160.0,,15.0
simu5g_00000244,2,2,19,1160.0,,15.0
simu5g_00000244,2,2,20,1160.0,,15.0
simu5g_00000244,2,2,21,1160.0,,15.0
simu5g_00000244,2,2,22,1128.0,,14.0
simu5g_00000244,2,2,23,1160.0,,15.0
simu5g_00000244,2,2,24,1128.0,,14.0
simu5g_00000244,3,3,0,984.0,,13.0
simu5g_00000244,3,3,1,1160.0,,15.0
simu5g_00000244,3,3,2,984.0,,13.0
simu5g_00000244,3,3,3,984.0,,13.0
simu5g_00000244,3,3,4,1128.0,,14.0
simu5g_00000244,3,3,5,1128.0,,14.0
simu5g_00000244,3,3,6,1128.0,,14.0
simu5g_00000244,3,3,7,984.0,,13.0
simu5g_00000244,3,3,8,608.0,,9.0
simu5g_00000244,3,3,9,608.0,,9.0
simu5g_00000244,3,3,10,1128.0,,14.0
simu5g_00000244,3,3,11,984.0,,13.0
simu5g_00000244,3,3,12,1128.0,,14.0
simu5g_00000244,3,3,13,1128.0,,14.0
simu5g_00000244,3,3,14,1128.0,,14.0
simu5g_00000244,3,3,15,1128.0,,14.0
simu5g_00000244,3,3,16,1128.0,,14.0
simu5g_00000244,3,3,17,1128.0,,14.0
simu5g_00000244,3,3,18,1128.0,,14.0
simu5g_00000244,3,3,19,1128.0,,14.0
simu5g_00000244,3,3,20,1128.0,,14.0
simu5g_00000244,3,3,21,984.0,,13.0
simu5g_00000244,3,3,22,888.0,,12.0
simu5g_00000244,3,3,23,1128.0,,14.0
simu5g_00000244,3,3,24,888.0,,12.0
simu5g_00000245,15,0,0,1160.0,,15.0
simu5g_00000245,15,0,1,1160.0,,15.0
simu5g_00000245,15,0,2,1160.0,,15.0
simu5g_00000245,15,0,3,1160.0,,15.0
simu5g_00000245,15,0,4,1128.0,,14.0
simu5g_00000245,15,0,5,984.0,,13.0
simu5g_00000245,15,0,6,1160.0,,15.0
simu5g_00000245,15,0,7,1160.0,,15.0
simu5g_00000245,15,0,8,1160.0,,15.0
simu5g_00000245,15,0,9,1160.0,,15.0
simu5g_00000245,15,0,10,1160.0,,15.0
simu5g_00000245,15,0,11,1160.0,,15.0
simu5g_00000245,15,0,12,1128.0,,14.0
simu5g_00000245,15,0,13,1160.0,,15.0
simu5g_00000245,15,0,14,1160.0,,15.0
simu5g_00000245,15,0,15,1160.0,,15.0
simu5g_00000245,15,0,16,1160.0,,15.0
simu5g_00000245,15,0,17,1160.0,,15.0
simu5g_00000245,15,0,18,1160.0,,15.0
simu5g_00000245,15,0,19,1160.0,,15.0
simu5g_00000245,15,0,20,1160.0,,15.0
simu5g_00000245,15,0,21,1160.0,,15.0
simu5g_00000245,15,0,22,1160.0,,15.0
simu5g_00000245,15,0,23,1160.0,,15.0
simu5g_00000245,15,0,24,1160.0,,15.0
simu5g_00000245,31,1,0,608.0,,9.0
simu5g_00000245,31,1,1,608.0,,9.0
simu5g_00000245,31,1,2,984.0,,13.0
simu5g_00000245,31,1,3,984.0,,13.0
simu5g_00000245,31,1,4,984.0,,13.0
simu5g_00000245,31,1,5,888.0,,12.0
simu5g_00000245,31,1,6,1128.0,,14.0
simu5g_00000245,31,1,7,888.0,,12.0
simu5g_00000245,31,1,8,1128.0,,14.0
simu5g_00000245,31,1,9,1128.0,,14.0
simu5g_00000245,31,1,10,984.0,,13.0
simu5g_00000245,31,1,11,808.0,,11.0
simu5g_00000245,31,1,12,304.0,,5.0
simu5g_00000245,31,1,13,984.0,,13.0
simu5g_00000245,31,1,14,1128.0,,14.0
simu5g_00000245,31,1,15,1128.0,,14.0
simu5g_00000245,31,1,16,808.0,,11.0
simu5g_00000245,31,1,17,1128.0,,14.0
simu5g_00000245,31,1,18,1128.0,,14.0
simu5g_00000245,31,1,19,808.0,,11.0
simu5g_00000245,31,1,20,608.0,,9.0
simu5g_00000245,31,1,21,984.0,,13.0
simu5g_00000245,31,1,22,808.0,,11.0
simu5g_00000245,31,1,23,1128.0,,14.0
simu5g_00000245,31,1,24,1128.0,,14.0
simu5g_00000246,0,0,0,1160.0,,15.0
simu5g_00000246,0,0,1,888.0,,12.0
simu5g_00000246,0,0,2,1160.0,,15.0
simu5g_00000246,0,0,3,1160.0,,15.0
simu5g_00000246,0,0,4,1160.0,,15.0
simu5g_00000246,0,0,5,1160.0,,15.0
simu5g_00000246,0,0,6,1160.0,,15.0
simu5g_00000246,0,0,7,1160.0,,15.0
simu5g_00000246,0,0,8,1128.0,,14.0
simu5g_00000246,0,0,9,1160.0,,15.0
simu5g_00000246,0,0,10,1160.0,,15.0
simu5g_00000246,0,0,11,1160.0,,15.0
simu5g_00000246,0,0,12,1160.0,,15.0
simu5g_00000246,0,0,13,1160.0,,15.0
simu5g_00000246,0,0,14,1160.0,,15.0
simu5g_00000246,0,0,15,1160.0,,15.0
simu5g_00000246,0,0,16,1160.0,,15.0
simu5g_00000246,0,0,17,1160.0,,15.0
simu5g_00000246,0,0,18,1160.0,,15.0
simu5g_00000246,0,0,19,1160.0,,15.0
simu5g_00000246,0,0,20,1160.0,,15.0
simu5g_00000246,0,0,21,1128.0,,14.0
simu5g_00000246,0,0,22,1160.0,,15.0
simu5g_00000246,0,0,23,1160.0,,15.0
simu5g_00000246,0,0,24,1160.0,,15.0
simu5g_00000246,1,1,0,1160.0,,15.0
simu5g_00000246,1,1,1,984.0,,13.0
simu5g_00000246,1,1,2,984.0,,13.0
simu5g_00000246,1,1,3,1160.0,,15.0
simu5g_00000246,1,1,4,1128.0,,14.0
simu5g_00000246,1,1,5,1128.0,,14.0
simu5g_00000246,1,1,6,1128.0,,14.0
simu5g_00000246,1,1,7,888.0,,12.0
simu5g_00000246,1,1,8,704.0,,10.0
simu5g_00000246,1,1,9,1128.0,,14.0
simu5g_00000246,1,1,10,1128.0,,14.0
simu5g_00000246,1,1,11,1128.0,,14.0
simu5g_00000246,1,1,12,1128.0,,14.0
simu5g_00000246,1,1,13,1160.0,,15.0
simu5g_00000246,1,1,14,1160.0,,15.0
simu5g_00000246,1,1,15,1160.0,,15.0
simu5g_00000246,1,1,16,1128.0,,14.0
simu5g_00000246,1,1,17,1128.0,,14.0
simu5g_00000246,1,1,18,1128.0,,14.0
simu5g_00000246,1,1,19,1128.0,,14.0
simu5g_00000246,1,1,20,1160.0,,15.0
simu5g_00000246,1,1,21,608.0,,9.0
simu5g_00000246,1,1,22,1128.0,,14.0
simu5g_00000246,1,1,23,984.0,,13.0
simu5g_00000246,1,1,24,1128.0,,14.0
simu5g_00000246,2,2,0,1160.0,,15.0
simu5g_00000246,2,2,1,1160.0,,15.0
simu5g_00000246,2,2,2,1160.0,,15.0
simu5g_00000246,2,2,3,1160.0,,15.0
simu5g_00000246,2,2,4,1160.0,,15.0
simu5g_00000246,2,2,5,1128.0,,14.0
simu5g_00000246,2,2,6,1160.0,,15.0
simu5g_00000246,2,2,7,984.0,,13.0
simu5g_00000246,2,2,8,1160.0,,15.0
simu5g_00000246,2,2,9,1160.0,,15.0
simu5g_00000246,2,2,10,1160.0,,15.0
simu5g_00000246,2,2,11,984.0,,13.0
simu5g_00000246,2,2,12,1160.0,,15.0
simu5g_00000246,2,2,13,1160.0,,15.0
simu5g_00000246,2,2,14,1160.0,,15.0
simu5g_00000246,2,2,15,1160.0,,15.0
simu5g_00000246,2,2,16,1128.0,,14.0
simu5g_00000246,2,2,17,1160.0,,15.0
simu5g_00000246,2,2,18,1160.0,,15.0
simu5g_00000246,2,2,19,1160.0,,15.0
simu5g_00000246,2,2,20,1160.0,,15.0
simu5g_00000246,2,2,21,1160.0,,15.0
simu5g_00000246,2,2,22,1128.0,,14.0
simu5g_00000246,2,2,23,1160.0,,15.0
simu5g_00000246,2,2,24,1128.0,,14.0
simu5g_00000246,3,3,0,984.0,,13.0
simu5g_00000246,3,3,1,1160.0,,15.0
simu5g_00000246,3,3,2,984.0,,13.0
simu5g_00000246,3,3,3,984.0,,13.0
simu5g_00000246,3,3,4,1128.0,,14.0
simu5g_00000246,3,3,5,1128.0,,14.0
simu5g_00000246,3,3,6,1128.0,,14.0
simu5g_00000246,3,3,7,984.0,,13.0
simu5g_00000246,3,3,8,608.0,,9.0
simu5g_00000246,3,3,9,608.0,,9.0
simu5g_00000246,3,3,10,1128.0,,14.0
simu5g_00000246,3,3,11,984.0,,13.0
simu5g_00000246,3,3,12,1128.0,,14.0
simu5g_00000246,3,3,13,1128.0,,14.0
simu5g_00000246,3,3,14,1128.0,,14.0
simu5g_00000246,3,3,15,1128.0,,14.0
simu5g_00000246,3,3,16,1128.0,,14.0
simu5g_00000246,3,3,17,1128.0,,14.0
simu5g_00000246,3,3,18,1128.0,,14.0
simu5g_00000246,3,3,19,1128.0,,14.0
simu5g_00000246,3,3,20,1128.0,,14.0
simu5g_00000246,3,3,21,984.0,,13.0
simu5g_00000246,3,3,22,888.0,,12.0
simu5g_00000246,3,3,23,1128.0,,14.0
simu5g_00000246,3,3,24,888.0,,12.0
simu5g_00000247,15,0,0,1160.0,,15.0
simu5g_00000247,15,0,1,1160.0,,15.0
simu5g_00000247,15,0,2,1160.0,,15.0
simu5g_00000247,15,0,3,1160.0,,15.0
simu5g_00000247,15,0,4,1128.0,,14.0
simu5g_00000247,15,0,5,984.0,,13.0
simu5g_00000247,15,0,6,1160.0,,15.0
simu5g_00000247,15,0,7,1160.0,,15.0
simu5g_00000247,15,0,8,1160.0,,15.0
simu5g_00000247,15,0,9,1160.0,,15.0
simu5g_00000247,15,0,10,1160.0,,15.0
simu5g_00000247,15,0,11,1160.0,,15.0
simu5g_00000247,15,0,12,1128.0,,14.0
simu5g_00000247,15,0,13,1160.0,,15.0
simu5g_00000247,15,0,14,1160.0,,15.0
simu5g_00000247,15,0,15,1160.0,,15.0
simu5g_00000247,15,0,16,1160.0,,15.0
simu5g_00000247,15,0,17,1160.0,,15.0
simu5g_00000247,15,0,18,1160.0,,15.0
simu5g_00000247,15,0,19,1160.0,,15.0
simu5g_00000247,15,0,20,1160.0,,15.0
simu5g_00000247,15,0,21,1160.0,,15.0
simu5g_00000247,15,0,22,1160.0,,15.0
simu5g_00000247,15,0,23,1160.0,,15.0
simu5g_00000247,15,0,24,1160.0,,15.0
simu5g_00000247,31,1,0,608.0,,9.0
simu5g_00000247,31,1,1,608.0,,9.0
simu5g_00000247,31,1,2,984.0,,13.0
simu5g_00000247,31,1,3,984.0,,13.0
simu5g_00000247,31,1,4,984.0,,13.0
simu5g_00000247,31,1,5,888.0,,12.0
simu5g_00000247,31,1,6,1128.0,,14.0
simu5g_00000247,31,1,7,888.0,,12.0
simu5g_00000247,31,1,8,1128.0,,14.0
simu5g_00000247,31,1,9,1128.0,,14.0
simu5g_00000247,31,1,10,984.0,,13.0
simu5g_00000247,31,1,11,808.0,,11.0
simu5g_00000247,31,1,12,304.0,,5.0
simu5g_00000247,31,1,13,984.0,,13.0
simu5g_00000247,31,1,14,1128.0,,14.0
simu5g_00000247,31,1,15,1128.0,,14.0
simu5g_00000247,31,1,16,808.0,,11.0
simu5g_00000247,31,1,17,1128.0,,14.0
simu5g_00000247,31,1,18,1128.0,,14.0
simu5g_00000247,31,1,19,808.0,,11.0
simu5g_00000247,31,1,20,608.0,,9.0
simu5g_00000247,31,1,21,984.0,,13.0
simu5g_00000247,31,1,22,808.0,,11.0
simu5g_00000247,31,1,23,1128.0,,14.0
simu5g_00000247,31,1,24,1128.0,,14.0
simu5g_00000248,0,0,0,1160.0,,15.0
simu5g_00000248,0,0,1,984.0,,13.0
simu5g_00000248,0,0,2,1160.0,,15.0
simu5g_00000248,0,0,3,1160.0,,15.0
simu5g_00000248,0,0,4,1160.0,,15.0
simu5g_00000248,0,0,5,1160.0,,15.0
simu5g_00000248,0,0,6,1160.0,,15.0
simu5g_00000248,0,0,7,1160.0,,15.0
simu5g_00000248,0,0,8,1128.0,,14.0
simu5g_00000248,0,0,9,1160.0,,15.0
simu5g_00000248,0,0,10,1160.0,,15.0
simu5g_00000248,0,0,11,1160.0,,15.0
simu5g_00000248,0,0,12,1160.0,,15.0
simu5g_00000248,0,0,13,1160.0,,15.0
simu5g_00000248,0,0,14,1160.0,,15.0
simu5g_00000248,0,0,15,1160.0,,15.0
simu5g_00000248,0,0,16,1160.0,,15.0
simu5g_00000248,0,0,17,1160.0,,15.0
simu5g_00000248,0,0,18,1160.0,,15.0
simu5g_00000248,0,0,19,1160.0,,15.0
simu5g_00000248,0,0,20,1160.0,,15.0
simu5g_00000248,0,0,21,1128.0,,14.0
simu5g_00000248,0,0,22,1160.0,,15.0
simu5g_00000248,0,0,23,1160.0,,15.0
simu5g_00000248,0,0,24,1160.0,,15.0
simu5g_00000248,1,1,0,1160.0,,15.0
simu5g_00000248,1,1,1,1128.0,,14.0
simu5g_00000248,1,1,2,1128.0,,14.0
simu5g_00000248,1,1,3,1160.0,,15.0
simu5g_00000248,1,1,4,1128.0,,14.0
simu5g_00000248,1,1,5,1160.0,,15.0
simu5g_00000248,1,1,6,1128.0,,14.0
simu5g_00000248,1,1,7,888.0,,12.0
simu5g_00000248,1,1,8,808.0,,11.0
simu5g_00000248,1,1,9,1128.0,,14.0
simu5g_00000248,1,1,10,1128.0,,14.0
simu5g_00000248,1,1,11,1128.0,,14.0
simu5g_00000248,1,1,12,1128.0,,14.0
simu5g_00000248,1,1,13,1160.0,,15.0
simu5g_00000248,1,1,14,1160.0,,15.0
simu5g_00000248,1,1,15,1160.0,,15.0
simu5g_00000248,1,1,16,1128.0,,14.0
simu5g_00000248,1,1,17,1128.0,,14.0
simu5g_00000248,1,1,18,1128.0,,14.0
simu5g_00000248,1,1,19,1128.0,,14.0
simu5g_00000248,1,1,20,1160.0,,15.0
simu5g_00000248,1,1,21,608.0,,9.0
simu5g_00000248,1,1,22,1160.0,,15.0
simu5g_00000248,1,1,23,984.0,,13.0
simu5g_00000248,1,1,24,1128.0,,14.0
simu5g_00000248,2,2,0,1160.0,,15.0
simu5g_00000248,2,2,1,1160.0,,15.0
simu5g_00000248,2,2,2,1160.0,,15.0
simu5g_00000248,2,2,3,1160.0,,15.0
simu5g_00000248,2,2,4,1160.0,,15.0
simu5g_00000248,2,2,5,1128.0,,14.0
simu5g_00000248,2,2,6,1160.0,,15.0
simu5g_00000248,2,2,7,984.0,,13.0
simu5g_00000248,2,2,8,1160.0,,15.0
simu5g_00000248,2,2,9,1160.0,,15.0
simu5g_00000248,2,2,10,1160.0,,15.0
simu5g_00000248,2,2,11,984.0,,13.0
simu5g_00000248,2,2,12,1160.0,,15.0
simu5g_00000248,2,2,13,1160.0,,15.0
simu5g_00000248,2,2,14,1160.0,,15.0
simu5g_00000248,2,2,15,1160.0,,15.0
simu5g_00000248,2,2,16,1128.0,,14.0
simu5g_00000248,2,2,17,1160.0,,15.0
simu5g_00000248,2,2,18,1160.0,,15.0
simu5g_00000248,2,2,19,1160.0,,15.0
simu5g_00000248,2,2,20,1160.0,,15.0
simu5g_00000248,2,2,21,1160.0,,15.0
simu5g_00000248,2,2,22,1128.0,,14.0
simu5g_00000248,2,2,23,1160.0,,15.0
simu5g_00000248,2,2,24,1128.0,,14.0
simu5g_00000248,3,3,0,808.0,,11.0
simu5g_00000248,3,3,1,1128.0,,14.0
simu5g_00000248,3,3,2,888.0,,12.0
simu5g_00000248,3,3,3,984.0,,13.0
simu5g_00000248,3,3,4,1128.0,,14.0
simu5g_00000248,3,3,5,984.0,,13.0
simu5g_00000248,3,3,6,984.0,,13.0
simu5g_00000248,3,3,7,984.0,,13.0
simu5g_00000248,3,3,8,432.0,,7.0
simu5g_00000248,3,3,9,432.0,,7.0
simu5g_00000248,3,3,10,984.0,,13.0
simu5g_00000248,3,3,11,888.0,,12.0
simu5g_00000248,3,3,12,984.0,,13.0
simu5g_00000248,3,3,13,984.0,,13.0
simu5g_00000248,3,3,14,1128.0,,14.0
simu5g_00000248,3,3,15,984.0,,13.0
simu5g_00000248,3,3,16,984.0,,13.0
simu5g_00000248,3,3,17,984.0,,13.0
simu5g_00000248,3,3,18,984.0,,13.0
simu5g_00000248,3,3,19,984.0,,13.0
simu5g_00000248,3,3,20,984.0,,13.0
simu5g_00000248,3,3,21,808.0,,11.0
simu5g_00000248,3,3,22,704.0,,10.0
simu5g_00000248,3,3,23,984.0,,13.0
simu5g_00000248,3,3,24,704.0,,10.0
simu5g_00000249,15,0,0,1160.0,,15.0
simu5g_00000249,15,0,1,1160.0,,15.0
simu5g_00000249,15,0,2,1160.0,,15.0
simu5g_00000249,15,0,3,1160.0,,15.0
simu5g_00000249,15,0,4,1128.0,,14.0
simu5g_00000249,15,0,5,984.0,,13.0
simu5g_00000249,15,0,6,1160.0,,15.0
simu5g_00000249,15,0,7,1160.0,,15.0
simu5g_00000249,15,0,8,1160.0,,15.0
simu5g_00000249,15,0,9,1160.0,,15.0
simu5g_00000249,15,0,10,1160.0,,15.0
simu5g_00000249,15,0,11,1160.0,,15.0
simu5g_00000249,15,0,12,1128.0,,14.0
simu5g_00000249,15,0,13,1160.0,,15.0
simu5g_00000249,15,0,14,1160.0,,15.0
simu5g_00000249,15,0,15,1160.0,,15.0
simu5g_00000249,15,0,16,1160.0,,15.0
simu5g_00000249,15,0,17,1160.0,,15.0
simu5g_00000249,15,0,18,1160.0,,15.0
simu5g_00000249,15,0,19,1160.0,,15.0
simu5g_00000249,15,0,20,1160.0,,15.0
simu5g_00000249,15,0,21,1160.0,,15.0
simu5g_00000249,15,0,22,1160.0,,15.0
simu5g_00000249,15,0,23,1160.0,,15.0
simu5g_00000249,15,0,24,1160.0,,15.0
simu5g_00000249,31,1,0,608.0,,9.0
simu5g_00000249,31,1,1,608.0,,9.0
simu5g_00000249,31,1,2,984.0,,13.0
simu5g_00000249,31,1,3,984.0,,13.0
simu5g_00000249,31,1,4,984.0,,13.0
simu5g_00000249,31,1,5,888.0,,12.0
simu5g_00000249,31,1,6,1128.0,,14.0
simu5g_00000249,31,1,7,888.0,,12.0
simu5g_00000249,31,1,8,1128.0,,14.0
simu5g_00000249,31,1,9,1128.0,,14.0
simu5g_00000249,31,1,10,984.0,,13.0
simu5g_00000249,31,1,11,808.0,,11.0
simu5g_00000249,31,1,12,304.0,,5.0
simu5g_00000249,31,1,13,984.0,,13.0
simu5g_00000249,31,1,14,1128.0,,14.0
simu5g_00000249,31,1,15,1128.0,,14.0
simu5g_00000249,31,1,16,808.0,,11.0
simu5g_00000249,31,1,17,1128.0,,14.0
simu5g_00000249,31,1,18,1160.0,,15.0
simu5g_00000249,31,1,19,808.0,,11.0
simu5g_00000249,31,1,20,608.0,,9.0
simu5g_00000249,31,1,21,984.0,,13.0
simu5g_00000249,31,1,22,808.0,,11.0
simu5g_00000249,31,1,23,1128.0,,14.0
simu5g_00000249,31,1,24,1128.0,,14.0
simu5g_00000250,0,0,0,1160.0,,15.0
simu5g_00000250,0,0,1,984.0,,13.0
simu5g_00000250,0,0,2,1160.0,,15.0
simu5g_00000250,0,0,3,1160.0,,15.0
simu5g_00000250,0,0,4,1160.0,,15.0
simu5g_00000250,0,0,5,1160.0,,15.0
simu5g_00000250,0,0,6,1160.0,,15.0
simu5g_00000250,0,0,7,1160.0,,15.0
simu5g_00000250,0,0,8,1128.0,,14.0
simu5g_00000250,0,0,9,1160.0,,15.0
simu5g_00000250,0,0,10,1160.0,,15.0
simu5g_00000250,0,0,11,1160.0,,15.0
simu5g_00000250,0,0,12,1160.0,,15.0
simu5g_00000250,0,0,13,1160.0,,15.0
simu5g_00000250,0,0,14,1160.0,,15.0
simu5g_00000250,0,0,15,1160.0,,15.0
simu5g_00000250,0,0,16,1160.0,,15.0
simu5g_00000250,0,0,17,1160.0,,15.0
simu5g_00000250,0,0,18,1160.0,,15.0
simu5g_00000250,0,0,19,1160.0,,15.0
simu5g_00000250,0,0,20,1160.0,,15.0
simu5g_00000250,0,0,21,1128.0,,14.0
simu5g_00000250,0,0,22,1160.0,,15.0
simu5g_00000250,0,0,23,1160.0,,15.0
simu5g_00000250,0,0,24,1160.0,,15.0
simu5g_00000250,1,1,0,1160.0,,15.0
simu5g_00000250,1,1,1,1128.0,,14.0
simu5g_00000250,1,1,2,1128.0,,14.0
simu5g_00000250,1,1,3,1160.0,,15.0
simu5g_00000250,1,1,4,1128.0,,14.0
simu5g_00000250,1,1,5,1160.0,,15.0
simu5g_00000250,1,1,6,1128.0,,14.0
simu5g_00000250,1,1,7,888.0,,12.0
simu5g_00000250,1,1,8,808.0,,11.0
simu5g_00000250,1,1,9,1128.0,,14.0
simu5g_00000250,1,1,10,1128.0,,14.0
simu5g_00000250,1,1,11,1128.0,,14.0
simu5g_00000250,1,1,12,1128.0,,14.0
simu5g_00000250,1,1,13,1160.0,,15.0
simu5g_00000250,1,1,14,1160.0,,15.0
simu5g_00000250,1,1,15,1160.0,,15.0
simu5g_00000250,1,1,16,1128.0,,14.0
simu5g_00000250,1,1,17,1128.0,,14.0
simu5g_00000250,1,1,18,1128.0,,14.0
simu5g_00000250,1,1,19,1128.0,,14.0
simu5g_00000250,1,1,20,1160.0,,15.0
simu5g_00000250,1,1,21,608.0,,9.0
simu5g_00000250,1,1,22,1160.0,,15.0
simu5g_00000250,1,1,23,984.0,,13.0
simu5g_00000250,1,1,24,1128.0,,14.0
simu5g_00000250,2,2,0,1160.0,,15.0
simu5g_00000250,2,2,1,1160.0,,15.0
simu5g_00000250,2,2,2,1160.0,,15.0
simu5g_00000250,2,2,3,1160.0,,15.0
simu5g_00000250,2,2,4,1160.0,,15.0
simu5g_00000250,2,2,5,1128.0,,14.0
simu5g_00000250,2,2,6,1160.0,,15.0
simu5g_00000250,2,2,7,984.0,,13.0
simu5g_00000250,2,2,8,1160.0,,15.0
simu5g_00000250,2,2,9,1160.0,,15.0
simu5g_00000250,2,2,10,1160.0,,15.0
simu5g_00000250,2,2,11,1128.0,,14.0
simu5g_00000250,2,2,12,1160.0,,15.0
simu5g_00000250,2,2,13,1160.0,,15.0
simu5g_00000250,2,2,14,1160.0,,15.0
simu5g_00000250,2,2,15,1160.0,,15.0
simu5g_00000250,2,2,16,1128.0,,14.0
simu5g_00000250,2,2,17,1160.0,,15.0
simu5g_00000250,2,2,18,1160.0,,15.0
simu5g_00000250,2,2,19,1160.0,,15.0
simu5g_00000250,2,2,20,1160.0,,15.0
simu5g_00000250,2,2,21,1160.0,,15.0
simu5g_00000250,2,2,22,1128.0,,14.0
simu5g_00000250,2,2,23,1160.0,,15.0
simu5g_00000250,2,2,24,1128.0,,14.0
simu5g_00000250,3,3,0,808.0,,11.0
simu5g_00000250,3,3,1,1128.0,,14.0
simu5g_00000250,3,3,2,888.0,,12.0
simu5g_00000250,3,3,3,984.0,,13.0
simu5g_00000250,3,3,4,1128.0,,14.0
simu5g_00000250,3,3,5,984.0,,13.0
simu5g_00000250,3,3,6,984.0,,13.0
simu5g_00000250,3,3,7,984.0,,13.0
simu5g_00000250,3,3,8,432.0,,7.0
simu5g_00000250,3,3,9,432.0,,7.0
simu5g_00000250,3,3,10,984.0,,13.0
simu5g_00000250,3,3,11,888.0,,12.0
simu5g_00000250,3,3,12,984.0,,13.0
simu5g_00000250,3,3,13,984.0,,13.0
simu5g_00000250,3,3,14,1128.0,,14.0
simu5g_00000250,3,3,15,984.0,,13.0
simu5g_00000250,3,3,16,984.0,,13.0
simu5g_00000250,3,3,17,984.0,,13.0
simu5g_00000250,3,3,18,984.0,,13.0
simu5g_00000250,3,3,19,984.0,,13.0
simu5g_00000250,3,3,20,984.0,,13.0
simu5g_00000250,3,3,21,808.0,,11.0
simu5g_00000250,3,3,22,704.0,,10.0
simu5g_00000250,3,3,23,984.0,,13.0
simu5g_00000250,3,3,24,704.0,,10.0
simu5g_00000251,15,0,0,1160.0,,15.0
simu5g_00000251,15,0,1,1160.0,,15.0
simu5g_00000251,15,0,2,1160.0,,15.0
simu5g_00000251,15,0,3,1160.0,,15.0
simu5g_00000251,15,0,4,1128.0,,14.0
simu5g_00000251,15,0,5,984.0,,13.0
simu5g_00000251,15,0,6,1160.0,,15.0
simu5g_00000251,15,0,7,1160.0,,15.0
simu5g_00000251,15,0,8,1160.0,,15.0
simu5g_00000251,15,0,9,1160.0,,15.0
simu5g_00000251,15,0,10,1160.0,,15.0
simu5g_00000251,15,0,11,1160.0,,15.0
simu5g_00000251,15,0,12,1128.0,,14.0
simu5g_00000251,15,0,13,1160.0,,15.0
simu5g_00000251,15,0,14,1160.0,,15.0
simu5g_00000251,15,0,15,1160.0,,15.0
simu5g_00000251,15,0,16,1160.0,,15.0
simu5g_00000251,15,0,17,1160.0,,15.0
simu5g_00000251,15,0,18,1160.0,,15.0
simu5g_00000251,15,0,19,1160.0,,15.0
simu5g_00000251,15,0,20,1160.0,,15.0
simu5g_00000251,15,0,21,1160.0,,15.0
simu5g_00000251,15,0,22,1160.0,,15.0
simu5g_00000251,15,0,23,1160.0,,15.0
simu5g_00000251,15,0,24,1160.0,,15.0
simu5g_00000251,31,1,0,984.0,,13.0
simu5g_00000251,31,1,1,984.0,,13.0
simu5g_00000251,31,1,2,1160.0,,15.0
simu5g_00000251,31,1,3,1128.0,,14.0
simu5g_00000251,31,1,4,1160.0,,15.0
simu5g_00000251,31,1,5,1128.0,,14.0
simu5g_00000251,31,1,6,1160.0,,15.0
simu5g_00000251,31,1,7,1128.0,,14.0
simu5g_00000251,31,1,8,1160.0,,15.0
simu5g_00000251,31,1,9,1160.0,,15.0
simu5g_00000251,31,1,10,1128.0,,14.0
simu5g_00000251,31,1,11,1128.0,,14.0
simu5g_00000251,31,1,12,528.0,,8.0
simu5g_00000251,31,1,13,1128.0,,14.0
simu5g_00000251,31,1,14,1160.0,,15.0
simu5g_00000251,31,1,15,1160.0,,15.0
simu5g_00000251,31,1,16,1128.0,,14.0
simu5g_00000251,31,1,17,1160.0,,15.0
simu5g_00000251,31,1,18,1160.0,,15.0
simu5g_00000251,31,1,19,1128.0,,14.0
simu5g_00000251,31,1,20,984.0,,13.0
simu5g_00000251,31,1,21,1160.0,,15.0
simu5g_00000251,31,1,22,1128.0,,14.0
simu5g_00000251,31,1,23,1160.0,,15.0
simu5g_00000251,31,1,24,1160.0,,15.0
simu5g_00000252,0,0,0,1160.0,,15.0
simu5g_00000252,0,0,1,984.0,,13.0
simu5g_00000252,0,0,2,1160.0,,15.0
simu5g_00000252,0,0,3,1160.0,,15.0
simu5g_00000252,0,0,4,1160.0,,15.0
simu5g_00000252,0,0,5,1160.0,,15.0
simu5g_00000252,0,0,6,1160.0,,15.0
simu5g_00000252,0,0,7,1160.0,,15.0
simu5g_00000252,0,0,8,1128.0,,14.0
simu5g_00000252,0,0,9,1160.0,,15.0
simu5g_00000252,0,0,10,1160.0,,15.0
simu5g_00000252,0,0,11,1160.0,,15.0
simu5g_00000252,0,0,12,1160.0,,15.0
simu5g_00000252,0,0,13,1160.0,,15.0
simu5g_00000252,0,0,14,1160.0,,15.0
simu5g_00000252,0,0,15,1160.0,,15.0
simu5g_00000252,0,0,16,1160.0,,15.0
simu5g_00000252,0,0,17,1160.0,,15.0
simu5g_00000252,0,0,18,1160.0,,15.0
simu5g_00000252,0,0,19,1160.0,,15.0
simu5g_00000252,0,0,20,1160.0,,15.0
simu5g_00000252,0,0,21,1128.0,,14.0
simu5g_00000252,0,0,22,1160.0,,15.0
simu5g_00000252,0,0,23,1160.0,,15.0
simu5g_00000252,0,0,24,1160.0,,15.0
simu5g_00000252,1,1,0,1160.0,,15.0
simu5g_00000252,1,1,1,1128.0,,14.0
simu5g_00000252,1,1,2,1128.0,,14.0
simu5g_00000252,1,1,3,1160.0,,15.0
simu5g_00000252,1,1,4,1128.0,,14.0
simu5g_00000252,1,1,5,1160.0,,15.0
simu5g_00000252,1,1,6,1128.0,,14.0
simu5g_00000252,1,1,7,888.0,,12.0
simu5g_00000252,1,1,8,808.0,,11.0
simu5g_00000252,1,1,9,1128.0,,14.0
simu5g_00000252,1,1,10,1128.0,,14.0
simu5g_00000252,1,1,11,1128.0,,14.0
simu5g_00000252,1,1,12,1128.0,,14.0
simu5g_00000252,1,1,13,1160.0,,15.0
simu5g_00000252,1,1,14,1160.0,,15.0
simu5g_00000252,1,1,15,1160.0,,15.0
simu5g_00000252,1,1,16,1128.0,,14.0
simu5g_00000252,1,1,17,1128.0,,14.0
simu5g_00000252,1,1,18,1128.0,,14.0
simu5g_00000252,1,1,19,1128.0,,14.0
simu5g_00000252,1,1,20,1160.0,,15.0
simu5g_00000252,1,1,21,608.0,,9.0
simu5g_00000252,1,1,22,1160.0,,15.0
simu5g_00000252,1,1,23,984.0,,13.0
simu5g_00000252,1,1,24,1128.0,,14.0
simu5g_00000252,2,2,0,1160.0,,15.0
simu5g_00000252,2,2,1,1160.0,,15.0
simu5g_00000252,2,2,2,1160.0,,15.0
simu5g_00000252,2,2,3,1160.0,,15.0
simu5g_00000252,2,2,4,1160.0,,15.0
simu5g_00000252,2,2,5,1128.0,,14.0
simu5g_00000252,2,2,6,1160.0,,15.0
simu5g_00000252,2,2,7,984.0,,13.0
simu5g_00000252,2,2,8,1160.0,,15.0
simu5g_00000252,2,2,9,1160.0,,15.0
simu5g_00000252,2,2,10,1160.0,,15.0
simu5g_00000252,2,2,11,984.0,,13.0
simu5g_00000252,2,2,12,1160.0,,15.0
simu5g_00000252,2,2,13,1160.0,,15.0
simu5g_00000252,2,2,14,1160.0,,15.0
simu5g_00000252,2,2,15,1160.0,,15.0
simu5g_00000252,2,2,16,1128.0,,14.0
simu5g_00000252,2,2,17,1160.0,,15.0
simu5g_00000252,2,2,18,1160.0,,15.0
simu5g_00000252,2,2,19,1160.0,,15.0
simu5g_00000252,2,2,20,1160.0,,15.0
simu5g_00000252,2,2,21,1160.0,,15.0
simu5g_00000252,2,2,22,1128.0,,14.0
simu5g_00000252,2,2,23,1160.0,,15.0
simu5g_00000252,2,2,24,1128.0,,14.0
simu5g_00000252,3,3,0,808.0,,11.0
simu5g_00000252,3,3,1,1128.0,,14.0
simu5g_00000252,3,3,2,888.0,,12.0
simu5g_00000252,3,3,3,984.0,,13.0
simu5g_00000252,3,3,4,1128.0,,14.0
simu5g_00000252,3,3,5,984.0,,13.0
simu5g_00000252,3,3,6,984.0,,13.0
simu5g_00000252,3,3,7,984.0,,13.0
simu5g_00000252,3,3,8,432.0,,7.0
simu5g_00000252,3,3,9,432.0,,7.0
simu5g_00000252,3,3,10,984.0,,13.0
simu5g_00000252,3,3,11,888.0,,12.0
simu5g_00000252,3,3,12,984.0,,13.0
simu5g_00000252,3,3,13,984.0,,13.0
simu5g_00000252,3,3,14,1128.0,,14.0
simu5g_00000252,3,3,15,984.0,,13.0
simu5g_00000252,3,3,16,984.0,,13.0
simu5g_00000252,3,3,17,984.0,,13.0
simu5g_00000252,3,3,18,984.0,,13.0
simu5g_00000252,3,3,19,984.0,,13.0
simu5g_00000252,3,3,20,984.0,,13.0
simu5g_00000252,3,3,21,808.0,,11.0
simu5g_00000252,3,3,22,704.0,,10.0
simu5g_00000252,3,3,23,984.0,,13.0
simu5g_00000252,3,3,24,704.0,,10.0
simu5g_00000253,15,0,0,1160.0,,15.0
simu5g_00000253,15,0,1,1160.0,,15.0
simu5g_00000253,15,0,2,1160.0,,15.0
simu5g_00000253,15,0,3,1160.0,,15.0
simu5g_00000253,15,0,4,1160.0,,15.0
simu5g_00000253,15,0,5,1128.0,,14.0
simu5g_00000253,15,0,6,1160.0,,15.0
simu5g_00000253,15,0,7,1160.0,,15.0
simu5g_00000253,15,0,8,1160.0,,15.0
simu5g_00000253,15,0,9,1160.0,,15.0
simu5g_00000253,15,0,10,1160.0,,15.0
simu5g_00000253,15,0,11,1160.0,,15.0
simu5g_00000253,15,0,12,1160.0,,15.0
simu5g_00000253,15,0,13,1160.0,,15.0
simu5g_00000253,15,0,14,1160.0,,15.0
simu5g_00000253,15,0,15,1160.0,,15.0
simu5g_00000253,15,0,16,1160.0,,15.0
simu5g_00000253,15,0,17,1160.0,,15.0
simu5g_00000253,15,0,18,1160.0,,15.0
simu5g_00000253,15,0,19,1160.0,,15.0
simu5g_00000253,15,0,20,1160.0,,15.0
simu5g_00000253,15,0,21,1160.0,,15.0
simu5g_00000253,15,0,22,1160.0,,15.0
simu5g_00000253,15,0,23,1160.0,,15.0
simu5g_00000253,15,0,24,1160.0,,15.0
simu5g_00000253,31,1,0,984.0,,13.0
simu5g_00000253,31,1,1,984.0,,13.0
simu5g_00000253,31,1,2,1160.0,,15.0
simu5g_00000253,31,1,3,1128.0,,14.0
simu5g_00000253,31,1,4,1160.0,,15.0
simu5g_00000253,31,1,5,1128.0,,14.0
simu5g_00000253,31,1,6,1160.0,,15.0
simu5g_00000253,31,1,7,1128.0,,14.0
simu5g_00000253,31,1,8,1160.0,,15.0
simu5g_00000253,31,1,9,1160.0,,15.0
simu5g_00000253,31,1,10,1128.0,,14.0
simu5g_00000253,31,1,11,1128.0,,14.0
simu5g_00000253,31,1,12,608.0,,9.0
simu5g_00000253,31,1,13,1128.0,,14.0
simu5g_00000253,31,1,14,1160.0,,15.0
simu5g_00000253,31,1,15,1160.0,,15.0
simu5g_00000253,31,1,16,1128.0,,14.0
simu5g_00000253,31,1,17,1160.0,,15.0
simu5g_00000253,31,1,18,1160.0,,15.0
simu5g_00000253,31,1,19,1128.0,,14.0
simu5g_00000253,31,1,20,984.0,,13.0
simu5g_00000253,31,1,21,1160.0,,15.0
simu5g_00000253,31,1,22,1128.0,,14.0
simu5g_00000253,31,1,23,1160.0,,15.0
simu5g_00000253,31,1,24,1160.0,,15.0
simu5g_00000254,0,0,0,1160.0,,15.0
simu5g_00000254,0,0,1,984.0,,13.0
simu5g_00000254,0,0,2,1160.0,,15.0
simu5g_00000254,0,0,3,1160.0,,15.0
simu5g_00000254,0,0,4,1160.0,,15.0
simu5g_00000254,0,0,5,1160.0,,15.0
simu5g_00000254,0,0,6,1160.0,,15.0
simu5g_00000254,0,0,7,1160.0,,15.0
simu5g_00000254,0,0,8,1128.0,,14.0
simu5g_00000254,0,0,9,1160.0,,15.0
simu5g_00000254,0,0,10,1160.0,,15.0
simu5g_00000254,0,0,11,1160.0,,15.0
simu5g_00000254,0,0,12,1160.0,,15.0
simu5g_00000254,0,0,13,1160.0,,15.0
simu5g_00000254,0,0,14,1160.0,,15.0
simu5g_00000254,0,0,15,1160.0,,15.0
simu5g_00000254,0,0,16,1160.0,,15.0
simu5g_00000254,0,0,17,1160.0,,15.0
simu5g_00000254,0,0,18,1160.0,,15.0
simu5g_00000254,0,0,19,1160.0,,15.0
simu5g_00000254,0,0,20,1160.0,,15.0
simu5g_00000254,0,0,21,1128.0,,14.0
simu5g_00000254,0,0,22,1160.0,,15.0
simu5g_00000254,0,0,23,1160.0,,15.0
simu5g_00000254,0,0,24,1160.0,,15.0
simu5g_00000254,1,1,0,1128.0,,14.0
simu5g_00000254,1,1,1,984.0,,13.0
simu5g_00000254,1,1,2,984.0,,13.0
simu5g_00000254,1,1,3,1160.0,,15.0
simu5g_00000254,1,1,4,984.0,,13.0
simu5g_00000254,1,1,5,1128.0,,14.0
simu5g_00000254,1,1,6,1128.0,,14.0
simu5g_00000254,1,1,7,808.0,,11.0
simu5g_00000254,1,1,8,608.0,,9.0
simu5g_00000254,1,1,9,1128.0,,14.0
simu5g_00000254,1,1,10,1128.0,,14.0
simu5g_00000254,1,1,11,1128.0,,14.0
simu5g_00000254,1,1,12,984.0,,13.0
simu5g_00000254,1,1,13,1160.0,,15.0
simu5g_00000254,1,1,14,1128.0,,14.0
simu5g_00000254,1,1,15,1128.0,,14.0
simu5g_00000254,1,1,16,1128.0,,14.0
simu5g_00000254,1,1,17,984.0,,13.0
simu5g_00000254,1,1,18,1128.0,,14.0
simu5g_00000254,1,1,19,1128.0,,14.0
simu5g_00000254,1,1,20,1128.0,,14.0
simu5g_00000254,1,1,21,608.0,,9.0
simu5g_00000254,1,1,22,1128.0,,14.0
simu5g_00000254,1,1,23,984.0,,13.0
simu5g_00000254,1,1,24,1128.0,,14.0
simu5g_00000254,2,2,0,1160.0,,15.0
simu5g_00000254,2,2,1,1160.0,,15.0
simu5g_00000254,2,2,2,1160.0,,15.0
simu5g_00000254,2,2,3,1160.0,,15.0
simu5g_00000254,2,2,4,1160.0,,15.0
simu5g_00000254,2,2,5,1128.0,,14.0
simu5g_00000254,2,2,6,1160.0,,15.0
simu5g_00000254,2,2,7,984.0,,13.0
simu5g_00000254,2,2,8,1160.0,,15.0
simu5g_00000254,2,2,9,1160.0,,15.0
simu5g_00000254,2,2,10,1160.0,,15.0
simu5g_00000254,2,2,11,984.0,,13.0
simu5g_00000254,2,2,12,1160.0,,15.0
simu5g_00000254,2,2,13,1160.0,,15.0
simu5g_00000254,2,2,14,1160.0,,15.0
simu5g_00000254,2,2,15,1160.0,,15.0
simu5g_00000254,2,2,16,1128.0,,14.0
simu5g_00000254,2,2,17,1160.0,,15.0
simu5g_00000254,2,2,18,1160.0,,15.0
simu5g_00000254,2,2,19,1160.0,,15.0
simu5g_00000254,2,2,20,1160.0,,15.0
simu5g_00000254,2,2,21,1160.0,,15.0
simu5g_00000254,2,2,22,1128.0,,14.0
simu5g_00000254,2,2,23,1160.0,,15.0
simu5g_00000254,2,2,24,1128.0,,14.0
simu5g_00000254,3,3,0,808.0,,11.0
simu5g_00000254,3,3,1,1128.0,,14.0
simu5g_00000254,3,3,2,888.0,,12.0
simu5g_00000254,3,3,3,984.0,,13.0
simu5g_00000254,3,3,4,1128.0,,14.0
simu5g_00000254,3,3,5,984.0,,13.0
simu5g_00000254,3,3,6,984.0,,13.0
simu5g_00000254,3,3,7,984.0,,13.0
simu5g_00000254,3,3,8,432.0,,7.0
simu5g_00000254,3,3,9,432.0,,7.0
simu5g_00000254,3,3,10,984.0,,13.0
simu5g_00000254,3,3,11,888.0,,12.0
simu5g_00000254,3,3,12,984.0,,13.0
simu5g_00000254,3,3,13,984.0,,13.0
simu5g_00000254,3,3,14,1128.0,,14.0
simu5g_00000254,3,3,15,984.0,,13.0
simu5g_00000254,3,3,16,984.0,,13.0
simu5g_00000254,3,3,17,984.0,,13.0
simu5g_00000254,3,3,18,984.0,,13.0
simu5g_00000254,3,3,19,984.0,,13.0
simu5g_00000254,3,3,20,984.0,,13.0
simu5g_00000254,3,3,21,808.0,,11.0
simu5g_00000254,3,3,22,704.0,,10.0
simu5g_00000254,3,3,23,984.0,,13.0
simu5g_00000254,3,3,24,704.0,,10.0
simu5g_00000255,15,0,0,1160.0,,15.0
simu5g_00000255,15,0,1,1160.0,,15.0
simu5g_00000255,15,0,2,1160.0,,15.0
simu5g_00000255,15,0,3,1160.0,,15.0
simu5g_00000255,15,0,4,1160.0,,15.0
simu5g_00000255,15,0,5,1128.0,,14.0
simu5g_00000255,15,0,6,1160.0,,15.0
simu5g_00000255,15,0,7,1160.0,,15.0
simu5g_00000255,15,0,8,1160.0,,15.0
simu5g_00000255,15,0,9,1160.0,,15.0
simu5g_00000255,15,0,10,1160.0,,15.0
simu5g_00000255,15,0,11,1160.0,,15.0
simu5g_00000255,15,0,12,1160.0,,15.0
simu5g_00000255,15,0,13,1160.0,,15.0
simu5g_00000255,15,0,14,1160.0,,15.0
simu5g_00000255,15,0,15,1160.0,,15.0
simu5g_00000255,15,0,16,1160.0,,15.0
simu5g_00000255,15,0,17,1160.0,,15.0
simu5g_00000255,15,0,18,1160.0,,15.0
simu5g_00000255,15,0,19,1160.0,,15.0
simu5g_00000255,15,0,20,1160.0,,15.0
simu5g_00000255,15,0,21,1160.0,,15.0
simu5g_00000255,15,0,22,1160.0,,15.0
simu5g_00000255,15,0,23,1160.0,,15.0
simu5g_00000255,15,0,24,1160.0,,15.0
simu5g_00000255,31,1,0,984.0,,13.0
simu5g_00000255,31,1,1,984.0,,13.0
simu5g_00000255,31,1,2,1160.0,,15.0
simu5g_00000255,31,1,3,1128.0,,14.0
simu5g_00000255,31,1,4,1160.0,,15.0
simu5g_00000255,31,1,5,1128.0,,14.0
simu5g_00000255,31,1,6,1160.0,,15.0
simu5g_00000255,31,1,7,1128.0,,14.0
simu5g_00000255,31,1,8,1160.0,,15.0
simu5g_00000255,31,1,9,1160.0,,15.0
simu5g_00000255,31,1,10,1128.0,,14.0
simu5g_00000255,31,1,11,1128.0,,14.0
simu5g_00000255,31,1,12,608.0,,9.0
simu5g_00000255,31,1,13,1128.0,,14.0
simu5g_00000255,31,1,14,1160.0,,15.0
simu5g_00000255,31,1,15,1160.0,,15.0
simu5g_00000255,31,1,16,1128.0,,14.0
simu5g_00000255,31,1,17,1160.0,,15.0
simu5g_00000255,31,1,18,1160.0,,15.0
simu5g_00000255,31,1,19,1128.0,,14.0
simu5g_00000255,31,1,20,984.0,,13.0
simu5g_00000255,31,1,21,1160.0,,15.0
simu5g_00000255,31,1,22,1128.0,,14.0
simu5g_00000255,31,1,23,1160.0,,15.0
simu5g_00000255,31,1,24,1160.0,,15.0
simu5g_00000256,0,0,0,1160.0,,15.0
simu5g_00000256,0,0,1,984.0,,13.0
simu5g_00000256,0,0,2,1160.0,,15.0
simu5g_00000256,0,0,3,1160.0,,15.0
simu5g_00000256,0,0,4,1160.0,,15.0
simu5g_00000256,0,0,5,1160.0,,15.0
simu5g_00000256,0,0,6,1160.0,,15.0
simu5g_00000256,0,0,7,1160.0,,15.0
simu5g_00000256,0,0,8,1128.0,,14.0
simu5g_00000256,0,0,9,1160.0,,15.0
simu5g_00000256,0,0,10,1160.0,,15.0
simu5g_00000256,0,0,11,1160.0,,15.0
simu5g_00000256,0,0,12,1160.0,,15.0
simu5g_00000256,0,0,13,1160.0,,15.0
simu5g_00000256,0,0,14,1160.0,,15.0
simu5g_00000256,0,0,15,1160.0,,15.0
simu5g_00000256,0,0,16,1160.0,,15.0
simu5g_00000256,0,0,17,1160.0,,15.0
simu5g_00000256,0,0,18,1160.0,,15.0
simu5g_00000256,0,0,19,1160.0,,15.0
simu5g_00000256,0,0,20,1160.0,,15.0
simu5g_00000256,0,0,21,1128.0,,14.0
simu5g_00000256,0,0,22,1160.0,,15.0
simu5g_00000256,0,0,23,1160.0,,15.0
simu5g_00000256,0,0,24,1160.0,,15.0
simu5g_00000256,1,1,0,1128.0,,14.0
simu5g_00000256,1,1,1,984.0,,13.0
simu5g_00000256,1,1,2,984.0,,13.0
simu5g_00000256,1,1,3,1160.0,,15.0
simu5g_00000256,1,1,4,984.0,,13.0
simu5g_00000256,1,1,5,1128.0,,14.0
simu5g_00000256,1,1,6,1128.0,,14.0
simu5g_00000256,1,1,7,808.0,,11.0
simu5g_00000256,1,1,8,608.0,,9.0
simu5g_00000256,1,1,9,1128.0,,14.0
simu5g_00000256,1,1,10,1128.0,,14.0
simu5g_00000256,1,1,11,1128.0,,14.0
simu5g_00000256,1,1,12,984.0,,13.0
simu5g_00000256,1,1,13,1160.0,,15.0
simu5g_00000256,1,1,14,1128.0,,14.0
simu5g_00000256,1,1,15,1128.0,,14.0
simu5g_00000256,1,1,16,1128.0,,14.0
simu5g_00000256,1,1,17,984.0,,13.0
simu5g_00000256,1,1,18,1128.0,,14.0
simu5g_00000256,1,1,19,1128.0,,14.0
simu5g_00000256,1,1,20,1128.0,,14.0
simu5g_00000256,1,1,21,608.0,,9.0
simu5g_00000256,1,1,22,1128.0,,14.0
simu5g_00000256,1,1,23,984.0,,13.0
simu5g_00000256,1,1,24,1128.0,,14.0
simu5g_00000256,2,2,0,1160.0,,15.0
simu5g_00000256,2,2,1,1160.0,,15.0
simu5g_00000256,2,2,2,1160.0,,15.0
simu5g_00000256,2,2,3,1160.0,,15.0
simu5g_00000256,2,2,4,1160.0,,15.0
simu5g_00000256,2,2,5,1128.0,,14.0
simu5g_00000256,2,2,6,1160.0,,15.0
simu5g_00000256,2,2,7,984.0,,13.0
simu5g_00000256,2,2,8,1160.0,,15.0
simu5g_00000256,2,2,9,1160.0,,15.0
simu5g_00000256,2,2,10,1160.0,,15.0
simu5g_00000256,2,2,11,984.0,,13.0
simu5g_00000256,2,2,12,1160.0,,15.0
simu5g_00000256,2,2,13,1160.0,,15.0
simu5g_00000256,2,2,14,1160.0,,15.0
simu5g_00000256,2,2,15,1160.0,,15.0
simu5g_00000256,2,2,16,1128.0,,14.0
simu5g_00000256,2,2,17,1160.0,,15.0
simu5g_00000256,2,2,18,1160.0,,15.0
simu5g_00000256,2,2,19,1160.0,,15.0
simu5g_00000256,2,2,20,1160.0,,15.0
simu5g_00000256,2,2,21,1160.0,,15.0
simu5g_00000256,2,2,22,1128.0,,14.0
simu5g_00000256,2,2,23,1160.0,,15.0
simu5g_00000256,2,2,24,1128.0,,14.0
simu5g_00000256,3,3,0,808.0,,11.0
simu5g_00000256,3,3,1,1128.0,,14.0
simu5g_00000256,3,3,2,888.0,,12.0
simu5g_00000256,3,3,3,984.0,,13.0
simu5g_00000256,3,3,4,1128.0,,14.0
simu5g_00000256,3,3,5,984.0,,13.0
simu5g_00000256,3,3,6,984.0,,13.0
simu5g_00000256,3,3,7,984.0,,13.0
simu5g_00000256,3,3,8,432.0,,7.0
simu5g_00000256,3,3,9,432.0,,7.0
simu5g_00000256,3,3,10,984.0,,13.0
simu5g_00000256,3,3,11,888.0,,12.0
simu5g_00000256,3,3,12,984.0,,13.0
simu5g_00000256,3,3,13,984.0,,13.0
simu5g_00000256,3,3,14,1128.0,,14.0
simu5g_00000256,3,3,15,984.0,,13.0
simu5g_00000256,3,3,16,984.0,,13.0
simu5g_00000256,3,3,17,984.0,,13.0
simu5g_00000256,3,3,18,984.0,,13.0
simu5g_00000256,3,3,19,984.0,,13.0
simu5g_00000256,3,3,20,984.0,,13.0
simu5g_00000256,3,3,21,808.0,,11.0
simu5g_00000256,3,3,22,704.0,,10.0
simu5g_00000256,3,3,23,984.0,,13.0
simu5g_00000256,3,3,24,704.0,,10.0
simu5g_00000257,15,0,0,1160.0,,15.0
simu5g_00000257,15,0,1,1160.0,,15.0
simu5g_00000257,15,0,2,1160.0,,15.0
simu5g_00000257,15,0,3,1160.0,,15.0
simu5g_00000257,15,0,4,1160.0,,15.0
simu5g_00000257,15,0,5,1128.0,,14.0
simu5g_00000257,15,0,6,1160.0,,15.0
simu5g_00000257,15,0,7,1160.0,,15.0
simu5g_00000257,15,0,8,1160.0,,15.0
simu5g_00000257,15,0,9,1160.0,,15.0
simu5g_00000257,15,0,10,1160.0,,15.0
simu5g_00000257,15,0,11,1160.0,,15.0
simu5g_00000257,15,0,12,1160.0,,15.0
simu5g_00000257,15,0,13,1160.0,,15.0
simu5g_00000257,15,0,14,1160.0,,15.0
simu5g_00000257,15,0,15,1160.0,,15.0
simu5g_00000257,15,0,16,1160.0,,15.0
simu5g_00000257,15,0,17,1160.0,,15.0
simu5g_00000257,15,0,18,1160.0,,15.0
simu5g_00000257,15,0,19,1160.0,,15.0
simu5g_00000257,15,0,20,1160.0,,15.0
simu5g_00000257,15,0,21,1160.0,,15.0
simu5g_00000257,15,0,22,1160.0,,15.0
simu5g_00000257,15,0,23,1160.0,,15.0
simu5g_00000257,15,0,24,1160.0,,15.0
simu5g_00000257,31,1,0,984.0,,13.0
simu5g_00000257,31,1,1,984.0,,13.0
simu5g_00000257,31,1,2,1160.0,,15.0
simu5g_00000257,31,1,3,1128.0,,14.0
simu5g_00000257,31,1,4,1160.0,,15.0
simu5g_00000257,31,1,5,1128.0,,14.0
simu5g_00000257,31,1,6,1160.0,,15.0
simu5g_00000257,31,1,7,1128.0,,14.0
simu5g_00000257,31,1,8,1160.0,,15.0
simu5g_00000257,31,1,9,1160.0,,15.0
simu5g_00000257,31,1,10,1128.0,,14.0
simu5g_00000257,31,1,11,1128.0,,14.0
simu5g_00000257,31,1,12,608.0,,9.0
simu5g_00000257,31,1,13,1128.0,,14.0
simu5g_00000257,31,1,14,1160.0,,15.0
simu5g_00000257,31,1,15,1160.0,,15.0
simu5g_00000257,31,1,16,1128.0,,14.0
simu5g_00000257,31,1,17,1160.0,,15.0
simu5g_00000257,31,1,18,1160.0,,15.0
simu5g_00000257,31,1,19,1128.0,,14.0
simu5g_00000257,31,1,20,984.0,,13.0
simu5g_00000257,31,1,21,1160.0,,15.0
simu5g_00000257,31,1,22,1128.0,,14.0
simu5g_00000257,31,1,23,1160.0,,15.0
simu5g_00000257,31,1,24,1160.0,,15.0
simu5g_00000258,0,0,0,1160.0,,15.0
simu5g_00000258,0,0,1,984.0,,13.0
simu5g_00000258,0,0,2,1160.0,,15.0
simu5g_00000258,0,0,3,1160.0,,15.0
simu5g_00000258,0,0,4,1160.0,,15.0
simu5g_00000258,0,0,5,1160.0,,15.0
simu5g_00000258,0,0,6,1160.0,,15.0
simu5g_00000258,0,0,7,1160.0,,15.0
simu5g_00000258,0,0,8,1128.0,,14.0
simu5g_00000258,0,0,9,1160.0,,15.0
simu5g_00000258,0,0,10,1160.0,,15.0
simu5g_00000258,0,0,11,1160.0,,15.0
simu5g_00000258,0,0,12,1160.0,,15.0
simu5g_00000258,0,0,13,1160.0,,15.0
simu5g_00000258,0,0,14,1160.0,,15.0
simu5g_00000258,0,0,15,1160.0,,15.0
simu5g_00000258,0,0,16,1160.0,,15.0
simu5g_00000258,0,0,17,1160.0,,15.0
simu5g_00000258,0,0,18,1160.0,,15.0
simu5g_00000258,0,0,19,1160.0,,15.0
simu5g_00000258,0,0,20,1160.0,,15.0
simu5g_00000258,0,0,21,1128.0,,14.0
simu5g_00000258,0,0,22,1160.0,,15.0
simu5g_00000258,0,0,23,1160.0,,15.0
simu5g_00000258,0,0,24,1160.0,,15.0
simu5g_00000258,1,1,0,1128.0,,14.0
simu5g_00000258,1,1,1,984.0,,13.0
simu5g_00000258,1,1,2,984.0,,13.0
simu5g_00000258,1,1,3,1160.0,,15.0
simu5g_00000258,1,1,4,984.0,,13.0
simu5g_00000258,1,1,5,1128.0,,14.0
simu5g_00000258,1,1,6,1128.0,,14.0
simu5g_00000258,1,1,7,808.0,,11.0
simu5g_00000258,1,1,8,608.0,,9.0
simu5g_00000258,1,1,9,1128.0,,14.0
simu5g_00000258,1,1,10,1128.0,,14.0
simu5g_00000258,1,1,11,1128.0,,14.0
simu5g_00000258,1,1,12,984.0,,13.0
simu5g_00000258,1,1,13,1160.0,,15.0
simu5g_00000258,1,1,14,1128.0,,14.0
simu5g_00000258,1,1,15,1128.0,,14.0
simu5g_00000258,1,1,16,1128.0,,14.0
simu5g_00000258,1,1,17,984.0,,13.0
simu5g_00000258,1,1,18,1128.0,,14.0
simu5g_00000258,1,1,19,1128.0,,14.0
simu5g_00000258,1,1,20,1128.0,,14.0
simu5g_00000258,1,1,21,608.0,,9.0
simu5g_00000258,1,1,22,1128.0,,14.0
simu5g_00000258,1,1,23,984.0,,13.0
simu5g_00000258,1,1,24,1128.0,,14.0
simu5g_00000258,2,2,0,1160.0,,15.0
simu5g_00000258,2,2,1,1160.0,,15.0
simu5g_00000258,2,2,2,1160.0,,15.0
simu5g_00000258,2,2,3,1160.0,,15.0
simu5g_00000258,2,2,4,1160.0,,15.0
simu5g_00000258,2,2,5,1128.0,,14.0
simu5g_00000258,2,2,6,1160.0,,15.0
simu5g_00000258,2,2,7,984.0,,13.0
simu5g_00000258,2,2,8,1160.0,,15.0
simu5g_00000258,2,2,9,1160.0,,15.0
simu5g_00000258,2,2,10,1160.0,,15.0
simu5g_00000258,2,2,11,984.0,,13.0
simu5g_00000258,2,2,12,1160.0,,15.0
simu5g_00000258,2,2,13,1160.0,,15.0
simu5g_00000258,2,2,14,1160.0,,15.0
simu5g_00000258,2,2,15,1160.0,,15.0
simu5g_00000258,2,2,16,1128.0,,14.0
simu5g_00000258,2,2,17,1160.0,,15.0
simu5g_00000258,2,2,18,1160.0,,15.0
simu5g_00000258,2,2,19,1160.0,,15.0
simu5g_00000258,2,2,20,1160.0,,15.0
simu5g_00000258,2,2,21,1160.0,,15.0
simu5g_00000258,2,2,22,1128.0,,14.0
simu5g_00000258,2,2,23,1160.0,,15.0
simu5g_00000258,2,2,24,1128.0,,14.0
simu5g_00000258,3,3,0,808.0,,11.0
simu5g_00000258,3,3,1,1128.0,,14.0
simu5g_00000258,3,3,2,888.0,,12.0
simu5g_00000258,3,3,3,984.0,,13.0
simu5g_00000258,3,3,4,1128.0,,14.0
simu5g_00000258,3,3,5,984.0,,13.0
simu5g_00000258,3,3,6,984.0,,13.0
simu5g_00000258,3,3,7,984.0,,13.0
simu5g_00000258,3,3,8,432.0,,7.0
simu5g_00000258,3,3,9,432.0,,7.0
simu5g_00000258,3,3,10,984.0,,13.0
simu5g_00000258,3,3,11,888.0,,12.0
simu5g_00000258,3,3,12,984.0,,13.0
simu5g_00000258,3,3,13,984.0,,13.0
simu5g_00000258,3,3,14,1128.0,,14.0
simu5g_00000258,3,3,15,984.0,,13.0
simu5g_00000258,3,3,16,984.0,,13.0
simu5g_00000258,3,3,17,984.0,,13.0
simu5g_00000258,3,3,18,984.0,,13.0
simu5g_00000258,3,3,19,984.0,,13.0
simu5g_00000258,3,3,20,984.0,,13.0
simu5g_00000258,3,3,21,808.0,,11.0
simu5g_00000258,3,3,22,704.0,,10.0
simu5g_00000258,3,3,23,984.0,,13.0
simu5g_00000258,3,3,24,704.0,,10.0
simu5g_00000259,15,0,0,1160.0,,15.0
simu5g_00000259,15,0,1,1160.0,,15.0
simu5g_00000259,15,0,2,1160.0,,15.0
simu5g_00000259,15,0,3,1160.0,,15.0
simu5g_00000259,15,0,4,1160.0,,15.0
simu5g_00000259,15,0,5,1128.0,,14.0
simu5g_00000259,15,0,6,1160.0,,15.0
simu5g_00000259,15,0,7,1160.0,,15.0
simu5g_00000259,15,0,8,1160.0,,15.0
simu5g_00000259,15,0,9,1160.0,,15.0
simu5g_00000259,15,0,10,1160.0,,15.0
simu5g_00000259,15,0,11,1160.0,,15.0
simu5g_00000259,15,0,12,1160.0,,15.0
simu5g_00000259,15,0,13,1160.0,,15.0
simu5g_00000259,15,0,14,1160.0,,15.0
simu5g_00000259,15,0,15,1160.0,,15.0
simu5g_00000259,15,0,16,1160.0,,15.0
simu5g_00000259,15,0,17,1160.0,,15.0
simu5g_00000259,15,0,18,1160.0,,15.0
simu5g_00000259,15,0,19,1160.0,,15.0
simu5g_00000259,15,0,20,1160.0,,15.0
simu5g_00000259,15,0,21,1160.0,,15.0
simu5g_00000259,15,0,22,1160.0,,15.0
simu5g_00000259,15,0,23,1160.0,,15.0
simu5g_00000259,15,0,24,1160.0,,15.0
simu5g_00000259,31,1,0,1128.0,,14.0
simu5g_00000259,31,1,1,984.0,,13.0
simu5g_00000259,31,1,2,1160.0,,15.0
simu5g_00000259,31,1,3,1160.0,,15.0
simu5g_00000259,31,1,4,1160.0,,15.0
simu5g_00000259,31,1,5,1128.0,,14.0
simu5g_00000259,31,1,6,1160.0,,15.0
simu5g_00000259,31,1,7,1128.0,,14.0
simu5g_00000259,31,1,8,1160.0,,15.0
simu5g_00000259,31,1,9,1160.0,,15.0
simu5g_00000259,31,1,10,1160.0,,15.0
simu5g_00000259,31,1,11,1128.0,,14.0
simu5g_00000259,31,1,12,608.0,,9.0
simu5g_00000259,31,1,13,1160.0,,15.0
simu5g_00000259,31,1,14,1160.0,,15.0
simu5g_00000259,31,1,15,1160.0,,15.0
simu5g_00000259,31,1,16,1128.0,,14.0
simu5g_00000259,31,1,17,1160.0,,15.0
simu5g_00000259,31,1,18,1160.0,,15.0
simu5g_00000259,31,1,19,1128.0,,14.0
simu5g_00000259,31,1,20,1128.0,,14.0
simu5g_00000259,31,1,21,1160.0,,15.0
simu5g_00000259,31,1,22,1128.0,,14.0
simu5g_00000259,31,1,23,1160.0,,15.0
simu5g_00000259,31,1,24,1160.0,,15.0
simu5g_00000260,0,0,0,1160.0,,15.0
simu5g_00000260,0,0,1,984.0,,13.0
simu5g_00000260,0,0,2,1160.0,,15.0
simu5g_00000260,0,0,3,1160.0,,15.0
simu5g_00000260,0,0,4,1160.0,,15.0
simu5g_00000260,0,0,5,1160.0,,15.0
simu5g_00000260,0,0,6,1160.0,,15.0
simu5g_00000260,0,0,7,1160.0,,15.0
simu5g_00000260,0,0,8,1128.0,,14.0
simu5g_00000260,0,0,9,1160.0,,15.0
simu5g_00000260,0,0,10,1160.0,,15.0
simu5g_00000260,0,0,11,1160.0,,15.0
simu5g_00000260,0,0,12,1160.0,,15.0
simu5g_00000260,0,0,13,1160.0,,15.0
simu5g_00000260,0,0,14,1160.0,,15.0
simu5g_00000260,0,0,15,1160.0,,15.0
simu5g_00000260,0,0,16,1160.0,,15.0
simu5g_00000260,0,0,17,1160.0,,15.0
simu5g_00000260,0,0,18,1160.0,,15.0
simu5g_00000260,0,0,19,1160.0,,15.0
simu5g_00000260,0,0,20,1160.0,,15.0
simu5g_00000260,0,0,21,1128.0,,14.0
simu5g_00000260,0,0,22,1160.0,,15.0
simu5g_00000260,0,0,23,1160.0,,15.0
simu5g_00000260,0,0,24,1160.0,,15.0
simu5g_00000260,1,1,0,1128.0,,14.0
simu5g_00000260,1,1,1,984.0,,13.0
simu5g_00000260,1,1,2,984.0,,13.0
simu5g_00000260,1,1,3,1160.0,,15.0
simu5g_00000260,1,1,4,984.0,,13.0
simu5g_00000260,1,1,5,1128.0,,14.0
simu5g_00000260,1,1,6,1128.0,,14.0
simu5g_00000260,1,1,7,808.0,,11.0
simu5g_00000260,1,1,8,608.0,,9.0
simu5g_00000260,1,1,9,1128.0,,14.0
simu5g_00000260,1,1,10,1128.0,,14.0
simu5g_00000260,1,1,11,1128.0,,14.0
simu5g_00000260,1,1,12,984.0,,13.0
simu5g_00000260,1,1,13,1160.0,,15.0
simu5g_00000260,1,1,14,1128.0,,14.0
simu5g_00000260,1,1,15,1128.0,,14.0
simu5g_00000260,1,1,16,1128.0,,14.0
simu5g_00000260,1,1,17,984.0,,13.0
simu5g_00000260,1,1,18,1128.0,,14.0
simu5g_00000260,1,1,19,1128.0,,14.0
simu5g_00000260,1,1,20,1128.0,,14.0
simu5g_00000260,1,1,21,608.0,,9.0
simu5g_00000260,1,1,22,1128.0,,14.0
simu5g_00000260,1,1,23,984.0,,13.0
simu5g_00000260,1,1,24,1128.0,,14.0
simu5g_00000260,2,2,0,1160.0,,15.0
simu5g_00000260,2,2,1,1160.0,,15.0
simu5g_00000260,2,2,2,1160.0,,15.0
simu5g_00000260,2,2,3,1160.0,,15.0
simu5g_00000260,2,2,4,1160.0,,15.0
simu5g_00000260,2,2,5,1128.0,,14.0
simu5g_00000260,2,2,6,1160.0,,15.0
simu5g_00000260,2,2,7,984.0,,13.0
simu5g_00000260,2,2,8,1160.0,,15.0
simu5g_00000260,2,2,9,1160.0,,15.0
simu5g_00000260,2,2,10,1160.0,,15.0
simu5g_00000260,2,2,11,984.0,,13.0
simu5g_00000260,2,2,12,1160.0,,15.0
simu5g_00000260,2,2,13,1160.0,,15.0
simu5g_00000260,2,2,14,1160.0,,15.0
simu5g_00000260,2,2,15,1160.0,,15.0
simu5g_00000260,2,2,16,1128.0,,14.0
simu5g_00000260,2,2,17,1160.0,,15.0
simu5g_00000260,2,2,18,1160.0,,15.0
simu5g_00000260,2,2,19,1160.0,,15.0
simu5g_00000260,2,2,20,1160.0,,15.0
simu5g_00000260,2,2,21,1160.0,,15.0
simu5g_00000260,2,2,22,1128.0,,14.0
simu5g_00000260,2,2,23,1160.0,,15.0
simu5g_00000260,2,2,24,1128.0,,14.0
simu5g_00000260,3,3,0,808.0,,11.0
simu5g_00000260,3,3,1,1128.0,,14.0
simu5g_00000260,3,3,2,888.0,,12.0
simu5g_00000260,3,3,3,984.0,,13.0
simu5g_00000260,3,3,4,1128.0,,14.0
simu5g_00000260,3,3,5,984.0,,13.0
simu5g_00000260,3,3,6,984.0,,13.0
simu5g_00000260,3,3,7,984.0,,13.0
simu5g_00000260,3,3,8,432.0,,7.0
simu5g_00000260,3,3,9,432.0,,7.0
simu5g_00000260,3,3,10,984.0,,13.0
simu5g_00000260,3,3,11,888.0,,12.0
simu5g_00000260,3,3,12,984.0,,13.0
simu5g_00000260,3,3,13,984.0,,13.0
simu5g_00000260,3,3,14,1128.0,,14.0
simu5g_00000260,3,3,15,984.0,,13.0
simu5g_00000260,3,3,16,984.0,,13.0
simu5g_00000260,3,3,17,984.0,,13.0
simu5g_00000260,3,3,18,984.0,,13.0
simu5g_00000260,3,3,19,984.0,,13.0
simu5g_00000260,3,3,20,984.0,,13.0
simu5g_00000260,3,3,21,808.0,,11.0
simu5g_00000260,3,3,22,704.0,,10.0
simu5g_00000260,3,3,23,984.0,,13.0
simu5g_00000260,3,3,24,704.0,,10.0
simu5g_00000261,15,0,0,1160.0,,15.0
simu5g_00000261,15,0,1,1160.0,,15.0
simu5g_00000261,15,0,2,1160.0,,15.0
simu5g_00000261,15,0,3,1160.0,,15.0
simu5g_00000261,15,0,4,1160.0,,15.0
simu5g_00000261,15,0,5,1128.0,,14.0
simu5g_00000261,15,0,6,1160.0,,15.0
simu5g_00000261,15,0,7,1160.0,,15.0
simu5g_00000261,15,0,8,1160.0,,15.0
simu5g_00000261,15,0,9,1160.0,,15.0
simu5g_00000261,15,0,10,1160.0,,15.0
simu5g_00000261,15,0,11,1160.0,,15.0
simu5g_00000261,15,0,12,1160.0,,15.0
simu5g_00000261,15,0,13,1160.0,,15.0
simu5g_00000261,15,0,14,1160.0,,15.0
simu5g_00000261,15,0,15,1160.0,,15.0
simu5g_00000261,15,0,16,1160.0,,15.0
simu5g_00000261,15,0,17,1160.0,,15.0
simu5g_00000261,15,0,18,1160.0,,15.0
simu5g_00000261,15,0,19,1160.0,,15.0
simu5g_00000261,15,0,20,1160.0,,15.0
simu5g_00000261,15,0,21,1160.0,,15.0
simu5g_00000261,15,0,22,1160.0,,15.0
simu5g_00000261,15,0,23,1160.0,,15.0
simu5g_00000261,15,0,24,1160.0,,15.0
simu5g_00000261,31,1,0,1128.0,,14.0
simu5g_00000261,31,1,1,984.0,,13.0
simu5g_00000261,31,1,2,1160.0,,15.0
simu5g_00000261,31,1,3,1160.0,,15.0
simu5g_00000261,31,1,4,1160.0,,15.0
simu5g_00000261,31,1,5,1128.0,,14.0
simu5g_00000261,31,1,6,1160.0,,15.0
simu5g_00000261,31,1,7,1128.0,,14.0
simu5g_00000261,31,1,8,1160.0,,15.0
simu5g_00000261,31,1,9,1160.0,,15.0
simu5g_00000261,31,1,10,1160.0,,15.0
simu5g_00000261,31,1,11,1128.0,,14.0
simu5g_00000261,31,1,12,608.0,,9.0
simu5g_00000261,31,1,13,1160.0,,15.0
simu5g_00000261,31,1,14,1160.0,,15.0
simu5g_00000261,31,1,15,1160.0,,15.0
simu5g_00000261,31,1,16,1128.0,,14.0
simu5g_00000261,31,1,17,1160.0,,15.0
simu5g_00000261,31,1,18,1160.0,,15.0
simu5g_00000261,31,1,19,1128.0,,14.0
simu5g_00000261,31,1,20,1128.0,,14.0
simu5g_00000261,31,1,21,1160.0,,15.0
simu5g_00000261,31,1,22,1128.0,,14.0
simu5g_00000261,31,1,23,1160.0,,15.0
simu5g_00000261,31,1,24,1160.0,,15.0
simu5g_00000262,0,0,0,1160.0,,15.0
simu5g_00000262,0,0,1,984.0,,13.0
simu5g_00000262,0,0,2,1160.0,,15.0
simu5g_00000262,0,0,3,1160.0,,15.0
simu5g_00000262,0,0,4,1160.0,,15.0
simu5g_00000262,0,0,5,1160.0,,15.0
simu5g_00000262,0,0,6,1160.0,,15.0
simu5g_00000262,0,0,7,1160.0,,15.0
simu5g_00000262,0,0,8,1128.0,,14.0
simu5g_00000262,0,0,9,1160.0,,15.0
simu5g_00000262,0,0,10,1160.0,,15.0
simu5g_00000262,0,0,11,1160.0,,15.0
simu5g_00000262,0,0,12,1160.0,,15.0
simu5g_00000262,0,0,13,1160.0,,15.0
simu5g_00000262,0,0,14,1160.0,,15.0
simu5g_00000262,0,0,15,1160.0,,15.0
simu5g_00000262,0,0,16,1160.0,,15.0
simu5g_00000262,0,0,17,1160.0,,15.0
simu5g_00000262,0,0,18,1160.0,,15.0
simu5g_00000262,0,0,19,1160.0,,15.0
simu5g_00000262,0,0,20,1160.0,,15.0
simu5g_00000262,0,0,21,1128.0,,14.0
simu5g_00000262,0,0,22,1160.0,,15.0
simu5g_00000262,0,0,23,1160.0,,15.0
simu5g_00000262,0,0,24,1160.0,,15.0
simu5g_00000262,1,1,0,1128.0,,14.0
simu5g_00000262,1,1,1,984.0,,13.0
simu5g_00000262,1,1,2,984.0,,13.0
simu5g_00000262,1,1,3,1160.0,,15.0
simu5g_00000262,1,1,4,984.0,,13.0
simu5g_00000262,1,1,5,1128.0,,14.0
simu5g_00000262,1,1,6,1128.0,,14.0
simu5g_00000262,1,1,7,808.0,,11.0
simu5g_00000262,1,1,8,608.0,,9.0
simu5g_00000262,1,1,9,1128.0,,14.0
simu5g_00000262,1,1,10,1128.0,,14.0
simu5g_00000262,1,1,11,1128.0,,14.0
simu5g_00000262,1,1,12,984.0,,13.0
simu5g_00000262,1,1,13,1160.0,,15.0
simu5g_00000262,1,1,14,1128.0,,14.0
simu5g_00000262,1,1,15,1128.0,,14.0
simu5g_00000262,1,1,16,1128.0,,14.0
simu5g_00000262,1,1,17,984.0,,13.0
simu5g_00000262,1,1,18,1128.0,,14.0
simu5g_00000262,1,1,19,1128.0,,14.0
simu5g_00000262,1,1,20,1128.0,,14.0
simu5g_00000262,1,1,21,608.0,,9.0
simu5g_00000262,1,1,22,1128.0,,14.0
simu5g_00000262,1,1,23,984.0,,13.0
simu5g_00000262,1,1,24,1128.0,,14.0
simu5g_00000262,2,2,0,1160.0,,15.0
simu5g_00000262,2,2,1,1160.0,,15.0
simu5g_00000262,2,2,2,1160.0,,15.0
simu5g_00000262,2,2,3,1160.0,,15.0
simu5g_00000262,2,2,4,1160.0,,15.0
simu5g_00000262,2,2,5,1128.0,,14.0
simu5g_00000262,2,2,6,1160.0,,15.0
simu5g_00000262,2,2,7,984.0,,13.0
simu5g_00000262,2,2,8,1160.0,,15.0
simu5g_00000262,2,2,9,1160.0,,15.0
simu5g_00000262,2,2,10,1160.0,,15.0
simu5g_00000262,2,2,11,984.0,,13.0
simu5g_00000262,2,2,12,1160.0,,15.0
simu5g_00000262,2,2,13,1160.0,,15.0
simu5g_00000262,2,2,14,1160.0,,15.0
simu5g_00000262,2,2,15,1160.0,,15.0
simu5g_00000262,2,2,16,1128.0,,14.0
simu5g_00000262,2,2,17,1160.0,,15.0
simu5g_00000262,2,2,18,1160.0,,15.0
simu5g_00000262,2,2,19,1160.0,,15.0
simu5g_00000262,2,2,20,1160.0,,15.0
simu5g_00000262,2,2,21,1160.0,,15.0
simu5g_00000262,2,2,22,1128.0,,14.0
simu5g_00000262,2,2,23,1160.0,,15.0
simu5g_00000262,2,2,24,1128.0,,14.0
simu5g_00000262,3,3,0,808.0,,11.0
simu5g_00000262,3,3,1,1128.0,,14.0
simu5g_00000262,3,3,2,888.0,,12.0
simu5g_00000262,3,3,3,984.0,,13.0
simu5g_00000262,3,3,4,1128.0,,14.0
simu5g_00000262,3,3,5,984.0,,13.0
simu5g_00000262,3,3,6,984.0,,13.0
simu5g_00000262,3,3,7,984.0,,13.0
simu5g_00000262,3,3,8,432.0,,7.0
simu5g_00000262,3,3,9,432.0,,7.0
simu5g_00000262,3,3,10,984.0,,13.0
simu5g_00000262,3,3,11,888.0,,12.0
simu5g_00000262,3,3,12,984.0,,13.0
simu5g_00000262,3,3,13,984.0,,13.0
simu5g_00000262,3,3,14,1128.0,,14.0
simu5g_00000262,3,3,15,984.0,,13.0
simu5g_00000262,3,3,16,984.0,,13.0
simu5g_00000262,3,3,17,984.0,,13.0
simu5g_00000262,3,3,18,984.0,,13.0
simu5g_00000262,3,3,19,984.0,,13.0
simu5g_00000262,3,3,20,984.0,,13.0
simu5g_00000262,3,3,21,808.0,,11.0
simu5g_00000262,3,3,22,704.0,,10.0
simu5g_00000262,3,3,23,984.0,,13.0
simu5g_00000262,3,3,24,704.0,,10.0
simu5g_00000263,15,0,0,1160.0,,15.0
simu5g_00000263,15,0,1,1160.0,,15.0
simu5g_00000263,15,0,2,1160.0,,15.0
simu5g_00000263,15,0,3,1160.0,,15.0
simu5g_00000263,15,0,4,1160.0,,15.0
simu5g_00000263,15,0,5,1128.0,,14.0
simu5g_00000263,15,0,6,1160.0,,15.0
simu5g_00000263,15,0,7,1160.0,,15.0
simu5g_00000263,15,0,8,1160.0,,15.0
simu5g_00000263,15,0,9,1160.0,,15.0
simu5g_00000263,15,0,10,1160.0,,15.0
simu5g_00000263,15,0,11,1160.0,,15.0
simu5g_00000263,15,0,12,1160.0,,15.0
simu5g_00000263,15,0,13,1160.0,,15.0
simu5g_00000263,15,0,14,1160.0,,15.0
simu5g_00000263,15,0,15,1160.0,,15.0
simu5g_00000263,15,0,16,1160.0,,15.0
simu5g_00000263,15,0,17,1160.0,,15.0
simu5g_00000263,15,0,18,1160.0,,15.0
simu5g_00000263,15,0,19,1160.0,,15.0
simu5g_00000263,15,0,20,1160.0,,15.0
simu5g_00000263,15,0,21,1160.0,,15.0
simu5g_00000263,15,0,22,1160.0,,15.0
simu5g_00000263,15,0,23,1160.0,,15.0
simu5g_00000263,15,0,24,1160.0,,15.0
simu5g_00000263,31,1,0,1128.0,,14.0
simu5g_00000263,31,1,1,984.0,,13.0
simu5g_00000263,31,1,2,1160.0,,15.0
simu5g_00000263,31,1,3,1160.0,,15.0
simu5g_00000263,31,1,4,1160.0,,15.0
simu5g_00000263,31,1,5,1128.0,,14.0
simu5g_00000263,31,1,6,1160.0,,15.0
simu5g_00000263,31,1,7,1128.0,,14.0
simu5g_00000263,31,1,8,1160.0,,15.0
simu5g_00000263,31,1,9,1160.0,,15.0
simu5g_00000263,31,1,10,1160.0,,15.0
simu5g_00000263,31,1,11,1128.0,,14.0
simu5g_00000263,31,1,12,608.0,,9.0
simu5g_00000263,31,1,13,1160.0,,15.0
simu5g_00000263,31,1,14,1160.0,,15.0
simu5g_00000263,31,1,15,1160.0,,15.0
simu5g_00000263,31,1,16,1128.0,,14.0
simu5g_00000263,31,1,17,1160.0,,15.0
simu5g_00000263,31,1,18,1160.0,,15.0
simu5g_00000263,31,1,19,1128.0,,14.0
simu5g_00000263,31,1,20,1128.0,,14.0
simu5g_00000263,31,1,21,1160.0,,15.0
simu5g_00000263,31,1,22,1128.0,,14.0
simu5g_00000263,31,1,23,1160.0,,15.0
simu5g_00000263,31,1,24,1160.0,,15.0
simu5g_00000264,0,0,0,1160.0,,15.0
simu5g_00000264,0,0,1,1128.0,,14.0
simu5g_00000264,0,0,2,1160.0,,15.0
simu5g_00000264,0,0,3,1160.0,,15.0
simu5g_00000264,0,0,4,1160.0,,15.0
simu5g_00000264,0,0,5,1160.0,,15.0
simu5g_00000264,0,0,6,1160.0,,15.0
simu5g_00000264,0,0,7,1160.0,,15.0
simu5g_00000264,0,0,8,1160.0,,15.0
simu5g_00000264,0,0,9,1160.0,,15.0
simu5g_00000264,0,0,10,1160.0,,15.0
simu5g_00000264,0,0,11,1160.0,,15.0
simu5g_00000264,0,0,12,1160.0,,15.0
simu5g_00000264,0,0,13,1160.0,,15.0
simu5g_00000264,0,0,14,1160.0,,15.0
simu5g_00000264,0,0,15,1160.0,,15.0
simu5g_00000264,0,0,16,1160.0,,15.0
simu5g_00000264,0,0,17,1160.0,,15.0
simu5g_00000264,0,0,18,1160.0,,15.0
simu5g_00000264,0,0,19,1160.0,,15.0
simu5g_00000264,0,0,20,1160.0,,15.0
simu5g_00000264,0,0,21,1160.0,,15.0
simu5g_00000264,0,0,22,1160.0,,15.0
simu5g_00000264,0,0,23,1160.0,,15.0
simu5g_00000264,0,0,24,1160.0,,15.0
simu5g_00000264,1,1,0,1160.0,,15.0
simu5g_00000264,1,1,1,1128.0,,14.0
simu5g_00000264,1,1,2,1128.0,,14.0
simu5g_00000264,1,1,3,1160.0,,15.0
simu5g_00000264,1,1,4,1128.0,,14.0
simu5g_00000264,1,1,5,1128.0,,14.0
simu5g_00000264,1,1,6,1128.0,,14.0
simu5g_00000264,1,1,7,888.0,,12.0
simu5g_00000264,1,1,8,808.0,,11.0
simu5g_00000264,1,1,9,1128.0,,14.0
simu5g_00000264,1,1,10,1128.0,,14.0
simu5g_00000264,1,1,11,1128.0,,14.0
simu5g_00000264,1,1,12,1128.0,,14.0
simu5g_00000264,1,1,13,1160.0,,15.0
simu5g_00000264,1,1,14,1160.0,,15.0
simu5g_00000264,1,1,15,1160.0,,15.0
simu5g_00000264,1,1,16,1128.0,,14.0
simu5g_00000264,1,1,17,1128.0,,14.0
simu5g_00000264,1,1,18,1128.0,,14.0
simu5g_00000264,1,1,19,1128.0,,14.0
simu5g_00000264,1,1,20,1160.0,,15.0
simu5g_00000264,1,1,21,608.0,,9.0
simu5g_00000264,1,1,22,1160.0,,15.0
simu5g_00000264,1,1,23,984.0,,13.0
simu5g_00000264,1,1,24,1128.0,,14.0
simu5g_00000264,2,2,0,1160.0,,15.0
simu5g_00000264,2,2,1,1160.0,,15.0
simu5g_00000264,2,2,2,1160.0,,15.0
simu5g_00000264,2,2,3,1160.0,,15.0
simu5g_00000264,2,2,4,1160.0,,15.0
simu5g_00000264,2,2,5,1160.0,,15.0
simu5g_00000264,2,2,6,1160.0,,15.0
simu5g_00000264,2,2,7,1128.0,,14.0
simu5g_00000264,2,2,8,1160.0,,15.0
simu5g_00000264,2,2,9,1160.0,,15.0
simu5g_00000264,2,2,10,1160.0,,15.0
simu5g_00000264,2,2,11,1128.0,,14.0
simu5g_00000264,2,2,12,1160.0,,15.0
simu5g_00000264,2,2,13,1160.0,,15.0
simu5g_00000264,2,2,14,1160.0,,15.0
simu5g_00000264,2,2,15,1160.0,,15.0
simu5g_00000264,2,2,16,1160.0,,15.0
simu5g_00000264,2,2,17,1160.0,,15.0
simu5g_00000264,2,2,18,1160.0,,15.0
simu5g_00000264,2,2,19,1160.0,,15.0
simu5g_00000264,2,2,20,1160.0,,15.0
simu5g_00000264,2,2,21,1160.0,,15.0
simu5g_00000264,2,2,22,1160.0,,15.0
simu5g_00000264,2,2,23,1160.0,,15.0
simu5g_00000264,2,2,24,1160.0,,15.0
simu5g_00000264,3,3,0,808.0,,11.0
simu5g_00000264,3,3,1,1128.0,,14.0
simu5g_00000264,3,3,2,888.0,,12.0
simu5g_00000264,3,3,3,984.0,,13.0
simu5g_00000264,3,3,4,1128.0,,14.0
simu5g_00000264,3,3,5,984.0,,13.0
simu5g_00000264,3,3,6,984.0,,13.0
simu5g_00000264,3,3,7,984.0,,13.0
simu5g_00000264,3,3,8,432.0,,7.0
simu5g_00000264,3,3,9,432.0,,7.0
simu5g_00000264,3,3,10,984.0,,13.0
simu5g_00000264,3,3,11,888.0,,12.0
simu5g_00000264,3,3,12,984.0,,13.0
simu5g_00000264,3,3,13,984.0,,13.0
simu5g_00000264,3,3,14,1128.0,,14.0
simu5g_00000264,3,3,15,984.0,,13.0
simu5g_00000264,3,3,16,984.0,,13.0
simu5g_00000264,3,3,17,984.0,,13.0
simu5g_00000264,3,3,18,984.0,,13.0
simu5g_00000264,3,3,19,984.0,,13.0
simu5g_00000264,3,3,20,984.0,,13.0
simu5g_00000264,3,3,21,808.0,,11.0
simu5g_00000264,3,3,22,704.0,,10.0
simu5g_00000264,3,3,23,984.0,,13.0
simu5g_00000264,3,3,24,704.0,,10.0
simu5g_00000265,15,0,0,1160.0,,15.0
simu5g_00000265,15,0,1,1160.0,,15.0
simu5g_00000265,15,0,2,1160.0,,15.0
simu5g_00000265,15,0,3,1160.0,,15.0
simu5g_00000265,15,0,4,1160.0,,15.0
simu5g_00000265,15,0,5,1128.0,,14.0
simu5g_00000265,15,0,6,1160.0,,15.0
simu5g_00000265,15,0,7,1160.0,,15.0
simu5g_00000265,15,0,8,1160.0,,15.0
simu5g_00000265,15,0,9,1160.0,,15.0
simu5g_00000265,15,0,10,1160.0,,15.0
simu5g_00000265,15,0,11,1160.0,,15.0
simu5g_00000265,15,0,12,1160.0,,15.0
simu5g_00000265,15,0,13,1160.0,,15.0
simu5g_00000265,15,0,14,1160.0,,15.0
simu5g_00000265,15,0,15,1160.0,,15.0
simu5g_00000265,15,0,16,1160.0,,15.0
simu5g_00000265,15,0,17,1160.0,,15.0
simu5g_00000265,15,0,18,1160.0,,15.0
simu5g_00000265,15,0,19,1160.0,,15.0
simu5g_00000265,15,0,20,1160.0,,15.0
simu5g_00000265,15,0,21,1160.0,,15.0
simu5g_00000265,15,0,22,1160.0,,15.0
simu5g_00000265,15,0,23,1160.0,,15.0
simu5g_00000265,15,0,24,1160.0,,15.0
simu5g_00000265,31,1,0,1128.0,,14.0
simu5g_00000265,31,1,1,984.0,,13.0
simu5g_00000265,31,1,2,1160.0,,15.0
simu5g_00000265,31,1,3,1160.0,,15.0
simu5g_00000265,31,1,4,1160.0,,15.0
simu5g_00000265,31,1,5,1128.0,,14.0
simu5g_00000265,31,1,6,1160.0,,15.0
simu5g_00000265,31,1,7,1128.0,,14.0
simu5g_00000265,31,1,8,1160.0,,15.0
simu5g_00000265,31,1,9,1160.0,,15.0
simu5g_00000265,31,1,10,1160.0,,15.0
simu5g_00000265,31,1,11,1128.0,,14.0
simu5g_00000265,31,1,12,608.0,,9.0
simu5g_00000265,31,1,13,1160.0,,15.0
simu5g_00000265,31,1,14,1160.0,,15.0
simu5g_00000265,31,1,15,1160.0,,15.0
simu5g_00000265,31,1,16,1128.0,,14.0
simu5g_00000265,31,1,17,1160.0,,15.0
simu5g_00000265,31,1,18,1160.0,,15.0
simu5g_00000265,31,1,19,1128.0,,14.0
simu5g_00000265,31,1,20,1128.0,,14.0
simu5g_00000265,31,1,21,1160.0,,15.0
simu5g_00000265,31,1,22,1128.0,,14.0
simu5g_00000265,31,1,23,1160.0,,15.0
simu5g_00000265,31,1,24,1160.0,,15.0
simu5g_00000266,0,0,0,1160.0,,15.0
simu5g_00000266,0,0,1,1128.0,,14.0
simu5g_00000266,0,0,2,1160.0,,15.0
simu5g_00000266,0,0,3,1160.0,,15.0
simu5g_00000266,0,0,4,1160.0,,15.0
simu5g_00000266,0,0,5,1160.0,,15.0
simu5g_00000266,0,0,6,1160.0,,15.0
simu5g_00000266,0,0,7,1160.0,,15.0
simu5g_00000266,0,0,8,1160.0,,15.0
simu5g_00000266,0,0,9,1160.0,,15.0
simu5g_00000266,0,0,10,1160.0,,15.0
simu5g_00000266,0,0,11,1160.0,,15.0
simu5g_00000266,0,0,12,1160.0,,15.0
simu5g_00000266,0,0,13,1160.0,,15.0
simu5g_00000266,0,0,14,1160.0,,15.0
simu5g_00000266,0,0,15,1160.0,,15.0
simu5g_00000266,0,0,16,1160.0,,15.0
simu5g_00000266,0,0,17,1160.0,,15.0
simu5g_00000266,0,0,18,1160.0,,15.0
simu5g_00000266,0,0,19,1160.0,,15.0
simu5g_00000266,0,0,20,1160.0,,15.0
simu5g_00000266,0,0,21,1160.0,,15.0
simu5g_00000266,0,0,22,1160.0,,15.0
simu5g_00000266,0,0,23,1160.0,,15.0
simu5g_00000266,0,0,24,1160.0,,15.0
simu5g_00000266,1,1,0,1160.0,,15.0
simu5g_00000266,1,1,1,1128.0,,14.0
simu5g_00000266,1,1,2,1128.0,,14.0
simu5g_00000266,1,1,3,1160.0,,15.0
simu5g_00000266,1,1,4,1128.0,,14.0
simu5g_00000266,1,1,5,1128.0,,14.0
simu5g_00000266,1,1,6,1128.0,,14.0
simu5g_00000266,1,1,7,888.0,,12.0
simu5g_00000266,1,1,8,808.0,,11.0
simu5g_00000266,1,1,9,1128.0,,14.0
simu5g_00000266,1,1,10,1128.0,,14.0
simu5g_00000266,1,1,11,1128.0,,14.0
simu5g_00000266,1,1,12,1128.0,,14.0
simu5g_00000266,1,1,13,1160.0,,15.0
simu5g_00000266,1,1,14,1160.0,,15.0
simu5g_00000266,1,1,15,1160.0,,15.0
simu5g_00000266,1,1,16,1128.0,,14.0
simu5g_00000266,1,1,17,1128.0,,14.0
simu5g_00000266,1,1,18,1128.0,,14.0
simu5g_00000266,1,1,19,1128.0,,14.0
simu5g_00000266,1,1,20,1160.0,,15.0
simu5g_00000266,1,1,21,608.0,,9.0
simu5g_00000266,1,1,22,1160.0,,15.0
simu5g_00000266,1,1,23,984.0,,13.0
simu5g_00000266,1,1,24,1128.0,,14.0
simu5g_00000266,2,2,0,1160.0,,15.0
simu5g_00000266,2,2,1,1160.0,,15.0
simu5g_00000266,2,2,2,1160.0,,15.0
simu5g_00000266,2,2,3,1160.0,,15.0
simu5g_00000266,2,2,4,1160.0,,15.0
simu5g_00000266,2,2,5,1160.0,,15.0
simu5g_00000266,2,2,6,1160.0,,15.0
simu5g_00000266,2,2,7,1128.0,,14.0
simu5g_00000266,2,2,8,1160.0,,15.0
simu5g_00000266,2,2,9,1160.0,,15.0
simu5g_00000266,2,2,10,1160.0,,15.0
simu5g_00000266,2,2,11,1128.0,,14.0
simu5g_00000266,2,2,12,1160.0,,15.0
simu5g_00000266,2,2,13,1160.0,,15.0
simu5g_00000266,2,2,14,1160.0,,15.0
simu5g_00000266,2,2,15,1160.0,,15.0
simu5g_00000266,2,2,16,1160.0,,15.0
simu5g_00000266,2,2,17,1160.0,,15.0
simu5g_00000266,2,2,18,1160.0,,15.0
simu5g_00000266,2,2,19,1160.0,,15.0
simu5g_00000266,2,2,20,1160.0,,15.0
simu5g_00000266,2,2,21,1160.0,,15.0
simu5g_00000266,2,2,22,1160.0,,15.0
simu5g_00000266,2,2,23,1160.0,,15.0
simu5g_00000266,2,2,24,1160.0,,15.0
simu5g_00000266,3,3,0,808.0,,11.0
simu5g_00000266,3,3,1,1128.0,,14.0
simu5g_00000266,3,3,2,888.0,,12.0
simu5g_00000266,3,3,3,984.0,,13.0
simu5g_00000266,3,3,4,1128.0,,14.0
simu5g_00000266,3,3,5,984.0,,13.0
simu5g_00000266,3,3,6,984.0,,13.0
simu5g_00000266,3,3,7,984.0,,13.0
simu5g_00000266,3,3,8,528.0,,8.0
simu5g_00000266,3,3,9,432.0,,7.0
simu5g_00000266,3,3,10,984.0,,13.0
simu5g_00000266,3,3,11,888.0,,12.0
simu5g_00000266,3,3,12,984.0,,13.0
simu5g_00000266,3,3,13,984.0,,13.0
simu5g_00000266,3,3,14,1128.0,,14.0
simu5g_00000266,3,3,15,984.0,,13.0
simu5g_00000266,3,3,16,984.0,,13.0
simu5g_00000266,3,3,17,984.0,,13.0
simu5g_00000266,3,3,18,984.0,,13.0
simu5g_00000266,3,3,19,984.0,,13.0
simu5g_00000266,3,3,20,984.0,,13.0
simu5g_00000266,3,3,21,808.0,,11.0
simu5g_00000266,3,3,22,704.0,,10.0
simu5g_00000266,3,3,23,984.0,,13.0
simu5g_00000266,3,3,24,704.0,,10.0
simu5g_00000267,15,0,0,1160.0,,15.0
simu5g_00000267,15,0,1,1160.0,,15.0
simu5g_00000267,15,0,2,1160.0,,15.0
simu5g_00000267,15,0,3,1160.0,,15.0
simu5g_00000267,15,0,4,1160.0,,15.0
simu5g_00000267,15,0,5,1128.0,,14.0
simu5g_00000267,15,0,6,1160.0,,15.0
simu5g_00000267,15,0,7,1160.0,,15.0
simu5g_00000267,15,0,8,1160.0,,15.0
simu5g_00000267,15,0,9,1160.0,,15.0
simu5g_00000267,15,0,10,1160.0,,15.0
simu5g_00000267,15,0,11,1160.0,,15.0
simu5g_00000267,15,0,12,1160.0,,15.0
simu5g_00000267,15,0,13,1160.0,,15.0
simu5g_00000267,15,0,14,1160.0,,15.0
simu5g_00000267,15,0,15,1160.0,,15.0
simu5g_00000267,15,0,16,1160.0,,15.0
simu5g_00000267,15,0,17,1160.0,,15.0
simu5g_00000267,15,0,18,1160.0,,15.0
simu5g_00000267,15,0,19,1160.0,,15.0
simu5g_00000267,15,0,20,1160.0,,15.0
simu5g_00000267,15,0,21,1160.0,,15.0
simu5g_00000267,15,0,22,1160.0,,15.0
simu5g_00000267,15,0,23,1160.0,,15.0
simu5g_00000267,15,0,24,1160.0,,15.0
simu5g_00000267,31,1,0,1128.0,,14.0
simu5g_00000267,31,1,1,984.0,,13.0
simu5g_00000267,31,1,2,1160.0,,15.0
simu5g_00000267,31,1,3,1160.0,,15.0
simu5g_00000267,31,1,4,1160.0,,15.0
simu5g_00000267,31,1,5,1128.0,,14.0
simu5g_00000267,31,1,6,1160.0,,15.0
simu5g_00000267,31,1,7,1128.0,,14.0
simu5g_00000267,31,1,8,1160.0,,15.0
simu5g_00000267,31,1,9,1160.0,,15.0
simu5g_00000267,31,1,10,1160.0,,15.0
simu5g_00000267,31,1,11,1128.0,,14.0
simu5g_00000267,31,1,12,608.0,,9.0
simu5g_00000267,31,1,13,1160.0,,15.0
simu5g_00000267,31,1,14,1160.0,,15.0
simu5g_00000267,31,1,15,1160.0,,15.0
simu5g_00000267,31,1,16,1128.0,,14.0
simu5g_00000267,31,1,17,1160.0,,15.0
simu5g_00000267,31,1,18,1160.0,,15.0
simu5g_00000267,31,1,19,1128.0,,14.0
simu5g_00000267,31,1,20,1128.0,,14.0
simu5g_00000267,31,1,21,1160.0,,15.0
simu5g_00000267,31,1,22,1128.0,,14.0
simu5g_00000267,31,1,23,1160.0,,15.0
simu5g_00000267,31,1,24,1160.0,,15.0
simu5g_00000268,0,0,0,1160.0,,15.0
simu5g_00000268,0,0,1,1128.0,,14.0
simu5g_00000268,0,0,2,1160.0,,15.0
simu5g_00000268,0,0,3,1160.0,,15.0
simu5g_00000268,0,0,4,1160.0,,15.0
simu5g_00000268,0,0,5,1160.0,,15.0
simu5g_00000268,0,0,6,1160.0,,15.0
simu5g_00000268,0,0,7,1160.0,,15.0
simu5g_00000268,0,0,8,1160.0,,15.0
simu5g_00000268,0,0,9,1160.0,,15.0
simu5g_00000268,0,0,10,1160.0,,15.0
simu5g_00000268,0,0,11,1160.0,,15.0
simu5g_00000268,0,0,12,1160.0,,15.0
simu5g_00000268,0,0,13,1160.0,,15.0
simu5g_00000268,0,0,14,1160.0,,15.0
simu5g_00000268,0,0,15,1160.0,,15.0
simu5g_00000268,0,0,16,1160.0,,15.0
simu5g_00000268,0,0,17,1160.0,,15.0
simu5g_00000268,0,0,18,1160.0,,15.0
simu5g_00000268,0,0,19,1160.0,,15.0
simu5g_00000268,0,0,20,1160.0,,15.0
simu5g_00000268,0,0,21,1160.0,,15.0
simu5g_00000268,0,0,22,1160.0,,15.0
simu5g_00000268,0,0,23,1160.0,,15.0
simu5g_00000268,0,0,24,1160.0,,15.0
simu5g_00000268,1,1,0,1160.0,,15.0
simu5g_00000268,1,1,1,1128.0,,14.0
simu5g_00000268,1,1,2,1128.0,,14.0
simu5g_00000268,1,1,3,1160.0,,15.0
simu5g_00000268,1,1,4,1128.0,,14.0
simu5g_00000268,1,1,5,1128.0,,14.0
simu5g_00000268,1,1,6,1128.0,,14.0
simu5g_00000268,1,1,7,888.0,,12.0
simu5g_00000268,1,1,8,808.0,,11.0
simu5g_00000268,1,1,9,1128.0,,14.0
simu5g_00000268,1,1,10,1128.0,,14.0
simu5g_00000268,1,1,11,1128.0,,14.0
simu5g_00000268,1,1,12,1128.0,,14.0
simu5g_00000268,1,1,13,1160.0,,15.0
simu5g_00000268,1,1,14,1160.0,,15.0
simu5g_00000268,1,1,15,1160.0,,15.0
simu5g_00000268,1,1,16,1128.0,,14.0
simu5g_00000268,1,1,17,1128.0,,14.0
simu5g_00000268,1,1,18,1128.0,,14.0
simu5g_00000268,1,1,19,1128.0,,14.0
simu5g_00000268,1,1,20,1160.0,,15.0
simu5g_00000268,1,1,21,608.0,,9.0
simu5g_00000268,1,1,22,1160.0,,15.0
simu5g_00000268,1,1,23,984.0,,13.0
simu5g_00000268,1,1,24,1128.0,,14.0
simu5g_00000268,2,2,0,1160.0,,15.0
simu5g_00000268,2,2,1,1160.0,,15.0
simu5g_00000268,2,2,2,1160.0,,15.0
simu5g_00000268,2,2,3,1160.0,,15.0
simu5g_00000268,2,2,4,1160.0,,15.0
simu5g_00000268,2,2,5,1160.0,,15.0
simu5g_00000268,2,2,6,1160.0,,15.0
simu5g_00000268,2,2,7,1128.0,,14.0
simu5g_00000268,2,2,8,1160.0,,15.0
simu5g_00000268,2,2,9,1160.0,,15.0
simu5g_00000268,2,2,10,1160.0,,15.0
simu5g_00000268,2,2,11,1128.0,,14.0
simu5g_00000268,2,2,12,1160.0,,15.0
simu5g_00000268,2,2,13,1160.0,,15.0
simu5g_00000268,2,2,14,1160.0,,15.0
simu5g_00000268,2,2,15,1160.0,,15.0
simu5g_00000268,2,2,16,1160.0,,15.0
simu5g_00000268,2,2,17,1160.0,,15.0
simu5g_00000268,2,2,18,1160.0,,15.0
simu5g_00000268,2,2,19,1160.0,,15.0
simu5g_00000268,2,2,20,1160.0,,15.0
simu5g_00000268,2,2,21,1160.0,,15.0
simu5g_00000268,2,2,22,1160.0,,15.0
simu5g_00000268,2,2,23,1160.0,,15.0
simu5g_00000268,2,2,24,1160.0,,15.0
simu5g_00000268,3,3,0,808.0,,11.0
simu5g_00000268,3,3,1,1128.0,,14.0
simu5g_00000268,3,3,2,888.0,,12.0
simu5g_00000268,3,3,3,984.0,,13.0
simu5g_00000268,3,3,4,1128.0,,14.0
simu5g_00000268,3,3,5,984.0,,13.0
simu5g_00000268,3,3,6,984.0,,13.0
simu5g_00000268,3,3,7,984.0,,13.0
simu5g_00000268,3,3,8,528.0,,8.0
simu5g_00000268,3,3,9,432.0,,7.0
simu5g_00000268,3,3,10,984.0,,13.0
simu5g_00000268,3,3,11,888.0,,12.0
simu5g_00000268,3,3,12,984.0,,13.0
simu5g_00000268,3,3,13,984.0,,13.0
simu5g_00000268,3,3,14,1128.0,,14.0
simu5g_00000268,3,3,15,984.0,,13.0
simu5g_00000268,3,3,16,984.0,,13.0
simu5g_00000268,3,3,17,984.0,,13.0
simu5g_00000268,3,3,18,984.0,,13.0
simu5g_00000268,3,3,19,984.0,,13.0
simu5g_00000268,3,3,20,984.0,,13.0
simu5g_00000268,3,3,21,808.0,,11.0
simu5g_00000268,3,3,22,704.0,,10.0
simu5g_00000268,3,3,23,984.0,,13.0
simu5g_00000268,3,3,24,704.0,,10.0
simu5g_00000269,15,0,0,1160.0,,15.0
simu5g_00000269,15,0,1,1160.0,,15.0
simu5g_00000269,15,0,2,1160.0,,15.0
simu5g_00000269,15,0,3,1160.0,,15.0
simu5g_00000269,15,0,4,1160.0,,15.0
simu5g_00000269,15,0,5,1128.0,,14.0
simu5g_00000269,15,0,6,1160.0,,15.0
simu5g_00000269,15,0,7,1160.0,,15.0
simu5g_00000269,15,0,8,1160.0,,15.0
simu5g_00000269,15,0,9,1160.0,,15.0
simu5g_00000269,15,0,10,1160.0,,15.0
simu5g_00000269,15,0,11,1160.0,,15.0
simu5g_00000269,15,0,12,1160.0,,15.0
simu5g_00000269,15,0,13,1160.0,,15.0
simu5g_00000269,15,0,14,1160.0,,15.0
simu5g_00000269,15,0,15,1160.0,,15.0
simu5g_00000269,15,0,16,1160.0,,15.0
simu5g_00000269,15,0,17,1160.0,,15.0
simu5g_00000269,15,0,18,1160.0,,15.0
simu5g_00000269,15,0,19,1160.0,,15.0
simu5g_00000269,15,0,20,1160.0,,15.0
simu5g_00000269,15,0,21,1160.0,,15.0
simu5g_00000269,15,0,22,1160.0,,15.0
simu5g_00000269,15,0,23,1160.0,,15.0
simu5g_00000269,15,0,24,1160.0,,15.0
simu5g_00000269,31,1,0,1128.0,,14.0
simu5g_00000269,31,1,1,984.0,,13.0
simu5g_00000269,31,1,2,1160.0,,15.0
simu5g_00000269,31,1,3,1160.0,,15.0
simu5g_00000269,31,1,4,1160.0,,15.0
simu5g_00000269,31,1,5,1128.0,,14.0
simu5g_00000269,31,1,6,1160.0,,15.0
simu5g_00000269,31,1,7,1128.0,,14.0
simu5g_00000269,31,1,8,1160.0,,15.0
simu5g_00000269,31,1,9,1160.0,,15.0
simu5g_00000269,31,1,10,1160.0,,15.0
simu5g_00000269,31,1,11,1128.0,,14.0
simu5g_00000269,31,1,12,608.0,,9.0
simu5g_00000269,31,1,13,1160.0,,15.0
simu5g_00000269,31,1,14,1160.0,,15.0
simu5g_00000269,31,1,15,1160.0,,15.0
simu5g_00000269,31,1,16,1128.0,,14.0
simu5g_00000269,31,1,17,1160.0,,15.0
simu5g_00000269,31,1,18,1160.0,,15.0
simu5g_00000269,31,1,19,1128.0,,14.0
simu5g_00000269,31,1,20,1128.0,,14.0
simu5g_00000269,31,1,21,1160.0,,15.0
simu5g_00000269,31,1,22,1128.0,,14.0
simu5g_00000269,31,1,23,1160.0,,15.0
simu5g_00000269,31,1,24,1160.0,,15.0
simu5g_00000270,0,0,0,1160.0,,15.0
simu5g_00000270,0,0,1,1128.0,,14.0
simu5g_00000270,0,0,2,1160.0,,15.0
simu5g_00000270,0,0,3,1160.0,,15.0
simu5g_00000270,0,0,4,1160.0,,15.0
simu5g_00000270,0,0,5,1160.0,,15.0
simu5g_00000270,0,0,6,1160.0,,15.0
simu5g_00000270,0,0,7,1160.0,,15.0
simu5g_00000270,0,0,8,1160.0,,15.0
simu5g_00000270,0,0,9,1160.0,,15.0
simu5g_00000270,0,0,10,1160.0,,15.0
simu5g_00000270,0,0,11,1160.0,,15.0
simu5g_00000270,0,0,12,1160.0,,15.0
simu5g_00000270,0,0,13,1160.0,,15.0
simu5g_00000270,0,0,14,1160.0,,15.0
simu5g_00000270,0,0,15,1160.0,,15.0
simu5g_00000270,0,0,16,1160.0,,15.0
simu5g_00000270,0,0,17,1160.0,,15.0
simu5g_00000270,0,0,18,1160.0,,15.0
simu5g_00000270,0,0,19,1160.0,,15.0
simu5g_00000270,0,0,20,1160.0,,15.0
simu5g_00000270,0,0,21,1160.0,,15.0
simu5g_00000270,0,0,22,1160.0,,15.0
simu5g_00000270,0,0,23,1160.0,,15.0
simu5g_00000270,0,0,24,1160.0,,15.0
simu5g_00000270,1,1,0,1160.0,,15.0
simu5g_00000270,1,1,1,1128.0,,14.0
simu5g_00000270,1,1,2,1128.0,,14.0
simu5g_00000270,1,1,3,1160.0,,15.0
simu5g_00000270,1,1,4,1128.0,,14.0
simu5g_00000270,1,1,5,1160.0,,15.0
simu5g_00000270,1,1,6,1128.0,,14.0
simu5g_00000270,1,1,7,888.0,,12.0
simu5g_00000270,1,1,8,808.0,,11.0
simu5g_00000270,1,1,9,1128.0,,14.0
simu5g_00000270,1,1,10,1128.0,,14.0
simu5g_00000270,1,1,11,1128.0,,14.0
simu5g_00000270,1,1,12,1128.0,,14.0
simu5g_00000270,1,1,13,1160.0,,15.0
simu5g_00000270,1,1,14,1160.0,,15.0
simu5g_00000270,1,1,15,1160.0,,15.0
simu5g_00000270,1,1,16,1128.0,,14.0
simu5g_00000270,1,1,17,1128.0,,14.0
simu5g_00000270,1,1,18,1128.0,,14.0
simu5g_00000270,1,1,19,1128.0,,14.0
simu5g_00000270,1,1,20,1160.0,,15.0
simu5g_00000270,1,1,21,608.0,,9.0
simu5g_00000270,1,1,22,1160.0,,15.0
simu5g_00000270,1,1,23,984.0,,13.0
simu5g_00000270,1,1,24,1128.0,,14.0
simu5g_00000270,2,2,0,1160.0,,15.0
simu5g_00000270,2,2,1,1160.0,,15.0
simu5g_00000270,2,2,2,1160.0,,15.0
simu5g_00000270,2,2,3,1160.0,,15.0
simu5g_00000270,2,2,4,1160.0,,15.0
simu5g_00000270,2,2,5,1160.0,,15.0
simu5g_00000270,2,2,6,1160.0,,15.0
simu5g_00000270,2,2,7,1128.0,,14.0
simu5g_00000270,2,2,8,1160.0,,15.0
simu5g_00000270,2,2,9,1160.0,,15.0
simu5g_00000270,2,2,10,1160.0,,15.0
simu5g_00000270,2,2,11,1128.0,,14.0
simu5g_00000270,2,2,12,1160.0,,15.0
simu5g_00000270,2,2,13,1160.0,,15.0
simu5g_00000270,2,2,14,1160.0,,15.0
simu5g_00000270,2,2,15,1160.0,,15.0
simu5g_00000270,2,2,16,1160.0,,15.0
simu5g_00000270,2,2,17,1160.0,,15.0
simu5g_00000270,2,2,18,1160.0,,15.0
simu5g_00000270,2,2,19,1160.0,,15.0
simu5g_00000270,2,2,20,1160.0,,15.0
simu5g_00000270,2,2,21,1160.0,,15.0
simu5g_00000270,2,2,22,1160.0,,15.0
simu5g_00000270,2,2,23,1160.0,,15.0
simu5g_00000270,2,2,24,1160.0,,15.0
simu5g_00000270,3,3,0,808.0,,11.0
simu5g_00000270,3,3,1,1128.0,,14.0
simu5g_00000270,3,3,2,888.0,,12.0
simu5g_00000270,3,3,3,984.0,,13.0
simu5g_00000270,3,3,4,1128.0,,14.0
simu5g_00000270,3,3,5,984.0,,13.0
simu5g_00000270,3,3,6,984.0,,13.0
simu5g_00000270,3,3,7,984.0,,13.0
simu5g_00000270,3,3,8,528.0,,8.0
simu5g_00000270,3,3,9,432.0,,7.0
simu5g_00000270,3,3,10,984.0,,13.0
simu5g_00000270,3,3,11,888.0,,12.0
simu5g_00000270,3,3,12,984.0,,13.0
simu5g_00000270,3,3,13,984.0,,13.0
simu5g_00000270,3,3,14,1128.0,,14.0
simu5g_00000270,3,3,15,984.0,,13.0
simu5g_00000270,3,3,16,984.0,,13.0
simu5g_00000270,3,3,17,984.0,,13.0
simu5g_00000270,3,3,18,984.0,,13.0
simu5g_00000270,3,3,19,984.0,,13.0
simu5g_00000270,3,3,20,984.0,,13.0
simu5g_00000270,3,3,21,808.0,,11.0
simu5g_00000270,3,3,22,704.0,,10.0
simu5g_00000270,3,3,23,984.0,,13.0
simu5g_00000270,3,3,24,704.0,,10.0
simu5g_00000271,15,0,0,1160.0,,15.0
simu5g_00000271,15,0,1,1160.0,,15.0
simu5g_00000271,15,0,2,1160.0,,15.0
simu5g_00000271,15,0,3,1160.0,,15.0
simu5g_00000271,15,0,4,1160.0,,15.0
simu5g_00000271,15,0,5,1128.0,,14.0
simu5g_00000271,15,0,6,1160.0,,15.0
simu5g_00000271,15,0,7,1160.0,,15.0
simu5g_00000271,15,0,8,1160.0,,15.0
simu5g_00000271,15,0,9,1160.0,,15.0
simu5g_00000271,15,0,10,1160.0,,15.0
simu5g_00000271,15,0,11,1160.0,,15.0
simu5g_00000271,15,0,12,1160.0,,15.0
simu5g_00000271,15,0,13,1160.0,,15.0
simu5g_00000271,15,0,14,1160.0,,15.0
simu5g_00000271,15,0,15,1160.0,,15.0
simu5g_00000271,15,0,16,1160.0,,15.0
simu5g_00000271,15,0,17,1160.0,,15.0
simu5g_00000271,15,0,18,1160.0,,15.0
simu5g_00000271,15,0,19,1160.0,,15.0
simu5g_00000271,15,0,20,1160.0,,15.0
simu5g_00000271,15,0,21,1160.0,,15.0
simu5g_00000271,15,0,22,1160.0,,15.0
simu5g_00000271,15,0,23,1160.0,,15.0
simu5g_00000271,15,0,24,1160.0,,15.0
simu5g_00000271,31,1,0,1128.0,,14.0
simu5g_00000271,31,1,1,984.0,,13.0
simu5g_00000271,31,1,2,1160.0,,15.0
simu5g_00000271,31,1,3,1160.0,,15.0
simu5g_00000271,31,1,4,1160.0,,15.0
simu5g_00000271,31,1,5,1128.0,,14.0
simu5g_00000271,31,1,6,1160.0,,15.0
simu5g_00000271,31,1,7,1128.0,,14.0
simu5g_00000271,31,1,8,1160.0,,15.0
simu5g_00000271,31,1,9,1160.0,,15.0
simu5g_00000271,31,1,10,1160.0,,15.0
simu5g_00000271,31,1,11,1128.0,,14.0
simu5g_00000271,31,1,12,608.0,,9.0
simu5g_00000271,31,1,13,1160.0,,15.0
simu5g_00000271,31,1,14,1160.0,,15.0
simu5g_00000271,31,1,15,1160.0,,15.0
simu5g_00000271,31,1,16,1128.0,,14.0
simu5g_00000271,31,1,17,1160.0,,15.0
simu5g_00000271,31,1,18,1160.0,,15.0
simu5g_00000271,31,1,19,1128.0,,14.0
simu5g_00000271,31,1,20,1128.0,,14.0
simu5g_00000271,31,1,21,1160.0,,15.0
simu5g_00000271,31,1,22,1128.0,,14.0
simu5g_00000271,31,1,23,1160.0,,15.0
simu5g_00000271,31,1,24,1160.0,,15.0
simu5g_00000272,0,0,0,1160.0,,15.0
simu5g_00000272,0,0,1,808.0,,11.0
simu5g_00000272,0,0,2,1160.0,,15.0
simu5g_00000272,0,0,3,1128.0,,14.0
simu5g_00000272,0,0,4,1160.0,,15.0
simu5g_00000272,0,0,5,1128.0,,14.0
simu5g_00000272,0,0,6,1128.0,,14.0
simu5g_00000272,0,0,7,1160.0,,15.0
simu5g_00000272,0,0,8,984.0,,13.0
simu5g_00000272,0,0,9,1160.0,,15.0
simu5g_00000272,0,0,10,1160.0,,15.0
simu5g_00000272,0,0,11,1160.0,,15.0
simu5g_00000272,0,0,12,1160.0,,15.0
simu5g_00000272,0,0,13,1160.0,,15.0
simu5g_00000272,0,0,14,1160.0,,15.0
simu5g_00000272,0,0,15,1160.0,,15.0
simu5g_00000272,0,0,16,1128.0,,14.0
simu5g_00000272,0,0,17,1160.0,,15.0
simu5g_00000272,0,0,18,1160.0,,15.0
simu5g_00000272,0,0,19,1160.0,,15.0
simu5g_00000272,0,0,20,1160.0,,15.0
simu5g_00000272,0,0,21,984.0,,13.0
simu5g_00000272,0,0,22,1160.0,,15.0
simu5g_00000272,0,0,23,1160.0,,15.0
simu5g_00000272,0,0,24,1128.0,,14.0
simu5g_00000272,1,1,0,1160.0,,15.0
simu5g_00000272,1,1,1,1128.0,,14.0
simu5g_00000272,1,1,2,1128.0,,14.0
simu5g_00000272,1,1,3,1160.0,,15.0
simu5g_00000272,1,1,4,1128.0,,14.0
simu5g_00000272,1,1,5,1128.0,,14.0
simu5g_00000272,1,1,6,1128.0,,14.0
simu5g_00000272,1,1,7,888.0,,12.0
simu5g_00000272,1,1,8,808.0,,11.0
simu5g_00000272,1,1,9,1128.0,,14.0
simu5g_00000272,1,1,10,1128.0,,14.0
simu5g_00000272,1,1,11,1128.0,,14.0
simu5g_00000272,1,1,12,1128.0,,14.0
simu5g_00000272,1,1,13,1160.0,,15.0
simu5g_00000272,1,1,14,1160.0,,15.0
simu5g_00000272,1,1,15,1160.0,,15.0
simu5g_00000272,1,1,16,1128.0,,14.0
simu5g_00000272,1,1,17,1128.0,,14.0
simu5g_00000272,1,1,18,1128.0,,14.0
simu5g_00000272,1,1,19,1128.0,,14.0
simu5g_00000272,1,1,20,1160.0,,15.0
simu5g_00000272,1,1,21,608.0,,9.0
simu5g_00000272,1,1,22,1160.0,,15.0
simu5g_00000272,1,1,23,984.0,,13.0
simu5g_00000272,1,1,24,1128.0,,14.0
simu5g_00000272,2,2,0,1160.0,,15.0
simu5g_00000272,2,2,1,1160.0,,15.0
simu5g_00000272,2,2,2,1160.0,,15.0
simu5g_00000272,2,2,3,1160.0,,15.0
simu5g_00000272,2,2,4,1160.0,,15.0
simu5g_00000272,2,2,5,1160.0,,15.0
simu5g_00000272,2,2,6,1160.0,,15.0
simu5g_00000272,2,2,7,1128.0,,14.0
simu5g_00000272,2,2,8,1160.0,,15.0
simu5g_00000272,2,2,9,1160.0,,15.0
simu5g_00000272,2,2,10,1160.0,,15.0
simu5g_00000272,2,2,11,1128.0,,14.0
simu5g_00000272,2,2,12,1160.0,,15.0
simu5g_00000272,2,2,13,1160.0,,15.0
simu5g_00000272,2,2,14,1160.0,,15.0
simu5g_00000272,2,2,15,1160.0,,15.0
simu5g_00000272,2,2,16,1160.0,,15.0
simu5g_00000272,2,2,17,1160.0,,15.0
simu5g_00000272,2,2,18,1160.0,,15.0
simu5g_00000272,2,2,19,1160.0,,15.0
simu5g_00000272,2,2,20,1160.0,,15.0
simu5g_00000272,2,2,21,1160.0,,15.0
simu5g_00000272,2,2,22,1160.0,,15.0
simu5g_00000272,2,2,23,1160.0,,15.0
simu5g_00000272,2,2,24,1160.0,,15.0
simu5g_00000272,3,3,0,704.0,,10.0
simu5g_00000272,3,3,1,1128.0,,14.0
simu5g_00000272,3,3,2,808.0,,11.0
simu5g_00000272,3,3,3,888.0,,12.0
simu5g_00000272,3,3,4,984.0,,13.0
simu5g_00000272,3,3,5,984.0,,13.0
simu5g_00000272,3,3,6,984.0,,13.0
simu5g_00000272,3,3,7,888.0,,12.0
simu5g_00000272,3,3,8,368.0,,6.0
simu5g_00000272,3,3,9,368.0,,6.0
simu5g_00000272,3,3,10,888.0,,12.0
simu5g_00000272,3,3,11,808.0,,11.0
simu5g_00000272,3,3,12,984.0,,13.0
simu5g_00000272,3,3,13,984.0,,13.0
simu5g_00000272,3,3,14,984.0,,13.0
simu5g_00000272,3,3,15,984.0,,13.0
simu5g_00000272,3,3,16,984.0,,13.0
simu5g_00000272,3,3,17,984.0,,13.0
simu5g_00000272,3,3,18,984.0,,13.0
simu5g_00000272,3,3,19,888.0,,12.0
simu5g_00000272,3,3,20,984.0,,13.0
simu5g_00000272,3,3,21,704.0,,10.0
simu5g_00000272,3,3,22,608.0,,9.0
simu5g_00000272,3,3,23,984.0,,13.0
simu5g_00000272,3,3,24,608.0,,9.0
simu5g_00000273,15,0,0,1160.0,,15.0
simu5g_00000273,15,0,1,1160.0,,15.0
simu5g_00000273,15,0,2,1160.0,,15.0
simu5g_00000273,15,0,3,1160.0,,15.0
simu5g_00000273,15,0,4,1160.0,,15.0
simu5g_00000273,15,0,5,1128.0,,14.0
simu5g_00000273,15,0,6,1160.0,,15.0
simu5g_00000273,15,0,7,1160.0,,15.0
simu5g_00000273,15,0,8,1160.0,,15.0
simu5g_00000273,15,0,9,1160.0,,15.0
simu5g_00000273,15,0,10,1160.0,,15.0
simu5g_00000273,15,0,11,1160.0,,15.0
simu5g_00000273,15,0,12,1160.0,,15.0
simu5g_00000273,15,0,13,1160.0,,15.0
simu5g_00000273,15,0,14,1160.0,,15.0
simu5g_00000273,15,0,15,1160.0,,15.0
simu5g_00000273,15,0,16,1160.0,,15.0
simu5g_00000273,15,0,17,1160.0,,15.0
simu5g_00000273,15,0,18,1160.0,,15.0
simu5g_00000273,15,0,19,1160.0,,15.0
simu5g_00000273,15,0,20,1160.0,,15.0
simu5g_00000273,15,0,21,1160.0,,15.0
simu5g_00000273,15,0,22,1160.0,,15.0
simu5g_00000273,15,0,23,1160.0,,15.0
simu5g_00000273,15,0,24,1160.0,,15.0
simu5g_00000273,31,1,0,1128.0,,14.0
simu5g_00000273,31,1,1,984.0,,13.0
simu5g_00000273,31,1,2,1160.0,,15.0
simu5g_00000273,31,1,3,1160.0,,15.0
simu5g_00000273,31,1,4,1160.0,,15.0
simu5g_00000273,31,1,5,1160.0,,15.0
simu5g_00000273,31,1,6,1160.0,,15.0
simu5g_00000273,31,1,7,1128.0,,14.0
simu5g_00000273,31,1,8,1160.0,,15.0
simu5g_00000273,31,1,9,1160.0,,15.0
simu5g_00000273,31,1,10,1160.0,,15.0
simu5g_00000273,31,1,11,1128.0,,14.0
simu5g_00000273,31,1,12,608.0,,9.0
simu5g_00000273,31,1,13,1160.0,,15.0
simu5g_00000273,31,1,14,1160.0,,15.0
simu5g_00000273,31,1,15,1160.0,,15.0
simu5g_00000273,31,1,16,1128.0,,14.0
simu5g_00000273,31,1,17,1160.0,,15.0
simu5g_00000273,31,1,18,1160.0,,15.0
simu5g_00000273,31,1,19,1128.0,,14.0
simu5g_00000273,31,1,20,1128.0,,14.0
simu5g_00000273,31,1,21,1160.0,,15.0
simu5g_00000273,31,1,22,1128.0,,14.0
simu5g_00000273,31,1,23,1160.0,,15.0
simu5g_00000273,31,1,24,1160.0,,15.0
simu5g_00000274,0,0,0,1160.0,,15.0
simu5g_00000274,0,0,1,808.0,,11.0
simu5g_00000274,0,0,2,1160.0,,15.0
simu5g_00000274,0,0,3,1128.0,,14.0
simu5g_00000274,0,0,4,1160.0,,15.0
simu5g_00000274,0,0,5,1128.0,,14.0
simu5g_00000274,0,0,6,1128.0,,14.0
simu5g_00000274,0,0,7,1160.0,,15.0
simu5g_00000274,0,0,8,984.0,,13.0
simu5g_00000274,0,0,9,1160.0,,15.0
simu5g_00000274,0,0,10,1160.0,,15.0
simu5g_00000274,0,0,11,1160.0,,15.0
simu5g_00000274,0,0,12,1160.0,,15.0
simu5g_00000274,0,0,13,1160.0,,15.0
simu5g_00000274,0,0,14,1160.0,,15.0
simu5g_00000274,0,0,15,1160.0,,15.0
simu5g_00000274,0,0,16,1128.0,,14.0
simu5g_00000274,0,0,17,1160.0,,15.0
simu5g_00000274,0,0,18,1160.0,,15.0
simu5g_00000274,0,0,19,1160.0,,15.0
simu5g_00000274,0,0,20,1160.0,,15.0
simu5g_00000274,0,0,21,984.0,,13.0
simu5g_00000274,0,0,22,1160.0,,15.0
simu5g_00000274,0,0,23,1160.0,,15.0
simu5g_00000274,0,0,24,1128.0,,14.0
simu5g_00000274,1,1,0,1160.0,,15.0
simu5g_00000274,1,1,1,1128.0,,14.0
simu5g_00000274,1,1,2,1128.0,,14.0
simu5g_00000274,1,1,3,1160.0,,15.0
simu5g_00000274,1,1,4,1128.0,,14.0
simu5g_00000274,1,1,5,1128.0,,14.0
simu5g_00000274,1,1,6,1128.0,,14.0
simu5g_00000274,1,1,7,888.0,,12.0
simu5g_00000274,1,1,8,808.0,,11.0
simu5g_00000274,1,1,9,1128.0,,14.0
simu5g_00000274,1,1,10,1128.0,,14.0
simu5g_00000274,1,1,11,1128.0,,14.0
simu5g_00000274,1,1,12,1128.0,,14.0
simu5g_00000274,1,1,13,1160.0,,15.0
simu5g_00000274,1,1,14,1160.0,,15.0
simu5g_00000274,1,1,15,1160.0,,15.0
simu5g_00000274,1,1,16,1128.0,,14.0
simu5g_00000274,1,1,17,1128.0,,14.0
simu5g_00000274,1,1,18,1128.0,,14.0
simu5g_00000274,1,1,19,1128.0,,14.0
simu5g_00000274,1,1,20,1160.0,,15.0
simu5g_00000274,1,1,21,608.0,,9.0
simu5g_00000274,1,1,22,1160.0,,15.0
simu5g_00000274,1,1,23,984.0,,13.0
simu5g_00000274,1,1,24,1128.0,,14.0
simu5g_00000274,2,2,0,1128.0,,14.0
simu5g_00000274,2,2,1,1160.0,,15.0
simu5g_00000274,2,2,2,984.0,,13.0
simu5g_00000274,2,2,3,1160.0,,15.0
simu5g_00000274,2,2,4,984.0,,13.0
simu5g_00000274,2,2,5,984.0,,13.0
simu5g_00000274,2,2,6,1128.0,,14.0
simu5g_00000274,2,2,7,608.0,,9.0
simu5g_00000274,2,2,8,1160.0,,15.0
simu5g_00000274,2,2,9,1128.0,,14.0
simu5g_00000274,2,2,10,1128.0,,14.0
simu5g_00000274,2,2,11,704.0,,10.0
simu5g_00000274,2,2,12,984.0,,13.0
simu5g_00000274,2,2,13,1128.0,,14.0
simu5g_00000274,2,2,14,1128.0,,14.0
simu5g_00000274,2,2,15,1128.0,,14.0
simu5g_00000274,2,2,16,808.0,,11.0
simu5g_00000274,2,2,17,984.0,,13.0
simu5g_00000274,2,2,18,984.0,,13.0
simu5g_00000274,2,2,19,1128.0,,14.0
simu5g_00000274,2,2,20,1128.0,,14.0
simu5g_00000274,2,2,21,984.0,,13.0
simu5g_00000274,2,2,22,888.0,,12.0
simu5g_00000274,2,2,23,1128.0,,14.0
simu5g_00000274,2,2,24,888.0,,12.0
simu5g_00000274,3,3,0,704.0,,10.0
simu5g_00000274,3,3,1,1128.0,,14.0
simu5g_00000274,3,3,2,808.0,,11.0
simu5g_00000274,3,3,3,888.0,,12.0
simu5g_00000274,3,3,4,984.0,,13.0
simu5g_00000274,3,3,5,984.0,,13.0
simu5g_00000274,3,3,6,984.0,,13.0
simu5g_00000274,3,3,7,888.0,,12.0
simu5g_00000274,3,3,8,368.0,,6.0
simu5g_00000274,3,3,9,368.0,,6.0
simu5g_00000274,3,3,10,888.0,,12.0
simu5g_00000274,3,3,11,808.0,,11.0
simu5g_00000274,3,3,12,984.0,,13.0
simu5g_00000274,3,3,13,984.0,,13.0
simu5g_00000274,3,3,14,984.0,,13.0
simu5g_00000274,3,3,15,984.0,,13.0
simu5g_00000274,3,3,16,984.0,,13.0
simu5g_00000274,3,3,17,984.0,,13.0
simu5g_00000274,3,3,18,984.0,,13.0
simu5g_00000274,3,3,19,888.0,,12.0
simu5g_00000274,3,3,20,984.0,,13.0
simu5g_00000274,3,3,21,704.0,,10.0
simu5g_00000274,3,3,22,608.0,,9.0
simu5g_00000274,3,3,23,984.0,,13.0
simu5g_00000274,3,3,24,608.0,,9.0
simu5g_00000275,15,0,0,1160.0,,15.0
simu5g_00000275,15,0,1,1160.0,,15.0
simu5g_00000275,15,0,2,1160.0,,15.0
simu5g_00000275,15,0,3,1160.0,,15.0
simu5g_00000275,15,0,4,1160.0,,15.0
simu5g_00000275,15,0,5,1128.0,,14.0
simu5g_00000275,15,0,6,1160.0,,15.0
simu5g_00000275,15,0,7,1160.0,,15.0
simu5g_00000275,15,0,8,1160.0,,15.0
simu5g_00000275,15,0,9,1160.0,,15.0
simu5g_00000275,15,0,10,1160.0,,15.0
simu5g_00000275,15,0,11,1160.0,,15.0
simu5g_00000275,15,0,12,1160.0,,15.0
simu5g_00000275,15,0,13,1160.0,,15.0
simu5g_00000275,15,0,14,1160.0,,15.0
simu5g_00000275,15,0,15,1160.0,,15.0
simu5g_00000275,15,0,16,1160.0,,15.0
simu5g_00000275,15,0,17,1160.0,,15.0
simu5g_00000275,15,0,18,1160.0,,15.0
simu5g_00000275,15,0,19,1160.0,,15.0
simu5g_00000275,15,0,20,1160.0,,15.0
simu5g_00000275,15,0,21,1160.0,,15.0
simu5g_00000275,15,0,22,1160.0,,15.0
simu5g_00000275,15,0,23,1160.0,,15.0
simu5g_00000275,15,0,24,1160.0,,15.0
simu5g_00000275,31,1,0,984.0,,13.0
simu5g_00000275,31,1,1,984.0,,13.0
simu5g_00000275,31,1,2,1160.0,,15.0
simu5g_00000275,31,1,3,1160.0,,15.0
simu5g_00000275,31,1,4,1160.0,,15.0
simu5g_00000275,31,1,5,1128.0,,14.0
simu5g_00000275,31,1,6,1160.0,,15.0
simu5g_00000275,31,1,7,1128.0,,14.0
simu5g_00000275,31,1,8,1160.0,,15.0
simu5g_00000275,31,1,9,1160.0,,15.0
simu5g_00000275,31,1,10,1160.0,,15.0
simu5g_00000275,31,1,11,1128.0,,14.0
simu5g_00000275,31,1,12,608.0,,9.0
simu5g_00000275,31,1,13,1160.0,,15.0
simu5g_00000275,31,1,14,1160.0,,15.0
simu5g_00000275,31,1,15,1160.0,,15.0
simu5g_00000275,31,1,16,1128.0,,14.0
simu5g_00000275,31,1,17,1160.0,,15.0
simu5g_00000275,31,1,18,1160.0,,15.0
simu5g_00000275,31,1,19,1128.0,,14.0
simu5g_00000275,31,1,20,984.0,,13.0
simu5g_00000275,31,1,21,1160.0,,15.0
simu5g_00000275,31,1,22,1128.0,,14.0
simu5g_00000275,31,1,23,1160.0,,15.0
simu5g_00000275,31,1,24,1160.0,,15.0
simu5g_00000276,0,0,0,1160.0,,15.0
simu5g_00000276,0,0,1,808.0,,11.0
simu5g_00000276,0,0,2,1160.0,,15.0
simu5g_00000276,0,0,3,1128.0,,14.0
simu5g_00000276,0,0,4,1160.0,,15.0
simu5g_00000276,0,0,5,1128.0,,14.0
simu5g_00000276,0,0,6,1128.0,,14.0
simu5g_00000276,0,0,7,1160.0,,15.0
simu5g_00000276,0,0,8,984.0,,13.0
simu5g_00000276,0,0,9,1160.0,,15.0
simu5g_00000276,0,0,10,1160.0,,15.0
simu5g_00000276,0,0,11,1160.0,,15.0
simu5g_00000276,0,0,12,1160.0,,15.0
simu5g_00000276,0,0,13,1160.0,,15.0
simu5g_00000276,0,0,14,1160.0,,15.0
simu5g_00000276,0,0,15,1160.0,,15.0
simu5g_00000276,0,0,16,1128.0,,14.0
simu5g_00000276,0,0,17,1160.0,,15.0
simu5g_00000276,0,0,18,1160.0,,15.0
simu5g_00000276,0,0,19,1160.0,,15.0
simu5g_00000276,0,0,20,1160.0,,15.0
simu5g_00000276,0,0,21,984.0,,13.0
simu5g_00000276,0,0,22,1160.0,,15.0
simu5g_00000276,0,0,23,1160.0,,15.0
simu5g_00000276,0,0,24,1128.0,,14.0
simu5g_00000276,1,1,0,1160.0,,15.0
simu5g_00000276,1,1,1,1128.0,,14.0
simu5g_00000276,1,1,2,1128.0,,14.0
simu5g_00000276,1,1,3,1160.0,,15.0
simu5g_00000276,1,1,4,1128.0,,14.0
simu5g_00000276,1,1,5,1128.0,,14.0
simu5g_00000276,1,1,6,1128.0,,14.0
simu5g_00000276,1,1,7,888.0,,12.0
simu5g_00000276,1,1,8,808.0,,11.0
simu5g_00000276,1,1,9,1128.0,,14.0
simu5g_00000276,1,1,10,1128.0,,14.0
simu5g_00000276,1,1,11,1128.0,,14.0
simu5g_00000276,1,1,12,1128.0,,14.0
simu5g_00000276,1,1,13,1160.0,,15.0
simu5g_00000276,1,1,14,1160.0,,15.0
simu5g_00000276,1,1,15,1160.0,,15.0
simu5g_00000276,1,1,16,1128.0,,14.0
simu5g_00000276,1,1,17,1128.0,,14.0
simu5g_00000276,1,1,18,1128.0,,14.0
simu5g_00000276,1,1,19,1128.0,,14.0
simu5g_00000276,1,1,20,1160.0,,15.0
simu5g_00000276,1,1,21,608.0,,9.0
simu5g_00000276,1,1,22,1160.0,,15.0
simu5g_00000276,1,1,23,984.0,,13.0
simu5g_00000276,1,1,24,1128.0,,14.0
simu5g_00000276,2,2,0,1128.0,,14.0
simu5g_00000276,2,2,1,1160.0,,15.0
simu5g_00000276,2,2,2,984.0,,13.0
simu5g_00000276,2,2,3,1160.0,,15.0
simu5g_00000276,2,2,4,984.0,,13.0
simu5g_00000276,2,2,5,984.0,,13.0
simu5g_00000276,2,2,6,1128.0,,14.0
simu5g_00000276,2,2,7,608.0,,9.0
simu5g_00000276,2,2,8,1160.0,,15.0
simu5g_00000276,2,2,9,1128.0,,14.0
simu5g_00000276,2,2,10,1128.0,,14.0
simu5g_00000276,2,2,11,704.0,,10.0
simu5g_00000276,2,2,12,984.0,,13.0
simu5g_00000276,2,2,13,1128.0,,14.0
simu5g_00000276,2,2,14,1128.0,,14.0
simu5g_00000276,2,2,15,1128.0,,14.0
simu5g_00000276,2,2,16,808.0,,11.0
simu5g_00000276,2,2,17,984.0,,13.0
simu5g_00000276,2,2,18,984.0,,13.0
simu5g_00000276,2,2,19,1128.0,,14.0
simu5g_00000276,2,2,20,1128.0,,14.0
simu5g_00000276,2,2,21,984.0,,13.0
simu5g_00000276,2,2,22,888.0,,12.0
simu5g_00000276,2,2,23,1128.0,,14.0
simu5g_00000276,2,2,24,888.0,,12.0
simu5g_00000276,3,3,0,704.0,,10.0
simu5g_00000276,3,3,1,1128.0,,14.0
simu5g_00000276,3,3,2,808.0,,11.0
simu5g_00000276,3,3,3,888.0,,12.0
simu5g_00000276,3,3,4,984.0,,13.0
simu5g_00000276,3,3,5,984.0,,13.0
simu5g_00000276,3,3,6,984.0,,13.0
simu5g_00000276,3,3,7,888.0,,12.0
simu5g_00000276,3,3,8,368.0,,6.0
simu5g_00000276,3,3,9,368.0,,6.0
simu5g_00000276,3,3,10,888.0,,12.0
simu5g_00000276,3,3,11,808.0,,11.0
simu5g_00000276,3,3,12,984.0,,13.0
simu5g_00000276,3,3,13,984.0,,13.0
simu5g_00000276,3,3,14,984.0,,13.0
simu5g_00000276,3,3,15,984.0,,13.0
simu5g_00000276,3,3,16,984.0,,13.0
simu5g_00000276,3,3,17,984.0,,13.0
simu5g_00000276,3,3,18,984.0,,13.0
simu5g_00000276,3,3,19,888.0,,12.0
simu5g_00000276,3,3,20,984.0,,13.0
simu5g_00000276,3,3,21,704.0,,10.0
simu5g_00000276,3,3,22,608.0,,9.0
simu5g_00000276,3,3,23,984.0,,13.0
simu5g_00000276,3,3,24,608.0,,9.0
simu5g_00000277,15,0,0,1160.0,,15.0
simu5g_00000277,15,0,1,1160.0,,15.0
simu5g_00000277,15,0,2,1160.0,,15.0
simu5g_00000277,15,0,3,1160.0,,15.0
simu5g_00000277,15,0,4,1160.0,,15.0
simu5g_00000277,15,0,5,1128.0,,14.0
simu5g_00000277,15,0,6,1160.0,,15.0
simu5g_00000277,15,0,7,1160.0,,15.0
simu5g_00000277,15,0,8,1160.0,,15.0
simu5g_00000277,15,0,9,1160.0,,15.0
simu5g_00000277,15,0,10,1160.0,,15.0
simu5g_00000277,15,0,11,1160.0,,15.0
simu5g_00000277,15,0,12,1160.0,,15.0
simu5g_00000277,15,0,13,1160.0,,15.0
simu5g_00000277,15,0,14,1160.0,,15.0
simu5g_00000277,15,0,15,1160.0,,15.0
simu5g_00000277,15,0,16,1160.0,,15.0
simu5g_00000277,15,0,17,1160.0,,15.0
simu5g_00000277,15,0,18,1160.0,,15.0
simu5g_00000277,15,0,19,1160.0,,15.0
simu5g_00000277,15,0,20,1160.0,,15.0
simu5g_00000277,15,0,21,1160.0,,15.0
simu5g_00000277,15,0,22,1160.0,,15.0
simu5g_00000277,15,0,23,1160.0,,15.0
simu5g_00000277,15,0,24,1160.0,,15.0
simu5g_00000277,31,1,0,984.0,,13.0
simu5g_00000277,31,1,1,984.0,,13.0
simu5g_00000277,31,1,2,1160.0,,15.0
simu5g_00000277,31,1,3,1160.0,,15.0
simu5g_00000277,31,1,4,1160.0,,15.0
simu5g_00000277,31,1,5,1128.0,,14.0
simu5g_00000277,31,1,6,1160.0,,15.0
simu5g_00000277,31,1,7,1128.0,,14.0
simu5g_00000277,31,1,8,1160.0,,15.0
simu5g_00000277,31,1,9,1160.0,,15.0
simu5g_00000277,31,1,10,1160.0,,15.0
simu5g_00000277,31,1,11,1128.0,,14.0
simu5g_00000277,31,1,12,608.0,,9.0
simu5g_00000277,31,1,13,1160.0,,15.0
simu5g_00000277,31,1,14,1160.0,,15.0
simu5g_00000277,31,1,15,1160.0,,15.0
simu5g_00000277,31,1,16,1128.0,,14.0
simu5g_00000277,31,1,17,1160.0,,15.0
simu5g_00000277,31,1,18,1160.0,,15.0
simu5g_00000277,31,1,19,1128.0,,14.0
simu5g_00000277,31,1,20,984.0,,13.0
simu5g_00000277,31,1,21,1160.0,,15.0
simu5g_00000277,31,1,22,1128.0,,14.0
simu5g_00000277,31,1,23,1160.0,,15.0
simu5g_00000277,31,1,24,1160.0,,15.0
simu5g_00000278,0,0,0,1160.0,,15.0
simu5g_00000278,0,0,1,808.0,,11.0
simu5g_00000278,0,0,2,1160.0,,15.0
simu5g_00000278,0,0,3,1128.0,,14.0
simu5g_00000278,0,0,4,1160.0,,15.0
simu5g_00000278,0,0,5,1128.0,,14.0
simu5g_00000278,0,0,6,1128.0,,14.0
simu5g_00000278,0,0,7,1160.0,,15.0
simu5g_00000278,0,0,8,984.0,,13.0
simu5g_00000278,0,0,9,1160.0,,15.0
simu5g_00000278,0,0,10,1160.0,,15.0
simu5g_00000278,0,0,11,1160.0,,15.0
simu5g_00000278,0,0,12,1160.0,,15.0
simu5g_00000278,0,0,13,1160.0,,15.0
simu5g_00000278,0,0,14,1160.0,,15.0
simu5g_00000278,0,0,15,1160.0,,15.0
simu5g_00000278,0,0,16,1128.0,,14.0
simu5g_00000278,0,0,17,1160.0,,15.0
simu5g_00000278,0,0,18,1160.0,,15.0
simu5g_00000278,0,0,19,1160.0,,15.0
simu5g_00000278,0,0,20,1160.0,,15.0
simu5g_00000278,0,0,21,984.0,,13.0
simu5g_00000278,0,0,22,1160.0,,15.0
simu5g_00000278,0,0,23,1160.0,,15.0
simu5g_00000278,0,0,24,1128.0,,14.0
simu5g_00000278,1,1,0,1160.0,,15.0
simu5g_00000278,1,1,1,1128.0,,14.0
simu5g_00000278,1,1,2,1128.0,,14.0
simu5g_00000278,1,1,3,1160.0,,15.0
simu5g_00000278,1,1,4,1128.0,,14.0
simu5g_00000278,1,1,5,1128.0,,14.0
simu5g_00000278,1,1,6,1128.0,,14.0
simu5g_00000278,1,1,7,888.0,,12.0
simu5g_00000278,1,1,8,808.0,,11.0
simu5g_00000278,1,1,9,1128.0,,14.0
simu5g_00000278,1,1,10,1128.0,,14.0
simu5g_00000278,1,1,11,1128.0,,14.0
simu5g_00000278,1,1,12,1128.0,,14.0
simu5g_00000278,1,1,13,1160.0,,15.0
simu5g_00000278,1,1,14,1160.0,,15.0
simu5g_00000278,1,1,15,1160.0,,15.0
simu5g_00000278,1,1,16,1128.0,,14.0
simu5g_00000278,1,1,17,1128.0,,14.0
simu5g_00000278,1,1,18,1128.0,,14.0
simu5g_00000278,1,1,19,1128.0,,14.0
simu5g_00000278,1,1,20,1160.0,,15.0
simu5g_00000278,1,1,21,608.0,,9.0
simu5g_00000278,1,1,22,1160.0,,15.0
simu5g_00000278,1,1,23,984.0,,13.0
simu5g_00000278,1,1,24,1128.0,,14.0
simu5g_00000278,2,2,0,1128.0,,14.0
simu5g_00000278,2,2,1,1160.0,,15.0
simu5g_00000278,2,2,2,984.0,,13.0
simu5g_00000278,2,2,3,1160.0,,15.0
simu5g_00000278,2,2,4,984.0,,13.0
simu5g_00000278,2,2,5,984.0,,13.0
simu5g_00000278,2,2,6,1128.0,,14.0
simu5g_00000278,2,2,7,608.0,,9.0
simu5g_00000278,2,2,8,1160.0,,15.0
simu5g_00000278,2,2,9,1128.0,,14.0
simu5g_00000278,2,2,10,1128.0,,14.0
simu5g_00000278,2,2,11,704.0,,10.0
simu5g_00000278,2,2,12,984.0,,13.0
simu5g_00000278,2,2,13,1128.0,,14.0
simu5g_00000278,2,2,14,1128.0,,14.0
simu5g_00000278,2,2,15,1128.0,,14.0
simu5g_00000278,2,2,16,808.0,,11.0
simu5g_00000278,2,2,17,984.0,,13.0
simu5g_00000278,2,2,18,984.0,,13.0
simu5g_00000278,2,2,19,1128.0,,14.0
simu5g_00000278,2,2,20,1128.0,,14.0
simu5g_00000278,2,2,21,984.0,,13.0
simu5g_00000278,2,2,22,888.0,,12.0
simu5g_00000278,2,2,23,1128.0,,14.0
simu5g_00000278,2,2,24,888.0,,12.0
simu5g_00000278,3,3,0,704.0,,10.0
simu5g_00000278,3,3,1,1128.0,,14.0
simu5g_00000278,3,3,2,808.0,,11.0
simu5g_00000278,3,3,3,888.0,,12.0
simu5g_00000278,3,3,4,984.0,,13.0
simu5g_00000278,3,3,5,984.0,,13.0
simu5g_00000278,3,3,6,984.0,,13.0
simu5g_00000278,3,3,7,888.0,,12.0
simu5g_00000278,3,3,8,368.0,,6.0
simu5g_00000278,3,3,9,368.0,,6.0
simu5g_00000278,3,3,10,888.0,,12.0
simu5g_00000278,3,3,11,808.0,,11.0
simu5g_00000278,3,3,12,984.0,,13.0
simu5g_00000278,3,3,13,984.0,,13.0
simu5g_00000278,3,3,14,984.0,,13.0
simu5g_00000278,3,3,15,984.0,,13.0
simu5g_00000278,3,3,16,984.0,,13.0
simu5g_00000278,3,3,17,984.0,,13.0
simu5g_00000278,3,3,18,984.0,,13.0
simu5g_00000278,3,3,19,888.0,,12.0
simu5g_00000278,3,3,20,984.0,,13.0
simu5g_00000278,3,3,21,704.0,,10.0
simu5g_00000278,3,3,22,608.0,,9.0
simu5g_00000278,3,3,23,984.0,,13.0
simu5g_00000278,3,3,24,608.0,,9.0
simu5g_00000279,15,0,0,1160.0,,15.0
simu5g_00000279,15,0,1,1160.0,,15.0
simu5g_00000279,15,0,2,1160.0,,15.0
simu5g_00000279,15,0,3,1160.0,,15.0
simu5g_00000279,15,0,4,1160.0,,15.0
simu5g_00000279,15,0,5,1160.0,,15.0
simu5g_00000279,15,0,6,1160.0,,15.0
simu5g_00000279,15,0,7,1160.0,,15.0
simu5g_00000279,15,0,8,1160.0,,15.0
simu5g_00000279,15,0,9,1160.0,,15.0
simu5g_00000279,15,0,10,1160.0,,15.0
simu5g_00000279,15,0,11,1160.0,,15.0
simu5g_00000279,15,0,12,1160.0,,15.0
simu5g_00000279,15,0,13,1160.0,,15.0
simu5g_00000279,15,0,14,1160.0,,15.0
simu5g_00000279,15,0,15,1160.0,,15.0
simu5g_00000279,15,0,16,1160.0,,15.0
simu5g_00000279,15,0,17,1160.0,,15.0
simu5g_00000279,15,0,18,1160.0,,15.0
simu5g_00000279,15,0,19,1160.0,,15.0
simu5g_00000279,15,0,20,1160.0,,15.0
simu5g_00000279,15,0,21,1160.0,,15.0
simu5g_00000279,15,0,22,1160.0,,15.0
simu5g_00000279,15,0,23,1160.0,,15.0
simu5g_00000279,15,0,24,1160.0,,15.0
simu5g_00000279,31,1,0,984.0,,13.0
simu5g_00000279,31,1,1,984.0,,13.0
simu5g_00000279,31,1,2,1160.0,,15.0
simu5g_00000279,31,1,3,1160.0,,15.0
simu5g_00000279,31,1,4,1160.0,,15.0
simu5g_00000279,31,1,5,1128.0,,14.0
simu5g_00000279,31,1,6,1160.0,,15.0
simu5g_00000279,31,1,7,1128.0,,14.0
simu5g_00000279,31,1,8,1160.0,,15.0
simu5g_00000279,31,1,9,1160.0,,15.0
simu5g_00000279,31,1,10,1160.0,,15.0
simu5g_00000279,31,1,11,1128.0,,14.0
simu5g_00000279,31,1,12,608.0,,9.0
simu5g_00000279,31,1,13,1160.0,,15.0
simu5g_00000279,31,1,14,1160.0,,15.0
simu5g_00000279,31,1,15,1160.0,,15.0
simu5g_00000279,31,1,16,1128.0,,14.0
simu5g_00000279,31,1,17,1160.0,,15.0
simu5g_00000279,31,1,18,1160.0,,15.0
simu5g_00000279,31,1,19,1128.0,,14.0
simu5g_00000279,31,1,20,984.0,,13.0
simu5g_00000279,31,1,21,1160.0,,15.0
simu5g_00000279,31,1,22,1128.0,,14.0
simu5g_00000279,31,1,23,1160.0,,15.0
simu5g_00000279,31,1,24,1160.0,,15.0
simu5g_00000280,0,0,0,1160.0,,15.0
simu5g_00000280,0,0,1,888.0,,12.0
simu5g_00000280,0,0,2,1160.0,,15.0
simu5g_00000280,0,0,3,1160.0,,15.0
simu5g_00000280,0,0,4,1160.0,,15.0
simu5g_00000280,0,0,5,1160.0,,15.0
simu5g_00000280,0,0,6,1160.0,,15.0
simu5g_00000280,0,0,7,1160.0,,15.0
simu5g_00000280,0,0,8,1128.0,,14.0
simu5g_00000280,0,0,9,1160.0,,15.0
simu5g_00000280,0,0,10,1160.0,,15.0
simu5g_00000280,0,0,11,1160.0,,15.0
simu5g_00000280,0,0,12,1160.0,,15.0
simu5g_00000280,0,0,13,1160.0,,15.0
simu5g_00000280,0,0,14,1160.0,,15.0
simu5g_00000280,0,0,15,1160.0,,15.0
simu5g_00000280,0,0,16,1160.0,,15.0
simu5g_00000280,0,0,17,1160.0,,15.0
simu5g_00000280,0,0,18,1160.0,,15.0
simu5g_00000280,0,0,19,1160.0,,15.0
simu5g_00000280,0,0,20,1160.0,,15.0
simu5g_00000280,0,0,21,1128.0,,14.0
simu5g_00000280,0,0,22,1160.0,,15.0
simu5g_00000280,0,0,23,1160.0,,15.0
simu5g_00000280,0,0,24,1160.0,,15.0
simu5g_00000280,1,1,0,1160.0,,15.0
simu5g_00000280,1,1,1,1128.0,,14.0
simu5g_00000280,1,1,2,1128.0,,14.0
simu5g_00000280,1,1,3,1160.0,,15.0
simu5g_00000280,1,1,4,1128.0,,14.0
simu5g_00000280,1,1,5,1160.0,,15.0
simu5g_00000280,1,1,6,1160.0,,15.0
simu5g_00000280,1,1,7,984.0,,13.0
simu5g_00000280,1,1,8,888.0,,12.0
simu5g_00000280,1,1,9,1160.0,,15.0
simu5g_00000280,1,1,10,1160.0,,15.0
simu5g_00000280,1,1,11,1160.0,,15.0
simu5g_00000280,1,1,12,1160.0,,15.0
simu5g_00000280,1,1,13,1160.0,,15.0
simu5g_00000280,1,1,14,1160.0,,15.0
simu5g_00000280,1,1,15,1160.0,,15.0
simu5g_00000280,1,1,16,1160.0,,15.0
simu5g_00000280,1,1,17,1160.0,,15.0
simu5g_00000280,1,1,18,1160.0,,15.0
simu5g_00000280,1,1,19,1160.0,,15.0
simu5g_00000280,1,1,20,1160.0,,15.0
simu5g_00000280,1,1,21,808.0,,11.0
simu5g_00000280,1,1,22,1160.0,,15.0
simu5g_00000280,1,1,23,1128.0,,14.0
simu5g_00000280,1,1,24,1160.0,,15.0
simu5g_00000280,2,2,0,1128.0,,14.0
simu5g_00000280,2,2,1,1160.0,,15.0
simu5g_00000280,2,2,2,984.0,,13.0
simu5g_00000280,2,2,3,1160.0,,15.0
simu5g_00000280,2,2,4,984.0,,13.0
simu5g_00000280,2,2,5,984.0,,13.0
simu5g_00000280,2,2,6,1128.0,,14.0
simu5g_00000280,2,2,7,608.0,,9.0
simu5g_00000280,2,2,8,1160.0,,15.0
simu5g_00000280,2,2,9,1128.0,,14.0
simu5g_00000280,2,2,10,1128.0,,14.0
simu5g_00000280,2,2,11,704.0,,10.0
simu5g_00000280,2,2,12,984.0,,13.0
simu5g_00000280,2,2,13,1128.0,,14.0
simu5g_00000280,2,2,14,1128.0,,14.0
simu5g_00000280,2,2,15,1128.0,,14.0
simu5g_00000280,2,2,16,808.0,,11.0
simu5g_00000280,2,2,17,984.0,,13.0
simu5g_00000280,2,2,18,984.0,,13.0
simu5g_00000280,2,2,19,1128.0,,14.0
simu5g_00000280,2,2,20,1128.0,,14.0
simu5g_00000280,2,2,21,984.0,,13.0
simu5g_00000280,2,2,22,888.0,,12.0
simu5g_00000280,2,2,23,1128.0,,14.0
simu5g_00000280,2,2,24,888.0,,12.0
simu5g_00000280,3,3,0,704.0,,10.0
simu5g_00000280,3,3,1,1128.0,,14.0
simu5g_00000280,3,3,2,808.0,,11.0
simu5g_00000280,3,3,3,888.0,,12.0
simu5g_00000280,3,3,4,984.0,,13.0
simu5g_00000280,3,3,5,984.0,,13.0
simu5g_00000280,3,3,6,984.0,,13.0
simu5g_00000280,3,3,7,888.0,,12.0
simu5g_00000280,3,3,8,368.0,,6.0
simu5g_00000280,3,3,9,368.0,,6.0
simu5g_00000280,3,3,10,888.0,,12.0
simu5g_00000280,3,3,11,808.0,,11.0
simu5g_00000280,3,3,12,984.0,,13.0
simu5g_00000280,3,3,13,984.0,,13.0
simu5g_00000280,3,3,14,1128.0,,14.0
simu5g_00000280,3,3,15,984.0,,13.0
simu5g_00000280,3,3,16,984.0,,13.0
simu5g_00000280,3,3,17,984.0,,13.0
simu5g_00000280,3,3,18,984.0,,13.0
simu5g_00000280,3,3,19,888.0,,12.0
simu5g_00000280,3,3,20,984.0,,13.0
simu5g_00000280,3,3,21,704.0,,10.0
simu5g_00000280,3,3,22,608.0,,9.0
simu5g_00000280,3,3,23,984.0,,13.0
simu5g_00000280,3,3,24,608.0,,9.0
simu5g_00000281,15,0,0,1160.0,,15.0
simu5g_00000281,15,0,1,1160.0,,15.0
simu5g_00000281,15,0,2,1160.0,,15.0
simu5g_00000281,15,0,3,1160.0,,15.0
simu5g_00000281,15,0,4,1160.0,,15.0
simu5g_00000281,15,0,5,1160.0,,15.0
simu5g_00000281,15,0,6,1160.0,,15.0
simu5g_00000281,15,0,7,1160.0,,15.0
simu5g_00000281,15,0,8,1160.0,,15.0
simu5g_00000281,15,0,9,1160.0,,15.0
simu5g_00000281,15,0,10,1160.0,,15.0
simu5g_00000281,15,0,11,1160.0,,15.0
simu5g_00000281,15,0,12,1160.0,,15.0
simu5g_00000281,15,0,13,1160.0,,15.0
simu5g_00000281,15,0,14,1160.0,,15.0
simu5g_00000281,15,0,15,1160.0,,15.0
simu5g_00000281,15,0,16,1160.0,,15.0
simu5g_00000281,15,0,17,1160.0,,15.0
simu5g_00000281,15,0,18,1160.0,,15.0
simu5g_00000281,15,0,19,1160.0,,15.0
simu5g_00000281,15,0,20,1160.0,,15.0
simu5g_00000281,15,0,21,1160.0,,15.0
simu5g_00000281,15,0,22,1160.0,,15.0
simu5g_00000281,15,0,23,1160.0,,15.0
simu5g_00000281,15,0,24,1160.0,,15.0
simu5g_00000281,31,1,0,984.0,,13.0
simu5g_00000281,31,1,1,984.0,,13.0
simu5g_00000281,31,1,2,1160.0,,15.0
simu5g_00000281,31,1,3,1160.0,,15.0
simu5g_00000281,31,1,4,1160.0,,15.0
simu5g_00000281,31,1,5,1128.0,,14.0
simu5g_00000281,31,1,6,1160.0,,15.0
simu5g_00000281,31,1,7,1128.0,,14.0
simu5g_00000281,31,1,8,1160.0,,15.0
simu5g_00000281,31,1,9,1160.0,,15.0
simu5g_00000281,31,1,10,1160.0,,15.0
simu5g_00000281,31,1,11,1128.0,,14.0
simu5g_00000281,31,1,12,608.0,,9.0
simu5g_00000281,31,1,13,1160.0,,15.0
simu5g_00000281,31,1,14,1160.0,,15.0
simu5g_00000281,31,1,15,1160.0,,15.0
simu5g_00000281,31,1,16,1128.0,,14.0
simu5g_00000281,31,1,17,1160.0,,15.0
simu5g_00000281,31,1,18,1160.0,,15.0
simu5g_00000281,31,1,19,1128.0,,14.0
simu5g_00000281,31,1,20,984.0,,13.0
simu5g_00000281,31,1,21,1160.0,,15.0
simu5g_00000281,31,1,22,1128.0,,14.0
simu5g_00000281,31,1,23,1160.0,,15.0
simu5g_00000281,31,1,24,1160.0,,15.0
simu5g_00000282,0,0,0,1160.0,,15.0
simu5g_00000282,0,0,1,888.0,,12.0
simu5g_00000282,0,0,2,1160.0,,15.0
simu5g_00000282,0,0,3,1160.0,,15.0
simu5g_00000282,0,0,4,1160.0,,15.0
simu5g_00000282,0,0,5,1160.0,,15.0
simu5g_00000282,0,0,6,1160.0,,15.0
simu5g_00000282,0,0,7,1160.0,,15.0
simu5g_00000282,0,0,8,1128.0,,14.0
simu5g_00000282,0,0,9,1160.0,,15.0
simu5g_00000282,0,0,10,1160.0,,15.0
simu5g_00000282,0,0,11,1160.0,,15.0
simu5g_00000282,0,0,12,1160.0,,15.0
simu5g_00000282,0,0,13,1160.0,,15.0
simu5g_00000282,0,0,14,1160.0,,15.0
simu5g_00000282,0,0,15,1160.0,,15.0
simu5g_00000282,0,0,16,1160.0,,15.0
simu5g_00000282,0,0,17,1160.0,,15.0
simu5g_00000282,0,0,18,1160.0,,15.0
simu5g_00000282,0,0,19,1160.0,,15.0
simu5g_00000282,0,0,20,1160.0,,15.0
simu5g_00000282,0,0,21,1128.0,,14.0
simu5g_00000282,0,0,22,1160.0,,15.0
simu5g_00000282,0,0,23,1160.0,,15.0
simu5g_00000282,0,0,24,1160.0,,15.0
simu5g_00000282,1,1,0,1160.0,,15.0
simu5g_00000282,1,1,1,1128.0,,14.0
simu5g_00000282,1,1,2,1128.0,,14.0
simu5g_00000282,1,1,3,1160.0,,15.0
simu5g_00000282,1,1,4,1128.0,,14.0
simu5g_00000282,1,1,5,1160.0,,15.0
simu5g_00000282,1,1,6,1160.0,,15.0
simu5g_00000282,1,1,7,984.0,,13.0
simu5g_00000282,1,1,8,888.0,,12.0
simu5g_00000282,1,1,9,1160.0,,15.0
simu5g_00000282,1,1,10,1160.0,,15.0
simu5g_00000282,1,1,11,1160.0,,15.0
simu5g_00000282,1,1,12,1160.0,,15.0
simu5g_00000282,1,1,13,1160.0,,15.0
simu5g_00000282,1,1,14,1160.0,,15.0
simu5g_00000282,1,1,15,1160.0,,15.0
simu5g_00000282,1,1,16,1160.0,,15.0
simu5g_00000282,1,1,17,1160.0,,15.0
simu5g_00000282,1,1,18,1160.0,,15.0
simu5g_00000282,1,1,19,1160.0,,15.0
simu5g_00000282,1,1,20,1160.0,,15.0
simu5g_00000282,1,1,21,808.0,,11.0
simu5g_00000282,1,1,22,1160.0,,15.0
simu5g_00000282,1,1,23,1128.0,,14.0
simu5g_00000282,1,1,24,1160.0,,15.0
simu5g_00000282,2,2,0,1128.0,,14.0
simu5g_00000282,2,2,1,1160.0,,15.0
simu5g_00000282,2,2,2,984.0,,13.0
simu5g_00000282,2,2,3,1160.0,,15.0
simu5g_00000282,2,2,4,984.0,,13.0
simu5g_00000282,2,2,5,984.0,,13.0
simu5g_00000282,2,2,6,1128.0,,14.0
simu5g_00000282,2,2,7,608.0,,9.0
simu5g_00000282,2,2,8,1160.0,,15.0
simu5g_00000282,2,2,9,1128.0,,14.0
simu5g_00000282,2,2,10,1128.0,,14.0
simu5g_00000282,2,2,11,704.0,,10.0
simu5g_00000282,2,2,12,984.0,,13.0
simu5g_00000282,2,2,13,1128.0,,14.0
simu5g_00000282,2,2,14,1128.0,,14.0
simu5g_00000282,2,2,15,1128.0,,14.0
simu5g_00000282,2,2,16,808.0,,11.0
simu5g_00000282,2,2,17,984.0,,13.0
simu5g_00000282,2,2,18,984.0,,13.0
simu5g_00000282,2,2,19,1128.0,,14.0
simu5g_00000282,2,2,20,1128.0,,14.0
simu5g_00000282,2,2,21,984.0,,13.0
simu5g_00000282,2,2,22,888.0,,12.0
simu5g_00000282,2,2,23,1128.0,,14.0
simu5g_00000282,2,2,24,888.0,,12.0
simu5g_00000282,3,3,0,704.0,,10.0
simu5g_00000282,3,3,1,1128.0,,14.0
simu5g_00000282,3,3,2,808.0,,11.0
simu5g_00000282,3,3,3,888.0,,12.0
simu5g_00000282,3,3,4,984.0,,13.0
simu5g_00000282,3,3,5,984.0,,13.0
simu5g_00000282,3,3,6,984.0,,13.0
simu5g_00000282,3,3,7,888.0,,12.0
simu5g_00000282,3,3,8,368.0,,6.0
simu5g_00000282,3,3,9,368.0,,6.0
simu5g_00000282,3,3,10,888.0,,12.0
simu5g_00000282,3,3,11,808.0,,11.0
simu5g_00000282,3,3,12,984.0,,13.0
simu5g_00000282,3,3,13,984.0,,13.0
simu5g_00000282,3,3,14,1128.0,,14.0
simu5g_00000282,3,3,15,984.0,,13.0
simu5g_00000282,3,3,16,984.0,,13.0
simu5g_00000282,3,3,17,984.0,,13.0
simu5g_00000282,3,3,18,984.0,,13.0
simu5g_00000282,3,3,19,888.0,,12.0
simu5g_00000282,3,3,20,984.0,,13.0
simu5g_00000282,3,3,21,704.0,,10.0
simu5g_00000282,3,3,22,608.0,,9.0
simu5g_00000282,3,3,23,984.0,,13.0
simu5g_00000282,3,3,24,608.0,,9.0
simu5g_00000283,15,0,0,1160.0,,15.0
simu5g_00000283,15,0,1,1160.0,,15.0
simu5g_00000283,15,0,2,1160.0,,15.0
simu5g_00000283,15,0,3,1160.0,,15.0
simu5g_00000283,15,0,4,1160.0,,15.0
simu5g_00000283,15,0,5,1160.0,,15.0
simu5g_00000283,15,0,6,1160.0,,15.0
simu5g_00000283,15,0,7,1160.0,,15.0
simu5g_00000283,15,0,8,1160.0,,15.0
simu5g_00000283,15,0,9,1160.0,,15.0
simu5g_00000283,15,0,10,1160.0,,15.0
simu5g_00000283,15,0,11,1160.0,,15.0
simu5g_00000283,15,0,12,1160.0,,15.0
simu5g_00000283,15,0,13,1160.0,,15.0
simu5g_00000283,15,0,14,1160.0,,15.0
simu5g_00000283,15,0,15,1160.0,,15.0
simu5g_00000283,15,0,16,1160.0,,15.0
simu5g_00000283,15,0,17,1160.0,,15.0
simu5g_00000283,15,0,18,1160.0,,15.0
simu5g_00000283,15,0,19,1160.0,,15.0
simu5g_00000283,15,0,20,1160.0,,15.0
simu5g_00000283,15,0,21,1160.0,,15.0
simu5g_00000283,15,0,22,1160.0,,15.0
simu5g_00000283,15,0,23,1160.0,,15.0
simu5g_00000283,15,0,24,1160.0,,15.0
simu5g_00000283,31,1,0,1128.0,,14.0
simu5g_00000283,31,1,1,984.0,,13.0
simu5g_00000283,31,1,2,1160.0,,15.0
simu5g_00000283,31,1,3,1160.0,,15.0
simu5g_00000283,31,1,4,1160.0,,15.0
simu5g_00000283,31,1,5,1160.0,,15.0
simu5g_00000283,31,1,6,1160.0,,15.0
simu5g_00000283,31,1,7,1160.0,,15.0
simu5g_00000283,31,1,8,1160.0,,15.0
simu5g_00000283,31,1,9,1160.0,,15.0
simu5g_00000283,31,1,10,1160.0,,15.0
simu5g_00000283,31,1,11,1128.0,,14.0
simu5g_00000283,31,1,12,704.0,,10.0
simu5g_00000283,31,1,13,1160.0,,15.0
simu5g_00000283,31,1,14,1160.0,,15.0
simu5g_00000283,31,1,15,1160.0,,15.0
simu5g_00000283,31,1,16,1128.0,,14.0
simu5g_00000283,31,1,17,1160.0,,15.0
simu5g_00000283,31,1,18,1160.0,,15.0
simu5g_00000283,31,1,19,1128.0,,14.0
simu5g_00000283,31,1,20,1128.0,,14.0
simu5g_00000283,31,1,21,1160.0,,15.0
simu5g_00000283,31,1,22,1128.0,,14.0
simu5g_00000283,31,1,23,1160.0,,15.0
simu5g_00000283,31,1,24,1160.0,,15.0
simu5g_00000284,0,0,0,1160.0,,15.0
simu5g_00000284,0,0,1,888.0,,12.0
simu5g_00000284,0,0,2,1160.0,,15.0
simu5g_00000284,0,0,3,1160.0,,15.0
simu5g_00000284,0,0,4,1160.0,,15.0
simu5g_00000284,0,0,5,1160.0,,15.0
simu5g_00000284,0,0,6,1160.0,,15.0
simu5g_00000284,0,0,7,1160.0,,15.0
simu5g_00000284,0,0,8,1128.0,,14.0
simu5g_00000284,0,0,9,1160.0,,15.0
simu5g_00000284,0,0,10,1160.0,,15.0
simu5g_00000284,0,0,11,1160.0,,15.0
simu5g_00000284,0,0,12,1160.0,,15.0
simu5g_00000284,0,0,13,1160.0,,15.0
simu5g_00000284,0,0,14,1160.0,,15.0
simu5g_00000284,0,0,15,1160.0,,15.0
simu5g_00000284,0,0,16,1160.0,,15.0
simu5g_00000284,0,0,17,1160.0,,15.0
simu5g_00000284,0,0,18,1160.0,,15.0
simu5g_00000284,0,0,19,1160.0,,15.0
simu5g_00000284,0,0,20,1160.0,,15.0
simu5g_00000284,0,0,21,1128.0,,14.0
simu5g_00000284,0,0,22,1160.0,,15.0
simu5g_00000284,0,0,23,1160.0,,15.0
simu5g_00000284,0,0,24,1160.0,,15.0
simu5g_00000284,1,1,0,1160.0,,15.0
simu5g_00000284,1,1,1,1128.0,,14.0
simu5g_00000284,1,1,2,1128.0,,14.0
simu5g_00000284,1,1,3,1160.0,,15.0
simu5g_00000284,1,1,4,1128.0,,14.0
simu5g_00000284,1,1,5,1160.0,,15.0
simu5g_00000284,1,1,6,1160.0,,15.0
simu5g_00000284,1,1,7,984.0,,13.0
simu5g_00000284,1,1,8,888.0,,12.0
simu5g_00000284,1,1,9,1160.0,,15.0
simu5g_00000284,1,1,10,1160.0,,15.0
simu5g_00000284,1,1,11,1160.0,,15.0
simu5g_00000284,1,1,12,1160.0,,15.0
simu5g_00000284,1,1,13,1160.0,,15.0
simu5g_00000284,1,1,14,1160.0,,15.0
simu5g_00000284,1,1,15,1160.0,,15.0
simu5g_00000284,1,1,16,1160.0,,15.0
simu5g_00000284,1,1,17,1160.0,,15.0
simu5g_00000284,1,1,18,1160.0,,15.0
simu5g_00000284,1,1,19,1160.0,,15.0
simu5g_00000284,1,1,20,1160.0,,15.0
simu5g_00000284,1,1,21,808.0,,11.0
simu5g_00000284,1,1,22,1160.0,,15.0
simu5g_00000284,1,1,23,1128.0,,14.0
simu5g_00000284,1,1,24,1160.0,,15.0
simu5g_00000284,2,2,0,984.0,,13.0
simu5g_00000284,2,2,1,1128.0,,14.0
simu5g_00000284,2,2,2,984.0,,13.0
simu5g_00000284,2,2,3,1128.0,,14.0
simu5g_00000284,2,2,4,984.0,,13.0
simu5g_00000284,2,2,5,808.0,,11.0
simu5g_00000284,2,2,6,984.0,,13.0
simu5g_00000284,2,2,7,432.0,,7.0
simu5g_00000284,2,2,8,1128.0,,14.0
simu5g_00000284,2,2,9,984.0,,13.0
simu5g_00000284,2,2,10,984.0,,13.0
simu5g_00000284,2,2,11,608.0,,9.0
simu5g_00000284,2,2,12,888.0,,12.0
simu5g_00000284,2,2,13,984.0,,13.0
simu5g_00000284,2,2,14,1128.0,,14.0
simu5g_00000284,2,2,15,1128.0,,14.0
simu5g_00000284,2,2,16,608.0,,9.0
simu5g_00000284,2,2,17,888.0,,12.0
simu5g_00000284,2,2,18,888.0,,12.0
simu5g_00000284,2,2,19,984.0,,13.0
simu5g_00000284,2,2,20,984.0,,13.0
simu5g_00000284,2,2,21,888.0,,12.0
simu5g_00000284,2,2,22,808.0,,11.0
simu5g_00000284,2,2,23,1128.0,,14.0
simu5g_00000284,2,2,24,704.0,,10.0
simu5g_00000284,3,3,0,704.0,,10.0
simu5g_00000284,3,3,1,1128.0,,14.0
simu5g_00000284,3,3,2,808.0,,11.0
simu5g_00000284,3,3,3,888.0,,12.0
simu5g_00000284,3,3,4,984.0,,13.0
simu5g_00000284,3,3,5,984.0,,13.0
simu5g_00000284,3,3,6,984.0,,13.0
simu5g_00000284,3,3,7,888.0,,12.0
simu5g_00000284,3,3,8,368.0,,6.0
simu5g_00000284,3,3,9,368.0,,6.0
simu5g_00000284,3,3,10,888.0,,12.0
simu5g_00000284,3,3,11,808.0,,11.0
simu5g_00000284,3,3,12,984.0,,13.0
simu5g_00000284,3,3,13,984.0,,13.0
simu5g_00000284,3,3,14,1128.0,,14.0
simu5g_00000284,3,3,15,984.0,,13.0
simu5g_00000284,3,3,16,984.0,,13.0
simu5g_00000284,3,3,17,984.0,,13.0
simu5g_00000284,3,3,18,984.0,,13.0
simu5g_00000284,3,3,19,888.0,,12.0
simu5g_00000284,3,3,20,984.0,,13.0
simu5g_00000284,3,3,21,704.0,,10.0
simu5g_00000284,3,3,22,608.0,,9.0
simu5g_00000284,3,3,23,984.0,,13.0
simu5g_00000284,3,3,24,608.0,,9.0
simu5g_00000285,15,0,0,1160.0,,15.0
simu5g_00000285,15,0,1,1160.0,,15.0
simu5g_00000285,15,0,2,1160.0,,15.0
simu5g_00000285,15,0,3,1160.0,,15.0
simu5g_00000285,15,0,4,1160.0,,15.0
simu5g_00000285,15,0,5,1160.0,,15.0
simu5g_00000285,15,0,6,1160.0,,15.0
simu5g_00000285,15,0,7,1160.0,,15.0
simu5g_00000285,15,0,8,1160.0,,15.0
simu5g_00000285,15,0,9,1160.0,,15.0
simu5g_00000285,15,0,10,1160.0,,15.0
simu5g_00000285,15,0,11,1160.0,,15.0
simu5g_00000285,15,0,12,1160.0,,15.0
simu5g_00000285,15,0,13,1160.0,,15.0
simu5g_00000285,15,0,14,1160.0,,15.0
simu5g_00000285,15,0,15,1160.0,,15.0
simu5g_00000285,15,0,16,1160.0,,15.0
simu5g_00000285,15,0,17,1160.0,,15.0
simu5g_00000285,15,0,18,1160.0,,15.0
simu5g_00000285,15,0,19,1160.0,,15.0
simu5g_00000285,15,0,20,1160.0,,15.0
simu5g_00000285,15,0,21,1160.0,,15.0
simu5g_00000285,15,0,22,1160.0,,15.0
simu5g_00000285,15,0,23,1160.0,,15.0
simu5g_00000285,15,0,24,1160.0,,15.0
simu5g_00000285,31,1,0,1128.0,,14.0
simu5g_00000285,31,1,1,984.0,,13.0
simu5g_00000285,31,1,2,1160.0,,15.0
simu5g_00000285,31,1,3,1160.0,,15.0
simu5g_00000285,31,1,4,1160.0,,15.0
simu5g_00000285,31,1,5,1160.0,,15.0
simu5g_00000285,31,1,6,1160.0,,15.0
simu5g_00000285,31,1,7,1160.0,,15.0
simu5g_00000285,31,1,8,1160.0,,15.0
simu5g_00000285,31,1,9,1160.0,,15.0
simu5g_00000285,31,1,10,1160.0,,15.0
simu5g_00000285,31,1,11,1128.0,,14.0
simu5g_00000285,31,1,12,704.0,,10.0
simu5g_00000285,31,1,13,1160.0,,15.0
simu5g_00000285,31,1,14,1160.0,,15.0
simu5g_00000285,31,1,15,1160.0,,15.0
simu5g_00000285,31,1,16,1128.0,,14.0
simu5g_00000285,31,1,17,1160.0,,15.0
simu5g_00000285,31,1,18,1160.0,,15.0
simu5g_00000285,31,1,19,1128.0,,14.0
simu5g_00000285,31,1,20,1128.0,,14.0
simu5g_00000285,31,1,21,1160.0,,15.0
simu5g_00000285,31,1,22,1128.0,,14.0
simu5g_00000285,31,1,23,1160.0,,15.0
simu5g_00000285,31,1,24,1160.0,,15.0
simu5g_00000286,0,0,0,1160.0,,15.0
simu5g_00000286,0,0,1,888.0,,12.0
simu5g_00000286,0,0,2,1160.0,,15.0
simu5g_00000286,0,0,3,1160.0,,15.0
simu5g_00000286,0,0,4,1160.0,,15.0
simu5g_00000286,0,0,5,1160.0,,15.0
simu5g_00000286,0,0,6,1160.0,,15.0
simu5g_00000286,0,0,7,1160.0,,15.0
simu5g_00000286,0,0,8,1128.0,,14.0
simu5g_00000286,0,0,9,1160.0,,15.0
simu5g_00000286,0,0,10,1160.0,,15.0
simu5g_00000286,0,0,11,1160.0,,15.0
simu5g_00000286,0,0,12,1160.0,,15.0
simu5g_00000286,0,0,13,1160.0,,15.0
simu5g_00000286,0,0,14,1160.0,,15.0
simu5g_00000286,0,0,15,1160.0,,15.0
simu5g_00000286,0,0,16,1160.0,,15.0
simu5g_00000286,0,0,17,1160.0,,15.0
simu5g_00000286,0,0,18,1160.0,,15.0
simu5g_00000286,0,0,19,1160.0,,15.0
simu5g_00000286,0,0,20,1160.0,,15.0
simu5g_00000286,0,0,21,1128.0,,14.0
simu5g_00000286,0,0,22,1160.0,,15.0
simu5g_00000286,0,0,23,1160.0,,15.0
simu5g_00000286,0,0,24,1160.0,,15.0
simu5g_00000286,1,1,0,1160.0,,15.0
simu5g_00000286,1,1,1,1128.0,,14.0
simu5g_00000286,1,1,2,1128.0,,14.0
simu5g_00000286,1,1,3,1160.0,,15.0
simu5g_00000286,1,1,4,1128.0,,14.0
simu5g_00000286,1,1,5,1160.0,,15.0
simu5g_00000286,1,1,6,1160.0,,15.0
simu5g_00000286,1,1,7,984.0,,13.0
simu5g_00000286,1,1,8,888.0,,12.0
simu5g_00000286,1,1,9,1160.0,,15.0
simu5g_00000286,1,1,10,1160.0,,15.0
simu5g_00000286,1,1,11,1160.0,,15.0
simu5g_00000286,1,1,12,1160.0,,15.0
simu5g_00000286,1,1,13,1160.0,,15.0
simu5g_00000286,1,1,14,1160.0,,15.0
simu5g_00000286,1,1,15,1160.0,,15.0
simu5g_00000286,1,1,16,1160.0,,15.0
simu5g_00000286,1,1,17,1160.0,,15.0
simu5g_00000286,1,1,18,1160.0,,15.0
simu5g_00000286,1,1,19,1160.0,,15.0
simu5g_00000286,1,1,20,1160.0,,15.0
simu5g_00000286,1,1,21,808.0,,11.0
simu5g_00000286,1,1,22,1160.0,,15.0
simu5g_00000286,1,1,23,1128.0,,14.0
simu5g_00000286,1,1,24,1160.0,,15.0
simu5g_00000286,2,2,0,984.0,,13.0
simu5g_00000286,2,2,1,1128.0,,14.0
simu5g_00000286,2,2,2,984.0,,13.0
simu5g_00000286,2,2,3,1128.0,,14.0
simu5g_00000286,2,2,4,984.0,,13.0
simu5g_00000286,2,2,5,808.0,,11.0
simu5g_00000286,2,2,6,984.0,,13.0
simu5g_00000286,2,2,7,432.0,,7.0
simu5g_00000286,2,2,8,1128.0,,14.0
simu5g_00000286,2,2,9,984.0,,13.0
simu5g_00000286,2,2,10,984.0,,13.0
simu5g_00000286,2,2,11,608.0,,9.0
simu5g_00000286,2,2,12,888.0,,12.0
simu5g_00000286,2,2,13,984.0,,13.0
simu5g_00000286,2,2,14,1128.0,,14.0
simu5g_00000286,2,2,15,1128.0,,14.0
simu5g_00000286,2,2,16,608.0,,9.0
simu5g_00000286,2,2,17,888.0,,12.0
simu5g_00000286,2,2,18,888.0,,12.0
simu5g_00000286,2,2,19,984.0,,13.0
simu5g_00000286,2,2,20,984.0,,13.0
simu5g_00000286,2,2,21,888.0,,12.0
simu5g_00000286,2,2,22,808.0,,11.0
simu5g_00000286,2,2,23,1128.0,,14.0
simu5g_00000286,2,2,24,704.0,,10.0
simu5g_00000286,3,3,0,704.0,,10.0
simu5g_00000286,3,3,1,1128.0,,14.0
simu5g_00000286,3,3,2,808.0,,11.0
simu5g_00000286,3,3,3,888.0,,12.0
simu5g_00000286,3,3,4,984.0,,13.0
simu5g_00000286,3,3,5,984.0,,13.0
simu5g_00000286,3,3,6,984.0,,13.0
simu5g_00000286,3,3,7,888.0,,12.0
simu5g_00000286,3,3,8,368.0,,6.0
simu5g_00000286,3,3,9,368.0,,6.0
simu5g_00000286,3,3,10,888.0,,12.0
simu5g_00000286,3,3,11,808.0,,11.0
simu5g_00000286,3,3,12,984.0,,13.0
simu5g_00000286,3,3,13,984.0,,13.0
simu5g_00000286,3,3,14,1128.0,,14.0
simu5g_00000286,3,3,15,984.0,,13.0
simu5g_00000286,3,3,16,984.0,,13.0
simu5g_00000286,3,3,17,984.0,,13.0
simu5g_00000286,3,3,18,984.0,,13.0
simu5g_00000286,3,3,19,888.0,,12.0
simu5g_00000286,3,3,20,984.0,,13.0
simu5g_00000286,3,3,21,704.0,,10.0
simu5g_00000286,3,3,22,608.0,,9.0
simu5g_00000286,3,3,23,984.0,,13.0
simu5g_00000286,3,3,24,608.0,,9.0
simu5g_00000287,15,0,0,1160.0,,15.0
simu5g_00000287,15,0,1,1160.0,,15.0
simu5g_00000287,15,0,2,1160.0,,15.0
simu5g_00000287,15,0,3,1160.0,,15.0
simu5g_00000287,15,0,4,1160.0,,15.0
simu5g_00000287,15,0,5,1160.0,,15.0
simu5g_00000287,15,0,6,1160.0,,15.0
simu5g_00000287,15,0,7,1160.0,,15.0
simu5g_00000287,15,0,8,1160.0,,15.0
simu5g_00000287,15,0,9,1160.0,,15.0
simu5g_00000287,15,0,10,1160.0,,15.0
simu5g_00000287,15,0,11,1160.0,,15.0
simu5g_00000287,15,0,12,1160.0,,15.0
simu5g_00000287,15,0,13,1160.0,,15.0
simu5g_00000287,15,0,14,1160.0,,15.0
simu5g_00000287,15,0,15,1160.0,,15.0
simu5g_00000287,15,0,16,1160.0,,15.0
simu5g_00000287,15,0,17,1160.0,,15.0
simu5g_00000287,15,0,18,1160.0,,15.0
simu5g_00000287,15,0,19,1160.0,,15.0
simu5g_00000287,15,0,20,1160.0,,15.0
simu5g_00000287,15,0,21,1160.0,,15.0
simu5g_00000287,15,0,22,1160.0,,15.0
simu5g_00000287,15,0,23,1160.0,,15.0
simu5g_00000287,15,0,24,1160.0,,15.0
simu5g_00000287,31,1,0,1128.0,,14.0
simu5g_00000287,31,1,1,984.0,,13.0
simu5g_00000287,31,1,2,1160.0,,15.0
simu5g_00000287,31,1,3,1160.0,,15.0
simu5g_00000287,31,1,4,1160.0,,15.0
simu5g_00000287,31,1,5,1160.0,,15.0
simu5g_00000287,31,1,6,1160.0,,15.0
simu5g_00000287,31,1,7,1160.0,,15.0
simu5g_00000287,31,1,8,1160.0,,15.0
simu5g_00000287,31,1,9,1160.0,,15.0
simu5g_00000287,31,1,10,1160.0,,15.0
simu5g_00000287,31,1,11,1128.0,,14.0
simu5g_00000287,31,1,12,704.0,,10.0
simu5g_00000287,31,1,13,1160.0,,15.0
simu5g_00000287,31,1,14,1160.0,,15.0
simu5g_00000287,31,1,15,1160.0,,15.0
simu5g_00000287,31,1,16,1128.0,,14.0
simu5g_00000287,31,1,17,1160.0,,15.0
simu5g_00000287,31,1,18,1160.0,,15.0
simu5g_00000287,31,1,19,1128.0,,14.0
simu5g_00000287,31,1,20,1128.0,,14.0
simu5g_00000287,31,1,21,1160.0,,15.0
simu5g_00000287,31,1,22,1160.0,,15.0
simu5g_00000287,31,1,23,1160.0,,15.0
simu5g_00000287,31,1,24,1160.0,,15.0
simu5g_00000288,0,0,0,1160.0,,15.0
simu5g_00000288,0,0,1,1128.0,,14.0
simu5g_00000288,0,0,2,1160.0,,15.0
simu5g_00000288,0,0,3,1160.0,,15.0
simu5g_00000288,0,0,4,1160.0,,15.0
simu5g_00000288,0,0,5,1160.0,,15.0
simu5g_00000288,0,0,6,1160.0,,15.0
simu5g_00000288,0,0,7,1160.0,,15.0
simu5g_00000288,0,0,8,1160.0,,15.0
simu5g_00000288,0,0,9,1160.0,,15.0
simu5g_00000288,0,0,10,1160.0,,15.0
simu5g_00000288,0,0,11,1160.0,,15.0
simu5g_00000288,0,0,12,1160.0,,15.0
simu5g_00000288,0,0,13,1160.0,,15.0
simu5g_00000288,0,0,14,1160.0,,15.0
simu5g_00000288,0,0,15,1160.0,,15.0
simu5g_00000288,0,0,16,1160.0,,15.0
simu5g_00000288,0,0,17,1160.0,,15.0
simu5g_00000288,0,0,18,1160.0,,15.0
simu5g_00000288,0,0,19,1160.0,,15.0
simu5g_00000288,0,0,20,1160.0,,15.0
simu5g_00000288,0,0,21,1160.0,,15.0
simu5g_00000288,0,0,22,1160.0,,15.0
simu5g_00000288,0,0,23,1160.0,,15.0
simu5g_00000288,0,0,24,1160.0,,15.0
simu5g_00000288,1,1,0,1160.0,,15.0
simu5g_00000288,1,1,1,1160.0,,15.0
simu5g_00000288,1,1,2,1160.0,,15.0
simu5g_00000288,1,1,3,1160.0,,15.0
simu5g_00000288,1,1,4,1160.0,,15.0
simu5g_00000288,1,1,5,1160.0,,15.0
simu5g_00000288,1,1,6,1160.0,,15.0
simu5g_00000288,1,1,7,1160.0,,15.0
simu5g_00000288,1,1,8,1160.0,,15.0
simu5g_00000288,1,1,9,1160.0,,15.0
simu5g_00000288,1,1,10,1160.0,,15.0
simu5g_00000288,1,1,11,1160.0,,15.0
simu5g_00000288,1,1,12,1160.0,,15.0
simu5g_00000288,1,1,13,1160.0,,15.0
simu5g_00000288,1,1,14,1160.0,,15.0
simu5g_00000288,1,1,15,1160.0,,15.0
simu5g_00000288,1,1,16,1160.0,,15.0
simu5g_00000288,1,1,17,1160.0,,15.0
simu5g_00000288,1,1,18,1160.0,,15.0
simu5g_00000288,1,1,19,1160.0,,15.0
simu5g_00000288,1,1,20,1160.0,,15.0
simu5g_00000288,1,1,21,1128.0,,14.0
simu5g_00000288,1,1,22,1160.0,,15.0
simu5g_00000288,1,1,23,1160.0,,15.0
simu5g_00000288,1,1,24,1160.0,,15.0
simu5g_00000288,2,2,0,984.0,,13.0
simu5g_00000288,2,2,1,1128.0,,14.0
simu5g_00000288,2,2,2,984.0,,13.0
simu5g_00000288,2,2,3,1128.0,,14.0
simu5g_00000288,2,2,4,984.0,,13.0
simu5g_00000288,2,2,5,808.0,,11.0
simu5g_00000288,2,2,6,984.0,,13.0
simu5g_00000288,2,2,7,432.0,,7.0
simu5g_00000288,2,2,8,1128.0,,14.0
simu5g_00000288,2,2,9,984.0,,13.0
simu5g_00000288,2,2,10,984.0,,13.0
simu5g_00000288,2,2,11,608.0,,9.0
simu5g_00000288,2,2,12,888.0,,12.0
simu5g_00000288,2,2,13,984.0,,13.0
simu5g_00000288,2,2,14,1128.0,,14.0
simu5g_00000288,2,2,15,1128.0,,14.0
simu5g_00000288,2,2,16,608.0,,9.0
simu5g_00000288,2,2,17,888.0,,12.0
simu5g_00000288,2,2,18,888.0,,12.0
simu5g_00000288,2,2,19,984.0,,13.0
simu5g_00000288,2,2,20,984.0,,13.0
simu5g_00000288,2,2,21,888.0,,12.0
simu5g_00000288,2,2,22,808.0,,11.0
simu5g_00000288,2,2,23,1128.0,,14.0
simu5g_00000288,2,2,24,704.0,,10.0
simu5g_00000288,3,3,0,704.0,,10.0
simu5g_00000288,3,3,1,1128.0,,14.0
simu5g_00000288,3,3,2,808.0,,11.0
simu5g_00000288,3,3,3,888.0,,12.0
simu5g_00000288,3,3,4,984.0,,13.0
simu5g_00000288,3,3,5,984.0,,13.0
simu5g_00000288,3,3,6,984.0,,13.0
simu5g_00000288,3,3,7,888.0,,12.0
simu5g_00000288,3,3,8,368.0,,6.0
simu5g_00000288,3,3,9,368.0,,6.0
simu5g_00000288,3,3,10,888.0,,12.0
simu5g_00000288,3,3,11,808.0,,11.0
simu5g_00000288,3,3,12,984.0,,13.0
simu5g_00000288,3,3,13,984.0,,13.0
simu5g_00000288,3,3,14,1128.0,,14.0
simu5g_00000288,3,3,15,984.0,,13.0
simu5g_00000288,3,3,16,984.0,,13.0
simu5g_00000288,3,3,17,984.0,,13.0
simu5g_00000288,3,3,18,984.0,,13.0
simu5g_00000288,3,3,19,888.0,,12.0
simu5g_00000288,3,3,20,984.0,,13.0
simu5g_00000288,3,3,21,704.0,,10.0
simu5g_00000288,3,3,22,608.0,,9.0
simu5g_00000288,3,3,23,984.0,,13.0
simu5g_00000288,3,3,24,608.0,,9.0
simu5g_00000289,15,0,0,1160.0,,15.0
simu5g_00000289,15,0,1,1160.0,,15.0
simu5g_00000289,15,0,2,1160.0,,15.0
simu5g_00000289,15,0,3,1160.0,,15.0
simu5g_00000289,15,0,4,1160.0,,15.0
simu5g_00000289,15,0,5,1160.0,,15.0
simu5g_00000289,15,0,6,1160.0,,15.0
simu5g_00000289,15,0,7,1160.0,,15.0
simu5g_00000289,15,0,8,1160.0,,15.0
simu5g_00000289,15,0,9,1160.0,,15.0
simu5g_00000289,15,0,10,1160.0,,15.0
simu5g_00000289,15,0,11,1160.0,,15.0
simu5g_00000289,15,0,12,1160.0,,15.0
simu5g_00000289,15,0,13,1160.0,,15.0
simu5g_00000289,15,0,14,1160.0,,15.0
simu5g_00000289,15,0,15,1160.0,,15.0
simu5g_00000289,15,0,16,1160.0,,15.0
simu5g_00000289,15,0,17,1160.0,,15.0
simu5g_00000289,15,0,18,1160.0,,15.0
simu5g_00000289,15,0,19,1160.0,,15.0
simu5g_00000289,15,0,20,1160.0,,15.0
simu5g_00000289,15,0,21,1160.0,,15.0
simu5g_00000289,15,0,22,1160.0,,15.0
simu5g_00000289,15,0,23,1160.0,,15.0
simu5g_00000289,15,0,24,1160.0,,15.0
simu5g_00000289,31,1,0,1128.0,,14.0
simu5g_00000289,31,1,1,1128.0,,14.0
simu5g_00000289,31,1,2,1160.0,,15.0
simu5g_00000289,31,1,3,1160.0,,15.0
simu5g_00000289,31,1,4,1160.0,,15.0
simu5g_00000289,31,1,5,1160.0,,15.0
simu5g_00000289,31,1,6,1160.0,,15.0
simu5g_00000289,31,1,7,1160.0,,15.0
simu5g_00000289,31,1,8,1160.0,,15.0
simu5g_00000289,31,1,9,1160.0,,15.0
simu5g_00000289,31,1,10,1160.0,,15.0
simu5g_00000289,31,1,11,1128.0,,14.0
simu5g_00000289,31,1,12,704.0,,10.0
simu5g_00000289,31,1,13,1160.0,,15.0
simu5g_00000289,31,1,14,1160.0,,15.0
simu5g_00000289,31,1,15,1160.0,,15.0
simu5g_00000289,31,1,16,1128.0,,14.0
simu5g_00000289,31,1,17,1160.0,,15.0
simu5g_00000289,31,1,18,1160.0,,15.0
simu5g_00000289,31,1,19,1128.0,,14.0
simu5g_00000289,31,1,20,1128.0,,14.0
simu5g_00000289,31,1,21,1160.0,,15.0
simu5g_00000289,31,1,22,1160.0,,15.0
simu5g_00000289,31,1,23,1160.0,,15.0
simu5g_00000289,31,1,24,1160.0,,15.0
simu5g_00000290,0,0,0,1160.0,,15.0
simu5g_00000290,0,0,1,1128.0,,14.0
simu5g_00000290,0,0,2,1160.0,,15.0
simu5g_00000290,0,0,3,1160.0,,15.0
simu5g_00000290,0,0,4,1160.0,,15.0
simu5g_00000290,0,0,5,1160.0,,15.0
simu5g_00000290,0,0,6,1160.0,,15.0
simu5g_00000290,0,0,7,1160.0,,15.0
simu5g_00000290,0,0,8,1160.0,,15.0
simu5g_00000290,0,0,9,1160.0,,15.0
simu5g_00000290,0,0,10,1160.0,,15.0
simu5g_00000290,0,0,11,1160.0,,15.0
simu5g_00000290,0,0,12,1160.0,,15.0
simu5g_00000290,0,0,13,1160.0,,15.0
simu5g_00000290,0,0,14,1160.0,,15.0
simu5g_00000290,0,0,15,1160.0,,15.0
simu5g_00000290,0,0,16,1160.0,,15.0
simu5g_00000290,0,0,17,1160.0,,15.0
simu5g_00000290,0,0,18,1160.0,,15.0
simu5g_00000290,0,0,19,1160.0,,15.0
simu5g_00000290,0,0,20,1160.0,,15.0
simu5g_00000290,0,0,21,1160.0,,15.0
simu5g_00000290,0,0,22,1160.0,,15.0
simu5g_00000290,0,0,23,1160.0,,15.0
simu5g_00000290,0,0,24,1160.0,,15.0
simu5g_00000290,1,1,0,1160.0,,15.0
simu5g_00000290,1,1,1,1160.0,,15.0
simu5g_00000290,1,1,2,1160.0,,15.0
simu5g_00000290,1,1,3,1160.0,,15.0
simu5g_00000290,1,1,4,1160.0,,15.0
simu5g_00000290,1,1,5,1160.0,,15.0
simu5g_00000290,1,1,6,1160.0,,15.0
simu5g_00000290,1,1,7,1160.0,,15.0
simu5g_00000290,1,1,8,1160.0,,15.0
simu5g_00000290,1,1,9,1160.0,,15.0
simu5g_00000290,1,1,10,1160.0,,15.0
simu5g_00000290,1,1,11,1160.0,,15.0
simu5g_00000290,1,1,12,1160.0,,15.0
simu5g_00000290,1,1,13,1160.0,,15.0
simu5g_00000290,1,1,14,1160.0,,15.0
simu5g_00000290,1,1,15,1160.0,,15.0
simu5g_00000290,1,1,16,1160.0,,15.0
simu5g_00000290,1,1,17,1160.0,,15.0
simu5g_00000290,1,1,18,1160.0,,15.0
simu5g_00000290,1,1,19,1160.0,,15.0
simu5g_00000290,1,1,20,1160.0,,15.0
simu5g_00000290,1,1,21,1128.0,,14.0
simu5g_00000290,1,1,22,1160.0,,15.0
simu5g_00000290,1,1,23,1160.0,,15.0
simu5g_00000290,1,1,24,1160.0,,15.0
simu5g_00000290,2,2,0,984.0,,13.0
simu5g_00000290,2,2,1,1128.0,,14.0
simu5g_00000290,2,2,2,984.0,,13.0
simu5g_00000290,2,2,3,1128.0,,14.0
simu5g_00000290,2,2,4,984.0,,13.0
simu5g_00000290,2,2,5,808.0,,11.0
simu5g_00000290,2,2,6,984.0,,13.0
simu5g_00000290,2,2,7,432.0,,7.0
simu5g_00000290,2,2,8,1128.0,,14.0
simu5g_00000290,2,2,9,984.0,,13.0
simu5g_00000290,2,2,10,984.0,,13.0
simu5g_00000290,2,2,11,608.0,,9.0
simu5g_00000290,2,2,12,888.0,,12.0
simu5g_00000290,2,2,13,984.0,,13.0
simu5g_00000290,2,2,14,1128.0,,14.0
simu5g_00000290,2,2,15,1128.0,,14.0
simu5g_00000290,2,2,16,608.0,,9.0
simu5g_00000290,2,2,17,888.0,,12.0
simu5g_00000290,2,2,18,888.0,,12.0
simu5g_00000290,2,2,19,984.0,,13.0
simu5g_00000290,2,2,20,984.0,,13.0
simu5g_00000290,2,2,21,888.0,,12.0
simu5g_00000290,2,2,22,808.0,,11.0
simu5g_00000290,2,2,23,1128.0,,14.0
simu5g_00000290,2,2,24,704.0,,10.0
simu5g_00000290,3,3,0,704.0,,10.0
simu5g_00000290,3,3,1,1128.0,,14.0
simu5g_00000290,3,3,2,808.0,,11.0
simu5g_00000290,3,3,3,888.0,,12.0
simu5g_00000290,3,3,4,984.0,,13.0
simu5g_00000290,3,3,5,984.0,,13.0
simu5g_00000290,3,3,6,984.0,,13.0
simu5g_00000290,3,3,7,888.0,,12.0
simu5g_00000290,3,3,8,368.0,,6.0
simu5g_00000290,3,3,9,368.0,,6.0
simu5g_00000290,3,3,10,888.0,,12.0
simu5g_00000290,3,3,11,808.0,,11.0
simu5g_00000290,3,3,12,984.0,,13.0
simu5g_00000290,3,3,13,984.0,,13.0
simu5g_00000290,3,3,14,1128.0,,14.0
simu5g_00000290,3,3,15,984.0,,13.0
simu5g_00000290,3,3,16,984.0,,13.0
simu5g_00000290,3,3,17,984.0,,13.0
simu5g_00000290,3,3,18,984.0,,13.0
simu5g_00000290,3,3,19,888.0,,12.0
simu5g_00000290,3,3,20,984.0,,13.0
simu5g_00000290,3,3,21,704.0,,10.0
simu5g_00000290,3,3,22,608.0,,9.0
simu5g_00000290,3,3,23,984.0,,13.0
simu5g_00000290,3,3,24,608.0,,9.0
simu5g_00000291,15,0,0,1160.0,,15.0
simu5g_00000291,15,0,1,1160.0,,15.0
simu5g_00000291,15,0,2,1160.0,,15.0
simu5g_00000291,15,0,3,1160.0,,15.0
simu5g_00000291,15,0,4,1160.0,,15.0
simu5g_00000291,15,0,5,984.0,,13.0
simu5g_00000291,15,0,6,1160.0,,15.0
simu5g_00000291,15,0,7,1160.0,,15.0
simu5g_00000291,15,0,8,1160.0,,15.0
simu5g_00000291,15,0,9,1160.0,,15.0
simu5g_00000291,15,0,10,1160.0,,15.0
simu5g_00000291,15,0,11,1160.0,,15.0
simu5g_00000291,15,0,12,1128.0,,14.0
simu5g_00000291,15,0,13,1160.0,,15.0
simu5g_00000291,15,0,14,1160.0,,15.0
simu5g_00000291,15,0,15,1160.0,,15.0
simu5g_00000291,15,0,16,1160.0,,15.0
simu5g_00000291,15,0,17,1160.0,,15.0
simu5g_00000291,15,0,18,1160.0,,15.0
simu5g_00000291,15,0,19,1160.0,,15.0
simu5g_00000291,15,0,20,1160.0,,15.0
simu5g_00000291,15,0,21,1160.0,,15.0
simu5g_00000291,15,0,22,1160.0,,15.0
simu5g_00000291,15,0,23,1160.0,,15.0
simu5g_00000291,15,0,24,1160.0,,15.0
simu5g_00000291,31,1,0,984.0,,13.0
simu5g_00000291,31,1,1,984.0,,13.0
simu5g_00000291,31,1,2,1160.0,,15.0
simu5g_00000291,31,1,3,1160.0,,15.0
simu5g_00000291,31,1,4,1160.0,,15.0
simu5g_00000291,31,1,5,1128.0,,14.0
simu5g_00000291,31,1,6,1160.0,,15.0
simu5g_00000291,31,1,7,1128.0,,14.0
simu5g_00000291,31,1,8,1160.0,,15.0
simu5g_00000291,31,1,9,1160.0,,15.0
simu5g_00000291,31,1,10,1160.0,,15.0
simu5g_00000291,31,1,11,1128.0,,14.0
simu5g_00000291,31,1,12,608.0,,9.0
simu5g_00000291,31,1,13,1160.0,,15.0
simu5g_00000291,31,1,14,1160.0,,15.0
simu5g_00000291,31,1,15,1160.0,,15.0
simu5g_00000291,31,1,16,1128.0,,14.0
simu5g_00000291,31,1,17,1160.0,,15.0
simu5g_00000291,31,1,18,1160.0,,15.0
simu5g_00000291,31,1,19,1128.0,,14.0
simu5g_00000291,31,1,20,984.0,,13.0
simu5g_00000291,31,1,21,1160.0,,15.0
simu5g_00000291,31,1,22,1128.0,,14.0
simu5g_00000291,31,1,23,1160.0,,15.0
simu5g_00000291,31,1,24,1160.0,,15.0
simu5g_00000292,0,0,0,1160.0,,15.0
simu5g_00000292,0,0,1,1128.0,,14.0
simu5g_00000292,0,0,2,1160.0,,15.0
simu5g_00000292,0,0,3,1160.0,,15.0
simu5g_00000292,0,0,4,1160.0,,15.0
simu5g_00000292,0,0,5,1160.0,,15.0
simu5g_00000292,0,0,6,1160.0,,15.0
simu5g_00000292,0,0,7,1160.0,,15.0
simu5g_00000292,0,0,8,1160.0,,15.0
simu5g_00000292,0,0,9,1160.0,,15.0
simu5g_00000292,0,0,10,1160.0,,15.0
simu5g_00000292,0,0,11,1160.0,,15.0
simu5g_00000292,0,0,12,1160.0,,15.0
simu5g_00000292,0,0,13,1160.0,,15.0
simu5g_00000292,0,0,14,1160.0,,15.0
simu5g_00000292,0,0,15,1160.0,,15.0
simu5g_00000292,0,0,16,1160.0,,15.0
simu5g_00000292,0,0,17,1160.0,,15.0
simu5g_00000292,0,0,18,1160.0,,15.0
simu5g_00000292,0,0,19,1160.0,,15.0
simu5g_00000292,0,0,20,1160.0,,15.0
simu5g_00000292,0,0,21,1160.0,,15.0
simu5g_00000292,0,0,22,1160.0,,15.0
simu5g_00000292,0,0,23,1160.0,,15.0
simu5g_00000292,0,0,24,1160.0,,15.0
simu5g_00000292,1,1,0,1160.0,,15.0
simu5g_00000292,1,1,1,1160.0,,15.0
simu5g_00000292,1,1,2,1160.0,,15.0
simu5g_00000292,1,1,3,1160.0,,15.0
simu5g_00000292,1,1,4,1160.0,,15.0
simu5g_00000292,1,1,5,1160.0,,15.0
simu5g_00000292,1,1,6,1160.0,,15.0
simu5g_00000292,1,1,7,1160.0,,15.0
simu5g_00000292,1,1,8,1160.0,,15.0
simu5g_00000292,1,1,9,1160.0,,15.0
simu5g_00000292,1,1,10,1160.0,,15.0
simu5g_00000292,1,1,11,1160.0,,15.0
simu5g_00000292,1,1,12,1160.0,,15.0
simu5g_00000292,1,1,13,1160.0,,15.0
simu5g_00000292,1,1,14,1160.0,,15.0
simu5g_00000292,1,1,15,1160.0,,15.0
simu5g_00000292,1,1,16,1160.0,,15.0
simu5g_00000292,1,1,17,1160.0,,15.0
simu5g_00000292,1,1,18,1160.0,,15.0
simu5g_00000292,1,1,19,1160.0,,15.0
simu5g_00000292,1,1,20,1160.0,,15.0
simu5g_00000292,1,1,21,1128.0,,14.0
simu5g_00000292,1,1,22,1160.0,,15.0
simu5g_00000292,1,1,23,1160.0,,15.0
simu5g_00000292,1,1,24,1160.0,,15.0
simu5g_00000292,2,2,0,984.0,,13.0
simu5g_00000292,2,2,1,1128.0,,14.0
simu5g_00000292,2,2,2,984.0,,13.0
simu5g_00000292,2,2,3,1128.0,,14.0
simu5g_00000292,2,2,4,984.0,,13.0
simu5g_00000292,2,2,5,808.0,,11.0
simu5g_00000292,2,2,6,984.0,,13.0
simu5g_00000292,2,2,7,432.0,,7.0
simu5g_00000292,2,2,8,1128.0,,14.0
simu5g_00000292,2,2,9,984.0,,13.0
simu5g_00000292,2,2,10,984.0,,13.0
simu5g_00000292,2,2,11,608.0,,9.0
simu5g_00000292,2,2,12,888.0,,12.0
simu5g_00000292,2,2,13,984.0,,13.0
simu5g_00000292,2,2,14,1128.0,,14.0
simu5g_00000292,2,2,15,1128.0,,14.0
simu5g_00000292,2,2,16,608.0,,9.0
simu5g_00000292,2,2,17,888.0,,12.0
simu5g_00000292,2,2,18,888.0,,12.0
simu5g_00000292,2,2,19,984.0,,13.0
simu5g_00000292,2,2,20,984.0,,13.0
simu5g_00000292,2,2,21,888.0,,12.0
simu5g_00000292,2,2,22,808.0,,11.0
simu5g_00000292,2,2,23,1128.0,,14.0
simu5g_00000292,2,2,24,704.0,,10.0
simu5g_00000292,3,3,0,1128.0,,14.0
simu5g_00000292,3,3,1,1160.0,,15.0
simu5g_00000292,3,3,2,1128.0,,14.0
simu5g_00000292,3,3,3,1128.0,,14.0
simu5g_00000292,3,3,4,1160.0,,15.0
simu5g_00000292,3,3,5,1160.0,,15.0
simu5g_00000292,3,3,6,1160.0,,15.0
simu5g_00000292,3,3,7,1128.0,,14.0
simu5g_00000292,3,3,8,808.0,,11.0
simu5g_00000292,3,3,9,808.0,,11.0
simu5g_00000292,3,3,10,1128.0,,14.0
simu5g_00000292,3,3,11,1128.0,,14.0
simu5g_00000292,3,3,12,1160.0,,15.0
simu5g_00000292,3,3,13,1160.0,,15.0
simu5g_00000292,3,3,14,1160.0,,15.0
simu5g_00000292,3,3,15,1128.0,,14.0
simu5g_00000292,3,3,16,1160.0,,15.0
simu5g_00000292,3,3,17,1128.0,,14.0
simu5g_00000292,3,3,18,1160.0,,15.0
simu5g_00000292,3,3,19,1128.0,,14.0
simu5g_00000292,3,3,20,1160.0,,15.0
simu5g_00000292,3,3,21,1128.0,,14.0
simu5g_00000292,3,3,22,984.0,,13.0
simu5g_00000292,3,3,23,1160.0,,15.0
simu5g_00000292,3,3,24,984.0,,13.0
simu5g_00000293,1,0,0,1160.0,,15.0
simu5g_00000293,1,0,1,1128.0,,14.0
simu5g_00000293,1,0,2,1128.0,,14.0
simu5g_00000293,1,0,3,1160.0,,15.0
simu5g_00000293,1,0,4,1128.0,,14.0
simu5g_00000293,1,0,5,1160.0,,15.0
simu5g_00000293,1,0,6,1128.0,,14.0
simu5g_00000293,1,0,7,888.0,,12.0
simu5g_00000293,1,0,8,808.0,,11.0
simu5g_00000293,1,0,9,1160.0,,15.0
simu5g_00000293,1,0,10,1128.0,,14.0
simu5g_00000293,1,0,11,1128.0,,14.0
simu5g_00000293,1,0,12,1128.0,,14.0
simu5g_00000293,1,0,13,1160.0,,15.0
simu5g_00000293,1,0,14,1160.0,,15.0
simu5g_00000293,1,0,15,1160.0,,15.0
simu5g_00000293,1,0,16,1128.0,,14.0
simu5g_00000293,1,0,17,1128.0,,14.0
simu5g_00000293,1,0,18,1128.0,,14.0
simu5g_00000293,1,0,19,1160.0,,15.0
simu5g_00000293,1,0,20,1160.0,,15.0
simu5g_00000293,1,0,21,704.0,,10.0
simu5g_00000293,1,0,22,1160.0,,15.0
simu5g_00000293,1,0,23,984.0,,13.0
simu5g_00000293,1,0,24,1128.0,,14.0
simu5g_00000293,15,1,0,1160.0,,15.0
simu5g_00000293,15,1,1,1160.0,,15.0
simu5g_00000293,15,1,2,1160.0,,15.0
simu5g_00000293,15,1,3,1160.0,,15.0
simu5g_00000293,15,1,4,1160.0,,15.0
simu5g_00000293,15,1,5,984.0,,13.0
simu5g_00000293,15,1,6,1160.0,,15.0
simu5g_00000293,15,1,7,1160.0,,15.0
simu5g_00000293,15,1,8,1160.0,,15.0
simu5g_00000293,15,1,9,1160.0,,15.0
simu5g_00000293,15,1,10,1160.0,,15.0
simu5g_00000293,15,1,11,1160.0,,15.0
simu5g_00000293,15,1,12,1128.0,,14.0
simu5g_00000293,15,1,13,1160.0,,15.0
simu5g_00000293,15,1,14,1160.0,,15.0
simu5g_00000293,15,1,15,1160.0,,15.0
simu5g_00000293,15,1,16,1160.0,,15.0
simu5g_00000293,15,1,17,1160.0,,15.0
simu5g_00000293,15,1,18,1160.0,,15.0
simu5g_00000293,15,1,19,1160.0,,15.0
simu5g_00000293,15,1,20,1160.0,,15.0
simu5g_00000293,15,1,21,1160.0,,15.0
simu5g_00000293,15,1,22,1160.0,,15.0
simu5g_00000293,15,1,23,1160.0,,15.0
simu5g_00000293,15,1,24,1160.0,,15.0
simu5g_00000293,31,2,0,984.0,,13.0
simu5g_00000293,31,2,1,984.0,,13.0
simu5g_00000293,31,2,2,1160.0,,15.0
simu5g_00000293,31,2,3,1160.0,,15.0
simu5g_00000293,31,2,4,1160.0,,15.0
simu5g_00000293,31,2,5,1128.0,,14.0
simu5g_00000293,31,2,6,1160.0,,15.0
simu5g_00000293,31,2,7,1128.0,,14.0
simu5g_00000293,31,2,8,1160.0,,15.0
simu5g_00000293,31,2,9,1160.0,,15.0
simu5g_00000293,31,2,10,1160.0,,15.0
simu5g_00000293,31,2,11,1128.0,,14.0
simu5g_00000293,31,2,12,608.0,,9.0
simu5g_00000293,31,2,13,1160.0,,15.0
simu5g_00000293,31,2,14,1160.0,,15.0
simu5g_00000293,31,2,15,1160.0,,15.0
simu5g_00000293,31,2,16,1128.0,,14.0
simu5g_00000293,31,2,17,1160.0,,15.0
simu5g_00000293,31,2,18,1160.0,,15.0
simu5g_00000293,31,2,19,1128.0,,14.0
simu5g_00000293,31,2,20,984.0,,13.0
simu5g_00000293,31,2,21,1160.0,,15.0
simu5g_00000293,31,2,22,1128.0,,14.0
simu5g_00000293,31,2,23,1160.0,,15.0
simu5g_00000293,31,2,24,1160.0,,15.0
simu5g_00000294,0,0,0,1160.0,,15.0
simu5g_00000294,0,0,1,1128.0,,14.0
simu5g_00000294,0,0,2,1160.0,,15.0
simu5g_00000294,0,0,3,1160.0,,15.0
simu5g_00000294,0,0,4,1160.0,,15.0
simu5g_00000294,0,0,5,1160.0,,15.0
simu5g_00000294,0,0,6,1160.0,,15.0
simu5g_00000294,0,0,7,1160.0,,15.0
simu5g_00000294,0,0,8,1160.0,,15.0
simu5g_00000294,0,0,9,1160.0,,15.0
simu5g_00000294,0,0,10,1160.0,,15.0
simu5g_00000294,0,0,11,1160.0,,15.0
simu5g_00000294,0,0,12,1160.0,,15.0
simu5g_00000294,0,0,13,1160.0,,15.0
simu5g_00000294,0,0,14,1160.0,,15.0
simu5g_00000294,0,0,15,1160.0,,15.0
simu5g_00000294,0,0,16,1160.0,,15.0
simu5g_00000294,0,0,17,1160.0,,15.0
simu5g_00000294,0,0,18,1160.0,,15.0
simu5g_00000294,0,0,19,1160.0,,15.0
simu5g_00000294,0,0,20,1160.0,,15.0
simu5g_00000294,0,0,21,1160.0,,15.0
simu5g_00000294,0,0,22,1160.0,,15.0
simu5g_00000294,0,0,23,1160.0,,15.0
simu5g_00000294,0,0,24,1160.0,,15.0
simu5g_00000294,2,1,0,1128.0,,14.0
simu5g_00000294,2,1,1,1160.0,,15.0
simu5g_00000294,2,1,2,1128.0,,14.0
simu5g_00000294,2,1,3,1160.0,,15.0
simu5g_00000294,2,1,4,1128.0,,14.0
simu5g_00000294,2,1,5,1128.0,,14.0
simu5g_00000294,2,1,6,1128.0,,14.0
simu5g_00000294,2,1,7,808.0,,11.0
simu5g_00000294,2,1,8,1160.0,,15.0
simu5g_00000294,2,1,9,1160.0,,15.0
simu5g_00000294,2,1,10,1160.0,,15.0
simu5g_00000294,2,1,11,888.0,,12.0
simu5g_00000294,2,1,12,1128.0,,14.0
simu5g_00000294,2,1,13,1160.0,,15.0
simu5g_00000294,2,1,14,1160.0,,15.0
simu5g_00000294,2,1,15,1160.0,,15.0
simu5g_00000294,2,1,16,984.0,,13.0
simu5g_00000294,2,1,17,1128.0,,14.0
simu5g_00000294,2,1,18,1128.0,,14.0
simu5g_00000294,2,1,19,1160.0,,15.0
simu5g_00000294,2,1,20,1160.0,,15.0
simu5g_00000294,2,1,21,1128.0,,14.0
simu5g_00000294,2,1,22,984.0,,13.0
simu5g_00000294,2,1,23,1160.0,,15.0
simu5g_00000294,2,1,24,984.0,,13.0
simu5g_00000294,3,2,0,1128.0,,14.0
simu5g_00000294,3,2,1,1160.0,,15.0
simu5g_00000294,3,2,2,1128.0,,14.0
simu5g_00000294,3,2,3,1128.0,,14.0
simu5g_00000294,3,2,4,1160.0,,15.0
simu5g_00000294,3,2,5,1160.0,,15.0
simu5g_00000294,3,2,6,1160.0,,15.0
simu5g_00000294,3,2,7,1128.0,,14.0
simu5g_00000294,3,2,8,808.0,,11.0
simu5g_00000294,3,2,9,808.0,,11.0
simu5g_00000294,3,2,10,1128.0,,14.0
simu5g_00000294,3,2,11,1128.0,,14.0
simu5g_00000294,3,2,12,1160.0,,15.0
simu5g_00000294,3,2,13,1160.0,,15.0
simu5g_00000294,3,2,14,1160.0,,15.0
simu5g_00000294,3,2,15,1128.0,,14.0
simu5g_00000294,3,2,16,1160.0,,15.0
simu5g_00000294,3,2,17,1128.0,,14.0
simu5g_00000294,3,2,18,1160.0,,15.0
simu5g_00000294,3,2,19,1128.0,,14.0
simu5g_00000294,3,2,20,1160.0,,15.0
simu5g_00000294,3,2,21,1128.0,,14.0
simu5g_00000294,3,2,22,984.0,,13.0
simu5g_00000294,3,2,23,1160.0,,15.0
simu5g_00000294,3,2,24,984.0,,13.0
simu5g_00000295,1,0,0,1160.0,,15.0
simu5g_00000295,1,0,1,1128.0,,14.0
simu5g_00000295,1,0,2,1128.0,,14.0
simu5g_00000295,1,0,3,1160.0,,15.0
simu5g_00000295,1,0,4,1128.0,,14.0
simu5g_00000295,1,0,5,1160.0,,15.0
simu5g_00000295,1,0,6,1128.0,,14.0
simu5g_00000295,1,0,7,984.0,,13.0
simu5g_00000295,1,0,8,808.0,,11.0
simu5g_00000295,1,0,9,1160.0,,15.0
simu5g_00000295,1,0,10,1128.0,,14.0
simu5g_00000295,1,0,11,1128.0,,14.0
simu5g_00000295,1,0,12,1128.0,,14.0
simu5g_00000295,1,0,13,1160.0,,15.0
simu5g_00000295,1,0,14,1160.0,,15.0
simu5g_00000295,1,0,15,1160.0,,15.0
simu5g_00000295,1,0,16,1128.0,,14.0
simu5g_00000295,1,0,17,1128.0,,14.0
simu5g_00000295,1,0,18,1128.0,,14.0
simu5g_00000295,1,0,19,1160.0,,15.0
simu5g_00000295,1,0,20,1160.0,,15.0
simu5g_00000295,1,0,21,704.0,,10.0
simu5g_00000295,1,0,22,1160.0,,15.0
simu5g_00000295,1,0,23,984.0,,13.0
simu5g_00000295,1,0,24,1128.0,,14.0
simu5g_00000295,15,1,0,1160.0,,15.0
simu5g_00000295,15,1,1,1160.0,,15.0
simu5g_00000295,15,1,2,1160.0,,15.0
simu5g_00000295,15,1,3,1160.0,,15.0
simu5g_00000295,15,1,4,1160.0,,15.0
simu5g_00000295,15,1,5,984.0,,13.0
simu5g_00000295,15,1,6,1160.0,,15.0
simu5g_00000295,15,1,7,1160.0,,15.0
simu5g_00000295,15,1,8,1160.0,,15.0
simu5g_00000295,15,1,9,1160.0,,15.0
simu5g_00000295,15,1,10,1160.0,,15.0
simu5g_00000295,15,1,11,1160.0,,15.0
simu5g_00000295,15,1,12,1128.0,,14.0
simu5g_00000295,15,1,13,1160.0,,15.0
simu5g_00000295,15,1,14,1160.0,,15.0
simu5g_00000295,15,1,15,1160.0,,15.0
simu5g_00000295,15,1,16,1160.0,,15.0
simu5g_00000295,15,1,17,1160.0,,15.0
simu5g_00000295,15,1,18,1160.0,,15.0
simu5g_00000295,15,1,19,1160.0,,15.0
simu5g_00000295,15,1,20,1160.0,,15.0
simu5g_00000295,15,1,21,1160.0,,15.0
simu5g_00000295,15,1,22,1160.0,,15.0
simu5g_00000295,15,1,23,1160.0,,15.0
simu5g_00000295,15,1,24,1160.0,,15.0
simu5g_00000295,31,2,0,1128.0,,14.0
simu5g_00000295,31,2,1,984.0,,13.0
simu5g_00000295,31,2,2,1160.0,,15.0
simu5g_00000295,31,2,3,1160.0,,15.0
simu5g_00000295,31,2,4,1160.0,,15.0
simu5g_00000295,31,2,5,1128.0,,14.0
simu5g_00000295,31,2,6,1160.0,,15.0
simu5g_00000295,31,2,7,1128.0,,14.0
simu5g_00000295,31,2,8,1160.0,,15.0
simu5g_00000295,31,2,9,1160.0,,15.0
simu5g_00000295,31,2,10,1160.0,,15.0
simu5g_00000295,31,2,11,1128.0,,14.0
simu5g_00000295,31,2,12,608.0,,9.0
simu5g_00000295,31,2,13,1160.0,,15.0
simu5g_00000295,31,2,14,1160.0,,15.0
simu5g_00000295,31,2,15,1160.0,,15.0
simu5g_00000295,31,2,16,1128.0,,14.0
simu5g_00000295,31,2,17,1160.0,,15.0
simu5g_00000295,31,2,18,1160.0,,15.0
simu5g_00000295,31,2,19,1128.0,,14.0
simu5g_00000295,31,2,20,984.0,,13.0
simu5g_00000295,31,2,21,1160.0,,15.0
simu5g_00000295,31,2,22,1128.0,,14.0
simu5g_00000295,31,2,23,1160.0,,15.0
simu5g_00000295,31,2,24,1160.0,,15.0
simu5g_00000296,0,0,0,1160.0,,15.0
simu5g_00000296,0,0,1,528.0,,8.0
simu5g_00000296,0,0,2,1160.0,,15.0
simu5g_00000296,0,0,3,984.0,,13.0
simu5g_00000296,0,0,4,1128.0,,14.0
simu5g_00000296,0,0,5,984.0,,13.0
simu5g_00000296,0,0,6,984.0,,13.0
simu5g_00000296,0,0,7,1160.0,,15.0
simu5g_00000296,0,0,8,808.0,,11.0
simu5g_00000296,0,0,9,1128.0,,14.0
simu5g_00000296,0,0,10,1128.0,,14.0
simu5g_00000296,0,0,11,1160.0,,15.0
simu5g_00000296,0,0,12,1128.0,,14.0
simu5g_00000296,0,0,13,1128.0,,14.0
simu5g_00000296,0,0,14,1128.0,,14.0
simu5g_00000296,0,0,15,1160.0,,15.0
simu5g_00000296,0,0,16,984.0,,13.0
simu5g_00000296,0,0,17,1160.0,,15.0
simu5g_00000296,0,0,18,1160.0,,15.0
simu5g_00000296,0,0,19,1128.0,,14.0
simu5g_00000296,0,0,20,1160.0,,15.0
simu5g_00000296,0,0,21,888.0,,12.0
simu5g_00000296,0,0,22,1160.0,,15.0
simu5g_00000296,0,0,23,1160.0,,15.0
simu5g_00000296,0,0,24,984.0,,13.0
simu5g_00000296,2,1,0,1128.0,,14.0
simu5g_00000296,2,1,1,1160.0,,15.0
simu5g_00000296,2,1,2,1128.0,,14.0
simu5g_00000296,2,1,3,1160.0,,15.0
simu5g_00000296,2,1,4,1128.0,,14.0
simu5g_00000296,2,1,5,1128.0,,14.0
simu5g_00000296,2,1,6,1128.0,,14.0
simu5g_00000296,2,1,7,808.0,,11.0
simu5g_00000296,2,1,8,1160.0,,15.0
simu5g_00000296,2,1,9,1160.0,,15.0
simu5g_00000296,2,1,10,1160.0,,15.0
simu5g_00000296,2,1,11,888.0,,12.0
simu5g_00000296,2,1,12,1128.0,,14.0
simu5g_00000296,2,1,13,1160.0,,15.0
simu5g_00000296,2,1,14,1160.0,,15.0
simu5g_00000296,2,1,15,1160.0,,15.0
simu5g_00000296,2,1,16,984.0,,13.0
simu5g_00000296,2,1,17,1128.0,,14.0
simu5g_00000296,2,1,18,1128.0,,14.0
simu5g_00000296,2,1,19,1160.0,,15.0
simu5g_00000296,2,1,20,1160.0,,15.0
simu5g_00000296,2,1,21,1128.0,,14.0
simu5g_00000296,2,1,22,984.0,,13.0
simu5g_00000296,2,1,23,1160.0,,15.0
simu5g_00000296,2,1,24,984.0,,13.0
simu5g_00000296,3,2,0,1128.0,,14.0
simu5g_00000296,3,2,1,1160.0,,15.0
simu5g_00000296,3,2,2,1128.0,,14.0
simu5g_00000296,3,2,3,1128.0,,14.0
simu5g_00000296,3,2,4,1160.0,,15.0
simu5g_00000296,3,2,5,1160.0,,15.0
simu5g_00000296,3,2,6,1160.0,,15.0
simu5g_00000296,3,2,7,1128.0,,14.0
simu5g_00000296,3,2,8,808.0,,11.0
simu5g_00000296,3,2,9,808.0,,11.0
simu5g_00000296,3,2,10,1128.0,,14.0
simu5g_00000296,3,2,11,1128.0,,14.0
simu5g_00000296,3,2,12,1160.0,,15.0
simu5g_00000296,3,2,13,1160.0,,15.0
simu5g_00000296,3,2,14,1160.0,,15.0
simu5g_00000296,3,2,15,1128.0,,14.0
simu5g_00000296,3,2,16,1160.0,,15.0
simu5g_00000296,3,2,17,1128.0,,14.0
simu5g_00000296,3,2,18,1160.0,,15.0
simu5g_00000296,3,2,19,1128.0,,14.0
simu5g_00000296,3,2,20,1160.0,,15.0
simu5g_00000296,3,2,21,1128.0,,14.0
simu5g_00000296,3,2,22,984.0,,13.0
simu5g_00000296,3,2,23,1160.0,,15.0
simu5g_00000296,3,2,24,984.0,,13.0
simu5g_00000297,1,0,0,1160.0,,15.0
simu5g_00000297,1,0,1,1128.0,,14.0
simu5g_00000297,1,0,2,1128.0,,14.0
simu5g_00000297,1,0,3,1160.0,,15.0
simu5g_00000297,1,0,4,1128.0,,14.0
simu5g_00000297,1,0,5,1160.0,,15.0
simu5g_00000297,1,0,6,1128.0,,14.0
simu5g_00000297,1,0,7,984.0,,13.0
simu5g_00000297,1,0,8,808.0,,11.0
simu5g_00000297,1,0,9,1160.0,,15.0
simu5g_00000297,1,0,10,1128.0,,14.0
simu5g_00000297,1,0,11,1128.0,,14.0
simu5g_00000297,1,0,12,1128.0,,14.0
simu5g_00000297,1,0,13,1160.0,,15.0
simu5g_00000297,1,0,14,1160.0,,15.0
simu5g_00000297,1,0,15,1160.0,,15.0
simu5g_00000297,1,0,16,1128.0,,14.0
simu5g_00000297,1,0,17,1128.0,,14.0
simu5g_00000297,1,0,18,1128.0,,14.0
simu5g_00000297,1,0,19,1160.0,,15.0
simu5g_00000297,1,0,20,1160.0,,15.0
simu5g_00000297,1,0,21,704.0,,10.0
simu5g_00000297,1,0,22,1160.0,,15.0
simu5g_00000297,1,0,23,984.0,,13.0
simu5g_00000297,1,0,24,1160.0,,15.0
simu5g_00000297,15,1,0,1160.0,,15.0
simu5g_00000297,15,1,1,1160.0,,15.0
simu5g_00000297,15,1,2,1160.0,,15.0
simu5g_00000297,15,1,3,1160.0,,15.0
simu5g_00000297,15,1,4,1160.0,,15.0
simu5g_00000297,15,1,5,984.0,,13.0
simu5g_00000297,15,1,6,1160.0,,15.0
simu5g_00000297,15,1,7,1160.0,,15.0
simu5g_00000297,15,1,8,1160.0,,15.0
simu5g_00000297,15,1,9,1160.0,,15.0
simu5g_00000297,15,1,10,1160.0,,15.0
simu5g_00000297,15,1,11,1160.0,,15.0
simu5g_00000297,15,1,12,1128.0,,14.0
simu5g_00000297,15,1,13,1160.0,,15.0
simu5g_00000297,15,1,14,1160.0,,15.0
simu5g_00000297,15,1,15,1160.0,,15.0
simu5g_00000297,15,1,16,1160.0,,15.0
simu5g_00000297,15,1,17,1160.0,,15.0
simu5g_00000297,15,1,18,1160.0,,15.0
simu5g_00000297,15,1,19,1160.0,,15.0
simu5g_00000297,15,1,20,1160.0,,15.0
simu5g_00000297,15,1,21,1160.0,,15.0
simu5g_00000297,15,1,22,1160.0,,15.0
simu5g_00000297,15,1,23,1160.0,,15.0
simu5g_00000297,15,1,24,1160.0,,15.0
simu5g_00000297,31,2,0,1128.0,,14.0
simu5g_00000297,31,2,1,984.0,,13.0
simu5g_00000297,31,2,2,1160.0,,15.0
simu5g_00000297,31,2,3,1160.0,,15.0
simu5g_00000297,31,2,4,1160.0,,15.0
simu5g_00000297,31,2,5,1128.0,,14.0
simu5g_00000297,31,2,6,1160.0,,15.0
simu5g_00000297,31,2,7,1128.0,,14.0
simu5g_00000297,31,2,8,1160.0,,15.0
simu5g_00000297,31,2,9,1160.0,,15.0
simu5g_00000297,31,2,10,1160.0,,15.0
simu5g_00000297,31,2,11,1128.0,,14.0
simu5g_00000297,31,2,12,608.0,,9.0
simu5g_00000297,31,2,13,1160.0,,15.0
simu5g_00000297,31,2,14,1160.0,,15.0
simu5g_00000297,31,2,15,1160.0,,15.0
simu5g_00000297,31,2,16,1128.0,,14.0
simu5g_00000297,31,2,17,1160.0,,15.0
simu5g_00000297,31,2,18,1160.0,,15.0
simu5g_00000297,31,2,19,1128.0,,14.0
simu5g_00000297,31,2,20,984.0,,13.0
simu5g_00000297,31,2,21,1160.0,,15.0
simu5g_00000297,31,2,22,1128.0,,14.0
simu5g_00000297,31,2,23,1160.0,,15.0
simu5g_00000297,31,2,24,1160.0,,15.0
simu5g_00000298,0,0,0,1160.0,,15.0
simu5g_00000298,0,0,1,528.0,,8.0
simu5g_00000298,0,0,2,1160.0,,15.0
simu5g_00000298,0,0,3,984.0,,13.0
simu5g_00000298,0,0,4,1128.0,,14.0
simu5g_00000298,0,0,5,984.0,,13.0
simu5g_00000298,0,0,6,984.0,,13.0
simu5g_00000298,0,0,7,1160.0,,15.0
simu5g_00000298,0,0,8,808.0,,11.0
simu5g_00000298,0,0,9,1128.0,,14.0
simu5g_00000298,0,0,10,1128.0,,14.0
simu5g_00000298,0,0,11,1160.0,,15.0
simu5g_00000298,0,0,12,1128.0,,14.0
simu5g_00000298,0,0,13,1128.0,,14.0
simu5g_00000298,0,0,14,1128.0,,14.0
simu5g_00000298,0,0,15,1160.0,,15.0
simu5g_00000298,0,0,16,984.0,,13.0
simu5g_00000298,0,0,17,1160.0,,15.0
simu5g_00000298,0,0,18,1160.0,,15.0
simu5g_00000298,0,0,19,1128.0,,14.0
simu5g_00000298,0,0,20,1160.0,,15.0
simu5g_00000298,0,0,21,888.0,,12.0
simu5g_00000298,0,0,22,1160.0,,15.0
simu5g_00000298,0,0,23,1160.0,,15.0
simu5g_00000298,0,0,24,984.0,,13.0
simu5g_00000298,2,1,0,1128.0,,14.0
simu5g_00000298,2,1,1,1160.0,,15.0
simu5g_00000298,2,1,2,1128.0,,14.0
simu5g_00000298,2,1,3,1160.0,,15.0
simu5g_00000298,2,1,4,1128.0,,14.0
simu5g_00000298,2,1,5,1128.0,,14.0
simu5g_00000298,2,1,6,1128.0,,14.0
simu5g_00000298,2,1,7,808.0,,11.0
simu5g_00000298,2,1,8,1160.0,,15.0
simu5g_00000298,2,1,9,1160.0,,15.0
simu5g_00000298,2,1,10,1160.0,,15.0
simu5g_00000298,2,1,11,888.0,,12.0
simu5g_00000298,2,1,12,1128.0,,14.0
simu5g_00000298,2,1,13,1160.0,,15.0
simu5g_00000298,2,1,14,1160.0,,15.0
simu5g_00000298,2,1,15,1160.0,,15.0
simu5g_00000298,2,1,16,984.0,,13.0
simu5g_00000298,2,1,17,1128.0,,14.0
simu5g_00000298,2,1,18,1128.0,,14.0
simu5g_00000298,2,1,19,1160.0,,15.0
simu5g_00000298,2,1,20,1160.0,,15.0
simu5g_00000298,2,1,21,1128.0,,14.0
simu5g_00000298,2,1,22,984.0,,13.0
simu5g_00000298,2,1,23,1160.0,,15.0
simu5g_00000298,2,1,24,984.0,,13.0
simu5g_00000298,3,2,0,1128.0,,14.0
simu5g_00000298,3,2,1,1160.0,,15.0
simu5g_00000298,3,2,2,1128.0,,14.0
simu5g_00000298,3,2,3,1128.0,,14.0
simu5g_00000298,3,2,4,1160.0,,15.0
simu5g_00000298,3,2,5,1160.0,,15.0
simu5g_00000298,3,2,6,1160.0,,15.0
simu5g_00000298,3,2,7,1128.0,,14.0
simu5g_00000298,3,2,8,808.0,,11.0
simu5g_00000298,3,2,9,808.0,,11.0
simu5g_00000298,3,2,10,1128.0,,14.0
simu5g_00000298,3,2,11,1128.0,,14.0
simu5g_00000298,3,2,12,1160.0,,15.0
simu5g_00000298,3,2,13,1160.0,,15.0
simu5g_00000298,3,2,14,1160.0,,15.0
simu5g_00000298,3,2,15,1128.0,,14.0
simu5g_00000298,3,2,16,1160.0,,15.0
simu5g_00000298,3,2,17,1160.0,,15.0
simu5g_00000298,3,2,18,1160.0,,15.0
simu5g_00000298,3,2,19,1128.0,,14.0
simu5g_00000298,3,2,20,1160.0,,15.0
simu5g_00000298,3,2,21,1128.0,,14.0
simu5g_00000298,3,2,22,984.0,,13.0
simu5g_00000298,3,2,23,1160.0,,15.0
simu5g_00000298,3,2,24,984.0,,13.0
simu5g_00000299,1,0,0,1160.0,,15.0
simu5g_00000299,1,0,1,1128.0,,14.0
simu5g_00000299,1,0,2,1128.0,,14.0
simu5g_00000299,1,0,3,1160.0,,15.0
simu5g_00000299,1,0,4,1128.0,,14.0
simu5g_00000299,1,0,5,1160.0,,15.0
simu5g_00000299,1,0,6,1128.0,,14.0
simu5g_00000299,1,0,7,984.0,,13.0
simu5g_00000299,1,0,8,808.0,,11.0
simu5g_00000299,1,0,9,1160.0,,15.0
simu5g_00000299,1,0,10,1128.0,,14.0
simu5g_00000299,1,0,11,1128.0,,14.0
simu5g_00000299,1,0,12,1128.0,,14.0
simu5g_00000299,1,0,13,1160.0,,15.0
simu5g_00000299,1,0,14,1160.0,,15.0
simu5g_00000299,1,0,15,1160.0,,15.0
simu5g_00000299,1,0,16,1128.0,,14.0
simu5g_00000299,1,0,17,1128.0,,14.0
simu5g_00000299,1,0,18,1128.0,,14.0
simu5g_00000299,1,0,19,1160.0,,15.0
simu5g_00000299,1,0,20,1160.0,,15.0
simu5g_00000299,1,0,21,704.0,,10.0
simu5g_00000299,1,0,22,1160.0,,15.0
simu5g_00000299,1,0,23,984.0,,13.0
simu5g_00000299,1,0,24,1160.0,,15.0
simu5g_00000299,15,1,0,1160.0,,15.0
simu5g_00000299,15,1,1,1160.0,,15.0
simu5g_00000299,15,1,2,1160.0,,15.0
simu5g_00000299,15,1,3,1160.0,,15.0
simu5g_00000299,15,1,4,1160.0,,15.0
simu5g_00000299,15,1,5,984.0,,13.0
simu5g_00000299,15,1,6,1160.0,,15.0
simu5g_00000299,15,1,7,1160.0,,15.0
simu5g_00000299,15,1,8,1160.0,,15.0
simu5g_00000299,15,1,9,1160.0,,15.0
simu5g_00000299,15,1,10,1160.0,,15.0
simu5g_00000299,15,1,11,1160.0,,15.0
simu5g_00000299,15,1,12,1128.0,,14.0
simu5g_00000299,15,1,13,1160.0,,15.0
simu5g_00000299,15,1,14,1160.0,,15.0
simu5g_00000299,15,1,15,1160.0,,15.0
simu5g_00000299,15,1,16,1160.0,,15.0
simu5g_00000299,15,1,17,1160.0,,15.0
simu5g_00000299,15,1,18,1160.0,,15.0
simu5g_00000299,15,1,19,1160.0,,15.0
simu5g_00000299,15,1,20,1160.0,,15.0
simu5g_00000299,15,1,21,1160.0,,15.0
simu5g_00000299,15,1,22,1160.0,,15.0
simu5g_00000299,15,1,23,1160.0,,15.0
simu5g_00000299,15,1,24,1160.0,,15.0
simu5g_00000299,31,2,0,1128.0,,14.0
simu5g_00000299,31,2,1,984.0,,13.0
simu5g_00000299,31,2,2,1160.0,,15.0
simu5g_00000299,31,2,3,1160.0,,15.0
simu5g_00000299,31,2,4,1160.0,,15.0
simu5g_00000299,31,2,5,1128.0,,14.0
simu5g_00000299,31,2,6,1160.0,,15.0
simu5g_00000299,31,2,7,1128.0,,14.0
simu5g_00000299,31,2,8,1160.0,,15.0
simu5g_00000299,31,2,9,1160.0,,15.0
simu5g_00000299,31,2,10,1160.0,,15.0
simu5g_00000299,31,2,11,1128.0,,14.0
simu5g_00000299,31,2,12,608.0,,9.0
simu5g_00000299,31,2,13,1160.0,,15.0
simu5g_00000299,31,2,14,1160.0,,15.0
simu5g_00000299,31,2,15,1160.0,,15.0
simu5g_00000299,31,2,16,1128.0,,14.0
simu5g_00000299,31,2,17,1160.0,,15.0
simu5g_00000299,31,2,18,1160.0,,15.0
simu5g_00000299,31,2,19,1128.0,,14.0
simu5g_00000299,31,2,20,1128.0,,14.0
simu5g_00000299,31,2,21,1160.0,,15.0
simu5g_00000299,31,2,22,1128.0,,14.0
simu5g_00000299,31,2,23,1160.0,,15.0
simu5g_00000299,31,2,24,1160.0,,15.0
simu5g_00000300,0,0,0,1160.0,,15.0
simu5g_00000300,0,0,1,528.0,,8.0
simu5g_00000300,0,0,2,1160.0,,15.0
simu5g_00000300,0,0,3,984.0,,13.0
simu5g_00000300,0,0,4,1128.0,,14.0
simu5g_00000300,0,0,5,984.0,,13.0
simu5g_00000300,0,0,6,984.0,,13.0
simu5g_00000300,0,0,7,1160.0,,15.0
simu5g_00000300,0,0,8,808.0,,11.0
simu5g_00000300,0,0,9,1128.0,,14.0
simu5g_00000300,0,0,10,1128.0,,14.0
simu5g_00000300,0,0,11,1160.0,,15.0
simu5g_00000300,0,0,12,1128.0,,14.0
simu5g_00000300,0,0,13,1128.0,,14.0
simu5g_00000300,0,0,14,1128.0,,14.0
simu5g_00000300,0,0,15,1160.0,,15.0
simu5g_00000300,0,0,16,984.0,,13.0
simu5g_00000300,0,0,17,1160.0,,15.0
simu5g_00000300,0,0,18,1160.0,,15.0
simu5g_00000300,0,0,19,1128.0,,14.0
simu5g_00000300,0,0,20,1160.0,,15.0
simu5g_00000300,0,0,21,888.0,,12.0
simu5g_00000300,0,0,22,1160.0,,15.0
simu5g_00000300,0,0,23,1160.0,,15.0
simu5g_00000300,0,0,24,984.0,,13.0
simu5g_00000300,2,1,0,1128.0,,14.0
simu5g_00000300,2,1,1,1160.0,,15.0
simu5g_00000300,2,1,2,1128.0,,14.0
simu5g_00000300,2,1,3,1160.0,,15.0
simu5g_00000300,2,1,4,1128.0,,14.0
simu5g_00000300,2,1,5,1128.0,,14.0
simu5g_00000300,2,1,6,1128.0,,14.0
simu5g_00000300,2,1,7,808.0,,11.0
simu5g_00000300,2,1,8,1160.0,,15.0
simu5g_00000300,2,1,9,1160.0,,15.0
simu5g_00000300,2,1,10,1160.0,,15.0
simu5g_00000300,2,1,11,888.0,,12.0
simu5g_00000300,2,1,12,1128.0,,14.0
simu5g_00000300,2,1,13,1160.0,,15.0
simu5g_00000300,2,1,14,1160.0,,15.0
simu5g_00000300,2,1,15,1160.0,,15.0
simu5g_00000300,2,1,16,984.0,,13.0
simu5g_00000300,2,1,17,1128.0,,14.0
simu5g_00000300,2,1,18,1128.0,,14.0
simu5g_00000300,2,1,19,1160.0,,15.0
simu5g_00000300,2,1,20,1160.0,,15.0
simu5g_00000300,2,1,21,1128.0,,14.0
simu5g_00000300,2,1,22,984.0,,13.0
simu5g_00000300,2,1,23,1160.0,,15.0
simu5g_00000300,2,1,24,984.0,,13.0
simu5g_00000300,3,2,0,1128.0,,14.0
simu5g_00000300,3,2,1,1160.0,,15.0
simu5g_00000300,3,2,2,1128.0,,14.0
simu5g_00000300,3,2,3,1128.0,,14.0
simu5g_00000300,3,2,4,1160.0,,15.0
simu5g_00000300,3,2,5,1160.0,,15.0
simu5g_00000300,3,2,6,1160.0,,15.0
simu5g_00000300,3,2,7,1128.0,,14.0
simu5g_00000300,3,2,8,808.0,,11.0
simu5g_00000300,3,2,9,808.0,,11.0
simu5g_00000300,3,2,10,1128.0,,14.0
simu5g_00000300,3,2,11,1128.0,,14.0
simu5g_00000300,3,2,12,1160.0,,15.0
simu5g_00000300,3,2,13,1160.0,,15.0
simu5g_00000300,3,2,14,1160.0,,15.0
simu5g_00000300,3,2,15,1128.0,,14.0
simu5g_00000300,3,2,16,1160.0,,15.0
simu5g_00000300,3,2,17,1160.0,,15.0
simu5g_00000300,3,2,18,1160.0,,15.0
simu5g_00000300,3,2,19,1128.0,,14.0
simu5g_00000300,3,2,20,1160.0,,15.0
simu5g_00000300,3,2,21,1128.0,,14.0
simu5g_00000300,3,2,22,984.0,,13.0
simu5g_00000300,3,2,23,1160.0,,15.0
simu5g_00000300,3,2,24,984.0,,13.0
simu5g_00000301,1,0,0,1128.0,,14.0
simu5g_00000301,1,0,1,984.0,,13.0
simu5g_00000301,1,0,2,984.0,,13.0
simu5g_00000301,1,0,3,1128.0,,14.0
simu5g_00000301,1,0,4,984.0,,13.0
simu5g_00000301,1,0,5,1128.0,,14.0
simu5g_00000301,1,0,6,1128.0,,14.0
simu5g_00000301,1,0,7,704.0,,10.0
simu5g_00000301,1,0,8,608.0,,9.0
simu5g_00000301,1,0,9,1128.0,,14.0
simu5g_00000301,1,0,10,984.0,,13.0
simu5g_00000301,1,0,11,984.0,,13.0
simu5g_00000301,1,0,12,984.0,,13.0
simu5g_00000301,1,0,13,1160.0,,15.0
simu5g_00000301,1,0,14,1128.0,,14.0
simu5g_00000301,1,0,15,1128.0,,14.0
simu5g_00000301,1,0,16,984.0,,13.0
simu5g_00000301,1,0,17,984.0,,13.0
simu5g_00000301,1,0,18,984.0,,13.0
simu5g_00000301,1,0,19,1128.0,,14.0
simu5g_00000301,1,0,20,1128.0,,14.0
simu5g_00000301,1,0,21,528.0,,8.0
simu5g_00000301,1,0,22,1128.0,,14.0
simu5g_00000301,1,0,23,888.0,,12.0
simu5g_00000301,1,0,24,1128.0,,14.0
simu5g_00000301,15,1,0,1160.0,,15.0
simu5g_00000301,15,1,1,1160.0,,15.0
simu5g_00000301,15,1,2,1160.0,,15.0
simu5g_00000301,15,1,3,1160.0,,15.0
simu5g_00000301,15,1,4,1160.0,,15.0
simu5g_00000301,15,1,5,984.0,,13.0
simu5g_00000301,15,1,6,1160.0,,15.0
simu5g_00000301,15,1,7,1160.0,,15.0
simu5g_00000301,15,1,8,1160.0,,15.0
simu5g_00000301,15,1,9,1160.0,,15.0
simu5g_00000301,15,1,10,1160.0,,15.0
simu5g_00000301,15,1,11,1160.0,,15.0
simu5g_00000301,15,1,12,1128.0,,14.0
simu5g_00000301,15,1,13,1160.0,,15.0
simu5g_00000301,15,1,14,1160.0,,15.0
simu5g_00000301,15,1,15,1160.0,,15.0
simu5g_00000301,15,1,16,1160.0,,15.0
simu5g_00000301,15,1,17,1160.0,,15.0
simu5g_00000301,15,1,18,1160.0,,15.0
simu5g_00000301,15,1,19,1160.0,,15.0
simu5g_00000301,15,1,20,1160.0,,15.0
simu5g_00000301,15,1,21,1160.0,,15.0
simu5g_00000301,15,1,22,1160.0,,15.0
simu5g_00000301,15,1,23,1160.0,,15.0
simu5g_00000301,15,1,24,1160.0,,15.0
simu5g_00000301,31,2,0,1128.0,,14.0
simu5g_00000301,31,2,1,984.0,,13.0
simu5g_00000301,31,2,2,1160.0,,15.0
simu5g_00000301,31,2,3,1160.0,,15.0
simu5g_00000301,31,2,4,1160.0,,15.0
simu5g_00000301,31,2,5,1128.0,,14.0
simu5g_00000301,31,2,6,1160.0,,15.0
simu5g_00000301,31,2,7,1128.0,,14.0
simu5g_00000301,31,2,8,1160.0,,15.0
simu5g_00000301,31,2,9,1160.0,,15.0
simu5g_00000301,31,2,10,1160.0,,15.0
simu5g_00000301,31,2,11,1128.0,,14.0
simu5g_00000301,31,2,12,608.0,,9.0
simu5g_00000301,31,2,13,1160.0,,15.0
simu5g_00000301,31,2,14,1160.0,,15.0
simu5g_00000301,31,2,15,1160.0,,15.0
simu5g_00000301,31,2,16,1128.0,,14.0
simu5g_00000301,31,2,17,1160.0,,15.0
simu5g_00000301,31,2,18,1160.0,,15.0
simu5g_00000301,31,2,19,1128.0,,14.0
simu5g_00000301,31,2,20,1128.0,,14.0
simu5g_00000301,31,2,21,1160.0,,15.0
simu5g_00000301,31,2,22,1128.0,,14.0
simu5g_00000301,31,2,23,1160.0,,15.0
simu5g_00000301,31,2,24,1160.0,,15.0
simu5g_00000302,0,0,0,1160.0,,15.0
simu5g_00000302,0,0,1,528.0,,8.0
simu5g_00000302,0,0,2,1160.0,,15.0
simu5g_00000302,0,0,3,984.0,,13.0
simu5g_00000302,0,0,4,1128.0,,14.0
simu5g_00000302,0,0,5,984.0,,13.0
simu5g_00000302,0,0,6,984.0,,13.0
simu5g_00000302,0,0,7,1160.0,,15.0
simu5g_00000302,0,0,8,808.0,,11.0
simu5g_00000302,0,0,9,1128.0,,14.0
simu5g_00000302,0,0,10,1128.0,,14.0
simu5g_00000302,0,0,11,1160.0,,15.0
simu5g_00000302,0,0,12,1128.0,,14.0
simu5g_00000302,0,0,13,1128.0,,14.0
simu5g_00000302,0,0,14,1128.0,,14.0
simu5g_00000302,0,0,15,1160.0,,15.0
simu5g_00000302,0,0,16,984.0,,13.0
simu5g_00000302,0,0,17,1160.0,,15.0
simu5g_00000302,0,0,18,1160.0,,15.0
simu5g_00000302,0,0,19,1128.0,,14.0
simu5g_00000302,0,0,20,1160.0,,15.0
simu5g_00000302,0,0,21,888.0,,12.0
simu5g_00000302,0,0,22,1160.0,,15.0
simu5g_00000302,0,0,23,1160.0,,15.0
simu5g_00000302,0,0,24,984.0,,13.0
simu5g_00000302,2,1,0,1128.0,,14.0
simu5g_00000302,2,1,1,1160.0,,15.0
simu5g_00000302,2,1,2,984.0,,13.0
simu5g_00000302,2,1,3,1160.0,,15.0
simu5g_00000302,2,1,4,984.0,,13.0
simu5g_00000302,2,1,5,984.0,,13.0
simu5g_00000302,2,1,6,1128.0,,14.0
simu5g_00000302,2,1,7,608.0,,9.0
simu5g_00000302,2,1,8,1160.0,,15.0
simu5g_00000302,2,1,9,1128.0,,14.0
simu5g_00000302,2,1,10,1128.0,,14.0
simu5g_00000302,2,1,11,808.0,,11.0
simu5g_00000302,2,1,12,984.0,,13.0
simu5g_00000302,2,1,13,1128.0,,14.0
simu5g_00000302,2,1,14,1128.0,,14.0
simu5g_00000302,2,1,15,1128.0,,14.0
simu5g_00000302,2,1,16,888.0,,12.0
simu5g_00000302,2,1,17,984.0,,13.0
simu5g_00000302,2,1,18,984.0,,13.0
simu5g_00000302,2,1,19,1128.0,,14.0
simu5g_00000302,2,1,20,1128.0,,14.0
simu5g_00000302,2,1,21,984.0,,13.0
simu5g_00000302,2,1,22,984.0,,13.0
simu5g_00000302,2,1,23,1128.0,,14.0
simu5g_00000302,2,1,24,888.0,,12.0
simu5g_00000302,3,2,0,1128.0,,14.0
simu5g_00000302,3,2,1,1160.0,,15.0
simu5g_00000302,3,2,2,1128.0,,14.0
simu5g_00000302,3,2,3,1128.0,,14.0
simu5g_00000302,3,2,4,1160.0,,15.0
simu5g_00000302,3,2,5,1160.0,,15.0
simu5g_00000302,3,2,6,1160.0,,15.0
simu5g_00000302,3,2,7,1128.0,,14.0
simu5g_00000302,3,2,8,808.0,,11.0
simu5g_00000302,3,2,9,808.0,,11.0
simu5g_00000302,3,2,10,1128.0,,14.0
simu5g_00000302,3,2,11,1128.0,,14.0
simu5g_00000302,3,2,12,1160.0,,15.0
simu5g_00000302,3,2,13,1160.0,,15.0
simu5g_00000302,3,2,14,1160.0,,15.0
simu5g_00000302,3,2,15,1160.0,,15.0
simu5g_00000302,3,2,16,1160.0,,15.0
simu5g_00000302,3,2,17,1160.0,,15.0
simu5g_00000302,3,2,18,1160.0,,15.0
simu5g_00000302,3,2,19,1128.0,,14.0
simu5g_00000302,3,2,20,1160.0,,15.0
simu5g_00000302,3,2,21,1128.0,,14.0
simu5g_00000302,3,2,22,984.0,,13.0
simu5g_00000302,3,2,23,1160.0,,15.0
simu5g_00000302,3,2,24,984.0,,13.0
simu5g_00000303,1,0,0,1128.0,,14.0
simu5g_00000303,1,0,1,984.0,,13.0
simu5g_00000303,1,0,2,984.0,,13.0
simu5g_00000303,1,0,3,1128.0,,14.0
simu5g_00000303,1,0,4,984.0,,13.0
simu5g_00000303,1,0,5,1128.0,,14.0
simu5g_00000303,1,0,6,1128.0,,14.0
simu5g_00000303,1,0,7,704.0,,10.0
simu5g_00000303,1,0,8,608.0,,9.0
simu5g_00000303,1,0,9,1128.0,,14.0
simu5g_00000303,1,0,10,1128.0,,14.0
simu5g_00000303,1,0,11,984.0,,13.0
simu5g_00000303,1,0,12,984.0,,13.0
simu5g_00000303,1,0,13,1160.0,,15.0
simu5g_00000303,1,0,14,1128.0,,14.0
simu5g_00000303,1,0,15,1128.0,,14.0
simu5g_00000303,1,0,16,984.0,,13.0
simu5g_00000303,1,0,17,984.0,,13.0
simu5g_00000303,1,0,18,984.0,,13.0
simu5g_00000303,1,0,19,1128.0,,14.0
simu5g_00000303,1,0,20,1128.0,,14.0
simu5g_00000303,1,0,21,528.0,,8.0
simu5g_00000303,1,0,22,1128.0,,14.0
simu5g_00000303,1,0,23,888.0,,12.0
simu5g_00000303,1,0,24,1128.0,,14.0
simu5g_00000303,15,1,0,1160.0,,15.0
simu5g_00000303,15,1,1,1160.0,,15.0
simu5g_00000303,15,1,2,1160.0,,15.0
simu5g_00000303,15,1,3,1160.0,,15.0
simu5g_00000303,15,1,4,1160.0,,15.0
simu5g_00000303,15,1,5,1160.0,,15.0
simu5g_00000303,15,1,6,1160.0,,15.0
simu5g_00000303,15,1,7,1160.0,,15.0
simu5g_00000303,15,1,8,1160.0,,15.0
simu5g_00000303,15,1,9,1160.0,,15.0
simu5g_00000303,15,1,10,1160.0,,15.0
simu5g_00000303,15,1,11,1160.0,,15.0
simu5g_00000303,15,1,12,1160.0,,15.0
simu5g_00000303,15,1,13,1160.0,,15.0
simu5g_00000303,15,1,14,1160.0,,15.0
simu5g_00000303,15,1,15,1160.0,,15.0
simu5g_00000303,15,1,16,1160.0,,15.0
simu5g_00000303,15,1,17,1160.0,,15.0
simu5g_00000303,15,1,18,1160.0,,15.0
simu5g_00000303,15,1,19,1160.0,,15.0
simu5g_00000303,15,1,20,1160.0,,15.0
simu5g_00000303,15,1,21,1160.0,,15.0
simu5g_00000303,15,1,22,1160.0,,15.0
simu5g_00000303,15,1,23,1160.0,,15.0
simu5g_00000303,15,1,24,1160.0,,15.0
simu5g_00000303,31,2,0,1128.0,,14.0
simu5g_00000303,31,2,1,984.0,,13.0
simu5g_00000303,31,2,2,1160.0,,15.0
simu5g_00000303,31,2,3,1160.0,,15.0
simu5g_00000303,31,2,4,1160.0,,15.0
simu5g_00000303,31,2,5,1128.0,,14.0
simu5g_00000303,31,2,6,1160.0,,15.0
simu5g_00000303,31,2,7,1128.0,,14.0
simu5g_00000303,31,2,8,1160.0,,15.0
simu5g_00000303,31,2,9,1160.0,,15.0
simu5g_00000303,31,2,10,1160.0,,15.0
simu5g_00000303,31,2,11,1128.0,,14.0
simu5g_00000303,31,2,12,608.0,,9.0
simu5g_00000303,31,2,13,1160.0,,15.0
simu5g_00000303,31,2,14,1160.0,,15.0
simu5g_00000303,31,2,15,1160.0,,15.0
simu5g_00000303,31,2,16,1128.0,,14.0
simu5g_00000303,31,2,17,1160.0,,15.0
simu5g_00000303,31,2,18,1160.0,,15.0
simu5g_00000303,31,2,19,1128.0,,14.0
simu5g_00000303,31,2,20,1128.0,,14.0
simu5g_00000303,31,2,21,1160.0,,15.0
simu5g_00000303,31,2,22,1128.0,,14.0
simu5g_00000303,31,2,23,1160.0,,15.0
simu5g_00000303,31,2,24,1160.0,,15.0
simu5g_00000304,0,0,0,1160.0,,15.0
simu5g_00000304,0,0,1,608.0,,9.0
simu5g_00000304,0,0,2,1160.0,,15.0
simu5g_00000304,0,0,3,984.0,,13.0
simu5g_00000304,0,0,4,1160.0,,15.0
simu5g_00000304,0,0,5,984.0,,13.0
simu5g_00000304,0,0,6,1128.0,,14.0
simu5g_00000304,0,0,7,1160.0,,15.0
simu5g_00000304,0,0,8,888.0,,12.0
simu5g_00000304,0,0,9,1128.0,,14.0
simu5g_00000304,0,0,10,1160.0,,15.0
simu5g_00000304,0,0,11,1160.0,,15.0
simu5g_00000304,0,0,12,1128.0,,14.0
simu5g_00000304,0,0,13,1128.0,,14.0
simu5g_00000304,0,0,14,1128.0,,14.0
simu5g_00000304,0,0,15,1160.0,,15.0
simu5g_00000304,0,0,16,1128.0,,14.0
simu5g_00000304,0,0,17,1160.0,,15.0
simu5g_00000304,0,0,18,1160.0,,15.0
simu5g_00000304,0,0,19,1128.0,,14.0
simu5g_00000304,0,0,20,1160.0,,15.0
simu5g_00000304,0,0,21,888.0,,12.0
simu5g_00000304,0,0,22,1160.0,,15.0
simu5g_00000304,0,0,23,1160.0,,15.0
simu5g_00000304,0,0,24,1128.0,,14.0
simu5g_00000304,2,1,0,1128.0,,14.0
simu5g_00000304,2,1,1,1160.0,,15.0
simu5g_00000304,2,1,2,1128.0,,14.0
simu5g_00000304,2,1,3,1160.0,,15.0
simu5g_00000304,2,1,4,984.0,,13.0
simu5g_00000304,2,1,5,984.0,,13.0
simu5g_00000304,2,1,6,1128.0,,14.0
simu5g_00000304,2,1,7,608.0,,9.0
simu5g_00000304,2,1,8,1160.0,,15.0
simu5g_00000304,2,1,9,1128.0,,14.0
simu5g_00000304,2,1,10,1128.0,,14.0
simu5g_00000304,2,1,11,808.0,,11.0
simu5g_00000304,2,1,12,984.0,,13.0
simu5g_00000304,2,1,13,1128.0,,14.0
simu5g_00000304,2,1,14,1128.0,,14.0
simu5g_00000304,2,1,15,1128.0,,14.0
simu5g_00000304,2,1,16,888.0,,12.0
simu5g_00000304,2,1,17,984.0,,13.0
simu5g_00000304,2,1,18,984.0,,13.0
simu5g_00000304,2,1,19,1128.0,,14.0
simu5g_00000304,2,1,20,1128.0,,14.0
simu5g_00000304,2,1,21,984.0,,13.0
simu5g_00000304,2,1,22,984.0,,13.0
simu5g_00000304,2,1,23,1128.0,,14.0
simu5g_00000304,2,1,24,888.0,,12.0
simu5g_00000304,3,2,0,1128.0,,14.0
simu5g_00000304,3,2,1,1160.0,,15.0
simu5g_00000304,3,2,2,1128.0,,14.0
simu5g_00000304,3,2,3,1128.0,,14.0
simu5g_00000304,3,2,4,1160.0,,15.0
simu5g_00000304,3,2,5,1160.0,,15.0
simu5g_00000304,3,2,6,1160.0,,15.0
simu5g_00000304,3,2,7,1128.0,,14.0
simu5g_00000304,3,2,8,808.0,,11.0
simu5g_00000304,3,2,9,808.0,,11.0
simu5g_00000304,3,2,10,1128.0,,14.0
simu5g_00000304,3,2,11,1128.0,,14.0
simu5g_00000304,3,2,12,1160.0,,15.0
simu5g_00000304,3,2,13,1160.0,,15.0
simu5g_00000304,3,2,14,1160.0,,15.0
simu5g_00000304,3,2,15,1160.0,,15.0
simu5g_00000304,3,2,16,1160.0,,15.0
simu5g_00000304,3,2,17,1160.0,,15.0
simu5g_00000304,3,2,18,1160.0,,15.0
simu5g_00000304,3,2,19,1128.0,,14.0
simu5g_00000304,3,2,20,1160.0,,15.0
simu5g_00000304,3,2,21,1128.0,,14.0
simu5g_00000304,3,2,22,984.0,,13.0
simu5g_00000304,3,2,23,1160.0,,15.0
simu5g_00000304,3,2,24,984.0,,13.0
simu5g_00000305,1,0,0,1128.0,,14.0
simu5g_00000305,1,0,1,984.0,,13.0
simu5g_00000305,1,0,2,984.0,,13.0
simu5g_00000305,1,0,3,1128.0,,14.0
simu5g_00000305,1,0,4,984.0,,13.0
simu5g_00000305,1,0,5,1128.0,,14.0
simu5g_00000305,1,0,6,1128.0,,14.0
simu5g_00000305,1,0,7,704.0,,10.0
simu5g_00000305,1,0,8,608.0,,9.0
simu5g_00000305,1,0,9,1128.0,,14.0
simu5g_00000305,1,0,10,1128.0,,14.0
simu5g_00000305,1,0,11,984.0,,13.0
simu5g_00000305,1,0,12,984.0,,13.0
simu5g_00000305,1,0,13,1160.0,,15.0
simu5g_00000305,1,0,14,1128.0,,14.0
simu5g_00000305,1,0,15,1128.0,,14.0
simu5g_00000305,1,0,16,984.0,,13.0
simu5g_00000305,1,0,17,984.0,,13.0
simu5g_00000305,1,0,18,984.0,,13.0
simu5g_00000305,1,0,19,1128.0,,14.0
simu5g_00000305,1,0,20,1128.0,,14.0
simu5g_00000305,1,0,21,528.0,,8.0
simu5g_00000305,1,0,22,1128.0,,14.0
simu5g_00000305,1,0,23,888.0,,12.0
simu5g_00000305,1,0,24,1128.0,,14.0
simu5g_00000305,15,1,0,1160.0,,15.0
simu5g_00000305,15,1,1,1160.0,,15.0
simu5g_00000305,15,1,2,1160.0,,15.0
simu5g_00000305,15,1,3,1160.0,,15.0
simu5g_00000305,15,1,4,1160.0,,15.0
simu5g_00000305,15,1,5,1160.0,,15.0
simu5g_00000305,15,1,6,1160.0,,15.0
simu5g_00000305,15,1,7,1160.0,,15.0
simu5g_00000305,15,1,8,1160.0,,15.0
simu5g_00000305,15,1,9,1160.0,,15.0
simu5g_00000305,15,1,10,1160.0,,15.0
simu5g_00000305,15,1,11,1160.0,,15.0
simu5g_00000305,15,1,12,1160.0,,15.0
simu5g_00000305,15,1,13,1160.0,,15.0
simu5g_00000305,15,1,14,1160.0,,15.0
simu5g_00000305,15,1,15,1160.0,,15.0
simu5g_00000305,15,1,16,1160.0,,15.0
simu5g_00000305,15,1,17,1160.0,,15.0
simu5g_00000305,15,1,18,1160.0,,15.0
simu5g_00000305,15,1,19,1160.0,,15.0
simu5g_00000305,15,1,20,1160.0,,15.0
simu5g_00000305,15,1,21,1160.0,,15.0
simu5g_00000305,15,1,22,1160.0,,15.0
simu5g_00000305,15,1,23,1160.0,,15.0
simu5g_00000305,15,1,24,1160.0,,15.0
simu5g_00000305,31,2,0,1160.0,,15.0
simu5g_00000305,31,2,1,1160.0,,15.0
simu5g_00000305,31,2,2,1160.0,,15.0
simu5g_00000305,31,2,3,1160.0,,15.0
simu5g_00000305,31,2,4,1160.0,,15.0
simu5g_00000305,31,2,5,1160.0,,15.0
simu5g_00000305,31,2,6,1160.0,,15.0
simu5g_00000305,31,2,7,1160.0,,15.0
simu5g_00000305,31,2,8,1160.0,,15.0
simu5g_00000305,31,2,9,1160.0,,15.0
simu5g_00000305,31,2,10,1160.0,,15.0
simu5g_00000305,31,2,11,1160.0,,15.0
simu5g_00000305,31,2,12,984.0,,13.0
simu5g_00000305,31,2,13,1160.0,,15.0
simu5g_00000305,31,2,14,1160.0,,15.0
simu5g_00000305,31,2,15,1160.0,,15.0
simu5g_00000305,31,2,16,1160.0,,15.0
simu5g_00000305,31,2,17,1160.0,,15.0
simu5g_00000305,31,2,18,1160.0,,15.0
simu5g_00000305,31,2,19,1160.0,,15.0
simu5g_00000305,31,2,20,1160.0,,15.0
simu5g_00000305,31,2,21,1160.0,,15.0
simu5g_00000305,31,2,22,1160.0,,15.0
simu5g_00000305,31,2,23,1160.0,,15.0
simu5g_00000305,31,2,24,1160.0,,15.0
simu5g_00000306,0,0,0,1160.0,,15.0
simu5g_00000306,0,0,1,608.0,,9.0
simu5g_00000306,0,0,2,1160.0,,15.0
simu5g_00000306,0,0,3,984.0,,13.0
simu5g_00000306,0,0,4,1160.0,,15.0
simu5g_00000306,0,0,5,984.0,,13.0
simu5g_00000306,0,0,6,1128.0,,14.0
simu5g_00000306,0,0,7,1160.0,,15.0
simu5g_00000306,0,0,8,888.0,,12.0
simu5g_00000306,0,0,9,1128.0,,14.0
simu5g_00000306,0,0,10,1160.0,,15.0
simu5g_00000306,0,0,11,1160.0,,15.0
simu5g_00000306,0,0,12,1128.0,,14.0
simu5g_00000306,0,0,13,1128.0,,14.0
simu5g_00000306,0,0,14,1128.0,,14.0
simu5g_00000306,0,0,15,1160.0,,15.0
simu5g_00000306,0,0,16,1128.0,,14.0
simu5g_00000306,0,0,17,1160.0,,15.0
simu5g_00000306,0,0,18,1160.0,,15.0
simu5g_00000306,0,0,19,1128.0,,14.0
simu5g_00000306,0,0,20,1160.0,,15.0
simu5g_00000306,0,0,21,888.0,,12.0
simu5g_00000306,0,0,22,1160.0,,15.0
simu5g_00000306,0,0,23,1160.0,,15.0
simu5g_00000306,0,0,24,1128.0,,14.0
simu5g_00000306,2,1,0,1128.0,,14.0
simu5g_00000306,2,1,1,1160.0,,15.0
simu5g_00000306,2,1,2,1128.0,,14.0
simu5g_00000306,2,1,3,1160.0,,15.0
simu5g_00000306,2,1,4,984.0,,13.0
simu5g_00000306,2,1,5,984.0,,13.0
simu5g_00000306,2,1,6,1128.0,,14.0
simu5g_00000306,2,1,7,608.0,,9.0
simu5g_00000306,2,1,8,1160.0,,15.0
simu5g_00000306,2,1,9,1128.0,,14.0
simu5g_00000306,2,1,10,1128.0,,14.0
simu5g_00000306,2,1,11,808.0,,11.0
simu5g_00000306,2,1,12,984.0,,13.0
simu5g_00000306,2,1,13,1128.0,,14.0
simu5g_00000306,2,1,14,1128.0,,14.0
simu5g_00000306,2,1,15,1128.0,,14.0
simu5g_00000306,2,1,16,888.0,,12.0
simu5g_00000306,2,1,17,984.0,,13.0
simu5g_00000306,2,1,18,984.0,,13.0
simu5g_00000306,2,1,19,1128.0,,14.0
simu5g_00000306,2,1,20,1128.0,,14.0
simu5g_00000306,2,1,21,984.0,,13.0
simu5g_00000306,2,1,22,984.0,,13.0
simu5g_00000306,2,1,23,1128.0,,14.0
simu5g_00000306,2,1,24,888.0,,12.0
simu5g_00000306,3,2,0,1128.0,,14.0
simu5g_00000306,3,2,1,1160.0,,15.0
simu5g_00000306,3,2,2,1128.0,,14.0
simu5g_00000306,3,2,3,1128.0,,14.0
simu5g_00000306,3,2,4,1160.0,,15.0
simu5g_00000306,3,2,5,1160.0,,15.0
simu5g_00000306,3,2,6,1160.0,,15.0
simu5g_00000306,3,2,7,1128.0,,14.0
simu5g_00000306,3,2,8,808.0,,11.0
simu5g_00000306,3,2,9,808.0,,11.0
simu5g_00000306,3,2,10,1128.0,,14.0
simu5g_00000306,3,2,11,1128.0,,14.0
simu5g_00000306,3,2,12,1160.0,,15.0
simu5g_00000306,3,2,13,1160.0,,15.0
simu5g_00000306,3,2,14,1160.0,,15.0
simu5g_00000306,3,2,15,1160.0,,15.0
simu5g_00000306,3,2,16,1160.0,,15.0
simu5g_00000306,3,2,17,1160.0,,15.0
simu5g_00000306,3,2,18,1160.0,,15.0
simu5g_00000306,3,2,19,1128.0,,14.0
simu5g_00000306,3,2,20,1160.0,,15.0
simu5g_00000306,3,2,21,1128.0,,14.0
simu5g_00000306,3,2,22,984.0,,13.0
simu5g_00000306,3,2,23,1160.0,,15.0
simu5g_00000306,3,2,24,984.0,,13.0
simu5g_00000306,4,3,0,984.0,,13.0
simu5g_00000306,4,3,1,608.0,,9.0
simu5g_00000306,4,3,2,984.0,,13.0
simu5g_00000306,4,3,3,304.0,,5.0
simu5g_00000306,4,3,4,888.0,,12.0
simu5g_00000306,4,3,5,1128.0,,14.0
simu5g_00000306,4,3,6,984.0,,13.0
simu5g_00000306,4,3,7,368.0,,6.0
simu5g_00000306,4,3,8,608.0,,9.0
simu5g_00000306,4,3,9,888.0,,12.0
simu5g_00000306,4,3,10,808.0,,11.0
simu5g_00000306,4,3,11,984.0,,13.0
simu5g_00000306,4,3,12,1128.0,,14.0
simu5g_00000306,4,3,13,808.0,,11.0
simu5g_00000306,4,3,14,984.0,,13.0
simu5g_00000306,4,3,15,608.0,,9.0
simu5g_00000306,4,3,16,704.0,,10.0
simu5g_00000306,4,3,17,808.0,,11.0
simu5g_00000306,4,3,18,1128.0,,14.0
simu5g_00000306,4,3,19,984.0,,13.0
simu5g_00000306,4,3,20,888.0,,12.0
simu5g_00000306,4,3,21,608.0,,9.0
simu5g_00000306,4,3,22,1128.0,,14.0
simu5g_00000306,4,3,23,984.0,,13.0
simu5g_00000306,4,3,24,808.0,,11.0
simu5g_00000307,1,0,0,1128.0,,14.0
simu5g_00000307,1,0,1,984.0,,13.0
simu5g_00000307,1,0,2,984.0,,13.0
simu5g_00000307,1,0,3,1128.0,,14.0
simu5g_00000307,1,0,4,984.0,,13.0
simu5g_00000307,1,0,5,1128.0,,14.0
simu5g_00000307,1,0,6,1128.0,,14.0
simu5g_00000307,1,0,7,704.0,,10.0
simu5g_00000307,1,0,8,608.0,,9.0
simu5g_00000307,1,0,9,1128.0,,14.0
simu5g_00000307,1,0,10,1128.0,,14.0
simu5g_00000307,1,0,11,984.0,,13.0
simu5g_00000307,1,0,12,984.0,,13.0
simu5g_00000307,1,0,13,1160.0,,15.0
simu5g_00000307,1,0,14,1128.0,,14.0
simu5g_00000307,1,0,15,1128.0,,14.0
simu5g_00000307,1,0,16,984.0,,13.0
simu5g_00000307,1,0,17,984.0,,13.0
simu5g_00000307,1,0,18,984.0,,13.0
simu5g_00000307,1,0,19,1128.0,,14.0
simu5g_00000307,1,0,20,1128.0,,14.0
simu5g_00000307,1,0,21,528.0,,8.0
simu5g_00000307,1,0,22,1128.0,,14.0
simu5g_00000307,1,0,23,888.0,,12.0
simu5g_00000307,1,0,24,1128.0,,14.0
simu5g_00000307,15,1,0,1160.0,,15.0
simu5g_00000307,15,1,1,1160.0,,15.0
simu5g_00000307,15,1,2,1160.0,,15.0
simu5g_00000307,15,1,3,1160.0,,15.0
simu5g_00000307,15,1,4,1160.0,,15.0
simu5g_00000307,15,1,5,1160.0,,15.0
simu5g_00000307,15,1,6,1160.0,,15.0
simu5g_00000307,15,1,7,1160.0,,15.0
simu5g_00000307,15,1,8,1160.0,,15.0
simu5g_00000307,15,1,9,1160.0,,15.0
simu5g_00000307,15,1,10,1160.0,,15.0
simu5g_00000307,15,1,11,1160.0,,15.0
simu5g_00000307,15,1,12,1160.0,,15.0
simu5g_00000307,15,1,13,1160.0,,15.0
simu5g_00000307,15,1,14,1160.0,,15.0
simu5g_00000307,15,1,15,1160.0,,15.0
simu5g_00000307,15,1,16,1160.0,,15.0
simu5g_00000307,15,1,17,1160.0,,15.0
simu5g_00000307,15,1,18,1160.0,,15.0
simu5g_00000307,15,1,19,1160.0,,15.0
simu5g_00000307,15,1,20,1160.0,,15.0
simu5g_00000307,15,1,21,1160.0,,15.0
simu5g_00000307,15,1,22,1160.0,,15.0
simu5g_00000307,15,1,23,1160.0,,15.0
simu5g_00000307,15,1,24,1160.0,,15.0
simu5g_00000307,31,2,0,1160.0,,15.0
simu5g_00000307,31,2,1,1160.0,,15.0
simu5g_00000307,31,2,2,1160.0,,15.0
simu5g_00000307,31,2,3,1160.0,,15.0
simu5g_00000307,31,2,4,1160.0,,15.0
simu5g_00000307,31,2,5,1160.0,,15.0
simu5g_00000307,31,2,6,1160.0,,15.0
simu5g_00000307,31,2,7,1160.0,,15.0
simu5g_00000307,31,2,8,1160.0,,15.0
simu5g_00000307,31,2,9,1160.0,,15.0
simu5g_00000307,31,2,10,1160.0,,15.0
simu5g_00000307,31,2,11,1160.0,,15.0
simu5g_00000307,31,2,12,984.0,,13.0
simu5g_00000307,31,2,13,1160.0,,15.0
simu5g_00000307,31,2,14,1160.0,,15.0
simu5g_00000307,31,2,15,1160.0,,15.0
simu5g_00000307,31,2,16,1160.0,,15.0
simu5g_00000307,31,2,17,1160.0,,15.0
simu5g_00000307,31,2,18,1160.0,,15.0
simu5g_00000307,31,2,19,1160.0,,15.0
simu5g_00000307,31,2,20,1160.0,,15.0
simu5g_00000307,31,2,21,1160.0,,15.0
simu5g_00000307,31,2,22,1160.0,,15.0
simu5g_00000307,31,2,23,1160.0,,15.0
simu5g_00000307,31,2,24,1160.0,,15.0
simu5g_00000308,0,0,0,1160.0,,15.0
simu5g_00000308,0,0,1,608.0,,9.0
simu5g_00000308,0,0,2,1160.0,,15.0
simu5g_00000308,0,0,3,984.0,,13.0
simu5g_00000308,0,0,4,1160.0,,15.0
simu5g_00000308,0,0,5,984.0,,13.0
simu5g_00000308,0,0,6,1128.0,,14.0
simu5g_00000308,0,0,7,1160.0,,15.0
simu5g_00000308,0,0,8,888.0,,12.0
simu5g_00000308,0,0,9,1128.0,,14.0
simu5g_00000308,0,0,10,1160.0,,15.0
simu5g_00000308,0,0,11,1160.0,,15.0
simu5g_00000308,0,0,12,1128.0,,14.0
simu5g_00000308,0,0,13,1128.0,,14.0
simu5g_00000308,0,0,14,1128.0,,14.0
simu5g_00000308,0,0,15,1160.0,,15.0
simu5g_00000308,0,0,16,1128.0,,14.0
simu5g_00000308,0,0,17,1160.0,,15.0
simu5g_00000308,0,0,18,1160.0,,15.0
simu5g_00000308,0,0,19,1128.0,,14.0
simu5g_00000308,0,0,20,1160.0,,15.0
simu5g_00000308,0,0,21,888.0,,12.0
simu5g_00000308,0,0,22,1160.0,,15.0
simu5g_00000308,0,0,23,1160.0,,15.0
simu5g_00000308,0,0,24,1128.0,,14.0
simu5g_00000308,2,1,0,1128.0,,14.0
simu5g_00000308,2,1,1,1160.0,,15.0
simu5g_00000308,2,1,2,1128.0,,14.0
simu5g_00000308,2,1,3,1160.0,,15.0
simu5g_00000308,2,1,4,984.0,,13.0
simu5g_00000308,2,1,5,984.0,,13.0
simu5g_00000308,2,1,6,1128.0,,14.0
simu5g_00000308,2,1,7,608.0,,9.0
simu5g_00000308,2,1,8,1160.0,,15.0
simu5g_00000308,2,1,9,1128.0,,14.0
simu5g_00000308,2,1,10,1128.0,,14.0
simu5g_00000308,2,1,11,808.0,,11.0
simu5g_00000308,2,1,12,984.0,,13.0
simu5g_00000308,2,1,13,1128.0,,14.0
simu5g_00000308,2,1,14,1128.0,,14.0
simu5g_00000308,2,1,15,1128.0,,14.0
simu5g_00000308,2,1,16,888.0,,12.0
simu5g_00000308,2,1,17,984.0,,13.0
simu5g_00000308,2,1,18,984.0,,13.0
simu5g_00000308,2,1,19,1128.0,,14.0
simu5g_00000308,2,1,20,1128.0,,14.0
simu5g_00000308,2,1,21,984.0,,13.0
simu5g_00000308,2,1,22,984.0,,13.0
simu5g_00000308,2,1,23,1128.0,,14.0
simu5g_00000308,2,1,24,888.0,,12.0
simu5g_00000308,3,2,0,984.0,,13.0
simu5g_00000308,3,2,1,1160.0,,15.0
simu5g_00000308,3,2,2,1128.0,,14.0
simu5g_00000308,3,2,3,1128.0,,14.0
simu5g_00000308,3,2,4,1160.0,,15.0
simu5g_00000308,3,2,5,1160.0,,15.0
simu5g_00000308,3,2,6,1160.0,,15.0
simu5g_00000308,3,2,7,1128.0,,14.0
simu5g_00000308,3,2,8,808.0,,11.0
simu5g_00000308,3,2,9,808.0,,11.0
simu5g_00000308,3,2,10,1128.0,,14.0
simu5g_00000308,3,2,11,1128.0,,14.0
simu5g_00000308,3,2,12,1160.0,,15.0
simu5g_00000308,3,2,13,1160.0,,15.0
simu5g_00000308,3,2,14,1160.0,,15.0
simu5g_00000308,3,2,15,1128.0,,14.0
simu5g_00000308,3,2,16,1160.0,,15.0
simu5g_00000308,3,2,17,1128.0,,14.0
simu5g_00000308,3,2,18,1128.0,,14.0
simu5g_00000308,3,2,19,1128.0,,14.0
simu5g_00000308,3,2,20,1160.0,,15.0
simu5g_00000308,3,2,21,1128.0,,14.0
simu5g_00000308,3,2,22,984.0,,13.0
simu5g_00000308,3,2,23,1160.0,,15.0
simu5g_00000308,3,2,24,984.0,,13.0
simu5g_00000308,4,3,0,984.0,,13.0
simu5g_00000308,4,3,1,608.0,,9.0
simu5g_00000308,4,3,2,984.0,,13.0
simu5g_00000308,4,3,3,304.0,,5.0
simu5g_00000308,4,3,4,888.0,,12.0
simu5g_00000308,4,3,5,1128.0,,14.0
simu5g_00000308,4,3,6,984.0,,13.0
simu5g_00000308,4,3,7,368.0,,6.0
simu5g_00000308,4,3,8,608.0,,9.0
simu5g_00000308,4,3,9,888.0,,12.0
simu5g_00000308,4,3,10,808.0,,11.0
simu5g_00000308,4,3,11,984.0,,13.0
simu5g_00000308,4,3,12,1128.0,,14.0
simu5g_00000308,4,3,13,808.0,,11.0
simu5g_00000308,4,3,14,984.0,,13.0
simu5g_00000308,4,3,15,608.0,,9.0
simu5g_00000308,4,3,16,704.0,,10.0
simu5g_00000308,4,3,17,808.0,,11.0
simu5g_00000308,4,3,18,1128.0,,14.0
simu5g_00000308,4,3,19,984.0,,13.0
simu5g_00000308,4,3,20,888.0,,12.0
simu5g_00000308,4,3,21,608.0,,9.0
simu5g_00000308,4,3,22,1128.0,,14.0
simu5g_00000308,4,3,23,984.0,,13.0
simu5g_00000308,4,3,24,808.0,,11.0
simu5g_00000309,1,0,0,1128.0,,14.0
simu5g_00000309,1,0,1,984.0,,13.0
simu5g_00000309,1,0,2,984.0,,13.0
simu5g_00000309,1,0,3,1128.0,,14.0
simu5g_00000309,1,0,4,984.0,,13.0
simu5g_00000309,1,0,5,1128.0,,14.0
simu5g_00000309,1,0,6,1128.0,,14.0
simu5g_00000309,1,0,7,704.0,,10.0
simu5g_00000309,1,0,8,608.0,,9.0
simu5g_00000309,1,0,9,1128.0,,14.0
simu5g_00000309,1,0,10,984.0,,13.0
simu5g_00000309,1,0,11,984.0,,13.0
simu5g_00000309,1,0,12,984.0,,13.0
simu5g_00000309,1,0,13,1160.0,,15.0
simu5g_00000309,1,0,14,1128.0,,14.0
simu5g_00000309,1,0,15,1128.0,,14.0
simu5g_00000309,1,0,16,984.0,,13.0
simu5g_00000309,1,0,17,984.0,,13.0
simu5g_00000309,1,0,18,984.0,,13.0
simu5g_00000309,1,0,19,1128.0,,14.0
simu5g_00000309,1,0,20,1128.0,,14.0
simu5g_00000309,1,0,21,528.0,,8.0
simu5g_00000309,1,0,22,1128.0,,14.0
simu5g_00000309,1,0,23,888.0,,12.0
simu5g_00000309,1,0,24,1128.0,,14.0
simu5g_00000309,15,1,0,1160.0,,15.0
simu5g_00000309,15,1,1,1160.0,,15.0
simu5g_00000309,15,1,2,1160.0,,15.0
simu5g_00000309,15,1,3,1160.0,,15.0
simu5g_00000309,15,1,4,1160.0,,15.0
simu5g_00000309,15,1,5,1160.0,,15.0
simu5g_00000309,15,1,6,1160.0,,15.0
simu5g_00000309,15,1,7,1160.0,,15.0
simu5g_00000309,15,1,8,1160.0,,15.0
simu5g_00000309,15,1,9,1160.0,,15.0
simu5g_00000309,15,1,10,1160.0,,15.0
simu5g_00000309,15,1,11,1160.0,,15.0
simu5g_00000309,15,1,12,1160.0,,15.0
simu5g_00000309,15,1,13,1160.0,,15.0
simu5g_00000309,15,1,14,1160.0,,15.0
simu5g_00000309,15,1,15,1160.0,,15.0
simu5g_00000309,15,1,16,1160.0,,15.0
simu5g_00000309,15,1,17,1160.0,,15.0
simu5g_00000309,15,1,18,1160.0,,15.0
simu5g_00000309,15,1,19,1160.0,,15.0
simu5g_00000309,15,1,20,1160.0,,15.0
simu5g_00000309,15,1,21,1160.0,,15.0
simu5g_00000309,15,1,22,1160.0,,15.0
simu5g_00000309,15,1,23,1160.0,,15.0
simu5g_00000309,15,1,24,1160.0,,15.0
simu5g_00000309,31,2,0,1160.0,,15.0
simu5g_00000309,31,2,1,1160.0,,15.0
simu5g_00000309,31,2,2,1160.0,,15.0
simu5g_00000309,31,2,3,1160.0,,15.0
simu5g_00000309,31,2,4,1160.0,,15.0
simu5g_00000309,31,2,5,1160.0,,15.0
simu5g_00000309,31,2,6,1160.0,,15.0
simu5g_00000309,31,2,7,1160.0,,15.0
simu5g_00000309,31,2,8,1160.0,,15.0
simu5g_00000309,31,2,9,1160.0,,15.0
simu5g_00000309,31,2,10,1160.0,,15.0
simu5g_00000309,31,2,11,1160.0,,15.0
simu5g_00000309,31,2,12,984.0,,13.0
simu5g_00000309,31,2,13,1160.0,,15.0
simu5g_00000309,31,2,14,1160.0,,15.0
simu5g_00000309,31,2,15,1160.0,,15.0
simu5g_00000309,31,2,16,1160.0,,15.0
simu5g_00000309,31,2,17,1160.0,,15.0
simu5g_00000309,31,2,18,1160.0,,15.0
simu5g_00000309,31,2,19,1160.0,,15.0
simu5g_00000309,31,2,20,1160.0,,15.0
simu5g_00000309,31,2,21,1160.0,,15.0
simu5g_00000309,31,2,22,1160.0,,15.0
simu5g_00000309,31,2,23,1160.0,,15.0
simu5g_00000309,31,2,24,1160.0,,15.0
simu5g_00000310,0,0,0,1160.0,,15.0
simu5g_00000310,0,0,1,608.0,,9.0
simu5g_00000310,0,0,2,1160.0,,15.0
simu5g_00000310,0,0,3,984.0,,13.0
simu5g_00000310,0,0,4,1160.0,,15.0
simu5g_00000310,0,0,5,984.0,,13.0
simu5g_00000310,0,0,6,1128.0,,14.0
simu5g_00000310,0,0,7,1160.0,,15.0
simu5g_00000310,0,0,8,888.0,,12.0
simu5g_00000310,0,0,9,1128.0,,14.0
simu5g_00000310,0,0,10,1160.0,,15.0
simu5g_00000310,0,0,11,1160.0,,15.0
simu5g_00000310,0,0,12,1128.0,,14.0
simu5g_00000310,0,0,13,1128.0,,14.0
simu5g_00000310,0,0,14,1128.0,,14.0
simu5g_00000310,0,0,15,1160.0,,15.0
simu5g_00000310,0,0,16,1128.0,,14.0
simu5g_00000310,0,0,17,1160.0,,15.0
simu5g_00000310,0,0,18,1160.0,,15.0
simu5g_00000310,0,0,19,1128.0,,14.0
simu5g_00000310,0,0,20,1160.0,,15.0
simu5g_00000310,0,0,21,888.0,,12.0
simu5g_00000310,0,0,22,1160.0,,15.0
simu5g_00000310,0,0,23,1160.0,,15.0
simu5g_00000310,0,0,24,1128.0,,14.0
simu5g_00000310,2,1,0,1128.0,,14.0
simu5g_00000310,2,1,1,1160.0,,15.0
simu5g_00000310,2,1,2,1128.0,,14.0
simu5g_00000310,2,1,3,1160.0,,15.0
simu5g_00000310,2,1,4,1128.0,,14.0
simu5g_00000310,2,1,5,984.0,,13.0
simu5g_00000310,2,1,6,1128.0,,14.0
simu5g_00000310,2,1,7,808.0,,11.0
simu5g_00000310,2,1,8,1160.0,,15.0
simu5g_00000310,2,1,9,1160.0,,15.0
simu5g_00000310,2,1,10,1160.0,,15.0
simu5g_00000310,2,1,11,888.0,,12.0
simu5g_00000310,2,1,12,1128.0,,14.0
simu5g_00000310,2,1,13,1160.0,,15.0
simu5g_00000310,2,1,14,1160.0,,15.0
simu5g_00000310,2,1,15,1160.0,,15.0
simu5g_00000310,2,1,16,984.0,,13.0
simu5g_00000310,2,1,17,1128.0,,14.0
simu5g_00000310,2,1,18,1128.0,,14.0
simu5g_00000310,2,1,19,1160.0,,15.0
simu5g_00000310,2,1,20,1160.0,,15.0
simu5g_00000310,2,1,21,1128.0,,14.0
simu5g_00000310,2,1,22,984.0,,13.0
simu5g_00000310,2,1,23,1160.0,,15.0
simu5g_00000310,2,1,24,984.0,,13.0
simu5g_00000310,3,2,0,984.0,,13.0
simu5g_00000310,3,2,1,1160.0,,15.0
simu5g_00000310,3,2,2,1128.0,,14.0
simu5g_00000310,3,2,3,1128.0,,14.0
simu5g_00000310,3,2,4,1160.0,,15.0
simu5g_00000310,3,2,5,1160.0,,15.0
simu5g_00000310,3,2,6,1160.0,,15.0
simu5g_00000310,3,2,7,1128.0,,14.0
simu5g_00000310,3,2,8,808.0,,11.0
simu5g_00000310,3,2,9,808.0,,11.0
simu5g_00000310,3,2,10,1128.0,,14.0
simu5g_00000310,3,2,11,1128.0,,14.0
simu5g_00000310,3,2,12,1160.0,,15.0
simu5g_00000310,3,2,13,1160.0,,15.0
simu5g_00000310,3,2,14,1160.0,,15.0
simu5g_00000310,3,2,15,1128.0,,14.0
simu5g_00000310,3,2,16,1160.0,,15.0
simu5g_00000310,3,2,17,1128.0,,14.0
simu5g_00000310,3,2,18,1128.0,,14.0
simu5g_00000310,3,2,19,1128.0,,14.0
simu5g_00000310,3,2,20,1160.0,,15.0
simu5g_00000310,3,2,21,1128.0,,14.0
simu5g_00000310,3,2,22,984.0,,13.0
simu5g_00000310,3,2,23,1160.0,,15.0
simu5g_00000310,3,2,24,984.0,,13.0
simu5g_00000310,4,3,0,984.0,,13.0
simu5g_00000310,4,3,1,608.0,,9.0
simu5g_00000310,4,3,2,984.0,,13.0
simu5g_00000310,4,3,3,304.0,,5.0
simu5g_00000310,4,3,4,888.0,,12.0
simu5g_00000310,4,3,5,1128.0,,14.0
simu5g_00000310,4,3,6,984.0,,13.0
simu5g_00000310,4,3,7,368.0,,6.0
simu5g_00000310,4,3,8,608.0,,9.0
simu5g_00000310,4,3,9,888.0,,12.0
simu5g_00000310,4,3,10,888.0,,12.0
simu5g_00000310,4,3,11,984.0,,13.0
simu5g_00000310,4,3,12,1128.0,,14.0
simu5g_00000310,4,3,13,808.0,,11.0
simu5g_00000310,4,3,14,984.0,,13.0
simu5g_00000310,4,3,15,608.0,,9.0
simu5g_00000310,4,3,16,704.0,,10.0
simu5g_00000310,4,3,17,808.0,,11.0
simu5g_00000310,4,3,18,1128.0,,14.0
simu5g_00000310,4,3,19,984.0,,13.0
simu5g_00000310,4,3,20,888.0,,12.0
simu5g_00000310,4,3,21,608.0,,9.0
simu5g_00000310,4,3,22,1128.0,,14.0
simu5g_00000310,4,3,23,984.0,,13.0
simu5g_00000310,4,3,24,808.0,,11.0
simu5g_00000311,1,0,0,1128.0,,14.0
simu5g_00000311,1,0,1,984.0,,13.0
simu5g_00000311,1,0,2,984.0,,13.0
simu5g_00000311,1,0,3,1128.0,,14.0
simu5g_00000311,1,0,4,984.0,,13.0
simu5g_00000311,1,0,5,1128.0,,14.0
simu5g_00000311,1,0,6,1128.0,,14.0
simu5g_00000311,1,0,7,704.0,,10.0
simu5g_00000311,1,0,8,608.0,,9.0
simu5g_00000311,1,0,9,1128.0,,14.0
simu5g_00000311,1,0,10,1128.0,,14.0
simu5g_00000311,1,0,11,984.0,,13.0
simu5g_00000311,1,0,12,984.0,,13.0
simu5g_00000311,1,0,13,1160.0,,15.0
simu5g_00000311,1,0,14,1128.0,,14.0
simu5g_00000311,1,0,15,1128.0,,14.0
simu5g_00000311,1,0,16,984.0,,13.0
simu5g_00000311,1,0,17,984.0,,13.0
simu5g_00000311,1,0,18,984.0,,13.0
simu5g_00000311,1,0,19,1128.0,,14.0
simu5g_00000311,1,0,20,1128.0,,14.0
simu5g_00000311,1,0,21,528.0,,8.0
simu5g_00000311,1,0,22,1128.0,,14.0
simu5g_00000311,1,0,23,888.0,,12.0
simu5g_00000311,1,0,24,1128.0,,14.0
simu5g_00000311,15,1,0,1160.0,,15.0
simu5g_00000311,15,1,1,1160.0,,15.0
simu5g_00000311,15,1,2,1160.0,,15.0
simu5g_00000311,15,1,3,1160.0,,15.0
simu5g_00000311,15,1,4,1160.0,,15.0
simu5g_00000311,15,1,5,1160.0,,15.0
simu5g_00000311,15,1,6,1160.0,,15.0
simu5g_00000311,15,1,7,1160.0,,15.0
simu5g_00000311,15,1,8,1160.0,,15.0
simu5g_00000311,15,1,9,1160.0,,15.0
simu5g_00000311,15,1,10,1160.0,,15.0
simu5g_00000311,15,1,11,1160.0,,15.0
simu5g_00000311,15,1,12,1160.0,,15.0
simu5g_00000311,15,1,13,1160.0,,15.0
simu5g_00000311,15,1,14,1160.0,,15.0
simu5g_00000311,15,1,15,1160.0,,15.0
simu5g_00000311,15,1,16,1160.0,,15.0
simu5g_00000311,15,1,17,1160.0,,15.0
simu5g_00000311,15,1,18,1160.0,,15.0
simu5g_00000311,15,1,19,1160.0,,15.0
simu5g_00000311,15,1,20,1160.0,,15.0
simu5g_00000311,15,1,21,1160.0,,15.0
simu5g_00000311,15,1,22,1160.0,,15.0
simu5g_00000311,15,1,23,1160.0,,15.0
simu5g_00000311,15,1,24,1160.0,,15.0
simu5g_00000311,31,2,0,1160.0,,15.0
simu5g_00000311,31,2,1,1160.0,,15.0
simu5g_00000311,31,2,2,1160.0,,15.0
simu5g_00000311,31,2,3,1160.0,,15.0
simu5g_00000311,31,2,4,1160.0,,15.0
simu5g_00000311,31,2,5,1160.0,,15.0
simu5g_00000311,31,2,6,1160.0,,15.0
simu5g_00000311,31,2,7,1160.0,,15.0
simu5g_00000311,31,2,8,1160.0,,15.0
simu5g_00000311,31,2,9,1160.0,,15.0
simu5g_00000311,31,2,10,1160.0,,15.0
simu5g_00000311,31,2,11,1160.0,,15.0
simu5g_00000311,31,2,12,1128.0,,14.0
simu5g_00000311,31,2,13,1160.0,,15.0
simu5g_00000311,31,2,14,1160.0,,15.0
simu5g_00000311,31,2,15,1160.0,,15.0
simu5g_00000311,31,2,16,1160.0,,15.0
simu5g_00000311,31,2,17,1160.0,,15.0
simu5g_00000311,31,2,18,1160.0,,15.0
simu5g_00000311,31,2,19,1160.0,,15.0
simu5g_00000311,31,2,20,1160.0,,15.0
simu5g_00000311,31,2,21,1160.0,,15.0
simu5g_00000311,31,2,22,1160.0,,15.0
simu5g_00000311,31,2,23,1160.0,,15.0
simu5g_00000311,31,2,24,1160.0,,15.0
simu5g_00000312,0,0,0,1160.0,,15.0
simu5g_00000312,0,0,1,808.0,,11.0
simu5g_00000312,0,0,2,1160.0,,15.0
simu5g_00000312,0,0,3,1128.0,,14.0
simu5g_00000312,0,0,4,1160.0,,15.0
simu5g_00000312,0,0,5,1128.0,,14.0
simu5g_00000312,0,0,6,1128.0,,14.0
simu5g_00000312,0,0,7,1160.0,,15.0
simu5g_00000312,0,0,8,984.0,,13.0
simu5g_00000312,0,0,9,1160.0,,15.0
simu5g_00000312,0,0,10,1160.0,,15.0
simu5g_00000312,0,0,11,1160.0,,15.0
simu5g_00000312,0,0,12,1160.0,,15.0
simu5g_00000312,0,0,13,1160.0,,15.0
simu5g_00000312,0,0,14,1160.0,,15.0
simu5g_00000312,0,0,15,1160.0,,15.0
simu5g_00000312,0,0,16,1128.0,,14.0
simu5g_00000312,0,0,17,1160.0,,15.0
simu5g_00000312,0,0,18,1160.0,,15.0
simu5g_00000312,0,0,19,1128.0,,14.0
simu5g_00000312,0,0,20,1160.0,,15.0
simu5g_00000312,0,0,21,984.0,,13.0
simu5g_00000312,0,0,22,1160.0,,15.0
simu5g_00000312,0,0,23,1160.0,,15.0
simu5g_00000312,0,0,24,1128.0,,14.0
simu5g_00000312,2,1,0,1128.0,,14.0
simu5g_00000312,2,1,1,1160.0,,15.0
simu5g_00000312,2,1,2,1128.0,,14.0
simu5g_00000312,2,1,3,1160.0,,15.0
simu5g_00000312,2,1,4,1128.0,,14.0
simu5g_00000312,2,1,5,984.0,,13.0
simu5g_00000312,2,1,6,1128.0,,14.0
simu5g_00000312,2,1,7,808.0,,11.0
simu5g_00000312,2,1,8,1160.0,,15.0
simu5g_00000312,2,1,9,1160.0,,15.0
simu5g_00000312,2,1,10,1160.0,,15.0
simu5g_00000312,2,1,11,888.0,,12.0
simu5g_00000312,2,1,12,1128.0,,14.0
simu5g_00000312,2,1,13,1160.0,,15.0
simu5g_00000312,2,1,14,1160.0,,15.0
simu5g_00000312,2,1,15,1160.0,,15.0
simu5g_00000312,2,1,16,984.0,,13.0
simu5g_00000312,2,1,17,1128.0,,14.0
simu5g_00000312,2,1,18,1128.0,,14.0
simu5g_00000312,2,1,19,1160.0,,15.0
simu5g_00000312,2,1,20,1160.0,,15.0
simu5g_00000312,2,1,21,1128.0,,14.0
simu5g_00000312,2,1,22,984.0,,13.0
simu5g_00000312,2,1,23,1160.0,,15.0
simu5g_00000312,2,1,24,984.0,,13.0
simu5g_00000312,3,2,0,984.0,,13.0
simu5g_00000312,3,2,1,1160.0,,15.0
simu5g_00000312,3,2,2,1128.0,,14.0
simu5g_00000312,3,2,3,1128.0,,14.0
simu5g_00000312,3,2,4,1160.0,,15.0
simu5g_00000312,3,2,5,1160.0,,15.0
simu5g_00000312,3,2,6,1160.0,,15.0
simu5g_00000312,3,2,7,1128.0,,14.0
simu5g_00000312,3,2,8,808.0,,11.0
simu5g_00000312,3,2,9,808.0,,11.0
simu5g_00000312,3,2,10,1128.0,,14.0
simu5g_00000312,3,2,11,1128.0,,14.0
simu5g_00000312,3,2,12,1160.0,,15.0
simu5g_00000312,3,2,13,1160.0,,15.0
simu5g_00000312,3,2,14,1160.0,,15.0
simu5g_00000312,3,2,15,1128.0,,14.0
simu5g_00000312,3,2,16,1160.0,,15.0
simu5g_00000312,3,2,17,1128.0,,14.0
simu5g_00000312,3,2,18,1128.0,,14.0
simu5g_00000312,3,2,19,1128.0,,14.0
simu5g_00000312,3,2,20,1160.0,,15.0
simu5g_00000312,3,2,21,1128.0,,14.0
simu5g_00000312,3,2,22,984.0,,13.0
simu5g_00000312,3,2,23,1160.0,,15.0
simu5g_00000312,3,2,24,984.0,,13.0
simu5g_00000312,4,3,0,984.0,,13.0
simu5g_00000312,4,3,1,608.0,,9.0
simu5g_00000312,4,3,2,984.0,,13.0
simu5g_00000312,4,3,3,304.0,,5.0
simu5g_00000312,4,3,4,888.0,,12.0
simu5g_00000312,4,3,5,1128.0,,14.0
simu5g_00000312,4,3,6,984.0,,13.0
simu5g_00000312,4,3,7,368.0,,6.0
simu5g_00000312,4,3,8,608.0,,9.0
simu5g_00000312,4,3,9,888.0,,12.0
simu5g_00000312,4,3,10,888.0,,12.0
simu5g_00000312,4,3,11,984.0,,13.0
simu5g_00000312,4,3,12,1128.0,,14.0
simu5g_00000312,4,3,13,808.0,,11.0
simu5g_00000312,4,3,14,984.0,,13.0
simu5g_00000312,4,3,15,608.0,,9.0
simu5g_00000312,4,3,16,704.0,,10.0
simu5g_00000312,4,3,17,808.0,,11.0
simu5g_00000312,4,3,18,1128.0,,14.0
simu5g_00000312,4,3,19,984.0,,13.0
simu5g_00000312,4,3,20,888.0,,12.0
simu5g_00000312,4,3,21,608.0,,9.0
simu5g_00000312,4,3,22,1128.0,,14.0
simu5g_00000312,4,3,23,984.0,,13.0
simu5g_00000312,4,3,24,808.0,,11.0
simu5g_00000313,15,0,0,1160.0,,15.0
simu5g_00000313,15,0,1,1160.0,,15.0
simu5g_00000313,15,0,2,1160.0,,15.0
simu5g_00000313,15,0,3,1160.0,,15.0
simu5g_00000313,15,0,4,1160.0,,15.0
simu5g_00000313,15,0,5,1160.0,,15.0
simu5g_00000313,15,0,6,1160.0,,15.0
simu5g_00000313,15,0,7,1160.0,,15.0
simu5g_00000313,15,0,8,1160.0,,15.0
simu5g_00000313,15,0,9,1160.0,,15.0
simu5g_00000313,15,0,10,1160.0,,15.0
simu5g_00000313,15,0,11,1160.0,,15.0
simu5g_00000313,15,0,12,1160.0,,15.0
simu5g_00000313,15,0,13,1160.0,,15.0
simu5g_00000313,15,0,14,1160.0,,15.0
simu5g_00000313,15,0,15,1160.0,,15.0
simu5g_00000313,15,0,16,1160.0,,15.0
simu5g_00000313,15,0,17,1160.0,,15.0
simu5g_00000313,15,0,18,1160.0,,15.0
simu5g_00000313,15,0,19,1160.0,,15.0
simu5g_00000313,15,0,20,1160.0,,15.0
simu5g_00000313,15,0,21,1160.0,,15.0
simu5g_00000313,15,0,22,1160.0,,15.0
simu5g_00000313,15,0,23,1160.0,,15.0
simu5g_00000313,15,0,24,1160.0,,15.0
simu5g_00000313,31,1,0,1160.0,,15.0
simu5g_00000313,31,1,1,1160.0,,15.0
simu5g_00000313,31,1,2,1160.0,,15.0
simu5g_00000313,31,1,3,1160.0,,15.0
simu5g_00000313,31,1,4,1160.0,,15.0
simu5g_00000313,31,1,5,1160.0,,15.0
simu5g_00000313,31,1,6,1160.0,,15.0
simu5g_00000313,31,1,7,1160.0,,15.0
simu5g_00000313,31,1,8,1160.0,,15.0
simu5g_00000313,31,1,9,1160.0,,15.0
simu5g_00000313,31,1,10,1160.0,,15.0
simu5g_00000313,31,1,11,1160.0,,15.0
simu5g_00000313,31,1,12,1128.0,,14.0
simu5g_00000313,31,1,13,1160.0,,15.0
simu5g_00000313,31,1,14,1160.0,,15.0
simu5g_00000313,31,1,15,1160.0,,15.0
simu5g_00000313,31,1,16,1160.0,,15.0
simu5g_00000313,31,1,17,1160.0,,15.0
simu5g_00000313,31,1,18,1160.0,,15.0
simu5g_00000313,31,1,19,1160.0,,15.0
simu5g_00000313,31,1,20,1160.0,,15.0
simu5g_00000313,31,1,21,1160.0,,15.0
simu5g_00000313,31,1,22,1160.0,,15.0
simu5g_00000313,31,1,23,1160.0,,15.0
simu5g_00000313,31,1,24,1160.0,,15.0
simu5g_00000314,0,0,0,1160.0,,15.0
simu5g_00000314,0,0,1,808.0,,11.0
simu5g_00000314,0,0,2,1160.0,,15.0
simu5g_00000314,0,0,3,1128.0,,14.0
simu5g_00000314,0,0,4,1160.0,,15.0
simu5g_00000314,0,0,5,1128.0,,14.0
simu5g_00000314,0,0,6,1128.0,,14.0
simu5g_00000314,0,0,7,1160.0,,15.0
simu5g_00000314,0,0,8,984.0,,13.0
simu5g_00000314,0,0,9,1160.0,,15.0
simu5g_00000314,0,0,10,1160.0,,15.0
simu5g_00000314,0,0,11,1160.0,,15.0
simu5g_00000314,0,0,12,1160.0,,15.0
simu5g_00000314,0,0,13,1160.0,,15.0
simu5g_00000314,0,0,14,1160.0,,15.0
simu5g_00000314,0,0,15,1160.0,,15.0
simu5g_00000314,0,0,16,1128.0,,14.0
simu5g_00000314,0,0,17,1160.0,,15.0
simu5g_00000314,0,0,18,1160.0,,15.0
simu5g_00000314,0,0,19,1128.0,,14.0
simu5g_00000314,0,0,20,1160.0,,15.0
simu5g_00000314,0,0,21,984.0,,13.0
simu5g_00000314,0,0,22,1160.0,,15.0
simu5g_00000314,0,0,23,1160.0,,15.0
simu5g_00000314,0,0,24,1128.0,,14.0
simu5g_00000314,1,1,0,1160.0,,15.0
simu5g_00000314,1,1,1,1128.0,,14.0
simu5g_00000314,1,1,2,1128.0,,14.0
simu5g_00000314,1,1,3,1160.0,,15.0
simu5g_00000314,1,1,4,1128.0,,14.0
simu5g_00000314,1,1,5,1160.0,,15.0
simu5g_00000314,1,1,6,1160.0,,15.0
simu5g_00000314,1,1,7,984.0,,13.0
simu5g_00000314,1,1,8,888.0,,12.0
simu5g_00000314,1,1,9,1160.0,,15.0
simu5g_00000314,1,1,10,1160.0,,15.0
simu5g_00000314,1,1,11,1128.0,,14.0
simu5g_00000314,1,1,12,1128.0,,14.0
simu5g_00000314,1,1,13,1160.0,,15.0
simu5g_00000314,1,1,14,1160.0,,15.0
simu5g_00000314,1,1,15,1160.0,,15.0
simu5g_00000314,1,1,16,1128.0,,14.0
simu5g_00000314,1,1,17,1128.0,,14.0
simu5g_00000314,1,1,18,1128.0,,14.0
simu5g_00000314,1,1,19,1160.0,,15.0
simu5g_00000314,1,1,20,1160.0,,15.0
simu5g_00000314,1,1,21,808.0,,11.0
simu5g_00000314,1,1,22,1160.0,,15.0
simu5g_00000314,1,1,23,1128.0,,14.0
simu5g_00000314,1,1,24,1160.0,,15.0
simu5g_00000314,2,2,0,1128.0,,14.0
simu5g_00000314,2,2,1,1160.0,,15.0
simu5g_00000314,2,2,2,1128.0,,14.0
simu5g_00000314,2,2,3,1160.0,,15.0
simu5g_00000314,2,2,4,1128.0,,14.0
simu5g_00000314,2,2,5,1128.0,,14.0
simu5g_00000314,2,2,6,1128.0,,14.0
simu5g_00000314,2,2,7,808.0,,11.0
simu5g_00000314,2,2,8,1160.0,,15.0
simu5g_00000314,2,2,9,1160.0,,15.0
simu5g_00000314,2,2,10,1160.0,,15.0
simu5g_00000314,2,2,11,888.0,,12.0
simu5g_00000314,2,2,12,1128.0,,14.0
simu5g_00000314,2,2,13,1160.0,,15.0
simu5g_00000314,2,2,14,1160.0,,15.0
simu5g_00000314,2,2,15,1160.0,,15.0
simu5g_00000314,2,2,16,984.0,,13.0
simu5g_00000314,2,2,17,1128.0,,14.0
simu5g_00000314,2,2,18,1128.0,,14.0
simu5g_00000314,2,2,19,1160.0,,15.0
simu5g_00000314,2,2,20,1160.0,,15.0
simu5g_00000314,2,2,21,1128.0,,14.0
simu5g_00000314,2,2,22,984.0,,13.0
simu5g_00000314,2,2,23,1160.0,,15.0
simu5g_00000314,2,2,24,984.0,,13.0
simu5g_00000314,3,3,0,984.0,,13.0
simu5g_00000314,3,3,1,1160.0,,15.0
simu5g_00000314,3,3,2,1128.0,,14.0
simu5g_00000314,3,3,3,1128.0,,14.0
simu5g_00000314,3,3,4,1160.0,,15.0
simu5g_00000314,3,3,5,1160.0,,15.0
simu5g_00000314,3,3,6,1160.0,,15.0
simu5g_00000314,3,3,7,1128.0,,14.0
simu5g_00000314,3,3,8,808.0,,11.0
simu5g_00000314,3,3,9,808.0,,11.0
simu5g_00000314,3,3,10,1128.0,,14.0
simu5g_00000314,3,3,11,1128.0,,14.0
simu5g_00000314,3,3,12,1160.0,,15.0
simu5g_00000314,3,3,13,1160.0,,15.0
simu5g_00000314,3,3,14,1160.0,,15.0
simu5g_00000314,3,3,15,1128.0,,14.0
simu5g_00000314,3,3,16,1160.0,,15.0
simu5g_00000314,3,3,17,1128.0,,14.0
simu5g_00000314,3,3,18,1128.0,,14.0
simu5g_00000314,3,3,19,1128.0,,14.0
simu5g_00000314,3,3,20,1160.0,,15.0
simu5g_00000314,3,3,21,1128.0,,14.0
simu5g_00000314,3,3,22,984.0,,13.0
simu5g_00000314,3,3,23,1160.0,,15.0
simu5g_00000314,3,3,24,984.0,,13.0
simu5g_00000314,4,4,0,984.0,,13.0
simu5g_00000314,4,4,1,608.0,,9.0
simu5g_00000314,4,4,2,984.0,,13.0
simu5g_00000314,4,4,3,304.0,,5.0
simu5g_00000314,4,4,4,888.0,,12.0
simu5g_00000314,4,4,5,1128.0,,14.0
simu5g_00000314,4,4,6,984.0,,13.0
simu5g_00000314,4,4,7,368.0,,6.0
simu5g_00000314,4,4,8,608.0,,9.0
simu5g_00000314,4,4,9,888.0,,12.0
simu5g_00000314,4,4,10,888.0,,12.0
simu5g_00000314,4,4,11,984.0,,13.0
simu5g_00000314,4,4,12,1128.0,,14.0
simu5g_00000314,4,4,13,808.0,,11.0
simu5g_00000314,4,4,14,984.0,,13.0
simu5g_00000314,4,4,15,608.0,,9.0
simu5g_00000314,4,4,16,704.0,,10.0
simu5g_00000314,4,4,17,808.0,,11.0
simu5g_00000314,4,4,18,1128.0,,14.0
simu5g_00000314,4,4,19,984.0,,13.0
simu5g_00000314,4,4,20,888.0,,12.0
simu5g_00000314,4,4,21,608.0,,9.0
simu5g_00000314,4,4,22,1128.0,,14.0
simu5g_00000314,4,4,23,984.0,,13.0
simu5g_00000314,4,4,24,808.0,,11.0
simu5g_00000315,15,0,0,1160.0,,15.0
simu5g_00000315,15,0,1,1160.0,,15.0
simu5g_00000315,15,0,2,1160.0,,15.0
simu5g_00000315,15,0,3,1160.0,,15.0
simu5g_00000315,15,0,4,1128.0,,14.0
simu5g_00000315,15,0,5,984.0,,13.0
simu5g_00000315,15,0,6,1160.0,,15.0
simu5g_00000315,15,0,7,1160.0,,15.0
simu5g_00000315,15,0,8,1160.0,,15.0
simu5g_00000315,15,0,9,1160.0,,15.0
simu5g_00000315,15,0,10,1160.0,,15.0
simu5g_00000315,15,0,11,1160.0,,15.0
simu5g_00000315,15,0,12,1128.0,,14.0
simu5g_00000315,15,0,13,1160.0,,15.0
simu5g_00000315,15,0,14,1160.0,,15.0
simu5g_00000315,15,0,15,1160.0,,15.0
simu5g_00000315,15,0,16,1160.0,,15.0
simu5g_00000315,15,0,17,1160.0,,15.0
simu5g_00000315,15,0,18,1160.0,,15.0
simu5g_00000315,15,0,19,1160.0,,15.0
simu5g_00000315,15,0,20,1160.0,,15.0
simu5g_00000315,15,0,21,1160.0,,15.0
simu5g_00000315,15,0,22,1160.0,,15.0
simu5g_00000315,15,0,23,1160.0,,15.0
simu5g_00000315,15,0,24,1160.0,,15.0
simu5g_00000315,31,1,0,1160.0,,15.0
simu5g_00000315,31,1,1,1160.0,,15.0
simu5g_00000315,31,1,2,1160.0,,15.0
simu5g_00000315,31,1,3,1160.0,,15.0
simu5g_00000315,31,1,4,1160.0,,15.0
simu5g_00000315,31,1,5,1160.0,,15.0
simu5g_00000315,31,1,6,1160.0,,15.0
simu5g_00000315,31,1,7,1160.0,,15.0
simu5g_00000315,31,1,8,1160.0,,15.0
simu5g_00000315,31,1,9,1160.0,,15.0
simu5g_00000315,31,1,10,1160.0,,15.0
simu5g_00000315,31,1,11,1160.0,,15.0
simu5g_00000315,31,1,12,1128.0,,14.0
simu5g_00000315,31,1,13,1160.0,,15.0
simu5g_00000315,31,1,14,1160.0,,15.0
simu5g_00000315,31,1,15,1160.0,,15.0
simu5g_00000315,31,1,16,1160.0,,15.0
simu5g_00000315,31,1,17,1160.0,,15.0
simu5g_00000315,31,1,18,1160.0,,15.0
simu5g_00000315,31,1,19,1160.0,,15.0
simu5g_00000315,31,1,20,1160.0,,15.0
simu5g_00000315,31,1,21,1160.0,,15.0
simu5g_00000315,31,1,22,1160.0,,15.0
simu5g_00000315,31,1,23,1160.0,,15.0
simu5g_00000315,31,1,24,1160.0,,15.0
simu5g_00000316,0,0,0,1160.0,,15.0
simu5g_00000316,0,0,1,808.0,,11.0
simu5g_00000316,0,0,2,1160.0,,15.0
simu5g_00000316,0,0,3,1128.0,,14.0
simu5g_00000316,0,0,4,1160.0,,15.0
simu5g_00000316,0,0,5,1128.0,,14.0
simu5g_00000316,0,0,6,1128.0,,14.0
simu5g_00000316,0,0,7,1160.0,,15.0
simu5g_00000316,0,0,8,984.0,,13.0
simu5g_00000316,0,0,9,1160.0,,15.0
simu5g_00000316,0,0,10,1160.0,,15.0
simu5g_00000316,0,0,11,1160.0,,15.0
simu5g_00000316,0,0,12,1160.0,,15.0
simu5g_00000316,0,0,13,1160.0,,15.0
simu5g_00000316,0,0,14,1160.0,,15.0
simu5g_00000316,0,0,15,1160.0,,15.0
simu5g_00000316,0,0,16,1128.0,,14.0
simu5g_00000316,0,0,17,1160.0,,15.0
simu5g_00000316,0,0,18,1160.0,,15.0
simu5g_00000316,0,0,19,1128.0,,14.0
simu5g_00000316,0,0,20,1160.0,,15.0
simu5g_00000316,0,0,21,984.0,,13.0
simu5g_00000316,0,0,22,1160.0,,15.0
simu5g_00000316,0,0,23,1160.0,,15.0
simu5g_00000316,0,0,24,1128.0,,14.0
simu5g_00000316,1,1,0,1160.0,,15.0
simu5g_00000316,1,1,1,1128.0,,14.0
simu5g_00000316,1,1,2,1128.0,,14.0
simu5g_00000316,1,1,3,1160.0,,15.0
simu5g_00000316,1,1,4,1128.0,,14.0
simu5g_00000316,1,1,5,1160.0,,15.0
simu5g_00000316,1,1,6,1160.0,,15.0
simu5g_00000316,1,1,7,984.0,,13.0
simu5g_00000316,1,1,8,888.0,,12.0
simu5g_00000316,1,1,9,1160.0,,15.0
simu5g_00000316,1,1,10,1160.0,,15.0
simu5g_00000316,1,1,11,1128.0,,14.0
simu5g_00000316,1,1,12,1128.0,,14.0
simu5g_00000316,1,1,13,1160.0,,15.0
simu5g_00000316,1,1,14,1160.0,,15.0
simu5g_00000316,1,1,15,1160.0,,15.0
simu5g_00000316,1,1,16,1128.0,,14.0
simu5g_00000316,1,1,17,1128.0,,14.0
simu5g_00000316,1,1,18,1128.0,,14.0
simu5g_00000316,1,1,19,1160.0,,15.0
simu5g_00000316,1,1,20,1160.0,,15.0
simu5g_00000316,1,1,21,808.0,,11.0
simu5g_00000316,1,1,22,1160.0,,15.0
simu5g_00000316,1,1,23,1128.0,,14.0
simu5g_00000316,1,1,24,1160.0,,15.0
simu5g_00000316,2,2,0,1128.0,,14.0
simu5g_00000316,2,2,1,1160.0,,15.0
simu5g_00000316,2,2,2,1128.0,,14.0
simu5g_00000316,2,2,3,1160.0,,15.0
simu5g_00000316,2,2,4,1128.0,,14.0
simu5g_00000316,2,2,5,1128.0,,14.0
simu5g_00000316,2,2,6,1128.0,,14.0
simu5g_00000316,2,2,7,808.0,,11.0
simu5g_00000316,2,2,8,1160.0,,15.0
simu5g_00000316,2,2,9,1160.0,,15.0
simu5g_00000316,2,2,10,1160.0,,15.0
simu5g_00000316,2,2,11,888.0,,12.0
simu5g_00000316,2,2,12,1128.0,,14.0
simu5g_00000316,2,2,13,1160.0,,15.0
simu5g_00000316,2,2,14,1160.0,,15.0
simu5g_00000316,2,2,15,1160.0,,15.0
simu5g_00000316,2,2,16,984.0,,13.0
simu5g_00000316,2,2,17,1128.0,,14.0
simu5g_00000316,2,2,18,1128.0,,14.0
simu5g_00000316,2,2,19,1160.0,,15.0
simu5g_00000316,2,2,20,1160.0,,15.0
simu5g_00000316,2,2,21,1128.0,,14.0
simu5g_00000316,2,2,22,984.0,,13.0
simu5g_00000316,2,2,23,1160.0,,15.0
simu5g_00000316,2,2,24,984.0,,13.0
simu5g_00000316,3,3,0,984.0,,13.0
simu5g_00000316,3,3,1,1160.0,,15.0
simu5g_00000316,3,3,2,1128.0,,14.0
simu5g_00000316,3,3,3,1128.0,,14.0
simu5g_00000316,3,3,4,1160.0,,15.0
simu5g_00000316,3,3,5,1160.0,,15.0
simu5g_00000316,3,3,6,1160.0,,15.0
simu5g_00000316,3,3,7,1128.0,,14.0
simu5g_00000316,3,3,8,808.0,,11.0
simu5g_00000316,3,3,9,808.0,,11.0
simu5g_00000316,3,3,10,1128.0,,14.0
simu5g_00000316,3,3,11,1128.0,,14.0
simu5g_00000316,3,3,12,1160.0,,15.0
simu5g_00000316,3,3,13,1160.0,,15.0
simu5g_00000316,3,3,14,1160.0,,15.0
simu5g_00000316,3,3,15,1128.0,,14.0
simu5g_00000316,3,3,16,1160.0,,15.0
simu5g_00000316,3,3,17,1128.0,,14.0
simu5g_00000316,3,3,18,1128.0,,14.0
simu5g_00000316,3,3,19,1128.0,,14.0
simu5g_00000316,3,3,20,1160.0,,15.0
simu5g_00000316,3,3,21,1128.0,,14.0
simu5g_00000316,3,3,22,984.0,,13.0
simu5g_00000316,3,3,23,1160.0,,15.0
simu5g_00000316,3,3,24,984.0,,13.0
simu5g_00000316,4,4,0,984.0,,13.0
simu5g_00000316,4,4,1,608.0,,9.0
simu5g_00000316,4,4,2,984.0,,13.0
simu5g_00000316,4,4,3,304.0,,5.0
simu5g_00000316,4,4,4,888.0,,12.0
simu5g_00000316,4,4,5,1128.0,,14.0
simu5g_00000316,4,4,6,984.0,,13.0
simu5g_00000316,4,4,7,368.0,,6.0
simu5g_00000316,4,4,8,608.0,,9.0
simu5g_00000316,4,4,9,888.0,,12.0
simu5g_00000316,4,4,10,888.0,,12.0
simu5g_00000316,4,4,11,984.0,,13.0
simu5g_00000316,4,4,12,1128.0,,14.0
simu5g_00000316,4,4,13,808.0,,11.0
simu5g_00000316,4,4,14,984.0,,13.0
simu5g_00000316,4,4,15,608.0,,9.0
simu5g_00000316,4,4,16,704.0,,10.0
simu5g_00000316,4,4,17,808.0,,11.0
simu5g_00000316,4,4,18,1128.0,,14.0
simu5g_00000316,4,4,19,984.0,,13.0
simu5g_00000316,4,4,20,888.0,,12.0
simu5g_00000316,4,4,21,608.0,,9.0
simu5g_00000316,4,4,22,1128.0,,14.0
simu5g_00000316,4,4,23,984.0,,13.0
simu5g_00000316,4,4,24,808.0,,11.0
simu5g_00000317,15,0,0,1160.0,,15.0
simu5g_00000317,15,0,1,1160.0,,15.0
simu5g_00000317,15,0,2,1160.0,,15.0
simu5g_00000317,15,0,3,1160.0,,15.0
simu5g_00000317,15,0,4,1160.0,,15.0
simu5g_00000317,15,0,5,984.0,,13.0
simu5g_00000317,15,0,6,1160.0,,15.0
simu5g_00000317,15,0,7,1160.0,,15.0
simu5g_00000317,15,0,8,1160.0,,15.0
simu5g_00000317,15,0,9,1160.0,,15.0
simu5g_00000317,15,0,10,1160.0,,15.0
simu5g_00000317,15,0,11,1160.0,,15.0
simu5g_00000317,15,0,12,1128.0,,14.0
simu5g_00000317,15,0,13,1160.0,,15.0
simu5g_00000317,15,0,14,1160.0,,15.0
simu5g_00000317,15,0,15,1160.0,,15.0
simu5g_00000317,15,0,16,1160.0,,15.0
simu5g_00000317,15,0,17,1160.0,,15.0
simu5g_00000317,15,0,18,1160.0,,15.0
simu5g_00000317,15,0,19,1160.0,,15.0
simu5g_00000317,15,0,20,1160.0,,15.0
simu5g_00000317,15,0,21,1160.0,,15.0
simu5g_00000317,15,0,22,1160.0,,15.0
simu5g_00000317,15,0,23,1160.0,,15.0
simu5g_00000317,15,0,24,1160.0,,15.0
simu5g_00000317,31,1,0,1160.0,,15.0
simu5g_00000317,31,1,1,1160.0,,15.0
simu5g_00000317,31,1,2,1160.0,,15.0
simu5g_00000317,31,1,3,1160.0,,15.0
simu5g_00000317,31,1,4,1160.0,,15.0
simu5g_00000317,31,1,5,1160.0,,15.0
simu5g_00000317,31,1,6,1160.0,,15.0
simu5g_00000317,31,1,7,1160.0,,15.0
simu5g_00000317,31,1,8,1160.0,,15.0
simu5g_00000317,31,1,9,1160.0,,15.0
simu5g_00000317,31,1,10,1160.0,,15.0
simu5g_00000317,31,1,11,1160.0,,15.0
simu5g_00000317,31,1,12,1128.0,,14.0
simu5g_00000317,31,1,13,1160.0,,15.0
simu5g_00000317,31,1,14,1160.0,,15.0
simu5g_00000317,31,1,15,1160.0,,15.0
simu5g_00000317,31,1,16,1160.0,,15.0
simu5g_00000317,31,1,17,1160.0,,15.0
simu5g_00000317,31,1,18,1160.0,,15.0
simu5g_00000317,31,1,19,1160.0,,15.0
simu5g_00000317,31,1,20,1160.0,,15.0
simu5g_00000317,31,1,21,1160.0,,15.0
simu5g_00000317,31,1,22,1160.0,,15.0
simu5g_00000317,31,1,23,1160.0,,15.0
simu5g_00000317,31,1,24,1160.0,,15.0
simu5g_00000318,0,0,0,1160.0,,15.0
simu5g_00000318,0,0,1,808.0,,11.0
simu5g_00000318,0,0,2,1160.0,,15.0
simu5g_00000318,0,0,3,1128.0,,14.0
simu5g_00000318,0,0,4,1160.0,,15.0
simu5g_00000318,0,0,5,1128.0,,14.0
simu5g_00000318,0,0,6,1128.0,,14.0
simu5g_00000318,0,0,7,1160.0,,15.0
simu5g_00000318,0,0,8,984.0,,13.0
simu5g_00000318,0,0,9,1160.0,,15.0
simu5g_00000318,0,0,10,1160.0,,15.0
simu5g_00000318,0,0,11,1160.0,,15.0
simu5g_00000318,0,0,12,1160.0,,15.0
simu5g_00000318,0,0,13,1160.0,,15.0
simu5g_00000318,0,0,14,1160.0,,15.0
simu5g_00000318,0,0,15,1160.0,,15.0
simu5g_00000318,0,0,16,1128.0,,14.0
simu5g_00000318,0,0,17,1160.0,,15.0
simu5g_00000318,0,0,18,1160.0,,15.0
simu5g_00000318,0,0,19,1128.0,,14.0
simu5g_00000318,0,0,20,1160.0,,15.0
simu5g_00000318,0,0,21,984.0,,13.0
simu5g_00000318,0,0,22,1160.0,,15.0
simu5g_00000318,0,0,23,1160.0,,15.0
simu5g_00000318,0,0,24,1128.0,,14.0
simu5g_00000318,1,1,0,1160.0,,15.0
simu5g_00000318,1,1,1,1128.0,,14.0
simu5g_00000318,1,1,2,1128.0,,14.0
simu5g_00000318,1,1,3,1160.0,,15.0
simu5g_00000318,1,1,4,1128.0,,14.0
simu5g_00000318,1,1,5,1128.0,,14.0
simu5g_00000318,1,1,6,1128.0,,14.0
simu5g_00000318,1,1,7,888.0,,12.0
simu5g_00000318,1,1,8,808.0,,11.0
simu5g_00000318,1,1,9,1128.0,,14.0
simu5g_00000318,1,1,10,1128.0,,14.0
simu5g_00000318,1,1,11,1128.0,,14.0
simu5g_00000318,1,1,12,1128.0,,14.0
simu5g_00000318,1,1,13,1160.0,,15.0
simu5g_00000318,1,1,14,1160.0,,15.0
simu5g_00000318,1,1,15,1160.0,,15.0
simu5g_00000318,1,1,16,1128.0,,14.0
simu5g_00000318,1,1,17,1128.0,,14.0
simu5g_00000318,1,1,18,1128.0,,14.0
simu5g_00000318,1,1,19,1128.0,,14.0
simu5g_00000318,1,1,20,1160.0,,15.0
simu5g_00000318,1,1,21,608.0,,9.0
simu5g_00000318,1,1,22,1160.0,,15.0
simu5g_00000318,1,1,23,984.0,,13.0
simu5g_00000318,1,1,24,1128.0,,14.0
simu5g_00000318,2,2,0,1160.0,,15.0
simu5g_00000318,2,2,1,1160.0,,15.0
simu5g_00000318,2,2,2,1160.0,,15.0
simu5g_00000318,2,2,3,1160.0,,15.0
simu5g_00000318,2,2,4,1160.0,,15.0
simu5g_00000318,2,2,5,1160.0,,15.0
simu5g_00000318,2,2,6,1160.0,,15.0
simu5g_00000318,2,2,7,1128.0,,14.0
simu5g_00000318,2,2,8,1160.0,,15.0
simu5g_00000318,2,2,9,1160.0,,15.0
simu5g_00000318,2,2,10,1160.0,,15.0
simu5g_00000318,2,2,11,1160.0,,15.0
simu5g_00000318,2,2,12,1160.0,,15.0
simu5g_00000318,2,2,13,1160.0,,15.0
simu5g_00000318,2,2,14,1160.0,,15.0
simu5g_00000318,2,2,15,1160.0,,15.0
simu5g_00000318,2,2,16,1160.0,,15.0
simu5g_00000318,2,2,17,1160.0,,15.0
simu5g_00000318,2,2,18,1160.0,,15.0
simu5g_00000318,2,2,19,1160.0,,15.0
simu5g_00000318,2,2,20,1160.0,,15.0
simu5g_00000318,2,2,21,1160.0,,15.0
simu5g_00000318,2,2,22,1160.0,,15.0
simu5g_00000318,2,2,23,1160.0,,15.0
simu5g_00000318,2,2,24,1160.0,,15.0
simu5g_00000318,3,3,0,984.0,,13.0
simu5g_00000318,3,3,1,1160.0,,15.0
simu5g_00000318,3,3,2,1128.0,,14.0
simu5g_00000318,3,3,3,1128.0,,14.0
simu5g_00000318,3,3,4,1160.0,,15.0
simu5g_00000318,3,3,5,1160.0,,15.0
simu5g_00000318,3,3,6,1160.0,,15.0
simu5g_00000318,3,3,7,1128.0,,14.0
simu5g_00000318,3,3,8,808.0,,11.0
simu5g_00000318,3,3,9,808.0,,11.0
simu5g_00000318,3,3,10,1128.0,,14.0
simu5g_00000318,3,3,11,1128.0,,14.0
simu5g_00000318,3,3,12,1160.0,,15.0
simu5g_00000318,3,3,13,1160.0,,15.0
simu5g_00000318,3,3,14,1160.0,,15.0
simu5g_00000318,3,3,15,1128.0,,14.0
simu5g_00000318,3,3,16,1160.0,,15.0
simu5g_00000318,3,3,17,1128.0,,14.0
simu5g_00000318,3,3,18,1128.0,,14.0
simu5g_00000318,3,3,19,1128.0,,14.0
simu5g_00000318,3,3,20,1160.0,,15.0
simu5g_00000318,3,3,21,1128.0,,14.0
simu5g_00000318,3,3,22,984.0,,13.0
simu5g_00000318,3,3,23,1160.0,,15.0
simu5g_00000318,3,3,24,984.0,,13.0
simu5g_00000318,4,4,0,984.0,,13.0
simu5g_00000318,4,4,1,608.0,,9.0
simu5g_00000318,4,4,2,984.0,,13.0
simu5g_00000318,4,4,3,304.0,,5.0
simu5g_00000318,4,4,4,888.0,,12.0
simu5g_00000318,4,4,5,1128.0,,14.0
simu5g_00000318,4,4,6,984.0,,13.0
simu5g_00000318,4,4,7,368.0,,6.0
simu5g_00000318,4,4,8,608.0,,9.0
simu5g_00000318,4,4,9,888.0,,12.0
simu5g_00000318,4,4,10,888.0,,12.0
simu5g_00000318,4,4,11,984.0,,13.0
simu5g_00000318,4,4,12,1128.0,,14.0
simu5g_00000318,4,4,13,808.0,,11.0
simu5g_00000318,4,4,14,984.0,,13.0
simu5g_00000318,4,4,15,608.0,,9.0
simu5g_00000318,4,4,16,704.0,,10.0
simu5g_00000318,4,4,17,808.0,,11.0
simu5g_00000318,4,4,18,1128.0,,14.0
simu5g_00000318,4,4,19,984.0,,13.0
simu5g_00000318,4,4,20,888.0,,12.0
simu5g_00000318,4,4,21,608.0,,9.0
simu5g_00000318,4,4,22,1128.0,,14.0
simu5g_00000318,4,4,23,984.0,,13.0
simu5g_00000318,4,4,24,808.0,,11.0
simu5g_00000319,15,0,0,1160.0,,15.0
simu5g_00000319,15,0,1,1160.0,,15.0
simu5g_00000319,15,0,2,1160.0,,15.0
simu5g_00000319,15,0,3,1160.0,,15.0
simu5g_00000319,15,0,4,1160.0,,15.0
simu5g_00000319,15,0,5,984.0,,13.0
simu5g_00000319,15,0,6,1160.0,,15.0
simu5g_00000319,15,0,7,1160.0,,15.0
simu5g_00000319,15,0,8,1160.0,,15.0
simu5g_00000319,15,0,9,1160.0,,15.0
simu5g_00000319,15,0,10,1160.0,,15.0
simu5g_00000319,15,0,11,1160.0,,15.0
simu5g_00000319,15,0,12,1128.0,,14.0
simu5g_00000319,15,0,13,1160.0,,15.0
simu5g_00000319,15,0,14,1160.0,,15.0
simu5g_00000319,15,0,15,1160.0,,15.0
simu5g_00000319,15,0,16,1160.0,,15.0
simu5g_00000319,15,0,17,1160.0,,15.0
simu5g_00000319,15,0,18,1160.0,,15.0
simu5g_00000319,15,0,19,1160.0,,15.0
simu5g_00000319,15,0,20,1160.0,,15.0
simu5g_00000319,15,0,21,1160.0,,15.0
simu5g_00000319,15,0,22,1160.0,,15.0
simu5g_00000319,15,0,23,1160.0,,15.0
simu5g_00000319,15,0,24,1160.0,,15.0
simu5g_00000319,31,1,0,1160.0,,15.0
simu5g_00000319,31,1,1,1160.0,,15.0
simu5g_00000319,31,1,2,1160.0,,15.0
simu5g_00000319,31,1,3,1160.0,,15.0
simu5g_00000319,31,1,4,1160.0,,15.0
simu5g_00000319,31,1,5,1160.0,,15.0
simu5g_00000319,31,1,6,1160.0,,15.0
simu5g_00000319,31,1,7,1160.0,,15.0
simu5g_00000319,31,1,8,1160.0,,15.0
simu5g_00000319,31,1,9,1160.0,,15.0
simu5g_00000319,31,1,10,1160.0,,15.0
simu5g_00000319,31,1,11,1160.0,,15.0
simu5g_00000319,31,1,12,1128.0,,14.0
simu5g_00000319,31,1,13,1160.0,,15.0
simu5g_00000319,31,1,14,1160.0,,15.0
simu5g_00000319,31,1,15,1160.0,,15.0
simu5g_00000319,31,1,16,1160.0,,15.0
simu5g_00000319,31,1,17,1160.0,,15.0
simu5g_00000319,31,1,18,1160.0,,15.0
simu5g_00000319,31,1,19,1160.0,,15.0
simu5g_00000319,31,1,20,1160.0,,15.0
simu5g_00000319,31,1,21,1160.0,,15.0
simu5g_00000319,31,1,22,1160.0,,15.0
simu5g_00000319,31,1,23,1160.0,,15.0
simu5g_00000319,31,1,24,1160.0,,15.0
simu5g_00000320,0,0,0,1160.0,,15.0
simu5g_00000320,0,0,1,608.0,,9.0
simu5g_00000320,0,0,2,1160.0,,15.0
simu5g_00000320,0,0,3,1128.0,,14.0
simu5g_00000320,0,0,4,1160.0,,15.0
simu5g_00000320,0,0,5,1128.0,,14.0
simu5g_00000320,0,0,6,1128.0,,14.0
simu5g_00000320,0,0,7,1160.0,,15.0
simu5g_00000320,0,0,8,984.0,,13.0
simu5g_00000320,0,0,9,1128.0,,14.0
simu5g_00000320,0,0,10,1160.0,,15.0
simu5g_00000320,0,0,11,1160.0,,15.0
simu5g_00000320,0,0,12,1160.0,,15.0
simu5g_00000320,0,0,13,1128.0,,14.0
simu5g_00000320,0,0,14,1160.0,,15.0
simu5g_00000320,0,0,15,1160.0,,15.0
simu5g_00000320,0,0,16,1128.0,,14.0
simu5g_00000320,0,0,17,1160.0,,15.0
simu5g_00000320,0,0,18,1160.0,,15.0
simu5g_00000320,0,0,19,1128.0,,14.0
simu5g_00000320,0,0,20,1160.0,,15.0
simu5g_00000320,0,0,21,984.0,,13.0
simu5g_00000320,0,0,22,1160.0,,15.0
simu5g_00000320,0,0,23,1160.0,,15.0
simu5g_00000320,0,0,24,1128.0,,14.0
simu5g_00000320,1,1,0,1160.0,,15.0
simu5g_00000320,1,1,1,1128.0,,14.0
simu5g_00000320,1,1,2,1128.0,,14.0
simu5g_00000320,1,1,3,1160.0,,15.0
simu5g_00000320,1,1,4,1128.0,,14.0
simu5g_00000320,1,1,5,1128.0,,14.0
simu5g_00000320,1,1,6,1128.0,,14.0
simu5g_00000320,1,1,7,888.0,,12.0
simu5g_00000320,1,1,8,808.0,,11.0
simu5g_00000320,1,1,9,1128.0,,14.0
simu5g_00000320,1,1,10,1128.0,,14.0
simu5g_00000320,1,1,11,1128.0,,14.0
simu5g_00000320,1,1,12,1128.0,,14.0
simu5g_00000320,1,1,13,1160.0,,15.0
simu5g_00000320,1,1,14,1160.0,,15.0
simu5g_00000320,1,1,15,1160.0,,15.0
simu5g_00000320,1,1,16,1128.0,,14.0
simu5g_00000320,1,1,17,1128.0,,14.0
simu5g_00000320,1,1,18,1128.0,,14.0
simu5g_00000320,1,1,19,1128.0,,14.0
simu5g_00000320,1,1,20,1160.0,,15.0
simu5g_00000320,1,1,21,608.0,,9.0
simu5g_00000320,1,1,22,1160.0,,15.0
simu5g_00000320,1,1,23,984.0,,13.0
simu5g_00000320,1,1,24,1128.0,,14.0
simu5g_00000320,2,2,0,1160.0,,15.0
simu5g_00000320,2,2,1,1160.0,,15.0
simu5g_00000320,2,2,2,1160.0,,15.0
simu5g_00000320,2,2,3,1160.0,,15.0
simu5g_00000320,2,2,4,1160.0,,15.0
simu5g_00000320,2,2,5,1160.0,,15.0
simu5g_00000320,2,2,6,1160.0,,15.0
simu5g_00000320,2,2,7,1128.0,,14.0
simu5g_00000320,2,2,8,1160.0,,15.0
simu5g_00000320,2,2,9,1160.0,,15.0
simu5g_00000320,2,2,10,1160.0,,15.0
simu5g_00000320,2,2,11,1160.0,,15.0
simu5g_00000320,2,2,12,1160.0,,15.0
simu5g_00000320,2,2,13,1160.0,,15.0
simu5g_00000320,2,2,14,1160.0,,15.0
simu5g_00000320,2,2,15,1160.0,,15.0
simu5g_00000320,2,2,16,1160.0,,15.0
simu5g_00000320,2,2,17,1160.0,,15.0
simu5g_00000320,2,2,18,1160.0,,15.0
simu5g_00000320,2,2,19,1160.0,,15.0
simu5g_00000320,2,2,20,1160.0,,15.0
simu5g_00000320,2,2,21,1160.0,,15.0
simu5g_00000320,2,2,22,1160.0,,15.0
simu5g_00000320,2,2,23,1160.0,,15.0
simu5g_00000320,2,2,24,1160.0,,15.0
simu5g_00000320,3,3,0,984.0,,13.0
simu5g_00000320,3,3,1,1160.0,,15.0
simu5g_00000320,3,3,2,1128.0,,14.0
simu5g_00000320,3,3,3,1128.0,,14.0
simu5g_00000320,3,3,4,1160.0,,15.0
simu5g_00000320,3,3,5,1160.0,,15.0
simu5g_00000320,3,3,6,1160.0,,15.0
simu5g_00000320,3,3,7,1128.0,,14.0
simu5g_00000320,3,3,8,808.0,,11.0
simu5g_00000320,3,3,9,808.0,,11.0
simu5g_00000320,3,3,10,1128.0,,14.0
simu5g_00000320,3,3,11,1128.0,,14.0
simu5g_00000320,3,3,12,1160.0,,15.0
simu5g_00000320,3,3,13,1160.0,,15.0
simu5g_00000320,3,3,14,1160.0,,15.0
simu5g_00000320,3,3,15,1128.0,,14.0
simu5g_00000320,3,3,16,1160.0,,15.0
simu5g_00000320,3,3,17,1128.0,,14.0
simu5g_00000320,3,3,18,1128.0,,14.0
simu5g_00000320,3,3,19,1128.0,,14.0
simu5g_00000320,3,3,20,1160.0,,15.0
simu5g_00000320,3,3,21,1128.0,,14.0
simu5g_00000320,3,3,22,984.0,,13.0
simu5g_00000320,3,3,23,1160.0,,15.0
simu5g_00000320,3,3,24,984.0,,13.0
simu5g_00000320,4,4,0,984.0,,13.0
simu5g_00000320,4,4,1,608.0,,9.0
simu5g_00000320,4,4,2,984.0,,13.0
simu5g_00000320,4,4,3,304.0,,5.0
simu5g_00000320,4,4,4,888.0,,12.0
simu5g_00000320,4,4,5,1128.0,,14.0
simu5g_00000320,4,4,6,984.0,,13.0
simu5g_00000320,4,4,7,368.0,,6.0
simu5g_00000320,4,4,8,608.0,,9.0
simu5g_00000320,4,4,9,888.0,,12.0
simu5g_00000320,4,4,10,888.0,,12.0
simu5g_00000320,4,4,11,984.0,,13.0
simu5g_00000320,4,4,12,1128.0,,14.0
simu5g_00000320,4,4,13,808.0,,11.0
simu5g_00000320,4,4,14,984.0,,13.0
simu5g_00000320,4,4,15,608.0,,9.0
simu5g_00000320,4,4,16,704.0,,10.0
simu5g_00000320,4,4,17,808.0,,11.0
simu5g_00000320,4,4,18,1128.0,,14.0
simu5g_00000320,4,4,19,984.0,,13.0
simu5g_00000320,4,4,20,888.0,,12.0
simu5g_00000320,4,4,21,608.0,,9.0
simu5g_00000320,4,4,22,1128.0,,14.0
simu5g_00000320,4,4,23,984.0,,13.0
simu5g_00000320,4,4,24,808.0,,11.0
simu5g_00000321,15,0,0,1160.0,,15.0
simu5g_00000321,15,0,1,1160.0,,15.0
simu5g_00000321,15,0,2,1160.0,,15.0
simu5g_00000321,15,0,3,1160.0,,15.0
simu5g_00000321,15,0,4,1160.0,,15.0
simu5g_00000321,15,0,5,984.0,,13.0
simu5g_00000321,15,0,6,1160.0,,15.0
simu5g_00000321,15,0,7,1160.0,,15.0
simu5g_00000321,15,0,8,1160.0,,15.0
simu5g_00000321,15,0,9,1160.0,,15.0
simu5g_00000321,15,0,10,1160.0,,15.0
simu5g_00000321,15,0,11,1160.0,,15.0
simu5g_00000321,15,0,12,1128.0,,14.0
simu5g_00000321,15,0,13,1160.0,,15.0
simu5g_00000321,15,0,14,1160.0,,15.0
simu5g_00000321,15,0,15,1160.0,,15.0
simu5g_00000321,15,0,16,1160.0,,15.0
simu5g_00000321,15,0,17,1160.0,,15.0
simu5g_00000321,15,0,18,1160.0,,15.0
simu5g_00000321,15,0,19,1160.0,,15.0
simu5g_00000321,15,0,20,1160.0,,15.0
simu5g_00000321,15,0,21,1160.0,,15.0
simu5g_00000321,15,0,22,1160.0,,15.0
simu5g_00000321,15,0,23,1160.0,,15.0
simu5g_00000321,15,0,24,1160.0,,15.0
simu5g_00000321,31,1,0,1160.0,,15.0
simu5g_00000321,31,1,1,1160.0,,15.0
simu5g_00000321,31,1,2,1160.0,,15.0
simu5g_00000321,31,1,3,1160.0,,15.0
simu5g_00000321,31,1,4,1160.0,,15.0
simu5g_00000321,31,1,5,1160.0,,15.0
simu5g_00000321,31,1,6,1160.0,,15.0
simu5g_00000321,31,1,7,1160.0,,15.0
simu5g_00000321,31,1,8,1160.0,,15.0
simu5g_00000321,31,1,9,1160.0,,15.0
simu5g_00000321,31,1,10,1160.0,,15.0
simu5g_00000321,31,1,11,1160.0,,15.0
simu5g_00000321,31,1,12,1128.0,,14.0
simu5g_00000321,31,1,13,1160.0,,15.0
simu5g_00000321,31,1,14,1160.0,,15.0
simu5g_00000321,31,1,15,1160.0,,15.0
simu5g_00000321,31,1,16,1160.0,,15.0
simu5g_00000321,31,1,17,1160.0,,15.0
simu5g_00000321,31,1,18,1160.0,,15.0
simu5g_00000321,31,1,19,1160.0,,15.0
simu5g_00000321,31,1,20,1160.0,,15.0
simu5g_00000321,31,1,21,1160.0,,15.0
simu5g_00000321,31,1,22,1160.0,,15.0
simu5g_00000321,31,1,23,1160.0,,15.0
simu5g_00000321,31,1,24,1160.0,,15.0
simu5g_00000322,0,0,0,1160.0,,15.0
simu5g_00000322,0,0,1,608.0,,9.0
simu5g_00000322,0,0,2,1160.0,,15.0
simu5g_00000322,0,0,3,1128.0,,14.0
simu5g_00000322,0,0,4,1160.0,,15.0
simu5g_00000322,0,0,5,1128.0,,14.0
simu5g_00000322,0,0,6,1128.0,,14.0
simu5g_00000322,0,0,7,1160.0,,15.0
simu5g_00000322,0,0,8,984.0,,13.0
simu5g_00000322,0,0,9,1128.0,,14.0
simu5g_00000322,0,0,10,1160.0,,15.0
simu5g_00000322,0,0,11,1160.0,,15.0
simu5g_00000322,0,0,12,1160.0,,15.0
simu5g_00000322,0,0,13,1128.0,,14.0
simu5g_00000322,0,0,14,1160.0,,15.0
simu5g_00000322,0,0,15,1160.0,,15.0
simu5g_00000322,0,0,16,1128.0,,14.0
simu5g_00000322,0,0,17,1160.0,,15.0
simu5g_00000322,0,0,18,1160.0,,15.0
simu5g_00000322,0,0,19,1128.0,,14.0
simu5g_00000322,0,0,20,1160.0,,15.0
simu5g_00000322,0,0,21,984.0,,13.0
simu5g_00000322,0,0,22,1160.0,,15.0
simu5g_00000322,0,0,23,1160.0,,15.0
simu5g_00000322,0,0,24,1128.0,,14.0
simu5g_00000322,1,1,0,1160.0,,15.0
simu5g_00000322,1,1,1,1128.0,,14.0
simu5g_00000322,1,1,2,1128.0,,14.0
simu5g_00000322,1,1,3,1160.0,,15.0
simu5g_00000322,1,1,4,1128.0,,14.0
simu5g_00000322,1,1,5,1128.0,,14.0
simu5g_00000322,1,1,6,1128.0,,14.0
simu5g_00000322,1,1,7,888.0,,12.0
simu5g_00000322,1,1,8,808.0,,11.0
simu5g_00000322,1,1,9,1128.0,,14.0
simu5g_00000322,1,1,10,1128.0,,14.0
simu5g_00000322,1,1,11,1128.0,,14.0
simu5g_00000322,1,1,12,1128.0,,14.0
simu5g_00000322,1,1,13,1160.0,,15.0
simu5g_00000322,1,1,14,1160.0,,15.0
simu5g_00000322,1,1,15,1160.0,,15.0
simu5g_00000322,1,1,16,1128.0,,14.0
simu5g_00000322,1,1,17,1128.0,,14.0
simu5g_00000322,1,1,18,1128.0,,14.0
simu5g_00000322,1,1,19,1128.0,,14.0
simu5g_00000322,1,1,20,1160.0,,15.0
simu5g_00000322,1,1,21,608.0,,9.0
simu5g_00000322,1,1,22,1160.0,,15.0
simu5g_00000322,1,1,23,984.0,,13.0
simu5g_00000322,1,1,24,1128.0,,14.0
simu5g_00000322,2,2,0,1160.0,,15.0
simu5g_00000322,2,2,1,1160.0,,15.0
simu5g_00000322,2,2,2,1160.0,,15.0
simu5g_00000322,2,2,3,1160.0,,15.0
simu5g_00000322,2,2,4,1160.0,,15.0
simu5g_00000322,2,2,5,1160.0,,15.0
simu5g_00000322,2,2,6,1160.0,,15.0
simu5g_00000322,2,2,7,1128.0,,14.0
simu5g_00000322,2,2,8,1160.0,,15.0
simu5g_00000322,2,2,9,1160.0,,15.0
simu5g_00000322,2,2,10,1160.0,,15.0
simu5g_00000322,2,2,11,1160.0,,15.0
simu5g_00000322,2,2,12,1160.0,,15.0
simu5g_00000322,2,2,13,1160.0,,15.0
simu5g_00000322,2,2,14,1160.0,,15.0
simu5g_00000322,2,2,15,1160.0,,15.0
simu5g_00000322,2,2,16,1160.0,,15.0
simu5g_00000322,2,2,17,1160.0,,15.0
simu5g_00000322,2,2,18,1160.0,,15.0
simu5g_00000322,2,2,19,1160.0,,15.0
simu5g_00000322,2,2,20,1160.0,,15.0
simu5g_00000322,2,2,21,1160.0,,15.0
simu5g_00000322,2,2,22,1160.0,,15.0
simu5g_00000322,2,2,23,1160.0,,15.0
simu5g_00000322,2,2,24,1160.0,,15.0
simu5g_00000322,3,3,0,984.0,,13.0
simu5g_00000322,3,3,1,1160.0,,15.0
simu5g_00000322,3,3,2,1128.0,,14.0
simu5g_00000322,3,3,3,1128.0,,14.0
simu5g_00000322,3,3,4,1160.0,,15.0
simu5g_00000322,3,3,5,1160.0,,15.0
simu5g_00000322,3,3,6,1160.0,,15.0
simu5g_00000322,3,3,7,1128.0,,14.0
simu5g_00000322,3,3,8,808.0,,11.0
simu5g_00000322,3,3,9,704.0,,10.0
simu5g_00000322,3,3,10,1128.0,,14.0
simu5g_00000322,3,3,11,1128.0,,14.0
simu5g_00000322,3,3,12,1128.0,,14.0
simu5g_00000322,3,3,13,1160.0,,15.0
simu5g_00000322,3,3,14,1160.0,,15.0
simu5g_00000322,3,3,15,1128.0,,14.0
simu5g_00000322,3,3,16,1160.0,,15.0
simu5g_00000322,3,3,17,1128.0,,14.0
simu5g_00000322,3,3,18,1128.0,,14.0
simu5g_00000322,3,3,19,1128.0,,14.0
simu5g_00000322,3,3,20,1160.0,,15.0
simu5g_00000322,3,3,21,1128.0,,14.0
simu5g_00000322,3,3,22,984.0,,13.0
simu5g_00000322,3,3,23,1160.0,,15.0
simu5g_00000322,3,3,24,984.0,,13.0
simu5g_00000322,4,4,0,984.0,,13.0
simu5g_00000322,4,4,1,608.0,,9.0
simu5g_00000322,4,4,2,984.0,,13.0
simu5g_00000322,4,4,3,304.0,,5.0
simu5g_00000322,4,4,4,888.0,,12.0
simu5g_00000322,4,4,5,1128.0,,14.0
simu5g_00000322,4,4,6,984.0,,13.0
simu5g_00000322,4,4,7,368.0,,6.0
simu5g_00000322,4,4,8,608.0,,9.0
simu5g_00000322,4,4,9,888.0,,12.0
simu5g_00000322,4,4,10,888.0,,12.0
simu5g_00000322,4,4,11,984.0,,13.0
simu5g_00000322,4,4,12,1128.0,,14.0
simu5g_00000322,4,4,13,808.0,,11.0
simu5g_00000322,4,4,14,984.0,,13.0
simu5g_00000322,4,4,15,608.0,,9.0
simu5g_00000322,4,4,16,704.0,,10.0
simu5g_00000322,4,4,17,808.0,,11.0
simu5g_00000322,4,4,18,1128.0,,14.0
simu5g_00000322,4,4,19,984.0,,13.0
simu5g_00000322,4,4,20,888.0,,12.0
simu5g_00000322,4,4,21,608.0,,9.0
simu5g_00000322,4,4,22,1128.0,,14.0
simu5g_00000322,4,4,23,984.0,,13.0
simu5g_00000322,4,4,24,808.0,,11.0
simu5g_00000323,15,0,0,1160.0,,15.0
simu5g_00000323,15,0,1,1160.0,,15.0
simu5g_00000323,15,0,2,1160.0,,15.0
simu5g_00000323,15,0,3,1160.0,,15.0
simu5g_00000323,15,0,4,1160.0,,15.0
simu5g_00000323,15,0,5,984.0,,13.0
simu5g_00000323,15,0,6,1160.0,,15.0
simu5g_00000323,15,0,7,1160.0,,15.0
simu5g_00000323,15,0,8,1160.0,,15.0
simu5g_00000323,15,0,9,1160.0,,15.0
simu5g_00000323,15,0,10,1160.0,,15.0
simu5g_00000323,15,0,11,1160.0,,15.0
simu5g_00000323,15,0,12,1128.0,,14.0
simu5g_00000323,15,0,13,1160.0,,15.0
simu5g_00000323,15,0,14,1160.0,,15.0
simu5g_00000323,15,0,15,1160.0,,15.0
simu5g_00000323,15,0,16,1160.0,,15.0
simu5g_00000323,15,0,17,1160.0,,15.0
simu5g_00000323,15,0,18,1160.0,,15.0
simu5g_00000323,15,0,19,1160.0,,15.0
simu5g_00000323,15,0,20,1160.0,,15.0
simu5g_00000323,15,0,21,1160.0,,15.0
simu5g_00000323,15,0,22,1160.0,,15.0
simu5g_00000323,15,0,23,1160.0,,15.0
simu5g_00000323,15,0,24,1160.0,,15.0
simu5g_00000323,31,1,0,1160.0,,15.0
simu5g_00000323,31,1,1,1128.0,,14.0
simu5g_00000323,31,1,2,1160.0,,15.0
simu5g_00000323,31,1,3,1160.0,,15.0
simu5g_00000323,31,1,4,1160.0,,15.0
simu5g_00000323,31,1,5,1160.0,,15.0
simu5g_00000323,31,1,6,1160.0,,15.0
simu5g_00000323,31,1,7,1160.0,,15.0
simu5g_00000323,31,1,8,1160.0,,15.0
simu5g_00000323,31,1,9,1160.0,,15.0
simu5g_00000323,31,1,10,1160.0,,15.0
simu5g_00000323,31,1,11,1160.0,,15.0
simu5g_00000323,31,1,12,984.0,,13.0
simu5g_00000323,31,1,13,1160.0,,15.0
simu5g_00000323,31,1,14,1160.0,,15.0
simu5g_00000323,31,1,15,1160.0,,15.0
simu5g_00000323,31,1,16,1160.0,,15.0
simu5g_00000323,31,1,17,1160.0,,15.0
simu5g_00000323,31,1,18,1160.0,,15.0
simu5g_00000323,31,1,19,1160.0,,15.0
simu5g_00000323,31,1,20,1160.0,,15.0
simu5g_00000323,31,1,21,1160.0,,15.0
simu5g_00000323,31,1,22,1160.0,,15.0
simu5g_00000323,31,1,23,1160.0,,15.0
simu5g_00000323,31,1,24,1160.0,,15.0
simu5g_00000324,0,0,0,1160.0,,15.0
simu5g_00000324,0,0,1,608.0,,9.0
simu5g_00000324,0,0,2,1160.0,,15.0
simu5g_00000324,0,0,3,1128.0,,14.0
simu5g_00000324,0,0,4,1160.0,,15.0
simu5g_00000324,0,0,5,1128.0,,14.0
simu5g_00000324,0,0,6,1128.0,,14.0
simu5g_00000324,0,0,7,1160.0,,15.0
simu5g_00000324,0,0,8,984.0,,13.0
simu5g_00000324,0,0,9,1128.0,,14.0
simu5g_00000324,0,0,10,1160.0,,15.0
simu5g_00000324,0,0,11,1160.0,,15.0
simu5g_00000324,0,0,12,1160.0,,15.0
simu5g_00000324,0,0,13,1128.0,,14.0
simu5g_00000324,0,0,14,1160.0,,15.0
simu5g_00000324,0,0,15,1160.0,,15.0
simu5g_00000324,0,0,16,1128.0,,14.0
simu5g_00000324,0,0,17,1160.0,,15.0
simu5g_00000324,0,0,18,1160.0,,15.0
simu5g_00000324,0,0,19,1128.0,,14.0
simu5g_00000324,0,0,20,1160.0,,15.0
simu5g_00000324,0,0,21,984.0,,13.0
simu5g_00000324,0,0,22,1160.0,,15.0
simu5g_00000324,0,0,23,1160.0,,15.0
simu5g_00000324,0,0,24,1128.0,,14.0
simu5g_00000324,1,1,0,1160.0,,15.0
simu5g_00000324,1,1,1,1128.0,,14.0
simu5g_00000324,1,1,2,1128.0,,14.0
simu5g_00000324,1,1,3,1160.0,,15.0
simu5g_00000324,1,1,4,1128.0,,14.0
simu5g_00000324,1,1,5,1128.0,,14.0
simu5g_00000324,1,1,6,1128.0,,14.0
simu5g_00000324,1,1,7,888.0,,12.0
simu5g_00000324,1,1,8,808.0,,11.0
simu5g_00000324,1,1,9,1128.0,,14.0
simu5g_00000324,1,1,10,1128.0,,14.0
simu5g_00000324,1,1,11,1128.0,,14.0
simu5g_00000324,1,1,12,1128.0,,14.0
simu5g_00000324,1,1,13,1160.0,,15.0
simu5g_00000324,1,1,14,1160.0,,15.0
simu5g_00000324,1,1,15,1160.0,,15.0
simu5g_00000324,1,1,16,1128.0,,14.0
simu5g_00000324,1,1,17,1128.0,,14.0
simu5g_00000324,1,1,18,1128.0,,14.0
simu5g_00000324,1,1,19,1128.0,,14.0
simu5g_00000324,1,1,20,1160.0,,15.0
simu5g_00000324,1,1,21,608.0,,9.0
simu5g_00000324,1,1,22,1160.0,,15.0
simu5g_00000324,1,1,23,984.0,,13.0
simu5g_00000324,1,1,24,1128.0,,14.0
simu5g_00000324,2,2,0,1160.0,,15.0
simu5g_00000324,2,2,1,1160.0,,15.0
simu5g_00000324,2,2,2,1160.0,,15.0
simu5g_00000324,2,2,3,1160.0,,15.0
simu5g_00000324,2,2,4,1160.0,,15.0
simu5g_00000324,2,2,5,1160.0,,15.0
simu5g_00000324,2,2,6,1160.0,,15.0
simu5g_00000324,2,2,7,1128.0,,14.0
simu5g_00000324,2,2,8,1160.0,,15.0
simu5g_00000324,2,2,9,1160.0,,15.0
simu5g_00000324,2,2,10,1160.0,,15.0
simu5g_00000324,2,2,11,1160.0,,15.0
simu5g_00000324,2,2,12,1160.0,,15.0
simu5g_00000324,2,2,13,1160.0,,15.0
simu5g_00000324,2,2,14,1160.0,,15.0
simu5g_00000324,2,2,15,1160.0,,15.0
simu5g_00000324,2,2,16,1160.0,,15.0
simu5g_00000324,2,2,17,1160.0,,15.0
simu5g_00000324,2,2,18,1160.0,,15.0
simu5g_00000324,2,2,19,1160.0,,15.0
simu5g_00000324,2,2,20,1160.0,,15.0
simu5g_00000324,2,2,21,1160.0,,15.0
simu5g_00000324,2,2,22,1160.0,,15.0
simu5g_00000324,2,2,23,1160.0,,15.0
simu5g_00000324,2,2,24,1160.0,,15.0
simu5g_00000324,3,3,0,984.0,,13.0
simu5g_00000324,3,3,1,1160.0,,15.0
simu5g_00000324,3,3,2,1128.0,,14.0
simu5g_00000324,3,3,3,1128.0,,14.0
simu5g_00000324,3,3,4,1160.0,,15.0
simu5g_00000324,3,3,5,1160.0,,15.0
simu5g_00000324,3,3,6,1160.0,,15.0
simu5g_00000324,3,3,7,1128.0,,14.0
simu5g_00000324,3,3,8,808.0,,11.0
simu5g_00000324,3,3,9,704.0,,10.0
simu5g_00000324,3,3,10,1128.0,,14.0
simu5g_00000324,3,3,11,1128.0,,14.0
simu5g_00000324,3,3,12,1128.0,,14.0
simu5g_00000324,3,3,13,1160.0,,15.0
simu5g_00000324,3,3,14,1160.0,,15.0
simu5g_00000324,3,3,15,1128.0,,14.0
simu5g_00000324,3,3,16,1160.0,,15.0
simu5g_00000324,3,3,17,1128.0,,14.0
simu5g_00000324,3,3,18,1128.0,,14.0
simu5g_00000324,3,3,19,1128.0,,14.0
simu5g_00000324,3,3,20,1160.0,,15.0
simu5g_00000324,3,3,21,1128.0,,14.0
simu5g_00000324,3,3,22,984.0,,13.0
simu5g_00000324,3,3,23,1160.0,,15.0
simu5g_00000324,3,3,24,984.0,,13.0
simu5g_00000324,4,4,0,984.0,,13.0
simu5g_00000324,4,4,1,608.0,,9.0
simu5g_00000324,4,4,2,984.0,,13.0
simu5g_00000324,4,4,3,304.0,,5.0
simu5g_00000324,4,4,4,888.0,,12.0
simu5g_00000324,4,4,5,1128.0,,14.0
simu5g_00000324,4,4,6,984.0,,13.0
simu5g_00000324,4,4,7,368.0,,6.0
simu5g_00000324,4,4,8,608.0,,9.0
simu5g_00000324,4,4,9,888.0,,12.0
simu5g_00000324,4,4,10,888.0,,12.0
simu5g_00000324,4,4,11,984.0,,13.0
simu5g_00000324,4,4,12,1128.0,,14.0
simu5g_00000324,4,4,13,808.0,,11.0
simu5g_00000324,4,4,14,984.0,,13.0
simu5g_00000324,4,4,15,608.0,,9.0
simu5g_00000324,4,4,16,704.0,,10.0
simu5g_00000324,4,4,17,808.0,,11.0
simu5g_00000324,4,4,18,1128.0,,14.0
simu5g_00000324,4,4,19,984.0,,13.0
simu5g_00000324,4,4,20,888.0,,12.0
simu5g_00000324,4,4,21,608.0,,9.0
simu5g_00000324,4,4,22,1128.0,,14.0
simu5g_00000324,4,4,23,984.0,,13.0
simu5g_00000324,4,4,24,808.0,,11.0
simu5g_00000325,15,0,0,1160.0,,15.0
simu5g_00000325,15,0,1,1160.0,,15.0
simu5g_00000325,15,0,2,1160.0,,15.0
simu5g_00000325,15,0,3,1160.0,,15.0
simu5g_00000325,15,0,4,1160.0,,15.0
simu5g_00000325,15,0,5,984.0,,13.0
simu5g_00000325,15,0,6,1160.0,,15.0
simu5g_00000325,15,0,7,1160.0,,15.0
simu5g_00000325,15,0,8,1160.0,,15.0
simu5g_00000325,15,0,9,1160.0,,15.0
simu5g_00000325,15,0,10,1160.0,,15.0
simu5g_00000325,15,0,11,1160.0,,15.0
simu5g_00000325,15,0,12,1128.0,,14.0
simu5g_00000325,15,0,13,1160.0,,15.0
simu5g_00000325,15,0,14,1160.0,,15.0
simu5g_00000325,15,0,15,1160.0,,15.0
simu5g_00000325,15,0,16,1160.0,,15.0
simu5g_00000325,15,0,17,1160.0,,15.0
simu5g_00000325,15,0,18,1160.0,,15.0
simu5g_00000325,15,0,19,1160.0,,15.0
simu5g_00000325,15,0,20,1160.0,,15.0
simu5g_00000325,15,0,21,1160.0,,15.0
simu5g_00000325,15,0,22,1160.0,,15.0
simu5g_00000325,15,0,23,1160.0,,15.0
simu5g_00000325,15,0,24,1160.0,,15.0
simu5g_00000325,31,1,0,1160.0,,15.0
simu5g_00000325,31,1,1,1128.0,,14.0
simu5g_00000325,31,1,2,1160.0,,15.0
simu5g_00000325,31,1,3,1160.0,,15.0
simu5g_00000325,31,1,4,1160.0,,15.0
simu5g_00000325,31,1,5,1160.0,,15.0
simu5g_00000325,31,1,6,1160.0,,15.0
simu5g_00000325,31,1,7,1160.0,,15.0
simu5g_00000325,31,1,8,1160.0,,15.0
simu5g_00000325,31,1,9,1160.0,,15.0
simu5g_00000325,31,1,10,1160.0,,15.0
simu5g_00000325,31,1,11,1160.0,,15.0
simu5g_00000325,31,1,12,984.0,,13.0
simu5g_00000325,31,1,13,1160.0,,15.0
simu5g_00000325,31,1,14,1160.0,,15.0
simu5g_00000325,31,1,15,1160.0,,15.0
simu5g_00000325,31,1,16,1160.0,,15.0
simu5g_00000325,31,1,17,1160.0,,15.0
simu5g_00000325,31,1,18,1160.0,,15.0
simu5g_00000325,31,1,19,1160.0,,15.0
simu5g_00000325,31,1,20,1160.0,,15.0
simu5g_00000325,31,1,21,1160.0,,15.0
simu5g_00000325,31,1,22,1160.0,,15.0
simu5g_00000325,31,1,23,1160.0,,15.0
simu5g_00000325,31,1,24,1160.0,,15.0
simu5g_00000326,0,0,0,1160.0,,15.0
simu5g_00000326,0,0,1,608.0,,9.0
simu5g_00000326,0,0,2,1160.0,,15.0
simu5g_00000326,0,0,3,1128.0,,14.0
simu5g_00000326,0,0,4,1160.0,,15.0
simu5g_00000326,0,0,5,1128.0,,14.0
simu5g_00000326,0,0,6,1128.0,,14.0
simu5g_00000326,0,0,7,1160.0,,15.0
simu5g_00000326,0,0,8,984.0,,13.0
simu5g_00000326,0,0,9,1128.0,,14.0
simu5g_00000326,0,0,10,1160.0,,15.0
simu5g_00000326,0,0,11,1160.0,,15.0
simu5g_00000326,0,0,12,1160.0,,15.0
simu5g_00000326,0,0,13,1128.0,,14.0
simu5g_00000326,0,0,14,1160.0,,15.0
simu5g_00000326,0,0,15,1160.0,,15.0
simu5g_00000326,0,0,16,1128.0,,14.0
simu5g_00000326,0,0,17,1160.0,,15.0
simu5g_00000326,0,0,18,1160.0,,15.0
simu5g_00000326,0,0,19,1128.0,,14.0
simu5g_00000326,0,0,20,1160.0,,15.0
simu5g_00000326,0,0,21,984.0,,13.0
simu5g_00000326,0,0,22,1160.0,,15.0
simu5g_00000326,0,0,23,1160.0,,15.0
simu5g_00000326,0,0,24,1128.0,,14.0
simu5g_00000326,1,1,0,1128.0,,14.0
simu5g_00000326,1,1,1,984.0,,13.0
simu5g_00000326,1,1,2,984.0,,13.0
simu5g_00000326,1,1,3,1160.0,,15.0
simu5g_00000326,1,1,4,984.0,,13.0
simu5g_00000326,1,1,5,1128.0,,14.0
simu5g_00000326,1,1,6,1128.0,,14.0
simu5g_00000326,1,1,7,808.0,,11.0
simu5g_00000326,1,1,8,608.0,,9.0
simu5g_00000326,1,1,9,1128.0,,14.0
simu5g_00000326,1,1,10,1128.0,,14.0
simu5g_00000326,1,1,11,1128.0,,14.0
simu5g_00000326,1,1,12,1128.0,,14.0
simu5g_00000326,1,1,13,1160.0,,15.0
simu5g_00000326,1,1,14,1128.0,,14.0
simu5g_00000326,1,1,15,1128.0,,14.0
simu5g_00000326,1,1,16,1128.0,,14.0
simu5g_00000326,1,1,17,1128.0,,14.0
simu5g_00000326,1,1,18,1128.0,,14.0
simu5g_00000326,1,1,19,1128.0,,14.0
simu5g_00000326,1,1,20,1160.0,,15.0
simu5g_00000326,1,1,21,608.0,,9.0
simu5g_00000326,1,1,22,1128.0,,14.0
simu5g_00000326,1,1,23,984.0,,13.0
simu5g_00000326,1,1,24,1128.0,,14.0
simu5g_00000326,2,2,0,1128.0,,14.0
simu5g_00000326,2,2,1,1160.0,,15.0
simu5g_00000326,2,2,2,1128.0,,14.0
simu5g_00000326,2,2,3,1160.0,,15.0
simu5g_00000326,2,2,4,1128.0,,14.0
simu5g_00000326,2,2,5,1128.0,,14.0
simu5g_00000326,2,2,6,1128.0,,14.0
simu5g_00000326,2,2,7,808.0,,11.0
simu5g_00000326,2,2,8,1160.0,,15.0
simu5g_00000326,2,2,9,1160.0,,15.0
simu5g_00000326,2,2,10,1160.0,,15.0
simu5g_00000326,2,2,11,888.0,,12.0
simu5g_00000326,2,2,12,1128.0,,14.0
simu5g_00000326,2,2,13,1160.0,,15.0
simu5g_00000326,2,2,14,1160.0,,15.0
simu5g_00000326,2,2,15,1160.0,,15.0
simu5g_00000326,2,2,16,984.0,,13.0
simu5g_00000326,2,2,17,1128.0,,14.0
simu5g_00000326,2,2,18,1128.0,,14.0
simu5g_00000326,2,2,19,1160.0,,15.0
simu5g_00000326,2,2,20,1160.0,,15.0
simu5g_00000326,2,2,21,1128.0,,14.0
simu5g_00000326,2,2,22,984.0,,13.0
simu5g_00000326,2,2,23,1160.0,,15.0
simu5g_00000326,2,2,24,984.0,,13.0
simu5g_00000326,3,3,0,984.0,,13.0
simu5g_00000326,3,3,1,1160.0,,15.0
simu5g_00000326,3,3,2,1128.0,,14.0
simu5g_00000326,3,3,3,1128.0,,14.0
simu5g_00000326,3,3,4,1160.0,,15.0
simu5g_00000326,3,3,5,1160.0,,15.0
simu5g_00000326,3,3,6,1160.0,,15.0
simu5g_00000326,3,3,7,1128.0,,14.0
simu5g_00000326,3,3,8,808.0,,11.0
simu5g_00000326,3,3,9,704.0,,10.0
simu5g_00000326,3,3,10,1128.0,,14.0
simu5g_00000326,3,3,11,1128.0,,14.0
simu5g_00000326,3,3,12,1128.0,,14.0
simu5g_00000326,3,3,13,1160.0,,15.0
simu5g_00000326,3,3,14,1160.0,,15.0
simu5g_00000326,3,3,15,1128.0,,14.0
simu5g_00000326,3,3,16,1160.0,,15.0
simu5g_00000326,3,3,17,1128.0,,14.0
simu5g_00000326,3,3,18,1128.0,,14.0
simu5g_00000326,3,3,19,1128.0,,14.0
simu5g_00000326,3,3,20,1160.0,,15.0
simu5g_00000326,3,3,21,1128.0,,14.0
simu5g_00000326,3,3,22,984.0,,13.0
simu5g_00000326,3,3,23,1160.0,,15.0
simu5g_00000326,3,3,24,984.0,,13.0
simu5g_00000326,4,4,0,984.0,,13.0
simu5g_00000326,4,4,1,608.0,,9.0
simu5g_00000326,4,4,2,984.0,,13.0
simu5g_00000326,4,4,3,304.0,,5.0
simu5g_00000326,4,4,4,888.0,,12.0
simu5g_00000326,4,4,5,1128.0,,14.0
simu5g_00000326,4,4,6,984.0,,13.0
simu5g_00000326,4,4,7,368.0,,6.0
simu5g_00000326,4,4,8,608.0,,9.0
simu5g_00000326,4,4,9,888.0,,12.0
simu5g_00000326,4,4,10,888.0,,12.0
simu5g_00000326,4,4,11,984.0,,13.0
simu5g_00000326,4,4,12,1128.0,,14.0
simu5g_00000326,4,4,13,808.0,,11.0
simu5g_00000326,4,4,14,984.0,,13.0
simu5g_00000326,4,4,15,608.0,,9.0
simu5g_00000326,4,4,16,704.0,,10.0
simu5g_00000326,4,4,17,808.0,,11.0
simu5g_00000326,4,4,18,1128.0,,14.0
simu5g_00000326,4,4,19,984.0,,13.0
simu5g_00000326,4,4,20,888.0,,12.0
simu5g_00000326,4,4,21,608.0,,9.0
simu5g_00000326,4,4,22,1128.0,,14.0
simu5g_00000326,4,4,23,984.0,,13.0
simu5g_00000326,4,4,24,808.0,,11.0
simu5g_00000327,15,0,0,1160.0,,15.0
simu5g_00000327,15,0,1,1160.0,,15.0
simu5g_00000327,15,0,2,1160.0,,15.0
simu5g_00000327,15,0,3,1160.0,,15.0
simu5g_00000327,15,0,4,1128.0,,14.0
simu5g_00000327,15,0,5,984.0,,13.0
simu5g_00000327,15,0,6,1160.0,,15.0
simu5g_00000327,15,0,7,1160.0,,15.0
simu5g_00000327,15,0,8,1160.0,,15.0
simu5g_00000327,15,0,9,1160.0,,15.0
simu5g_00000327,15,0,10,1160.0,,15.0
simu5g_00000327,15,0,11,1160.0,,15.0
simu5g_00000327,15,0,12,1128.0,,14.0
simu5g_00000327,15,0,13,1160.0,,15.0
simu5g_00000327,15,0,14,1160.0,,15.0
simu5g_00000327,15,0,15,1160.0,,15.0
simu5g_00000327,15,0,16,1160.0,,15.0
simu5g_00000327,15,0,17,1160.0,,15.0
simu5g_00000327,15,0,18,1160.0,,15.0
simu5g_00000327,15,0,19,1160.0,,15.0
simu5g_00000327,15,0,20,1160.0,,15.0
simu5g_00000327,15,0,21,1160.0,,15.0
simu5g_00000327,15,0,22,1160.0,,15.0
simu5g_00000327,15,0,23,1160.0,,15.0
simu5g_00000327,15,0,24,1160.0,,15.0
simu5g_00000327,31,1,0,1160.0,,15.0
simu5g_00000327,31,1,1,1160.0,,15.0
simu5g_00000327,31,1,2,1160.0,,15.0
simu5g_00000327,31,1,3,1160.0,,15.0
simu5g_00000327,31,1,4,1160.0,,15.0
simu5g_00000327,31,1,5,1160.0,,15.0
simu5g_00000327,31,1,6,1160.0,,15.0
simu5g_00000327,31,1,7,1160.0,,15.0
simu5g_00000327,31,1,8,1160.0,,15.0
simu5g_00000327,31,1,9,1160.0,,15.0
simu5g_00000327,31,1,10,1160.0,,15.0
simu5g_00000327,31,1,11,1160.0,,15.0
simu5g_00000327,31,1,12,984.0,,13.0
simu5g_00000327,31,1,13,1160.0,,15.0
simu5g_00000327,31,1,14,1160.0,,15.0
simu5g_00000327,31,1,15,1160.0,,15.0
simu5g_00000327,31,1,16,1160.0,,15.0
simu5g_00000327,31,1,17,1160.0,,15.0
simu5g_00000327,31,1,18,1160.0,,15.0
simu5g_00000327,31,1,19,1160.0,,15.0
simu5g_00000327,31,1,20,1160.0,,15.0
simu5g_00000327,31,1,21,1160.0,,15.0
simu5g_00000327,31,1,22,1160.0,,15.0
simu5g_00000327,31,1,23,1160.0,,15.0
simu5g_00000327,31,1,24,1160.0,,15.0
simu5g_00000328,0,0,0,1128.0,,14.0
simu5g_00000328,0,0,1,432.0,,7.0
simu5g_00000328,0,0,2,1160.0,,15.0
simu5g_00000328,0,0,3,888.0,,12.0
simu5g_00000328,0,0,4,1128.0,,14.0
simu5g_00000328,0,0,5,888.0,,12.0
simu5g_00000328,0,0,6,984.0,,13.0
simu5g_00000328,0,0,7,1128.0,,14.0
simu5g_00000328,0,0,8,704.0,,10.0
simu5g_00000328,0,0,9,984.0,,13.0
simu5g_00000328,0,0,10,1128.0,,14.0
simu5g_00000328,0,0,11,1160.0,,15.0
simu5g_00000328,0,0,12,1128.0,,14.0
simu5g_00000328,0,0,13,984.0,,13.0
simu5g_00000328,0,0,14,1128.0,,14.0
simu5g_00000328,0,0,15,1128.0,,14.0
simu5g_00000328,0,0,16,984.0,,13.0
simu5g_00000328,0,0,17,1160.0,,15.0
simu5g_00000328,0,0,18,1128.0,,14.0
simu5g_00000328,0,0,19,984.0,,13.0
simu5g_00000328,0,0,20,1160.0,,15.0
simu5g_00000328,0,0,21,704.0,,10.0
simu5g_00000328,0,0,22,1128.0,,14.0
simu5g_00000328,0,0,23,1160.0,,15.0
simu5g_00000328,0,0,24,984.0,,13.0
simu5g_00000328,1,1,0,1128.0,,14.0
simu5g_00000328,1,1,1,984.0,,13.0
simu5g_00000328,1,1,2,984.0,,13.0
simu5g_00000328,1,1,3,1160.0,,15.0
simu5g_00000328,1,1,4,984.0,,13.0
simu5g_00000328,1,1,5,1128.0,,14.0
simu5g_00000328,1,1,6,1128.0,,14.0
simu5g_00000328,1,1,7,808.0,,11.0
simu5g_00000328,1,1,8,608.0,,9.0
simu5g_00000328,1,1,9,1128.0,,14.0
simu5g_00000328,1,1,10,1128.0,,14.0
simu5g_00000328,1,1,11,1128.0,,14.0
simu5g_00000328,1,1,12,1128.0,,14.0
simu5g_00000328,1,1,13,1160.0,,15.0
simu5g_00000328,1,1,14,1128.0,,14.0
simu5g_00000328,1,1,15,1128.0,,14.0
simu5g_00000328,1,1,16,1128.0,,14.0
simu5g_00000328,1,1,17,1128.0,,14.0
simu5g_00000328,1,1,18,1128.0,,14.0
simu5g_00000328,1,1,19,1128.0,,14.0
simu5g_00000328,1,1,20,1160.0,,15.0
simu5g_00000328,1,1,21,608.0,,9.0
simu5g_00000328,1,1,22,1128.0,,14.0
simu5g_00000328,1,1,23,984.0,,13.0
simu5g_00000328,1,1,24,1128.0,,14.0
simu5g_00000328,2,2,0,1128.0,,14.0
simu5g_00000328,2,2,1,1160.0,,15.0
simu5g_00000328,2,2,2,1128.0,,14.0
simu5g_00000328,2,2,3,1160.0,,15.0
simu5g_00000328,2,2,4,1128.0,,14.0
simu5g_00000328,2,2,5,1128.0,,14.0
simu5g_00000328,2,2,6,1128.0,,14.0
simu5g_00000328,2,2,7,808.0,,11.0
simu5g_00000328,2,2,8,1160.0,,15.0
simu5g_00000328,2,2,9,1160.0,,15.0
simu5g_00000328,2,2,10,1160.0,,15.0
simu5g_00000328,2,2,11,888.0,,12.0
simu5g_00000328,2,2,12,1128.0,,14.0
simu5g_00000328,2,2,13,1160.0,,15.0
simu5g_00000328,2,2,14,1160.0,,15.0
simu5g_00000328,2,2,15,1160.0,,15.0
simu5g_00000328,2,2,16,984.0,,13.0
simu5g_00000328,2,2,17,1128.0,,14.0
simu5g_00000328,2,2,18,1128.0,,14.0
simu5g_00000328,2,2,19,1160.0,,15.0
simu5g_00000328,2,2,20,1160.0,,15.0
simu5g_00000328,2,2,21,1128.0,,14.0
simu5g_00000328,2,2,22,984.0,,13.0
simu5g_00000328,2,2,23,1160.0,,15.0
simu5g_00000328,2,2,24,984.0,,13.0
simu5g_00000328,3,3,0,984.0,,13.0
simu5g_00000328,3,3,1,1160.0,,15.0
simu5g_00000328,3,3,2,1128.0,,14.0
simu5g_00000328,3,3,3,1128.0,,14.0
simu5g_00000328,3,3,4,1160.0,,15.0
simu5g_00000328,3,3,5,1160.0,,15.0
simu5g_00000328,3,3,6,1160.0,,15.0
simu5g_00000328,3,3,7,1128.0,,14.0
simu5g_00000328,3,3,8,808.0,,11.0
simu5g_00000328,3,3,9,808.0,,11.0
simu5g_00000328,3,3,10,1128.0,,14.0
simu5g_00000328,3,3,11,1128.0,,14.0
simu5g_00000328,3,3,12,1160.0,,15.0
simu5g_00000328,3,3,13,1160.0,,15.0
simu5g_00000328,3,3,14,1160.0,,15.0
simu5g_00000328,3,3,15,1128.0,,14.0
simu5g_00000328,3,3,16,1160.0,,15.0
simu5g_00000328,3,3,17,1128.0,,14.0
simu5g_00000328,3,3,18,1128.0,,14.0
simu5g_00000328,3,3,19,1128.0,,14.0
simu5g_00000328,3,3,20,1160.0,,15.0
simu5g_00000328,3,3,21,1128.0,,14.0
simu5g_00000328,3,3,22,984.0,,13.0
simu5g_00000328,3,3,23,1160.0,,15.0
simu5g_00000328,3,3,24,984.0,,13.0
simu5g_00000328,4,4,0,984.0,,13.0
simu5g_00000328,4,4,1,608.0,,9.0
simu5g_00000328,4,4,2,984.0,,13.0
simu5g_00000328,4,4,3,304.0,,5.0
simu5g_00000328,4,4,4,888.0,,12.0
simu5g_00000328,4,4,5,1128.0,,14.0
simu5g_00000328,4,4,6,984.0,,13.0
simu5g_00000328,4,4,7,368.0,,6.0
simu5g_00000328,4,4,8,608.0,,9.0
simu5g_00000328,4,4,9,888.0,,12.0
simu5g_00000328,4,4,10,888.0,,12.0
simu5g_00000328,4,4,11,984.0,,13.0
simu5g_00000328,4,4,12,1128.0,,14.0
simu5g_00000328,4,4,13,808.0,,11.0
simu5g_00000328,4,4,14,984.0,,13.0
simu5g_00000328,4,4,15,608.0,,9.0
simu5g_00000328,4,4,16,704.0,,10.0
simu5g_00000328,4,4,17,808.0,,11.0
simu5g_00000328,4,4,18,1128.0,,14.0
simu5g_00000328,4,4,19,984.0,,13.0
simu5g_00000328,4,4,20,888.0,,12.0
simu5g_00000328,4,4,21,608.0,,9.0
simu5g_00000328,4,4,22,1128.0,,14.0
simu5g_00000328,4,4,23,984.0,,13.0
simu5g_00000328,4,4,24,808.0,,11.0
simu5g_00000329,15,0,0,1160.0,,15.0
simu5g_00000329,15,0,1,1160.0,,15.0
simu5g_00000329,15,0,2,1160.0,,15.0
simu5g_00000329,15,0,3,1160.0,,15.0
simu5g_00000329,15,0,4,1128.0,,14.0
simu5g_00000329,15,0,5,984.0,,13.0
simu5g_00000329,15,0,6,1160.0,,15.0
simu5g_00000329,15,0,7,1160.0,,15.0
simu5g_00000329,15,0,8,1160.0,,15.0
simu5g_00000329,15,0,9,1160.0,,15.0
simu5g_00000329,15,0,10,1160.0,,15.0
simu5g_00000329,15,0,11,1160.0,,15.0
simu5g_00000329,15,0,12,1128.0,,14.0
simu5g_00000329,15,0,13,1160.0,,15.0
simu5g_00000329,15,0,14,1160.0,,15.0
simu5g_00000329,15,0,15,1160.0,,15.0
simu5g_00000329,15,0,16,1160.0,,15.0
simu5g_00000329,15,0,17,1160.0,,15.0
simu5g_00000329,15,0,18,1160.0,,15.0
simu5g_00000329,15,0,19,1160.0,,15.0
simu5g_00000329,15,0,20,1160.0,,15.0
simu5g_00000329,15,0,21,1160.0,,15.0
simu5g_00000329,15,0,22,1160.0,,15.0
simu5g_00000329,15,0,23,1160.0,,15.0
simu5g_00000329,15,0,24,1160.0,,15.0
simu5g_00000329,31,1,0,1160.0,,15.0
simu5g_00000329,31,1,1,1160.0,,15.0
simu5g_00000329,31,1,2,1160.0,,15.0
simu5g_00000329,31,1,3,1160.0,,15.0
simu5g_00000329,31,1,4,1160.0,,15.0
simu5g_00000329,31,1,5,1160.0,,15.0
simu5g_00000329,31,1,6,1160.0,,15.0
simu5g_00000329,31,1,7,1160.0,,15.0
simu5g_00000329,31,1,8,1160.0,,15.0
simu5g_00000329,31,1,9,1160.0,,15.0
simu5g_00000329,31,1,10,1160.0,,15.0
simu5g_00000329,31,1,11,1160.0,,15.0
simu5g_00000329,31,1,12,1128.0,,14.0
simu5g_00000329,31,1,13,1160.0,,15.0
simu5g_00000329,31,1,14,1160.0,,15.0
simu5g_00000329,31,1,15,1160.0,,15.0
simu5g_00000329,31,1,16,1160.0,,15.0
simu5g_00000329,31,1,17,1160.0,,15.0
simu5g_00000329,31,1,18,1160.0,,15.0
simu5g_00000329,31,1,19,1160.0,,15.0
simu5g_00000329,31,1,20,1160.0,,15.0
simu5g_00000329,31,1,21,1160.0,,15.0
simu5g_00000329,31,1,22,1160.0,,15.0
simu5g_00000329,31,1,23,1160.0,,15.0
simu5g_00000329,31,1,24,1160.0,,15.0
simu5g_00000330,0,0,0,1128.0,,14.0
simu5g_00000330,0,0,1,432.0,,7.0
simu5g_00000330,0,0,2,1160.0,,15.0
simu5g_00000330,0,0,3,888.0,,12.0
simu5g_00000330,0,0,4,1128.0,,14.0
simu5g_00000330,0,0,5,888.0,,12.0
simu5g_00000330,0,0,6,984.0,,13.0
simu5g_00000330,0,0,7,1128.0,,14.0
simu5g_00000330,0,0,8,704.0,,10.0
simu5g_00000330,0,0,9,984.0,,13.0
simu5g_00000330,0,0,10,1128.0,,14.0
simu5g_00000330,0,0,11,1160.0,,15.0
simu5g_00000330,0,0,12,1128.0,,14.0
simu5g_00000330,0,0,13,984.0,,13.0
simu5g_00000330,0,0,14,1128.0,,14.0
simu5g_00000330,0,0,15,1128.0,,14.0
simu5g_00000330,0,0,16,984.0,,13.0
simu5g_00000330,0,0,17,1160.0,,15.0
simu5g_00000330,0,0,18,1128.0,,14.0
simu5g_00000330,0,0,19,984.0,,13.0
simu5g_00000330,0,0,20,1160.0,,15.0
simu5g_00000330,0,0,21,704.0,,10.0
simu5g_00000330,0,0,22,1128.0,,14.0
simu5g_00000330,0,0,23,1160.0,,15.0
simu5g_00000330,0,0,24,984.0,,13.0
simu5g_00000330,1,1,0,1128.0,,14.0
simu5g_00000330,1,1,1,984.0,,13.0
simu5g_00000330,1,1,2,984.0,,13.0
simu5g_00000330,1,1,3,1160.0,,15.0
simu5g_00000330,1,1,4,984.0,,13.0
simu5g_00000330,1,1,5,1128.0,,14.0
simu5g_00000330,1,1,6,1128.0,,14.0
simu5g_00000330,1,1,7,808.0,,11.0
simu5g_00000330,1,1,8,608.0,,9.0
simu5g_00000330,1,1,9,1128.0,,14.0
simu5g_00000330,1,1,10,1128.0,,14.0
simu5g_00000330,1,1,11,1128.0,,14.0
simu5g_00000330,1,1,12,1128.0,,14.0
simu5g_00000330,1,1,13,1160.0,,15.0
simu5g_00000330,1,1,14,1128.0,,14.0
simu5g_00000330,1,1,15,1160.0,,15.0
simu5g_00000330,1,1,16,1128.0,,14.0
simu5g_00000330,1,1,17,1128.0,,14.0
simu5g_00000330,1,1,18,1128.0,,14.0
simu5g_00000330,1,1,19,1128.0,,14.0
simu5g_00000330,1,1,20,1160.0,,15.0
simu5g_00000330,1,1,21,608.0,,9.0
simu5g_00000330,1,1,22,1128.0,,14.0
simu5g_00000330,1,1,23,984.0,,13.0
simu5g_00000330,1,1,24,1128.0,,14.0
simu5g_00000330,2,2,0,1128.0,,14.0
simu5g_00000330,2,2,1,1160.0,,15.0
simu5g_00000330,2,2,2,1128.0,,14.0
simu5g_00000330,2,2,3,1160.0,,15.0
simu5g_00000330,2,2,4,1128.0,,14.0
simu5g_00000330,2,2,5,1128.0,,14.0
simu5g_00000330,2,2,6,1128.0,,14.0
simu5g_00000330,2,2,7,808.0,,11.0
simu5g_00000330,2,2,8,1160.0,,15.0
simu5g_00000330,2,2,9,1160.0,,15.0
simu5g_00000330,2,2,10,1160.0,,15.0
simu5g_00000330,2,2,11,888.0,,12.0
simu5g_00000330,2,2,12,1128.0,,14.0
simu5g_00000330,2,2,13,1160.0,,15.0
simu5g_00000330,2,2,14,1160.0,,15.0
simu5g_00000330,2,2,15,1160.0,,15.0
simu5g_00000330,2,2,16,984.0,,13.0
simu5g_00000330,2,2,17,1128.0,,14.0
simu5g_00000330,2,2,18,1128.0,,14.0
simu5g_00000330,2,2,19,1160.0,,15.0
simu5g_00000330,2,2,20,1160.0,,15.0
simu5g_00000330,2,2,21,1128.0,,14.0
simu5g_00000330,2,2,22,984.0,,13.0
simu5g_00000330,2,2,23,1160.0,,15.0
simu5g_00000330,2,2,24,984.0,,13.0
simu5g_00000330,3,3,0,984.0,,13.0
simu5g_00000330,3,3,1,1160.0,,15.0
simu5g_00000330,3,3,2,1128.0,,14.0
simu5g_00000330,3,3,3,1128.0,,14.0
simu5g_00000330,3,3,4,1160.0,,15.0
simu5g_00000330,3,3,5,1160.0,,15.0
simu5g_00000330,3,3,6,1160.0,,15.0
simu5g_00000330,3,3,7,1128.0,,14.0
simu5g_00000330,3,3,8,808.0,,11.0
simu5g_00000330,3,3,9,808.0,,11.0
simu5g_00000330,3,3,10,1128.0,,14.0
simu5g_00000330,3,3,11,1128.0,,14.0
simu5g_00000330,3,3,12,1160.0,,15.0
simu5g_00000330,3,3,13,1160.0,,15.0
simu5g_00000330,3,3,14,1160.0,,15.0
simu5g_00000330,3,3,15,1128.0,,14.0
simu5g_00000330,3,3,16,1160.0,,15.0
simu5g_00000330,3,3,17,1128.0,,14.0
simu5g_00000330,3,3,18,1128.0,,14.0
simu5g_00000330,3,3,19,1128.0,,14.0
simu5g_00000330,3,3,20,1160.0,,15.0
simu5g_00000330,3,3,21,1128.0,,14.0
simu5g_00000330,3,3,22,984.0,,13.0
simu5g_00000330,3,3,23,1160.0,,15.0
simu5g_00000330,3,3,24,984.0,,13.0
simu5g_00000330,4,4,0,984.0,,13.0
simu5g_00000330,4,4,1,608.0,,9.0
simu5g_00000330,4,4,2,984.0,,13.0
simu5g_00000330,4,4,3,304.0,,5.0
simu5g_00000330,4,4,4,888.0,,12.0
simu5g_00000330,4,4,5,1128.0,,14.0
simu5g_00000330,4,4,6,984.0,,13.0
simu5g_00000330,4,4,7,368.0,,6.0
simu5g_00000330,4,4,8,608.0,,9.0
simu5g_00000330,4,4,9,888.0,,12.0
simu5g_00000330,4,4,10,888.0,,12.0
simu5g_00000330,4,4,11,984.0,,13.0
simu5g_00000330,4,4,12,1128.0,,14.0
simu5g_00000330,4,4,13,808.0,,11.0
simu5g_00000330,4,4,14,984.0,,13.0
simu5g_00000330,4,4,15,608.0,,9.0
simu5g_00000330,4,4,16,704.0,,10.0
simu5g_00000330,4,4,17,808.0,,11.0
simu5g_00000330,4,4,18,1128.0,,14.0
simu5g_00000330,4,4,19,984.0,,13.0
simu5g_00000330,4,4,20,888.0,,12.0
simu5g_00000330,4,4,21,608.0,,9.0
simu5g_00000330,4,4,22,1128.0,,14.0
simu5g_00000330,4,4,23,984.0,,13.0
simu5g_00000330,4,4,24,808.0,,11.0
simu5g_00000331,15,0,0,1160.0,,15.0
simu5g_00000331,15,0,1,1160.0,,15.0
simu5g_00000331,15,0,2,1160.0,,15.0
simu5g_00000331,15,0,3,1160.0,,15.0
simu5g_00000331,15,0,4,1128.0,,14.0
simu5g_00000331,15,0,5,984.0,,13.0
simu5g_00000331,15,0,6,1160.0,,15.0
simu5g_00000331,15,0,7,1160.0,,15.0
simu5g_00000331,15,0,8,1160.0,,15.0
simu5g_00000331,15,0,9,1160.0,,15.0
simu5g_00000331,15,0,10,1160.0,,15.0
simu5g_00000331,15,0,11,1160.0,,15.0
simu5g_00000331,15,0,12,1128.0,,14.0
simu5g_00000331,15,0,13,1160.0,,15.0
simu5g_00000331,15,0,14,1160.0,,15.0
simu5g_00000331,15,0,15,1160.0,,15.0
simu5g_00000331,15,0,16,1160.0,,15.0
simu5g_00000331,15,0,17,1160.0,,15.0
simu5g_00000331,15,0,18,1160.0,,15.0
simu5g_00000331,15,0,19,1160.0,,15.0
simu5g_00000331,15,0,20,1160.0,,15.0
simu5g_00000331,15,0,21,1160.0,,15.0
simu5g_00000331,15,0,22,1160.0,,15.0
simu5g_00000331,15,0,23,1160.0,,15.0
simu5g_00000331,15,0,24,1160.0,,15.0
simu5g_00000331,31,1,0,1160.0,,15.0
simu5g_00000331,31,1,1,1160.0,,15.0
simu5g_00000331,31,1,2,1160.0,,15.0
simu5g_00000331,31,1,3,1160.0,,15.0
simu5g_00000331,31,1,4,1160.0,,15.0
simu5g_00000331,31,1,5,1160.0,,15.0
simu5g_00000331,31,1,6,1160.0,,15.0
simu5g_00000331,31,1,7,1160.0,,15.0
simu5g_00000331,31,1,8,1160.0,,15.0
simu5g_00000331,31,1,9,1160.0,,15.0
simu5g_00000331,31,1,10,1160.0,,15.0
simu5g_00000331,31,1,11,1160.0,,15.0
simu5g_00000331,31,1,12,1128.0,,14.0
simu5g_00000331,31,1,13,1160.0,,15.0
simu5g_00000331,31,1,14,1160.0,,15.0
simu5g_00000331,31,1,15,1160.0,,15.0
simu5g_00000331,31,1,16,1160.0,,15.0
simu5g_00000331,31,1,17,1160.0,,15.0
simu5g_00000331,31,1,18,1160.0,,15.0
simu5g_00000331,31,1,19,1160.0,,15.0
simu5g_00000331,31,1,20,1160.0,,15.0
simu5g_00000331,31,1,21,1160.0,,15.0
simu5g_00000331,31,1,22,1160.0,,15.0
simu5g_00000331,31,1,23,1160.0,,15.0
simu5g_00000331,31,1,24,1160.0,,15.0
simu5g_00000332,0,0,0,1128.0,,14.0
simu5g_00000332,0,0,1,432.0,,7.0
simu5g_00000332,0,0,2,1160.0,,15.0
simu5g_00000332,0,0,3,888.0,,12.0
simu5g_00000332,0,0,4,1128.0,,14.0
simu5g_00000332,0,0,5,888.0,,12.0
simu5g_00000332,0,0,6,984.0,,13.0
simu5g_00000332,0,0,7,1128.0,,14.0
simu5g_00000332,0,0,8,704.0,,10.0
simu5g_00000332,0,0,9,984.0,,13.0
simu5g_00000332,0,0,10,1128.0,,14.0
simu5g_00000332,0,0,11,1160.0,,15.0
simu5g_00000332,0,0,12,1128.0,,14.0
simu5g_00000332,0,0,13,984.0,,13.0
simu5g_00000332,0,0,14,1128.0,,14.0
simu5g_00000332,0,0,15,1128.0,,14.0
simu5g_00000332,0,0,16,984.0,,13.0
simu5g_00000332,0,0,17,1160.0,,15.0
simu5g_00000332,0,0,18,1128.0,,14.0
simu5g_00000332,0,0,19,984.0,,13.0
simu5g_00000332,0,0,20,1160.0,,15.0
simu5g_00000332,0,0,21,704.0,,10.0
simu5g_00000332,0,0,22,1128.0,,14.0
simu5g_00000332,0,0,23,1160.0,,15.0
simu5g_00000332,0,0,24,984.0,,13.0
simu5g_00000332,1,1,0,1128.0,,14.0
simu5g_00000332,1,1,1,984.0,,13.0
simu5g_00000332,1,1,2,984.0,,13.0
simu5g_00000332,1,1,3,1160.0,,15.0
simu5g_00000332,1,1,4,984.0,,13.0
simu5g_00000332,1,1,5,1128.0,,14.0
simu5g_00000332,1,1,6,1128.0,,14.0
simu5g_00000332,1,1,7,808.0,,11.0
simu5g_00000332,1,1,8,608.0,,9.0
simu5g_00000332,1,1,9,1128.0,,14.0
simu5g_00000332,1,1,10,1128.0,,14.0
simu5g_00000332,1,1,11,1128.0,,14.0
simu5g_00000332,1,1,12,1128.0,,14.0
simu5g_00000332,1,1,13,1160.0,,15.0
simu5g_00000332,1,1,14,1128.0,,14.0
simu5g_00000332,1,1,15,1160.0,,15.0
simu5g_00000332,1,1,16,1128.0,,14.0
simu5g_00000332,1,1,17,1128.0,,14.0
simu5g_00000332,1,1,18,1128.0,,14.0
simu5g_00000332,1,1,19,1128.0,,14.0
simu5g_00000332,1,1,20,1160.0,,15.0
simu5g_00000332,1,1,21,608.0,,9.0
simu5g_00000332,1,1,22,1128.0,,14.0
simu5g_00000332,1,1,23,984.0,,13.0
simu5g_00000332,1,1,24,1128.0,,14.0
simu5g_00000332,2,2,0,1128.0,,14.0
simu5g_00000332,2,2,1,1160.0,,15.0
simu5g_00000332,2,2,2,1128.0,,14.0
simu5g_00000332,2,2,3,1160.0,,15.0
simu5g_00000332,2,2,4,1128.0,,14.0
simu5g_00000332,2,2,5,1128.0,,14.0
simu5g_00000332,2,2,6,1128.0,,14.0
simu5g_00000332,2,2,7,808.0,,11.0
simu5g_00000332,2,2,8,1160.0,,15.0
simu5g_00000332,2,2,9,1160.0,,15.0
simu5g_00000332,2,2,10,1160.0,,15.0
simu5g_00000332,2,2,11,888.0,,12.0
simu5g_00000332,2,2,12,1128.0,,14.0
simu5g_00000332,2,2,13,1160.0,,15.0
simu5g_00000332,2,2,14,1160.0,,15.0
simu5g_00000332,2,2,15,1160.0,,15.0
simu5g_00000332,2,2,16,984.0,,13.0
simu5g_00000332,2,2,17,1128.0,,14.0
simu5g_00000332,2,2,18,1128.0,,14.0
simu5g_00000332,2,2,19,1160.0,,15.0
simu5g_00000332,2,2,20,1160.0,,15.0
simu5g_00000332,2,2,21,1128.0,,14.0
simu5g_00000332,2,2,22,984.0,,13.0
simu5g_00000332,2,2,23,1160.0,,15.0
simu5g_00000332,2,2,24,984.0,,13.0
simu5g_00000332,3,3,0,984.0,,13.0
simu5g_00000332,3,3,1,1160.0,,15.0
simu5g_00000332,3,3,2,1128.0,,14.0
simu5g_00000332,3,3,3,1128.0,,14.0
simu5g_00000332,3,3,4,1160.0,,15.0
simu5g_00000332,3,3,5,1160.0,,15.0
simu5g_00000332,3,3,6,1160.0,,15.0
simu5g_00000332,3,3,7,1128.0,,14.0
simu5g_00000332,3,3,8,808.0,,11.0
simu5g_00000332,3,3,9,808.0,,11.0
simu5g_00000332,3,3,10,1128.0,,14.0
simu5g_00000332,3,3,11,1128.0,,14.0
simu5g_00000332,3,3,12,1160.0,,15.0
simu5g_00000332,3,3,13,1160.0,,15.0
simu5g_00000332,3,3,14,1160.0,,15.0
simu5g_00000332,3,3,15,1128.0,,14.0
simu5g_00000332,3,3,16,1160.0,,15.0
simu5g_00000332,3,3,17,1128.0,,14.0
simu5g_00000332,3,3,18,1128.0,,14.0
simu5g_00000332,3,3,19,1128.0,,14.0
simu5g_00000332,3,3,20,1160.0,,15.0
simu5g_00000332,3,3,21,1128.0,,14.0
simu5g_00000332,3,3,22,984.0,,13.0
simu5g_00000332,3,3,23,1160.0,,15.0
simu5g_00000332,3,3,24,984.0,,13.0
simu5g_00000332,4,4,0,984.0,,13.0
simu5g_00000332,4,4,1,608.0,,9.0
simu5g_00000332,4,4,2,984.0,,13.0
simu5g_00000332,4,4,3,304.0,,5.0
simu5g_00000332,4,4,4,888.0,,12.0
simu5g_00000332,4,4,5,1128.0,,14.0
simu5g_00000332,4,4,6,984.0,,13.0
simu5g_00000332,4,4,7,368.0,,6.0
simu5g_00000332,4,4,8,608.0,,9.0
simu5g_00000332,4,4,9,888.0,,12.0
simu5g_00000332,4,4,10,888.0,,12.0
simu5g_00000332,4,4,11,984.0,,13.0
simu5g_00000332,4,4,12,1128.0,,14.0
simu5g_00000332,4,4,13,808.0,,11.0
simu5g_00000332,4,4,14,984.0,,13.0
simu5g_00000332,4,4,15,608.0,,9.0
simu5g_00000332,4,4,16,704.0,,10.0
simu5g_00000332,4,4,17,808.0,,11.0
simu5g_00000332,4,4,18,1128.0,,14.0
simu5g_00000332,4,4,19,984.0,,13.0
simu5g_00000332,4,4,20,888.0,,12.0
simu5g_00000332,4,4,21,608.0,,9.0
simu5g_00000332,4,4,22,1128.0,,14.0
simu5g_00000332,4,4,23,984.0,,13.0
simu5g_00000332,4,4,24,808.0,,11.0
simu5g_00000333,15,0,0,1160.0,,15.0
simu5g_00000333,15,0,1,1160.0,,15.0
simu5g_00000333,15,0,2,1160.0,,15.0
simu5g_00000333,15,0,3,1160.0,,15.0
simu5g_00000333,15,0,4,1128.0,,14.0
simu5g_00000333,15,0,5,984.0,,13.0
simu5g_00000333,15,0,6,1160.0,,15.0
simu5g_00000333,15,0,7,1160.0,,15.0
simu5g_00000333,15,0,8,1160.0,,15.0
simu5g_00000333,15,0,9,1160.0,,15.0
simu5g_00000333,15,0,10,1160.0,,15.0
simu5g_00000333,15,0,11,1160.0,,15.0
simu5g_00000333,15,0,12,1128.0,,14.0
simu5g_00000333,15,0,13,1160.0,,15.0
simu5g_00000333,15,0,14,1160.0,,15.0
simu5g_00000333,15,0,15,1160.0,,15.0
simu5g_00000333,15,0,16,1160.0,,15.0
simu5g_00000333,15,0,17,1160.0,,15.0
simu5g_00000333,15,0,18,1160.0,,15.0
simu5g_00000333,15,0,19,1160.0,,15.0
simu5g_00000333,15,0,20,1160.0,,15.0
simu5g_00000333,15,0,21,1160.0,,15.0
simu5g_00000333,15,0,22,1160.0,,15.0
simu5g_00000333,15,0,23,1160.0,,15.0
simu5g_00000333,15,0,24,1160.0,,15.0
simu5g_00000333,31,1,0,1160.0,,15.0
simu5g_00000333,31,1,1,1160.0,,15.0
simu5g_00000333,31,1,2,1160.0,,15.0
simu5g_00000333,31,1,3,1160.0,,15.0
simu5g_00000333,31,1,4,1160.0,,15.0
simu5g_00000333,31,1,5,1160.0,,15.0
simu5g_00000333,31,1,6,1160.0,,15.0
simu5g_00000333,31,1,7,1160.0,,15.0
simu5g_00000333,31,1,8,1160.0,,15.0
simu5g_00000333,31,1,9,1160.0,,15.0
simu5g_00000333,31,1,10,1160.0,,15.0
simu5g_00000333,31,1,11,1160.0,,15.0
simu5g_00000333,31,1,12,1128.0,,14.0
simu5g_00000333,31,1,13,1160.0,,15.0
simu5g_00000333,31,1,14,1160.0,,15.0
simu5g_00000333,31,1,15,1160.0,,15.0
simu5g_00000333,31,1,16,1160.0,,15.0
simu5g_00000333,31,1,17,1160.0,,15.0
simu5g_00000333,31,1,18,1160.0,,15.0
simu5g_00000333,31,1,19,1160.0,,15.0
simu5g_00000333,31,1,20,1160.0,,15.0
simu5g_00000333,31,1,21,1160.0,,15.0
simu5g_00000333,31,1,22,1160.0,,15.0
simu5g_00000333,31,1,23,1160.0,,15.0
simu5g_00000333,31,1,24,1160.0,,15.0
simu5g_00000334,0,0,0,1128.0,,14.0
simu5g_00000334,0,0,1,432.0,,7.0
simu5g_00000334,0,0,2,1160.0,,15.0
simu5g_00000334,0,0,3,888.0,,12.0
simu5g_00000334,0,0,4,1128.0,,14.0
simu5g_00000334,0,0,5,888.0,,12.0
simu5g_00000334,0,0,6,984.0,,13.0
simu5g_00000334,0,0,7,1128.0,,14.0
simu5g_00000334,0,0,8,704.0,,10.0
simu5g_00000334,0,0,9,984.0,,13.0
simu5g_00000334,0,0,10,1128.0,,14.0
simu5g_00000334,0,0,11,1160.0,,15.0
simu5g_00000334,0,0,12,1128.0,,14.0
simu5g_00000334,0,0,13,984.0,,13.0
simu5g_00000334,0,0,14,1128.0,,14.0
simu5g_00000334,0,0,15,1128.0,,14.0
simu5g_00000334,0,0,16,984.0,,13.0
simu5g_00000334,0,0,17,1160.0,,15.0
simu5g_00000334,0,0,18,1128.0,,14.0
simu5g_00000334,0,0,19,984.0,,13.0
simu5g_00000334,0,0,20,1160.0,,15.0
simu5g_00000334,0,0,21,704.0,,10.0
simu5g_00000334,0,0,22,1128.0,,14.0
simu5g_00000334,0,0,23,1160.0,,15.0
simu5g_00000334,0,0,24,984.0,,13.0
simu5g_00000334,1,1,0,1128.0,,14.0
simu5g_00000334,1,1,1,984.0,,13.0
simu5g_00000334,1,1,2,984.0,,13.0
simu5g_00000334,1,1,3,1128.0,,14.0
simu5g_00000334,1,1,4,984.0,,13.0
simu5g_00000334,1,1,5,1128.0,,14.0
simu5g_00000334,1,1,6,1128.0,,14.0
simu5g_00000334,1,1,7,808.0,,11.0
simu5g_00000334,1,1,8,608.0,,9.0
simu5g_00000334,1,1,9,1128.0,,14.0
simu5g_00000334,1,1,10,1128.0,,14.0
simu5g_00000334,1,1,11,984.0,,13.0
simu5g_00000334,1,1,12,984.0,,13.0
simu5g_00000334,1,1,13,1160.0,,15.0
simu5g_00000334,1,1,14,1128.0,,14.0
simu5g_00000334,1,1,15,1128.0,,14.0
simu5g_00000334,1,1,16,984.0,,13.0
simu5g_00000334,1,1,17,984.0,,13.0
simu5g_00000334,1,1,18,984.0,,13.0
simu5g_00000334,1,1,19,1128.0,,14.0
simu5g_00000334,1,1,20,1128.0,,14.0
simu5g_00000334,1,1,21,528.0,,8.0
simu5g_00000334,1,1,22,1128.0,,14.0
simu5g_00000334,1,1,23,888.0,,12.0
simu5g_00000334,1,1,24,1128.0,,14.0
simu5g_00000334,2,2,0,1160.0,,15.0
simu5g_00000334,2,2,1,1160.0,,15.0
simu5g_00000334,2,2,2,1160.0,,15.0
simu5g_00000334,2,2,3,1160.0,,15.0
simu5g_00000334,2,2,4,1160.0,,15.0
simu5g_00000334,2,2,5,1128.0,,14.0
simu5g_00000334,2,2,6,1160.0,,15.0
simu5g_00000334,2,2,7,984.0,,13.0
simu5g_00000334,2,2,8,1160.0,,15.0
simu5g_00000334,2,2,9,1160.0,,15.0
simu5g_00000334,2,2,10,1160.0,,15.0
simu5g_00000334,2,2,11,984.0,,13.0
simu5g_00000334,2,2,12,1160.0,,15.0
simu5g_00000334,2,2,13,1160.0,,15.0
simu5g_00000334,2,2,14,1160.0,,15.0
simu5g_00000334,2,2,15,1160.0,,15.0
simu5g_00000334,2,2,16,1128.0,,14.0
simu5g_00000334,2,2,17,1160.0,,15.0
simu5g_00000334,2,2,18,1160.0,,15.0
simu5g_00000334,2,2,19,1160.0,,15.0
simu5g_00000334,2,2,20,1160.0,,15.0
simu5g_00000334,2,2,21,1160.0,,15.0
simu5g_00000334,2,2,22,1128.0,,14.0
simu5g_00000334,2,2,23,1160.0,,15.0
simu5g_00000334,2,2,24,1128.0,,14.0
simu5g_00000334,3,3,0,984.0,,13.0
simu5g_00000334,3,3,1,1160.0,,15.0
simu5g_00000334,3,3,2,1128.0,,14.0
simu5g_00000334,3,3,3,1128.0,,14.0
simu5g_00000334,3,3,4,1160.0,,15.0
simu5g_00000334,3,3,5,1160.0,,15.0
simu5g_00000334,3,3,6,1160.0,,15.0
simu5g_00000334,3,3,7,1128.0,,14.0
simu5g_00000334,3,3,8,808.0,,11.0
simu5g_00000334,3,3,9,808.0,,11.0
simu5g_00000334,3,3,10,1128.0,,14.0
simu5g_00000334,3,3,11,1128.0,,14.0
simu5g_00000334,3,3,12,1160.0,,15.0
simu5g_00000334,3,3,13,1160.0,,15.0
simu5g_00000334,3,3,14,1160.0,,15.0
simu5g_00000334,3,3,15,1128.0,,14.0
simu5g_00000334,3,3,16,1160.0,,15.0
simu5g_00000334,3,3,17,1128.0,,14.0
simu5g_00000334,3,3,18,1128.0,,14.0
simu5g_00000334,3,3,19,1128.0,,14.0
simu5g_00000334,3,3,20,1160.0,,15.0
simu5g_00000334,3,3,21,1128.0,,14.0
simu5g_00000334,3,3,22,984.0,,13.0
simu5g_00000334,3,3,23,1160.0,,15.0
simu5g_00000334,3,3,24,984.0,,13.0
simu5g_00000334,4,4,0,984.0,,13.0
simu5g_00000334,4,4,1,608.0,,9.0
simu5g_00000334,4,4,2,984.0,,13.0
simu5g_00000334,4,4,3,304.0,,5.0
simu5g_00000334,4,4,4,888.0,,12.0
simu5g_00000334,4,4,5,1128.0,,14.0
simu5g_00000334,4,4,6,984.0,,13.0
simu5g_00000334,4,4,7,368.0,,6.0
simu5g_00000334,4,4,8,608.0,,9.0
simu5g_00000334,4,4,9,888.0,,12.0
simu5g_00000334,4,4,10,888.0,,12.0
simu5g_00000334,4,4,11,984.0,,13.0
simu5g_00000334,4,4,12,1128.0,,14.0
simu5g_00000334,4,4,13,808.0,,11.0
simu5g_00000334,4,4,14,984.0,,13.0
simu5g_00000334,4,4,15,608.0,,9.0
simu5g_00000334,4,4,16,704.0,,10.0
simu5g_00000334,4,4,17,808.0,,11.0
simu5g_00000334,4,4,18,1128.0,,14.0
simu5g_00000334,4,4,19,984.0,,13.0
simu5g_00000334,4,4,20,888.0,,12.0
simu5g_00000334,4,4,21,608.0,,9.0
simu5g_00000334,4,4,22,1128.0,,14.0
simu5g_00000334,4,4,23,984.0,,13.0
simu5g_00000334,4,4,24,808.0,,11.0
simu5g_00000335,15,0,0,1160.0,,15.0
simu5g_00000335,15,0,1,1160.0,,15.0
simu5g_00000335,15,0,2,1160.0,,15.0
simu5g_00000335,15,0,3,1160.0,,15.0
simu5g_00000335,15,0,4,1128.0,,14.0
simu5g_00000335,15,0,5,984.0,,13.0
simu5g_00000335,15,0,6,1160.0,,15.0
simu5g_00000335,15,0,7,1160.0,,15.0
simu5g_00000335,15,0,8,1160.0,,15.0
simu5g_00000335,15,0,9,1160.0,,15.0
simu5g_00000335,15,0,10,1160.0,,15.0
simu5g_00000335,15,0,11,1160.0,,15.0
simu5g_00000335,15,0,12,1128.0,,14.0
simu5g_00000335,15,0,13,1160.0,,15.0
simu5g_00000335,15,0,14,1160.0,,15.0
simu5g_00000335,15,0,15,1160.0,,15.0
simu5g_00000335,15,0,16,1160.0,,15.0
simu5g_00000335,15,0,17,1160.0,,15.0
simu5g_00000335,15,0,18,1160.0,,15.0
simu5g_00000335,15,0,19,1160.0,,15.0
simu5g_00000335,15,0,20,1160.0,,15.0
simu5g_00000335,15,0,21,1160.0,,15.0
simu5g_00000335,15,0,22,1160.0,,15.0
simu5g_00000335,15,0,23,1160.0,,15.0
simu5g_00000335,15,0,24,1160.0,,15.0
simu5g_00000335,31,1,0,1160.0,,15.0
simu5g_00000335,31,1,1,1160.0,,15.0
simu5g_00000335,31,1,2,1160.0,,15.0
simu5g_00000335,31,1,3,1160.0,,15.0
simu5g_00000335,31,1,4,1160.0,,15.0
simu5g_00000335,31,1,5,1160.0,,15.0
simu5g_00000335,31,1,6,1160.0,,15.0
simu5g_00000335,31,1,7,1160.0,,15.0
simu5g_00000335,31,1,8,1160.0,,15.0
simu5g_00000335,31,1,9,1160.0,,15.0
simu5g_00000335,31,1,10,1160.0,,15.0
simu5g_00000335,31,1,11,1160.0,,15.0
simu5g_00000335,31,1,12,1128.0,,14.0
simu5g_00000335,31,1,13,1160.0,,15.0
simu5g_00000335,31,1,14,1160.0,,15.0
simu5g_00000335,31,1,15,1160.0,,15.0
simu5g_00000335,31,1,16,1160.0,,15.0
simu5g_00000335,31,1,17,1160.0,,15.0
simu5g_00000335,31,1,18,1160.0,,15.0
simu5g_00000335,31,1,19,1160.0,,15.0
simu5g_00000335,31,1,20,1160.0,,15.0
simu5g_00000335,31,1,21,1160.0,,15.0
simu5g_00000335,31,1,22,1160.0,,15.0
simu5g_00000335,31,1,23,1160.0,,15.0
simu5g_00000335,31,1,24,1160.0,,15.0
simu5g_00000336,0,0,0,1128.0,,14.0
simu5g_00000336,0,0,1,368.0,,6.0
simu5g_00000336,0,0,2,1128.0,,14.0
simu5g_00000336,0,0,3,704.0,,10.0
simu5g_00000336,0,0,4,984.0,,13.0
simu5g_00000336,0,0,5,704.0,,10.0
simu5g_00000336,0,0,6,808.0,,11.0
simu5g_00000336,0,0,7,984.0,,13.0
simu5g_00000336,0,0,8,528.0,,8.0
simu5g_00000336,0,0,9,888.0,,12.0
simu5g_00000336,0,0,10,984.0,,13.0
simu5g_00000336,0,0,11,1128.0,,14.0
simu5g_00000336,0,0,12,984.0,,13.0
simu5g_00000336,0,0,13,888.0,,12.0
simu5g_00000336,0,0,14,984.0,,13.0
simu5g_00000336,0,0,15,984.0,,13.0
simu5g_00000336,0,0,16,808.0,,11.0
simu5g_00000336,0,0,17,1128.0,,14.0
simu5g_00000336,0,0,18,984.0,,13.0
simu5g_00000336,0,0,19,888.0,,12.0
simu5g_00000336,0,0,20,1128.0,,14.0
simu5g_00000336,0,0,21,608.0,,9.0
simu5g_00000336,0,0,22,1128.0,,14.0
simu5g_00000336,0,0,23,1128.0,,14.0
simu5g_00000336,0,0,24,808.0,,11.0
simu5g_00000336,1,1,0,1128.0,,14.0
simu5g_00000336,1,1,1,984.0,,13.0
simu5g_00000336,1,1,2,984.0,,13.0
simu5g_00000336,1,1,3,1128.0,,14.0
simu5g_00000336,1,1,4,984.0,,13.0
simu5g_00000336,1,1,5,1128.0,,14.0
simu5g_00000336,1,1,6,1128.0,,14.0
simu5g_00000336,1,1,7,808.0,,11.0
simu5g_00000336,1,1,8,608.0,,9.0
simu5g_00000336,1,1,9,1128.0,,14.0
simu5g_00000336,1,1,10,1128.0,,14.0
simu5g_00000336,1,1,11,984.0,,13.0
simu5g_00000336,1,1,12,984.0,,13.0
simu5g_00000336,1,1,13,1160.0,,15.0
simu5g_00000336,1,1,14,1128.0,,14.0
simu5g_00000336,1,1,15,1128.0,,14.0
simu5g_00000336,1,1,16,984.0,,13.0
simu5g_00000336,1,1,17,984.0,,13.0
simu5g_00000336,1,1,18,984.0,,13.0
simu5g_00000336,1,1,19,1128.0,,14.0
simu5g_00000336,1,1,20,1128.0,,14.0
simu5g_00000336,1,1,21,528.0,,8.0
simu5g_00000336,1,1,22,1128.0,,14.0
simu5g_00000336,1,1,23,888.0,,12.0
simu5g_00000336,1,1,24,1128.0,,14.0
simu5g_00000336,2,2,0,1160.0,,15.0
simu5g_00000336,2,2,1,1160.0,,15.0
simu5g_00000336,2,2,2,1160.0,,15.0
simu5g_00000336,2,2,3,1160.0,,15.0
simu5g_00000336,2,2,4,1160.0,,15.0
simu5g_00000336,2,2,5,1128.0,,14.0
simu5g_00000336,2,2,6,1160.0,,15.0
simu5g_00000336,2,2,7,984.0,,13.0
simu5g_00000336,2,2,8,1160.0,,15.0
simu5g_00000336,2,2,9,1160.0,,15.0
simu5g_00000336,2,2,10,1160.0,,15.0
simu5g_00000336,2,2,11,984.0,,13.0
simu5g_00000336,2,2,12,1160.0,,15.0
simu5g_00000336,2,2,13,1160.0,,15.0
simu5g_00000336,2,2,14,1160.0,,15.0
simu5g_00000336,2,2,15,1160.0,,15.0
simu5g_00000336,2,2,16,1128.0,,14.0
simu5g_00000336,2,2,17,1160.0,,15.0
simu5g_00000336,2,2,18,1160.0,,15.0
simu5g_00000336,2,2,19,1160.0,,15.0
simu5g_00000336,2,2,20,1160.0,,15.0
simu5g_00000336,2,2,21,1160.0,,15.0
simu5g_00000336,2,2,22,1128.0,,14.0
simu5g_00000336,2,2,23,1160.0,,15.0
simu5g_00000336,2,2,24,1128.0,,14.0
simu5g_00000336,3,3,0,704.0,,10.0
simu5g_00000336,3,3,1,1128.0,,14.0
simu5g_00000336,3,3,2,808.0,,11.0
simu5g_00000336,3,3,3,888.0,,12.0
simu5g_00000336,3,3,4,984.0,,13.0
simu5g_00000336,3,3,5,984.0,,13.0
simu5g_00000336,3,3,6,984.0,,13.0
simu5g_00000336,3,3,7,888.0,,12.0
simu5g_00000336,3,3,8,368.0,,6.0
simu5g_00000336,3,3,9,368.0,,6.0
simu5g_00000336,3,3,10,984.0,,13.0
simu5g_00000336,3,3,11,808.0,,11.0
simu5g_00000336,3,3,12,984.0,,13.0
simu5g_00000336,3,3,13,984.0,,13.0
simu5g_00000336,3,3,14,1128.0,,14.0
simu5g_00000336,3,3,15,984.0,,13.0
simu5g_00000336,3,3,16,984.0,,13.0
simu5g_00000336,3,3,17,984.0,,13.0
simu5g_00000336,3,3,18,984.0,,13.0
simu5g_00000336,3,3,19,984.0,,13.0
simu5g_00000336,3,3,20,984.0,,13.0
simu5g_00000336,3,3,21,808.0,,11.0
simu5g_00000336,3,3,22,608.0,,9.0
simu5g_00000336,3,3,23,984.0,,13.0
simu5g_00000336,3,3,24,608.0,,9.0
simu5g_00000336,4,4,0,984.0,,13.0
simu5g_00000336,4,4,1,608.0,,9.0
simu5g_00000336,4,4,2,984.0,,13.0
simu5g_00000336,4,4,3,304.0,,5.0
simu5g_00000336,4,4,4,888.0,,12.0
simu5g_00000336,4,4,5,1128.0,,14.0
simu5g_00000336,4,4,6,984.0,,13.0
simu5g_00000336,4,4,7,368.0,,6.0
simu5g_00000336,4,4,8,608.0,,9.0
simu5g_00000336,4,4,9,888.0,,12.0
simu5g_00000336,4,4,10,888.0,,12.0
simu5g_00000336,4,4,11,984.0,,13.0
simu5g_00000336,4,4,12,1128.0,,14.0
simu5g_00000336,4,4,13,808.0,,11.0
simu5g_00000336,4,4,14,984.0,,13.0
simu5g_00000336,4,4,15,608.0,,9.0
simu5g_00000336,4,4,16,704.0,,10.0
simu5g_00000336,4,4,17,808.0,,11.0
simu5g_00000336,4,4,18,1128.0,,14.0
simu5g_00000336,4,4,19,984.0,,13.0
simu5g_00000336,4,4,20,888.0,,12.0
simu5g_00000336,4,4,21,608.0,,9.0
simu5g_00000336,4,4,22,1128.0,,14.0
simu5g_00000336,4,4,23,984.0,,13.0
simu5g_00000336,4,4,24,808.0,,11.0
simu5g_00000337,15,0,0,1128.0,,14.0
simu5g_00000337,15,0,1,1160.0,,15.0
simu5g_00000337,15,0,2,1160.0,,15.0
simu5g_00000337,15,0,3,1160.0,,15.0
simu5g_00000337,15,0,4,1128.0,,14.0
simu5g_00000337,15,0,5,888.0,,12.0
simu5g_00000337,15,0,6,1160.0,,15.0
simu5g_00000337,15,0,7,1128.0,,14.0
simu5g_00000337,15,0,8,1160.0,,15.0
simu5g_00000337,15,0,9,1160.0,,15.0
simu5g_00000337,15,0,10,1160.0,,15.0
simu5g_00000337,15,0,11,1160.0,,15.0
simu5g_00000337,15,0,12,984.0,,13.0
simu5g_00000337,15,0,13,1160.0,,15.0
simu5g_00000337,15,0,14,1160.0,,15.0
simu5g_00000337,15,0,15,1128.0,,14.0
simu5g_00000337,15,0,16,1160.0,,15.0
simu5g_00000337,15,0,17,1160.0,,15.0
simu5g_00000337,15,0,18,1160.0,,15.0
simu5g_00000337,15,0,19,1160.0,,15.0
simu5g_00000337,15,0,20,1160.0,,15.0
simu5g_00000337,15,0,21,1160.0,,15.0
simu5g_00000337,15,0,22,1160.0,,15.0
simu5g_00000337,15,0,23,1160.0,,15.0
simu5g_00000337,15,0,24,1160.0,,15.0
simu5g_00000337,31,1,0,1160.0,,15.0
simu5g_00000337,31,1,1,1160.0,,15.0
simu5g_00000337,31,1,2,1160.0,,15.0
simu5g_00000337,31,1,3,1160.0,,15.0
simu5g_00000337,31,1,4,1160.0,,15.0
simu5g_00000337,31,1,5,1160.0,,15.0
simu5g_00000337,31,1,6,1160.0,,15.0
simu5g_00000337,31,1,7,1160.0,,15.0
simu5g_00000337,31,1,8,1160.0,,15.0
simu5g_00000337,31,1,9,1160.0,,15.0
simu5g_00000337,31,1,10,1160.0,,15.0
simu5g_00000337,31,1,11,1160.0,,15.0
simu5g_00000337,31,1,12,1128.0,,14.0
simu5g_00000337,31,1,13,1160.0,,15.0
simu5g_00000337,31,1,14,1160.0,,15.0
simu5g_00000337,31,1,15,1160.0,,15.0
simu5g_00000337,31,1,16,1160.0,,15.0
simu5g_00000337,31,1,17,1160.0,,15.0
simu5g_00000337,31,1,18,1160.0,,15.0
simu5g_00000337,31,1,19,1160.0,,15.0
simu5g_00000337,31,1,20,1160.0,,15.0
simu5g_00000337,31,1,21,1160.0,,15.0
simu5g_00000337,31,1,22,1160.0,,15.0
simu5g_00000337,31,1,23,1160.0,,15.0
simu5g_00000337,31,1,24,1160.0,,15.0
simu5g_00000338,0,0,0,1128.0,,14.0
simu5g_00000338,0,0,1,368.0,,6.0
simu5g_00000338,0,0,2,1128.0,,14.0
simu5g_00000338,0,0,3,704.0,,10.0
simu5g_00000338,0,0,4,984.0,,13.0
simu5g_00000338,0,0,5,704.0,,10.0
simu5g_00000338,0,0,6,808.0,,11.0
simu5g_00000338,0,0,7,984.0,,13.0
simu5g_00000338,0,0,8,528.0,,8.0
simu5g_00000338,0,0,9,888.0,,12.0
simu5g_00000338,0,0,10,984.0,,13.0
simu5g_00000338,0,0,11,1128.0,,14.0
simu5g_00000338,0,0,12,984.0,,13.0
simu5g_00000338,0,0,13,888.0,,12.0
simu5g_00000338,0,0,14,984.0,,13.0
simu5g_00000338,0,0,15,984.0,,13.0
simu5g_00000338,0,0,16,808.0,,11.0
simu5g_00000338,0,0,17,1128.0,,14.0
simu5g_00000338,0,0,18,984.0,,13.0
simu5g_00000338,0,0,19,888.0,,12.0
simu5g_00000338,0,0,20,1128.0,,14.0
simu5g_00000338,0,0,21,608.0,,9.0
simu5g_00000338,0,0,22,1128.0,,14.0
simu5g_00000338,0,0,23,1128.0,,14.0
simu5g_00000338,0,0,24,808.0,,11.0
simu5g_00000338,1,1,0,1128.0,,14.0
simu5g_00000338,1,1,1,984.0,,13.0
simu5g_00000338,1,1,2,984.0,,13.0
simu5g_00000338,1,1,3,1128.0,,14.0
simu5g_00000338,1,1,4,984.0,,13.0
simu5g_00000338,1,1,5,1128.0,,14.0
simu5g_00000338,1,1,6,1128.0,,14.0
simu5g_00000338,1,1,7,808.0,,11.0
simu5g_00000338,1,1,8,608.0,,9.0
simu5g_00000338,1,1,9,1128.0,,14.0
simu5g_00000338,1,1,10,1128.0,,14.0
simu5g_00000338,1,1,11,984.0,,13.0
simu5g_00000338,1,1,12,984.0,,13.0
simu5g_00000338,1,1,13,1160.0,,15.0
simu5g_00000338,1,1,14,1128.0,,14.0
simu5g_00000338,1,1,15,1128.0,,14.0
simu5g_00000338,1,1,16,984.0,,13.0
simu5g_00000338,1,1,17,984.0,,13.0
simu5g_00000338,1,1,18,984.0,,13.0
simu5g_00000338,1,1,19,1128.0,,14.0
simu5g_00000338,1,1,20,1128.0,,14.0
simu5g_00000338,1,1,21,528.0,,8.0
simu5g_00000338,1,1,22,1128.0,,14.0
simu5g_00000338,1,1,23,888.0,,12.0
simu5g_00000338,1,1,24,1128.0,,14.0
simu5g_00000338,2,2,0,1160.0,,15.0
simu5g_00000338,2,2,1,1160.0,,15.0
simu5g_00000338,2,2,2,1160.0,,15.0
simu5g_00000338,2,2,3,1160.0,,15.0
simu5g_00000338,2,2,4,1160.0,,15.0
simu5g_00000338,2,2,5,1128.0,,14.0
simu5g_00000338,2,2,6,1160.0,,15.0
simu5g_00000338,2,2,7,984.0,,13.0
simu5g_00000338,2,2,8,1160.0,,15.0
simu5g_00000338,2,2,9,1160.0,,15.0
simu5g_00000338,2,2,10,1160.0,,15.0
simu5g_00000338,2,2,11,984.0,,13.0
simu5g_00000338,2,2,12,1160.0,,15.0
simu5g_00000338,2,2,13,1160.0,,15.0
simu5g_00000338,2,2,14,1160.0,,15.0
simu5g_00000338,2,2,15,1160.0,,15.0
simu5g_00000338,2,2,16,1128.0,,14.0
simu5g_00000338,2,2,17,1160.0,,15.0
simu5g_00000338,2,2,18,1160.0,,15.0
simu5g_00000338,2,2,19,1160.0,,15.0
simu5g_00000338,2,2,20,1160.0,,15.0
simu5g_00000338,2,2,21,1160.0,,15.0
simu5g_00000338,2,2,22,1128.0,,14.0
simu5g_00000338,2,2,23,1160.0,,15.0
simu5g_00000338,2,2,24,1128.0,,14.0
simu5g_00000338,3,3,0,704.0,,10.0
simu5g_00000338,3,3,1,1128.0,,14.0
simu5g_00000338,3,3,2,808.0,,11.0
simu5g_00000338,3,3,3,888.0,,12.0
simu5g_00000338,3,3,4,984.0,,13.0
simu5g_00000338,3,3,5,984.0,,13.0
simu5g_00000338,3,3,6,984.0,,13.0
simu5g_00000338,3,3,7,888.0,,12.0
simu5g_00000338,3,3,8,368.0,,6.0
simu5g_00000338,3,3,9,368.0,,6.0
simu5g_00000338,3,3,10,984.0,,13.0
simu5g_00000338,3,3,11,808.0,,11.0
simu5g_00000338,3,3,12,984.0,,13.0
simu5g_00000338,3,3,13,984.0,,13.0
simu5g_00000338,3,3,14,1128.0,,14.0
simu5g_00000338,3,3,15,984.0,,13.0
simu5g_00000338,3,3,16,984.0,,13.0
simu5g_00000338,3,3,17,984.0,,13.0
simu5g_00000338,3,3,18,984.0,,13.0
simu5g_00000338,3,3,19,984.0,,13.0
simu5g_00000338,3,3,20,984.0,,13.0
simu5g_00000338,3,3,21,808.0,,11.0
simu5g_00000338,3,3,22,608.0,,9.0
simu5g_00000338,3,3,23,984.0,,13.0
simu5g_00000338,3,3,24,608.0,,9.0
simu5g_00000338,4,4,0,984.0,,13.0
simu5g_00000338,4,4,1,608.0,,9.0
simu5g_00000338,4,4,2,984.0,,13.0
simu5g_00000338,4,4,3,304.0,,5.0
simu5g_00000338,4,4,4,888.0,,12.0
simu5g_00000338,4,4,5,1128.0,,14.0
simu5g_00000338,4,4,6,984.0,,13.0
simu5g_00000338,4,4,7,368.0,,6.0
simu5g_00000338,4,4,8,608.0,,9.0
simu5g_00000338,4,4,9,888.0,,12.0
simu5g_00000338,4,4,10,888.0,,12.0
simu5g_00000338,4,4,11,984.0,,13.0
simu5g_00000338,4,4,12,1128.0,,14.0
simu5g_00000338,4,4,13,808.0,,11.0
simu5g_00000338,4,4,14,984.0,,13.0
simu5g_00000338,4,4,15,608.0,,9.0
simu5g_00000338,4,4,16,704.0,,10.0
simu5g_00000338,4,4,17,808.0,,11.0
simu5g_00000338,4,4,18,1128.0,,14.0
simu5g_00000338,4,4,19,984.0,,13.0
simu5g_00000338,4,4,20,888.0,,12.0
simu5g_00000338,4,4,21,608.0,,9.0
simu5g_00000338,4,4,22,1128.0,,14.0
simu5g_00000338,4,4,23,984.0,,13.0
simu5g_00000338,4,4,24,808.0,,11.0
simu5g_00000339,15,0,0,1128.0,,14.0
simu5g_00000339,15,0,1,1160.0,,15.0
simu5g_00000339,15,0,2,1160.0,,15.0
simu5g_00000339,15,0,3,1160.0,,15.0
simu5g_00000339,15,0,4,1128.0,,14.0
simu5g_00000339,15,0,5,888.0,,12.0
simu5g_00000339,15,0,6,1160.0,,15.0
simu5g_00000339,15,0,7,1128.0,,14.0
simu5g_00000339,15,0,8,1160.0,,15.0
simu5g_00000339,15,0,9,1160.0,,15.0
simu5g_00000339,15,0,10,1160.0,,15.0
simu5g_00000339,15,0,11,1160.0,,15.0
simu5g_00000339,15,0,12,984.0,,13.0
simu5g_00000339,15,0,13,1160.0,,15.0
simu5g_00000339,15,0,14,1160.0,,15.0
simu5g_00000339,15,0,15,1128.0,,14.0
simu5g_00000339,15,0,16,1160.0,,15.0
simu5g_00000339,15,0,17,1160.0,,15.0
simu5g_00000339,15,0,18,1160.0,,15.0
simu5g_00000339,15,0,19,1160.0,,15.0
simu5g_00000339,15,0,20,1160.0,,15.0
simu5g_00000339,15,0,21,1160.0,,15.0
simu5g_00000339,15,0,22,1160.0,,15.0
simu5g_00000339,15,0,23,1160.0,,15.0
simu5g_00000339,15,0,24,1160.0,,15.0
simu5g_00000339,31,1,0,1160.0,,15.0
simu5g_00000339,31,1,1,1160.0,,15.0
simu5g_00000339,31,1,2,1160.0,,15.0
simu5g_00000339,31,1,3,1160.0,,15.0
simu5g_00000339,31,1,4,1160.0,,15.0
simu5g_00000339,31,1,5,1160.0,,15.0
simu5g_00000339,31,1,6,1160.0,,15.0
simu5g_00000339,31,1,7,1160.0,,15.0
simu5g_00000339,31,1,8,1160.0,,15.0
simu5g_00000339,31,1,9,1160.0,,15.0
simu5g_00000339,31,1,10,1160.0,,15.0
simu5g_00000339,31,1,11,1160.0,,15.0
simu5g_00000339,31,1,12,1128.0,,14.0
simu5g_00000339,31,1,13,1160.0,,15.0
simu5g_00000339,31,1,14,1160.0,,15.0
simu5g_00000339,31,1,15,1160.0,,15.0
simu5g_00000339,31,1,16,1160.0,,15.0
simu5g_00000339,31,1,17,1160.0,,15.0
simu5g_00000339,31,1,18,1160.0,,15.0
simu5g_00000339,31,1,19,1160.0,,15.0
simu5g_00000339,31,1,20,1160.0,,15.0
simu5g_00000339,31,1,21,1160.0,,15.0
simu5g_00000339,31,1,22,1160.0,,15.0
simu5g_00000339,31,1,23,1160.0,,15.0
simu5g_00000339,31,1,24,1160.0,,15.0
simu5g_00000340,0,0,0,1128.0,,14.0
simu5g_00000340,0,0,1,368.0,,6.0
simu5g_00000340,0,0,2,1128.0,,14.0
simu5g_00000340,0,0,3,704.0,,10.0
simu5g_00000340,0,0,4,984.0,,13.0
simu5g_00000340,0,0,5,704.0,,10.0
simu5g_00000340,0,0,6,808.0,,11.0
simu5g_00000340,0,0,7,984.0,,13.0
simu5g_00000340,0,0,8,528.0,,8.0
simu5g_00000340,0,0,9,888.0,,12.0
simu5g_00000340,0,0,10,984.0,,13.0
simu5g_00000340,0,0,11,1128.0,,14.0
simu5g_00000340,0,0,12,984.0,,13.0
simu5g_00000340,0,0,13,888.0,,12.0
simu5g_00000340,0,0,14,984.0,,13.0
simu5g_00000340,0,0,15,984.0,,13.0
simu5g_00000340,0,0,16,808.0,,11.0
simu5g_00000340,0,0,17,1128.0,,14.0
simu5g_00000340,0,0,18,984.0,,13.0
simu5g_00000340,0,0,19,888.0,,12.0
simu5g_00000340,0,0,20,1128.0,,14.0
simu5g_00000340,0,0,21,608.0,,9.0
simu5g_00000340,0,0,22,1128.0,,14.0
simu5g_00000340,0,0,23,1128.0,,14.0
simu5g_00000340,0,0,24,808.0,,11.0
simu5g_00000340,1,1,0,1128.0,,14.0
simu5g_00000340,1,1,1,984.0,,13.0
simu5g_00000340,1,1,2,984.0,,13.0
simu5g_00000340,1,1,3,1128.0,,14.0
simu5g_00000340,1,1,4,984.0,,13.0
simu5g_00000340,1,1,5,1128.0,,14.0
simu5g_00000340,1,1,6,1128.0,,14.0
simu5g_00000340,1,1,7,808.0,,11.0
simu5g_00000340,1,1,8,608.0,,9.0
simu5g_00000340,1,1,9,1128.0,,14.0
simu5g_00000340,1,1,10,1128.0,,14.0
simu5g_00000340,1,1,11,984.0,,13.0
simu5g_00000340,1,1,12,984.0,,13.0
simu5g_00000340,1,1,13,1160.0,,15.0
simu5g_00000340,1,1,14,1128.0,,14.0
simu5g_00000340,1,1,15,1128.0,,14.0
simu5g_00000340,1,1,16,984.0,,13.0
simu5g_00000340,1,1,17,984.0,,13.0
simu5g_00000340,1,1,18,984.0,,13.0
simu5g_00000340,1,1,19,1128.0,,14.0
simu5g_00000340,1,1,20,1128.0,,14.0
simu5g_00000340,1,1,21,528.0,,8.0
simu5g_00000340,1,1,22,1128.0,,14.0
simu5g_00000340,1,1,23,888.0,,12.0
simu5g_00000340,1,1,24,1128.0,,14.0
simu5g_00000340,2,2,0,1160.0,,15.0
simu5g_00000340,2,2,1,1160.0,,15.0
simu5g_00000340,2,2,2,1160.0,,15.0
simu5g_00000340,2,2,3,1160.0,,15.0
simu5g_00000340,2,2,4,1160.0,,15.0
simu5g_00000340,2,2,5,1128.0,,14.0
simu5g_00000340,2,2,6,1160.0,,15.0
simu5g_00000340,2,2,7,984.0,,13.0
simu5g_00000340,2,2,8,1160.0,,15.0
simu5g_00000340,2,2,9,1160.0,,15.0
simu5g_00000340,2,2,10,1160.0,,15.0
simu5g_00000340,2,2,11,984.0,,13.0
simu5g_00000340,2,2,12,1160.0,,15.0
simu5g_00000340,2,2,13,1160.0,,15.0
simu5g_00000340,2,2,14,1160.0,,15.0
simu5g_00000340,2,2,15,1160.0,,15.0
simu5g_00000340,2,2,16,1128.0,,14.0
simu5g_00000340,2,2,17,1160.0,,15.0
simu5g_00000340,2,2,18,1160.0,,15.0
simu5g_00000340,2,2,19,1160.0,,15.0
simu5g_00000340,2,2,20,1160.0,,15.0
simu5g_00000340,2,2,21,1160.0,,15.0
simu5g_00000340,2,2,22,1128.0,,14.0
simu5g_00000340,2,2,23,1160.0,,15.0
simu5g_00000340,2,2,24,1128.0,,14.0
simu5g_00000340,3,3,0,704.0,,10.0
simu5g_00000340,3,3,1,1128.0,,14.0
simu5g_00000340,3,3,2,808.0,,11.0
simu5g_00000340,3,3,3,888.0,,12.0
simu5g_00000340,3,3,4,984.0,,13.0
simu5g_00000340,3,3,5,984.0,,13.0
simu5g_00000340,3,3,6,984.0,,13.0
simu5g_00000340,3,3,7,888.0,,12.0
simu5g_00000340,3,3,8,368.0,,6.0
simu5g_00000340,3,3,9,368.0,,6.0
simu5g_00000340,3,3,10,984.0,,13.0
simu5g_00000340,3,3,11,808.0,,11.0
simu5g_00000340,3,3,12,984.0,,13.0
simu5g_00000340,3,3,13,984.0,,13.0
simu5g_00000340,3,3,14,1128.0,,14.0
simu5g_00000340,3,3,15,984.0,,13.0
simu5g_00000340,3,3,16,984.0,,13.0
simu5g_00000340,3,3,17,984.0,,13.0
simu5g_00000340,3,3,18,984.0,,13.0
simu5g_00000340,3,3,19,984.0,,13.0
simu5g_00000340,3,3,20,984.0,,13.0
simu5g_00000340,3,3,21,808.0,,11.0
simu5g_00000340,3,3,22,608.0,,9.0
simu5g_00000340,3,3,23,984.0,,13.0
simu5g_00000340,3,3,24,608.0,,9.0
simu5g_00000340,4,4,0,984.0,,13.0
simu5g_00000340,4,4,1,608.0,,9.0
simu5g_00000340,4,4,2,984.0,,13.0
simu5g_00000340,4,4,3,304.0,,5.0
simu5g_00000340,4,4,4,888.0,,12.0
simu5g_00000340,4,4,5,1128.0,,14.0
simu5g_00000340,4,4,6,984.0,,13.0
simu5g_00000340,4,4,7,368.0,,6.0
simu5g_00000340,4,4,8,608.0,,9.0
simu5g_00000340,4,4,9,888.0,,12.0
simu5g_00000340,4,4,10,888.0,,12.0
simu5g_00000340,4,4,11,984.0,,13.0
simu5g_00000340,4,4,12,1128.0,,14.0
simu5g_00000340,4,4,13,808.0,,11.0
simu5g_00000340,4,4,14,984.0,,13.0
simu5g_00000340,4,4,15,608.0,,9.0
simu5g_00000340,4,4,16,704.0,,10.0
simu5g_00000340,4,4,17,808.0,,11.0
simu5g_00000340,4,4,18,1128.0,,14.0
simu5g_00000340,4,4,19,984.0,,13.0
simu5g_00000340,4,4,20,888.0,,12.0
simu5g_00000340,4,4,21,608.0,,9.0
simu5g_00000340,4,4,22,1128.0,,14.0
simu5g_00000340,4,4,23,984.0,,13.0
simu5g_00000340,4,4,24,808.0,,11.0
simu5g_00000341,15,0,0,1128.0,,14.0
simu5g_00000341,15,0,1,1160.0,,15.0
simu5g_00000341,15,0,2,1160.0,,15.0
simu5g_00000341,15,0,3,1160.0,,15.0
simu5g_00000341,15,0,4,1128.0,,14.0
simu5g_00000341,15,0,5,888.0,,12.0
simu5g_00000341,15,0,6,1160.0,,15.0
simu5g_00000341,15,0,7,1160.0,,15.0
simu5g_00000341,15,0,8,1160.0,,15.0
simu5g_00000341,15,0,9,1160.0,,15.0
simu5g_00000341,15,0,10,1160.0,,15.0
simu5g_00000341,15,0,11,1160.0,,15.0
simu5g_00000341,15,0,12,984.0,,13.0
simu5g_00000341,15,0,13,1160.0,,15.0
simu5g_00000341,15,0,14,1160.0,,15.0
simu5g_00000341,15,0,15,1128.0,,14.0
simu5g_00000341,15,0,16,1160.0,,15.0
simu5g_00000341,15,0,17,1160.0,,15.0
simu5g_00000341,15,0,18,1160.0,,15.0
simu5g_00000341,15,0,19,1160.0,,15.0
simu5g_00000341,15,0,20,1160.0,,15.0
simu5g_00000341,15,0,21,1160.0,,15.0
simu5g_00000341,15,0,22,1160.0,,15.0
simu5g_00000341,15,0,23,1160.0,,15.0
simu5g_00000341,15,0,24,1160.0,,15.0
simu5g_00000341,31,1,0,1160.0,,15.0
simu5g_00000341,31,1,1,1160.0,,15.0
simu5g_00000341,31,1,2,1160.0,,15.0
simu5g_00000341,31,1,3,1160.0,,15.0
simu5g_00000341,31,1,4,1160.0,,15.0
simu5g_00000341,31,1,5,1160.0,,15.0
simu5g_00000341,31,1,6,1160.0,,15.0
simu5g_00000341,31,1,7,1160.0,,15.0
simu5g_00000341,31,1,8,1160.0,,15.0
simu5g_00000341,31,1,9,1160.0,,15.0
simu5g_00000341,31,1,10,1160.0,,15.0
simu5g_00000341,31,1,11,1160.0,,15.0
simu5g_00000341,31,1,12,1128.0,,14.0
simu5g_00000341,31,1,13,1160.0,,15.0
simu5g_00000341,31,1,14,1160.0,,15.0
simu5g_00000341,31,1,15,1160.0,,15.0
simu5g_00000341,31,1,16,1160.0,,15.0
simu5g_00000341,31,1,17,1160.0,,15.0
simu5g_00000341,31,1,18,1160.0,,15.0
simu5g_00000341,31,1,19,1160.0,,15.0
simu5g_00000341,31,1,20,1160.0,,15.0
simu5g_00000341,31,1,21,1160.0,,15.0
simu5g_00000341,31,1,22,1160.0,,15.0
simu5g_00000341,31,1,23,1160.0,,15.0
simu5g_00000341,31,1,24,1160.0,,15.0
simu5g_00000342,0,0,0,1128.0,,14.0
simu5g_00000342,0,0,1,368.0,,6.0
simu5g_00000342,0,0,2,1128.0,,14.0
simu5g_00000342,0,0,3,704.0,,10.0
simu5g_00000342,0,0,4,984.0,,13.0
simu5g_00000342,0,0,5,704.0,,10.0
simu5g_00000342,0,0,6,808.0,,11.0
simu5g_00000342,0,0,7,984.0,,13.0
simu5g_00000342,0,0,8,528.0,,8.0
simu5g_00000342,0,0,9,888.0,,12.0
simu5g_00000342,0,0,10,984.0,,13.0
simu5g_00000342,0,0,11,1128.0,,14.0
simu5g_00000342,0,0,12,984.0,,13.0
simu5g_00000342,0,0,13,888.0,,12.0
simu5g_00000342,0,0,14,984.0,,13.0
simu5g_00000342,0,0,15,984.0,,13.0
simu5g_00000342,0,0,16,808.0,,11.0
simu5g_00000342,0,0,17,1128.0,,14.0
simu5g_00000342,0,0,18,984.0,,13.0
simu5g_00000342,0,0,19,888.0,,12.0
simu5g_00000342,0,0,20,1128.0,,14.0
simu5g_00000342,0,0,21,608.0,,9.0
simu5g_00000342,0,0,22,1128.0,,14.0
simu5g_00000342,0,0,23,1128.0,,14.0
simu5g_00000342,0,0,24,808.0,,11.0
simu5g_00000342,1,1,0,1160.0,,15.0
simu5g_00000342,1,1,1,1160.0,,15.0
simu5g_00000342,1,1,2,1160.0,,15.0
simu5g_00000342,1,1,3,1160.0,,15.0
simu5g_00000342,1,1,4,1160.0,,15.0
simu5g_00000342,1,1,5,1160.0,,15.0
simu5g_00000342,1,1,6,1160.0,,15.0
simu5g_00000342,1,1,7,1128.0,,14.0
simu5g_00000342,1,1,8,984.0,,13.0
simu5g_00000342,1,1,9,1160.0,,15.0
simu5g_00000342,1,1,10,1160.0,,15.0
simu5g_00000342,1,1,11,1160.0,,15.0
simu5g_00000342,1,1,12,1160.0,,15.0
simu5g_00000342,1,1,13,1160.0,,15.0
simu5g_00000342,1,1,14,1160.0,,15.0
simu5g_00000342,1,1,15,1160.0,,15.0
simu5g_00000342,1,1,16,1160.0,,15.0
simu5g_00000342,1,1,17,1160.0,,15.0
simu5g_00000342,1,1,18,1160.0,,15.0
simu5g_00000342,1,1,19,1160.0,,15.0
simu5g_00000342,1,1,20,1160.0,,15.0
simu5g_00000342,1,1,21,888.0,,12.0
simu5g_00000342,1,1,22,1160.0,,15.0
simu5g_00000342,1,1,23,1128.0,,14.0
simu5g_00000342,1,1,24,1160.0,,15.0
simu5g_00000342,2,2,0,1160.0,,15.0
simu5g_00000342,2,2,1,1160.0,,15.0
simu5g_00000342,2,2,2,1160.0,,15.0
simu5g_00000342,2,2,3,1160.0,,15.0
simu5g_00000342,2,2,4,1128.0,,14.0
simu5g_00000342,2,2,5,1128.0,,14.0
simu5g_00000342,2,2,6,1160.0,,15.0
simu5g_00000342,2,2,7,888.0,,12.0
simu5g_00000342,2,2,8,1160.0,,15.0
simu5g_00000342,2,2,9,1160.0,,15.0
simu5g_00000342,2,2,10,1160.0,,15.0
simu5g_00000342,2,2,11,984.0,,13.0
simu5g_00000342,2,2,12,1128.0,,14.0
simu5g_00000342,2,2,13,1160.0,,15.0
simu5g_00000342,2,2,14,1160.0,,15.0
simu5g_00000342,2,2,15,1160.0,,15.0
simu5g_00000342,2,2,16,984.0,,13.0
simu5g_00000342,2,2,17,1128.0,,14.0
simu5g_00000342,2,2,18,1128.0,,14.0
simu5g_00000342,2,2,19,1160.0,,15.0
simu5g_00000342,2,2,20,1160.0,,15.0
simu5g_00000342,2,2,21,1128.0,,14.0
simu5g_00000342,2,2,22,1128.0,,14.0
simu5g_00000342,2,2,23,1160.0,,15.0
simu5g_00000342,2,2,24,1128.0,,14.0
simu5g_00000342,3,3,0,704.0,,10.0
simu5g_00000342,3,3,1,1128.0,,14.0
simu5g_00000342,3,3,2,808.0,,11.0
simu5g_00000342,3,3,3,888.0,,12.0
simu5g_00000342,3,3,4,984.0,,13.0
simu5g_00000342,3,3,5,984.0,,13.0
simu5g_00000342,3,3,6,984.0,,13.0
simu5g_00000342,3,3,7,888.0,,12.0
simu5g_00000342,3,3,8,368.0,,6.0
simu5g_00000342,3,3,9,368.0,,6.0
simu5g_00000342,3,3,10,984.0,,13.0
simu5g_00000342,3,3,11,808.0,,11.0
simu5g_00000342,3,3,12,984.0,,13.0
simu5g_00000342,3,3,13,984.0,,13.0
simu5g_00000342,3,3,14,1128.0,,14.0
simu5g_00000342,3,3,15,984.0,,13.0
simu5g_00000342,3,3,16,984.0,,13.0
simu5g_00000342,3,3,17,984.0,,13.0
simu5g_00000342,3,3,18,984.0,,13.0
simu5g_00000342,3,3,19,984.0,,13.0
simu5g_00000342,3,3,20,984.0,,13.0
simu5g_00000342,3,3,21,808.0,,11.0
simu5g_00000342,3,3,22,608.0,,9.0
simu5g_00000342,3,3,23,984.0,,13.0
simu5g_00000342,3,3,24,608.0,,9.0
simu5g_00000342,4,4,0,1128.0,,14.0
simu5g_00000342,4,4,1,888.0,,12.0
simu5g_00000342,4,4,2,1128.0,,14.0
simu5g_00000342,4,4,3,368.0,,6.0
simu5g_00000342,4,4,4,1128.0,,14.0
simu5g_00000342,4,4,5,1128.0,,14.0
simu5g_00000342,4,4,6,1128.0,,14.0
simu5g_00000342,4,4,7,608.0,,9.0
simu5g_00000342,4,4,8,808.0,,11.0
simu5g_00000342,4,4,9,1128.0,,14.0
simu5g_00000342,4,4,10,984.0,,13.0
simu5g_00000342,4,4,11,1128.0,,14.0
simu5g_00000342,4,4,12,1160.0,,15.0
simu5g_00000342,4,4,13,984.0,,13.0
simu5g_00000342,4,4,14,1128.0,,14.0
simu5g_00000342,4,4,15,888.0,,12.0
simu5g_00000342,4,4,16,984.0,,13.0
simu5g_00000342,4,4,17,984.0,,13.0
simu5g_00000342,4,4,18,1160.0,,15.0
simu5g_00000342,4,4,19,1128.0,,14.0
simu5g_00000342,4,4,20,984.0,,13.0
simu5g_00000342,4,4,21,888.0,,12.0
simu5g_00000342,4,4,22,1160.0,,15.0
simu5g_00000342,4,4,23,1128.0,,14.0
simu5g_00000342,4,4,24,984.0,,13.0
simu5g_00000343,15,0,0,1160.0,,15.0
simu5g_00000343,15,0,1,1160.0,,15.0
simu5g_00000343,15,0,2,1160.0,,15.0
simu5g_00000343,15,0,3,1160.0,,15.0
simu5g_00000343,15,0,4,1128.0,,14.0
simu5g_00000343,15,0,5,888.0,,12.0
simu5g_00000343,15,0,6,1160.0,,15.0
simu5g_00000343,15,0,7,1160.0,,15.0
simu5g_00000343,15,0,8,1160.0,,15.0
simu5g_00000343,15,0,9,1160.0,,15.0
simu5g_00000343,15,0,10,1160.0,,15.0
simu5g_00000343,15,0,11,1160.0,,15.0
simu5g_00000343,15,0,12,984.0,,13.0
simu5g_00000343,15,0,13,1160.0,,15.0
simu5g_00000343,15,0,14,1160.0,,15.0
simu5g_00000343,15,0,15,1128.0,,14.0
simu5g_00000343,15,0,16,1160.0,,15.0
simu5g_00000343,15,0,17,1160.0,,15.0
simu5g_00000343,15,0,18,1160.0,,15.0
simu5g_00000343,15,0,19,1160.0,,15.0
simu5g_00000343,15,0,20,1160.0,,15.0
simu5g_00000343,15,0,21,1160.0,,15.0
simu5g_00000343,15,0,22,1160.0,,15.0
simu5g_00000343,15,0,23,1160.0,,15.0
simu5g_00000343,15,0,24,1160.0,,15.0
simu5g_00000343,31,1,0,1160.0,,15.0
simu5g_00000343,31,1,1,1160.0,,15.0
simu5g_00000343,31,1,2,1160.0,,15.0
simu5g_00000343,31,1,3,1160.0,,15.0
simu5g_00000343,31,1,4,1160.0,,15.0
simu5g_00000343,31,1,5,1160.0,,15.0
simu5g_00000343,31,1,6,1160.0,,15.0
simu5g_00000343,31,1,7,1160.0,,15.0
simu5g_00000343,31,1,8,1160.0,,15.0
simu5g_00000343,31,1,9,1160.0,,15.0
simu5g_00000343,31,1,10,1160.0,,15.0
simu5g_00000343,31,1,11,1160.0,,15.0
simu5g_00000343,31,1,12,1128.0,,14.0
simu5g_00000343,31,1,13,1160.0,,15.0
simu5g_00000343,31,1,14,1160.0,,15.0
simu5g_00000343,31,1,15,1160.0,,15.0
simu5g_00000343,31,1,16,1160.0,,15.0
simu5g_00000343,31,1,17,1160.0,,15.0
simu5g_00000343,31,1,18,1160.0,,15.0
simu5g_00000343,31,1,19,1160.0,,15.0
simu5g_00000343,31,1,20,1160.0,,15.0
simu5g_00000343,31,1,21,1160.0,,15.0
simu5g_00000343,31,1,22,1160.0,,15.0
simu5g_00000343,31,1,23,1160.0,,15.0
simu5g_00000343,31,1,24,1160.0,,15.0
simu5g_00000344,0,0,0,1128.0,,14.0
simu5g_00000344,0,0,1,368.0,,6.0
simu5g_00000344,0,0,2,1128.0,,14.0
simu5g_00000344,0,0,3,808.0,,11.0
simu5g_00000344,0,0,4,1128.0,,14.0
simu5g_00000344,0,0,5,808.0,,11.0
simu5g_00000344,0,0,6,888.0,,12.0
simu5g_00000344,0,0,7,1128.0,,14.0
simu5g_00000344,0,0,8,608.0,,9.0
simu5g_00000344,0,0,9,984.0,,13.0
simu5g_00000344,0,0,10,1128.0,,14.0
simu5g_00000344,0,0,11,1160.0,,15.0
simu5g_00000344,0,0,12,984.0,,13.0
simu5g_00000344,0,0,13,984.0,,13.0
simu5g_00000344,0,0,14,984.0,,13.0
simu5g_00000344,0,0,15,1128.0,,14.0
simu5g_00000344,0,0,16,984.0,,13.0
simu5g_00000344,0,0,17,1160.0,,15.0
simu5g_00000344,0,0,18,1128.0,,14.0
simu5g_00000344,0,0,19,984.0,,13.0
simu5g_00000344,0,0,20,1160.0,,15.0
simu5g_00000344,0,0,21,608.0,,9.0
simu5g_00000344,0,0,22,1128.0,,14.0
simu5g_00000344,0,0,23,1160.0,,15.0
simu5g_00000344,0,0,24,888.0,,12.0
simu5g_00000344,1,1,0,1160.0,,15.0
simu5g_00000344,1,1,1,1160.0,,15.0
simu5g_00000344,1,1,2,1160.0,,15.0
simu5g_00000344,1,1,3,1160.0,,15.0
simu5g_00000344,1,1,4,1160.0,,15.0
simu5g_00000344,1,1,5,1160.0,,15.0
simu5g_00000344,1,1,6,1160.0,,15.0
simu5g_00000344,1,1,7,1128.0,,14.0
simu5g_00000344,1,1,8,984.0,,13.0
simu5g_00000344,1,1,9,1160.0,,15.0
simu5g_00000344,1,1,10,1160.0,,15.0
simu5g_00000344,1,1,11,1160.0,,15.0
simu5g_00000344,1,1,12,1160.0,,15.0
simu5g_00000344,1,1,13,1160.0,,15.0
simu5g_00000344,1,1,14,1160.0,,15.0
simu5g_00000344,1,1,15,1160.0,,15.0
simu5g_00000344,1,1,16,1160.0,,15.0
simu5g_00000344,1,1,17,1160.0,,15.0
simu5g_00000344,1,1,18,1160.0,,15.0
simu5g_00000344,1,1,19,1160.0,,15.0
simu5g_00000344,1,1,20,1160.0,,15.0
simu5g_00000344,1,1,21,888.0,,12.0
simu5g_00000344,1,1,22,1160.0,,15.0
simu5g_00000344,1,1,23,1128.0,,14.0
simu5g_00000344,1,1,24,1160.0,,15.0
simu5g_00000344,2,2,0,1160.0,,15.0
simu5g_00000344,2,2,1,1160.0,,15.0
simu5g_00000344,2,2,2,1160.0,,15.0
simu5g_00000344,2,2,3,1160.0,,15.0
simu5g_00000344,2,2,4,1128.0,,14.0
simu5g_00000344,2,2,5,1128.0,,14.0
simu5g_00000344,2,2,6,1160.0,,15.0
simu5g_00000344,2,2,7,888.0,,12.0
simu5g_00000344,2,2,8,1160.0,,15.0
simu5g_00000344,2,2,9,1160.0,,15.0
simu5g_00000344,2,2,10,1160.0,,15.0
simu5g_00000344,2,2,11,984.0,,13.0
simu5g_00000344,2,2,12,1128.0,,14.0
simu5g_00000344,2,2,13,1160.0,,15.0
simu5g_00000344,2,2,14,1160.0,,15.0
simu5g_00000344,2,2,15,1160.0,,15.0
simu5g_00000344,2,2,16,984.0,,13.0
simu5g_00000344,2,2,17,1128.0,,14.0
simu5g_00000344,2,2,18,1128.0,,14.0
simu5g_00000344,2,2,19,1160.0,,15.0
simu5g_00000344,2,2,20,1160.0,,15.0
simu5g_00000344,2,2,21,1128.0,,14.0
simu5g_00000344,2,2,22,1128.0,,14.0
simu5g_00000344,2,2,23,1160.0,,15.0
simu5g_00000344,2,2,24,1128.0,,14.0
simu5g_00000344,3,3,0,704.0,,10.0
simu5g_00000344,3,3,1,1128.0,,14.0
simu5g_00000344,3,3,2,808.0,,11.0
simu5g_00000344,3,3,3,888.0,,12.0
simu5g_00000344,3,3,4,984.0,,13.0
simu5g_00000344,3,3,5,984.0,,13.0
simu5g_00000344,3,3,6,984.0,,13.0
simu5g_00000344,3,3,7,888.0,,12.0
simu5g_00000344,3,3,8,368.0,,6.0
simu5g_00000344,3,3,9,368.0,,6.0
simu5g_00000344,3,3,10,984.0,,13.0
simu5g_00000344,3,3,11,808.0,,11.0
simu5g_00000344,3,3,12,984.0,,13.0
simu5g_00000344,3,3,13,984.0,,13.0
simu5g_00000344,3,3,14,1128.0,,14.0
simu5g_00000344,3,3,15,984.0,,13.0
simu5g_00000344,3,3,16,984.0,,13.0
simu5g_00000344,3,3,17,984.0,,13.0
simu5g_00000344,3,3,18,984.0,,13.0
simu5g_00000344,3,3,19,984.0,,13.0
simu5g_00000344,3,3,20,984.0,,13.0
simu5g_00000344,3,3,21,808.0,,11.0
simu5g_00000344,3,3,22,608.0,,9.0
simu5g_00000344,3,3,23,984.0,,13.0
simu5g_00000344,3,3,24,608.0,,9.0
simu5g_00000344,4,4,0,1128.0,,14.0
simu5g_00000344,4,4,1,888.0,,12.0
simu5g_00000344,4,4,2,1128.0,,14.0
simu5g_00000344,4,4,3,368.0,,6.0
simu5g_00000344,4,4,4,1128.0,,14.0
simu5g_00000344,4,4,5,1128.0,,14.0
simu5g_00000344,4,4,6,1128.0,,14.0
simu5g_00000344,4,4,7,608.0,,9.0
simu5g_00000344,4,4,8,808.0,,11.0
simu5g_00000344,4,4,9,1128.0,,14.0
simu5g_00000344,4,4,10,984.0,,13.0
simu5g_00000344,4,4,11,1128.0,,14.0
simu5g_00000344,4,4,12,1160.0,,15.0
simu5g_00000344,4,4,13,984.0,,13.0
simu5g_00000344,4,4,14,1128.0,,14.0
simu5g_00000344,4,4,15,888.0,,12.0
simu5g_00000344,4,4,16,984.0,,13.0
simu5g_00000344,4,4,17,984.0,,13.0
simu5g_00000344,4,4,18,1160.0,,15.0
simu5g_00000344,4,4,19,1128.0,,14.0
simu5g_00000344,4,4,20,984.0,,13.0
simu5g_00000344,4,4,21,888.0,,12.0
simu5g_00000344,4,4,22,1160.0,,15.0
simu5g_00000344,4,4,23,1128.0,,14.0
simu5g_00000344,4,4,24,984.0,,13.0
simu5g_00000345,15,0,0,1160.0,,15.0
simu5g_00000345,15,0,1,1160.0,,15.0
simu5g_00000345,15,0,2,1160.0,,15.0
simu5g_00000345,15,0,3,1160.0,,15.0
simu5g_00000345,15,0,4,1128.0,,14.0
simu5g_00000345,15,0,5,888.0,,12.0
simu5g_00000345,15,0,6,1160.0,,15.0
simu5g_00000345,15,0,7,1160.0,,15.0
simu5g_00000345,15,0,8,1160.0,,15.0
simu5g_00000345,15,0,9,1160.0,,15.0
simu5g_00000345,15,0,10,1160.0,,15.0
simu5g_00000345,15,0,11,1160.0,,15.0
simu5g_00000345,15,0,12,984.0,,13.0
simu5g_00000345,15,0,13,1160.0,,15.0
simu5g_00000345,15,0,14,1160.0,,15.0
simu5g_00000345,15,0,15,1128.0,,14.0
simu5g_00000345,15,0,16,1160.0,,15.0
simu5g_00000345,15,0,17,1160.0,,15.0
simu5g_00000345,15,0,18,1160.0,,15.0
simu5g_00000345,15,0,19,1160.0,,15.0
simu5g_00000345,15,0,20,1160.0,,15.0
simu5g_00000345,15,0,21,1160.0,,15.0
simu5g_00000345,15,0,22,1160.0,,15.0
simu5g_00000345,15,0,23,1160.0,,15.0
simu5g_00000345,15,0,24,1160.0,,15.0
simu5g_00000345,31,1,0,1160.0,,15.0
simu5g_00000345,31,1,1,1160.0,,15.0
simu5g_00000345,31,1,2,1160.0,,15.0
simu5g_00000345,31,1,3,1160.0,,15.0
simu5g_00000345,31,1,4,1160.0,,15.0
simu5g_00000345,31,1,5,1160.0,,15.0
simu5g_00000345,31,1,6,1160.0,,15.0
simu5g_00000345,31,1,7,1160.0,,15.0
simu5g_00000345,31,1,8,1160.0,,15.0
simu5g_00000345,31,1,9,1160.0,,15.0
simu5g_00000345,31,1,10,1160.0,,15.0
simu5g_00000345,31,1,11,1160.0,,15.0
simu5g_00000345,31,1,12,1128.0,,14.0
simu5g_00000345,31,1,13,1160.0,,15.0
simu5g_00000345,31,1,14,1160.0,,15.0
simu5g_00000345,31,1,15,1160.0,,15.0
simu5g_00000345,31,1,16,1160.0,,15.0
simu5g_00000345,31,1,17,1160.0,,15.0
simu5g_00000345,31,1,18,1160.0,,15.0
simu5g_00000345,31,1,19,1160.0,,15.0
simu5g_00000345,31,1,20,1160.0,,15.0
simu5g_00000345,31,1,21,1160.0,,15.0
simu5g_00000345,31,1,22,1160.0,,15.0
simu5g_00000345,31,1,23,1160.0,,15.0
simu5g_00000345,31,1,24,1160.0,,15.0
simu5g_00000346,0,0,0,1128.0,,14.0
simu5g_00000346,0,0,1,368.0,,6.0
simu5g_00000346,0,0,2,1128.0,,14.0
simu5g_00000346,0,0,3,808.0,,11.0
simu5g_00000346,0,0,4,1128.0,,14.0
simu5g_00000346,0,0,5,808.0,,11.0
simu5g_00000346,0,0,6,888.0,,12.0
simu5g_00000346,0,0,7,1128.0,,14.0
simu5g_00000346,0,0,8,608.0,,9.0
simu5g_00000346,0,0,9,984.0,,13.0
simu5g_00000346,0,0,10,1128.0,,14.0
simu5g_00000346,0,0,11,1160.0,,15.0
simu5g_00000346,0,0,12,984.0,,13.0
simu5g_00000346,0,0,13,984.0,,13.0
simu5g_00000346,0,0,14,984.0,,13.0
simu5g_00000346,0,0,15,1128.0,,14.0
simu5g_00000346,0,0,16,984.0,,13.0
simu5g_00000346,0,0,17,1160.0,,15.0
simu5g_00000346,0,0,18,1128.0,,14.0
simu5g_00000346,0,0,19,984.0,,13.0
simu5g_00000346,0,0,20,1160.0,,15.0
simu5g_00000346,0,0,21,608.0,,9.0
simu5g_00000346,0,0,22,1128.0,,14.0
simu5g_00000346,0,0,23,1160.0,,15.0
simu5g_00000346,0,0,24,888.0,,12.0
simu5g_00000346,1,1,0,1160.0,,15.0
simu5g_00000346,1,1,1,1160.0,,15.0
simu5g_00000346,1,1,2,1160.0,,15.0
simu5g_00000346,1,1,3,1160.0,,15.0
simu5g_00000346,1,1,4,1160.0,,15.0
simu5g_00000346,1,1,5,1160.0,,15.0
simu5g_00000346,1,1,6,1160.0,,15.0
simu5g_00000346,1,1,7,1128.0,,14.0
simu5g_00000346,1,1,8,984.0,,13.0
simu5g_00000346,1,1,9,1160.0,,15.0
simu5g_00000346,1,1,10,1160.0,,15.0
simu5g_00000346,1,1,11,1160.0,,15.0
simu5g_00000346,1,1,12,1160.0,,15.0
simu5g_00000346,1,1,13,1160.0,,15.0
simu5g_00000346,1,1,14,1160.0,,15.0
simu5g_00000346,1,1,15,1160.0,,15.0
simu5g_00000346,1,1,16,1160.0,,15.0
simu5g_00000346,1,1,17,1160.0,,15.0
simu5g_00000346,1,1,18,1160.0,,15.0
simu5g_00000346,1,1,19,1160.0,,15.0
simu5g_00000346,1,1,20,1160.0,,15.0
simu5g_00000346,1,1,21,888.0,,12.0
simu5g_00000346,1,1,22,1160.0,,15.0
simu5g_00000346,1,1,23,1128.0,,14.0
simu5g_00000346,1,1,24,1160.0,,15.0
simu5g_00000346,2,2,0,1160.0,,15.0
simu5g_00000346,2,2,1,1160.0,,15.0
simu5g_00000346,2,2,2,1160.0,,15.0
simu5g_00000346,2,2,3,1160.0,,15.0
simu5g_00000346,2,2,4,1160.0,,15.0
simu5g_00000346,2,2,5,1128.0,,14.0
simu5g_00000346,2,2,6,1160.0,,15.0
simu5g_00000346,2,2,7,888.0,,12.0
simu5g_00000346,2,2,8,1160.0,,15.0
simu5g_00000346,2,2,9,1160.0,,15.0
simu5g_00000346,2,2,10,1160.0,,15.0
simu5g_00000346,2,2,11,984.0,,13.0
simu5g_00000346,2,2,12,1128.0,,14.0
simu5g_00000346,2,2,13,1160.0,,15.0
simu5g_00000346,2,2,14,1160.0,,15.0
simu5g_00000346,2,2,15,1160.0,,15.0
simu5g_00000346,2,2,16,984.0,,13.0
simu5g_00000346,2,2,17,1128.0,,14.0
simu5g_00000346,2,2,18,1128.0,,14.0
simu5g_00000346,2,2,19,1160.0,,15.0
simu5g_00000346,2,2,20,1160.0,,15.0
simu5g_00000346,2,2,21,1128.0,,14.0
simu5g_00000346,2,2,22,1128.0,,14.0
simu5g_00000346,2,2,23,1160.0,,15.0
simu5g_00000346,2,2,24,1128.0,,14.0
simu5g_00000346,3,3,0,704.0,,10.0
simu5g_00000346,3,3,1,1128.0,,14.0
simu5g_00000346,3,3,2,808.0,,11.0
simu5g_00000346,3,3,3,888.0,,12.0
simu5g_00000346,3,3,4,984.0,,13.0
simu5g_00000346,3,3,5,984.0,,13.0
simu5g_00000346,3,3,6,984.0,,13.0
simu5g_00000346,3,3,7,888.0,,12.0
simu5g_00000346,3,3,8,368.0,,6.0
simu5g_00000346,3,3,9,368.0,,6.0
simu5g_00000346,3,3,10,984.0,,13.0
simu5g_00000346,3,3,11,808.0,,11.0
simu5g_00000346,3,3,12,984.0,,13.0
simu5g_00000346,3,3,13,984.0,,13.0
simu5g_00000346,3,3,14,1128.0,,14.0
simu5g_00000346,3,3,15,984.0,,13.0
simu5g_00000346,3,3,16,984.0,,13.0
simu5g_00000346,3,3,17,984.0,,13.0
simu5g_00000346,3,3,18,984.0,,13.0
simu5g_00000346,3,3,19,984.0,,13.0
simu5g_00000346,3,3,20,984.0,,13.0
simu5g_00000346,3,3,21,808.0,,11.0
simu5g_00000346,3,3,22,608.0,,9.0
simu5g_00000346,3,3,23,984.0,,13.0
simu5g_00000346,3,3,24,608.0,,9.0
simu5g_00000346,4,4,0,1128.0,,14.0
simu5g_00000346,4,4,1,888.0,,12.0
simu5g_00000346,4,4,2,1128.0,,14.0
simu5g_00000346,4,4,3,368.0,,6.0
simu5g_00000346,4,4,4,1128.0,,14.0
simu5g_00000346,4,4,5,1128.0,,14.0
simu5g_00000346,4,4,6,1128.0,,14.0
simu5g_00000346,4,4,7,608.0,,9.0
simu5g_00000346,4,4,8,808.0,,11.0
simu5g_00000346,4,4,9,1128.0,,14.0
simu5g_00000346,4,4,10,984.0,,13.0
simu5g_00000346,4,4,11,1128.0,,14.0
simu5g_00000346,4,4,12,1160.0,,15.0
simu5g_00000346,4,4,13,984.0,,13.0
simu5g_00000346,4,4,14,1128.0,,14.0
simu5g_00000346,4,4,15,888.0,,12.0
simu5g_00000346,4,4,16,984.0,,13.0
simu5g_00000346,4,4,17,984.0,,13.0
simu5g_00000346,4,4,18,1160.0,,15.0
simu5g_00000346,4,4,19,1128.0,,14.0
simu5g_00000346,4,4,20,984.0,,13.0
simu5g_00000346,4,4,21,888.0,,12.0
simu5g_00000346,4,4,22,1160.0,,15.0
simu5g_00000346,4,4,23,1128.0,,14.0
simu5g_00000346,4,4,24,984.0,,13.0
simu5g_00000347,15,0,0,1160.0,,15.0
simu5g_00000347,15,0,1,1160.0,,15.0
simu5g_00000347,15,0,2,1160.0,,15.0
simu5g_00000347,15,0,3,1160.0,,15.0
simu5g_00000347,15,0,4,1160.0,,15.0
simu5g_00000347,15,0,5,1128.0,,14.0
simu5g_00000347,15,0,6,1160.0,,15.0
simu5g_00000347,15,0,7,1160.0,,15.0
simu5g_00000347,15,0,8,1160.0,,15.0
simu5g_00000347,15,0,9,1160.0,,15.0
simu5g_00000347,15,0,10,1160.0,,15.0
simu5g_00000347,15,0,11,1160.0,,15.0
simu5g_00000347,15,0,12,1160.0,,15.0
simu5g_00000347,15,0,13,1160.0,,15.0
simu5g_00000347,15,0,14,1160.0,,15.0
simu5g_00000347,15,0,15,1160.0,,15.0
simu5g_00000347,15,0,16,1160.0,,15.0
simu5g_00000347,15,0,17,1160.0,,15.0
simu5g_00000347,15,0,18,1160.0,,15.0
simu5g_00000347,15,0,19,1160.0,,15.0
simu5g_00000347,15,0,20,1160.0,,15.0
simu5g_00000347,15,0,21,1160.0,,15.0
simu5g_00000347,15,0,22,1160.0,,15.0
simu5g_00000347,15,0,23,1160.0,,15.0
simu5g_00000347,15,0,24,1160.0,,15.0
simu5g_00000347,31,1,0,1160.0,,15.0
simu5g_00000347,31,1,1,1160.0,,15.0
simu5g_00000347,31,1,2,1160.0,,15.0
simu5g_00000347,31,1,3,1160.0,,15.0
simu5g_00000347,31,1,4,1160.0,,15.0
simu5g_00000347,31,1,5,1160.0,,15.0
simu5g_00000347,31,1,6,1160.0,,15.0
simu5g_00000347,31,1,7,1160.0,,15.0
simu5g_00000347,31,1,8,1160.0,,15.0
simu5g_00000347,31,1,9,1160.0,,15.0
simu5g_00000347,31,1,10,1160.0,,15.0
simu5g_00000347,31,1,11,1160.0,,15.0
simu5g_00000347,31,1,12,1160.0,,15.0
simu5g_00000347,31,1,13,1160.0,,15.0
simu5g_00000347,31,1,14,1160.0,,15.0
simu5g_00000347,31,1,15,1160.0,,15.0
simu5g_00000347,31,1,16,1160.0,,15.0
simu5g_00000347,31,1,17,1160.0,,15.0
simu5g_00000347,31,1,18,1160.0,,15.0
simu5g_00000347,31,1,19,1160.0,,15.0
simu5g_00000347,31,1,20,1160.0,,15.0
simu5g_00000347,31,1,21,1160.0,,15.0
simu5g_00000347,31,1,22,1160.0,,15.0
simu5g_00000347,31,1,23,1160.0,,15.0
simu5g_00000347,31,1,24,1160.0,,15.0
simu5g_00000348,0,0,0,1128.0,,14.0
simu5g_00000348,0,0,1,368.0,,6.0
simu5g_00000348,0,0,2,1128.0,,14.0
simu5g_00000348,0,0,3,808.0,,11.0
simu5g_00000348,0,0,4,1128.0,,14.0
simu5g_00000348,0,0,5,808.0,,11.0
simu5g_00000348,0,0,6,888.0,,12.0
simu5g_00000348,0,0,7,1128.0,,14.0
simu5g_00000348,0,0,8,608.0,,9.0
simu5g_00000348,0,0,9,984.0,,13.0
simu5g_00000348,0,0,10,1128.0,,14.0
simu5g_00000348,0,0,11,1160.0,,15.0
simu5g_00000348,0,0,12,984.0,,13.0
simu5g_00000348,0,0,13,984.0,,13.0
simu5g_00000348,0,0,14,984.0,,13.0
simu5g_00000348,0,0,15,1128.0,,14.0
simu5g_00000348,0,0,16,984.0,,13.0
simu5g_00000348,0,0,17,1160.0,,15.0
simu5g_00000348,0,0,18,1128.0,,14.0
simu5g_00000348,0,0,19,984.0,,13.0
simu5g_00000348,0,0,20,1160.0,,15.0
simu5g_00000348,0,0,21,608.0,,9.0
simu5g_00000348,0,0,22,1128.0,,14.0
simu5g_00000348,0,0,23,1160.0,,15.0
simu5g_00000348,0,0,24,888.0,,12.0
simu5g_00000348,1,1,0,1160.0,,15.0
simu5g_00000348,1,1,1,1160.0,,15.0
simu5g_00000348,1,1,2,1160.0,,15.0
simu5g_00000348,1,1,3,1160.0,,15.0
simu5g_00000348,1,1,4,1160.0,,15.0
simu5g_00000348,1,1,5,1160.0,,15.0
simu5g_00000348,1,1,6,1160.0,,15.0
simu5g_00000348,1,1,7,1128.0,,14.0
simu5g_00000348,1,1,8,984.0,,13.0
simu5g_00000348,1,1,9,1160.0,,15.0
simu5g_00000348,1,1,10,1160.0,,15.0
simu5g_00000348,1,1,11,1160.0,,15.0
simu5g_00000348,1,1,12,1160.0,,15.0
simu5g_00000348,1,1,13,1160.0,,15.0
simu5g_00000348,1,1,14,1160.0,,15.0
simu5g_00000348,1,1,15,1160.0,,15.0
simu5g_00000348,1,1,16,1160.0,,15.0
simu5g_00000348,1,1,17,1160.0,,15.0
simu5g_00000348,1,1,18,1160.0,,15.0
simu5g_00000348,1,1,19,1160.0,,15.0
simu5g_00000348,1,1,20,1160.0,,15.0
simu5g_00000348,1,1,21,888.0,,12.0
simu5g_00000348,1,1,22,1160.0,,15.0
simu5g_00000348,1,1,23,1128.0,,14.0
simu5g_00000348,1,1,24,1160.0,,15.0
simu5g_00000348,2,2,0,1160.0,,15.0
simu5g_00000348,2,2,1,1160.0,,15.0
simu5g_00000348,2,2,2,1160.0,,15.0
simu5g_00000348,2,2,3,1160.0,,15.0
simu5g_00000348,2,2,4,1160.0,,15.0
simu5g_00000348,2,2,5,1128.0,,14.0
simu5g_00000348,2,2,6,1160.0,,15.0
simu5g_00000348,2,2,7,888.0,,12.0
simu5g_00000348,2,2,8,1160.0,,15.0
simu5g_00000348,2,2,9,1160.0,,15.0
simu5g_00000348,2,2,10,1160.0,,15.0
simu5g_00000348,2,2,11,984.0,,13.0
simu5g_00000348,2,2,12,1128.0,,14.0
simu5g_00000348,2,2,13,1160.0,,15.0
simu5g_00000348,2,2,14,1160.0,,15.0
simu5g_00000348,2,2,15,1160.0,,15.0
simu5g_00000348,2,2,16,984.0,,13.0
simu5g_00000348,2,2,17,1128.0,,14.0
simu5g_00000348,2,2,18,1128.0,,14.0
simu5g_00000348,2,2,19,1160.0,,15.0
simu5g_00000348,2,2,20,1160.0,,15.0
simu5g_00000348,2,2,21,1128.0,,14.0
simu5g_00000348,2,2,22,1128.0,,14.0
simu5g_00000348,2,2,23,1160.0,,15.0
simu5g_00000348,2,2,24,1128.0,,14.0
simu5g_00000348,3,3,0,528.0,,8.0
simu5g_00000348,3,3,1,888.0,,12.0
simu5g_00000348,3,3,2,608.0,,9.0
simu5g_00000348,3,3,3,608.0,,9.0
simu5g_00000348,3,3,4,808.0,,11.0
simu5g_00000348,3,3,5,808.0,,11.0
simu5g_00000348,3,3,6,704.0,,10.0
simu5g_00000348,3,3,7,608.0,,9.0
simu5g_00000348,3,3,8,304.0,,5.0
simu5g_00000348,3,3,9,224.0,,4.0
simu5g_00000348,3,3,10,608.0,,9.0
simu5g_00000348,3,3,11,528.0,,8.0
simu5g_00000348,3,3,12,704.0,,10.0
simu5g_00000348,3,3,13,808.0,,11.0
simu5g_00000348,3,3,14,888.0,,12.0
simu5g_00000348,3,3,15,704.0,,10.0
simu5g_00000348,3,3,16,808.0,,11.0
simu5g_00000348,3,3,17,704.0,,10.0
simu5g_00000348,3,3,18,704.0,,10.0
simu5g_00000348,3,3,19,608.0,,9.0
simu5g_00000348,3,3,20,704.0,,10.0
simu5g_00000348,3,3,21,528.0,,8.0
simu5g_00000348,3,3,22,368.0,,6.0
simu5g_00000348,3,3,23,808.0,,11.0
simu5g_00000348,3,3,24,368.0,,6.0
simu5g_00000348,4,4,0,1128.0,,14.0
simu5g_00000348,4,4,1,888.0,,12.0
simu5g_00000348,4,4,2,1128.0,,14.0
simu5g_00000348,4,4,3,368.0,,6.0
simu5g_00000348,4,4,4,1128.0,,14.0
simu5g_00000348,4,4,5,1128.0,,14.0
simu5g_00000348,4,4,6,1128.0,,14.0
simu5g_00000348,4,4,7,608.0,,9.0
simu5g_00000348,4,4,8,808.0,,11.0
simu5g_00000348,4,4,9,1128.0,,14.0
simu5g_00000348,4,4,10,984.0,,13.0
simu5g_00000348,4,4,11,1128.0,,14.0
simu5g_00000348,4,4,12,1160.0,,15.0
simu5g_00000348,4,4,13,984.0,,13.0
simu5g_00000348,4,4,14,1128.0,,14.0
simu5g_00000348,4,4,15,888.0,,12.0
simu5g_00000348,4,4,16,984.0,,13.0
simu5g_00000348,4,4,17,984.0,,13.0
simu5g_00000348,4,4,18,1160.0,,15.0
simu5g_00000348,4,4,19,1128.0,,14.0
simu5g_00000348,4,4,20,984.0,,13.0
simu5g_00000348,4,4,21,888.0,,12.0
simu5g_00000348,4,4,22,1160.0,,15.0
simu5g_00000348,4,4,23,1128.0,,14.0
simu5g_00000348,4,4,24,984.0,,13.0
simu5g_00000349,15,0,0,1160.0,,15.0
simu5g_00000349,15,0,1,1160.0,,15.0
simu5g_00000349,15,0,2,1160.0,,15.0
simu5g_00000349,15,0,3,1160.0,,15.0
simu5g_00000349,15,0,4,1160.0,,15.0
simu5g_00000349,15,0,5,1128.0,,14.0
simu5g_00000349,15,0,6,1160.0,,15.0
simu5g_00000349,15,0,7,1160.0,,15.0
simu5g_00000349,15,0,8,1160.0,,15.0
simu5g_00000349,15,0,9,1160.0,,15.0
simu5g_00000349,15,0,10,1160.0,,15.0
simu5g_00000349,15,0,11,1160.0,,15.0
simu5g_00000349,15,0,12,1160.0,,15.0
simu5g_00000349,15,0,13,1160.0,,15.0
simu5g_00000349,15,0,14,1160.0,,15.0
simu5g_00000349,15,0,15,1160.0,,15.0
simu5g_00000349,15,0,16,1160.0,,15.0
simu5g_00000349,15,0,17,1160.0,,15.0
simu5g_00000349,15,0,18,1160.0,,15.0
simu5g_00000349,15,0,19,1160.0,,15.0
simu5g_00000349,15,0,20,1160.0,,15.0
simu5g_00000349,15,0,21,1160.0,,15.0
simu5g_00000349,15,0,22,1160.0,,15.0
simu5g_00000349,15,0,23,1160.0,,15.0
simu5g_00000349,15,0,24,1160.0,,15.0
simu5g_00000349,31,1,0,1160.0,,15.0
simu5g_00000349,31,1,1,1160.0,,15.0
simu5g_00000349,31,1,2,1160.0,,15.0
simu5g_00000349,31,1,3,1160.0,,15.0
simu5g_00000349,31,1,4,1160.0,,15.0
simu5g_00000349,31,1,5,1160.0,,15.0
simu5g_00000349,31,1,6,1160.0,,15.0
simu5g_00000349,31,1,7,1160.0,,15.0
simu5g_00000349,31,1,8,1160.0,,15.0
simu5g_00000349,31,1,9,1160.0,,15.0
simu5g_00000349,31,1,10,1160.0,,15.0
simu5g_00000349,31,1,11,1160.0,,15.0
simu5g_00000349,31,1,12,1160.0,,15.0
simu5g_00000349,31,1,13,1160.0,,15.0
simu5g_00000349,31,1,14,1160.0,,15.0
simu5g_00000349,31,1,15,1160.0,,15.0
simu5g_00000349,31,1,16,1160.0,,15.0
simu5g_00000349,31,1,17,1160.0,,15.0
simu5g_00000349,31,1,18,1160.0,,15.0
simu5g_00000349,31,1,19,1160.0,,15.0
simu5g_00000349,31,1,20,1160.0,,15.0
simu5g_00000349,31,1,21,1160.0,,15.0
simu5g_00000349,31,1,22,1160.0,,15.0
simu5g_00000349,31,1,23,1160.0,,15.0
simu5g_00000349,31,1,24,1160.0,,15.0
simu5g_00000350,0,0,0,1128.0,,14.0
simu5g_00000350,0,0,1,368.0,,6.0
simu5g_00000350,0,0,2,1128.0,,14.0
simu5g_00000350,0,0,3,808.0,,11.0
simu5g_00000350,0,0,4,1128.0,,14.0
simu5g_00000350,0,0,5,808.0,,11.0
simu5g_00000350,0,0,6,888.0,,12.0
simu5g_00000350,0,0,7,1128.0,,14.0
simu5g_00000350,0,0,8,608.0,,9.0
simu5g_00000350,0,0,9,984.0,,13.0
simu5g_00000350,0,0,10,1128.0,,14.0
simu5g_00000350,0,0,11,1160.0,,15.0
simu5g_00000350,0,0,12,984.0,,13.0
simu5g_00000350,0,0,13,984.0,,13.0
simu5g_00000350,0,0,14,984.0,,13.0
simu5g_00000350,0,0,15,1128.0,,14.0
simu5g_00000350,0,0,16,984.0,,13.0
simu5g_00000350,0,0,17,1160.0,,15.0
simu5g_00000350,0,0,18,1128.0,,14.0
simu5g_00000350,0,0,19,984.0,,13.0
simu5g_00000350,0,0,20,1160.0,,15.0
simu5g_00000350,0,0,21,608.0,,9.0
simu5g_00000350,0,0,22,1128.0,,14.0
simu5g_00000350,0,0,23,1160.0,,15.0
simu5g_00000350,0,0,24,888.0,,12.0
simu5g_00000350,1,1,0,1160.0,,15.0
simu5g_00000350,1,1,1,1128.0,,14.0
simu5g_00000350,1,1,2,1128.0,,14.0
simu5g_00000350,1,1,3,1160.0,,15.0
simu5g_00000350,1,1,4,1128.0,,14.0
simu5g_00000350,1,1,5,1160.0,,15.0
simu5g_00000350,1,1,6,1128.0,,14.0
simu5g_00000350,1,1,7,888.0,,12.0
simu5g_00000350,1,1,8,808.0,,11.0
simu5g_00000350,1,1,9,1128.0,,14.0
simu5g_00000350,1,1,10,1128.0,,14.0
simu5g_00000350,1,1,11,1128.0,,14.0
simu5g_00000350,1,1,12,1128.0,,14.0
simu5g_00000350,1,1,13,1160.0,,15.0
simu5g_00000350,1,1,14,1160.0,,15.0
simu5g_00000350,1,1,15,1160.0,,15.0
simu5g_00000350,1,1,16,1128.0,,14.0
simu5g_00000350,1,1,17,1128.0,,14.0
simu5g_00000350,1,1,18,1128.0,,14.0
simu5g_00000350,1,1,19,1128.0,,14.0
simu5g_00000350,1,1,20,1160.0,,15.0
simu5g_00000350,1,1,21,608.0,,9.0
simu5g_00000350,1,1,22,1160.0,,15.0
simu5g_00000350,1,1,23,984.0,,13.0
simu5g_00000350,1,1,24,1128.0,,14.0
simu5g_00000350,2,2,0,1128.0,,14.0
simu5g_00000350,2,2,1,1160.0,,15.0
simu5g_00000350,2,2,2,1128.0,,14.0
simu5g_00000350,2,2,3,1160.0,,15.0
simu5g_00000350,2,2,4,1128.0,,14.0
simu5g_00000350,2,2,5,1128.0,,14.0
simu5g_00000350,2,2,6,1128.0,,14.0
simu5g_00000350,2,2,7,808.0,,11.0
simu5g_00000350,2,2,8,1160.0,,15.0
simu5g_00000350,2,2,9,1160.0,,15.0
simu5g_00000350,2,2,10,1160.0,,15.0
simu5g_00000350,2,2,11,888.0,,12.0
simu5g_00000350,2,2,12,1128.0,,14.0
simu5g_00000350,2,2,13,1160.0,,15.0
simu5g_00000350,2,2,14,1160.0,,15.0
simu5g_00000350,2,2,15,1160.0,,15.0
simu5g_00000350,2,2,16,984.0,,13.0
simu5g_00000350,2,2,17,1128.0,,14.0
simu5g_00000350,2,2,18,1128.0,,14.0
simu5g_00000350,2,2,19,1160.0,,15.0
simu5g_00000350,2,2,20,1160.0,,15.0
simu5g_00000350,2,2,21,1128.0,,14.0
simu5g_00000350,2,2,22,984.0,,13.0
simu5g_00000350,2,2,23,1160.0,,15.0
simu5g_00000350,2,2,24,984.0,,13.0
simu5g_00000350,3,3,0,528.0,,8.0
simu5g_00000350,3,3,1,888.0,,12.0
simu5g_00000350,3,3,2,608.0,,9.0
simu5g_00000350,3,3,3,608.0,,9.0
simu5g_00000350,3,3,4,808.0,,11.0
simu5g_00000350,3,3,5,808.0,,11.0
simu5g_00000350,3,3,6,704.0,,10.0
simu5g_00000350,3,3,7,608.0,,9.0
simu5g_00000350,3,3,8,304.0,,5.0
simu5g_00000350,3,3,9,224.0,,4.0
simu5g_00000350,3,3,10,608.0,,9.0
simu5g_00000350,3,3,11,528.0,,8.0
simu5g_00000350,3,3,12,704.0,,10.0
simu5g_00000350,3,3,13,808.0,,11.0
simu5g_00000350,3,3,14,888.0,,12.0
simu5g_00000350,3,3,15,704.0,,10.0
simu5g_00000350,3,3,16,808.0,,11.0
simu5g_00000350,3,3,17,704.0,,10.0
simu5g_00000350,3,3,18,704.0,,10.0
simu5g_00000350,3,3,19,608.0,,9.0
simu5g_00000350,3,3,20,704.0,,10.0
simu5g_00000350,3,3,21,528.0,,8.0
simu5g_00000350,3,3,22,368.0,,6.0
simu5g_00000350,3,3,23,808.0,,11.0
simu5g_00000350,3,3,24,368.0,,6.0
simu5g_00000350,4,4,0,1128.0,,14.0
simu5g_00000350,4,4,1,888.0,,12.0
simu5g_00000350,4,4,2,1128.0,,14.0
simu5g_00000350,4,4,3,368.0,,6.0
simu5g_00000350,4,4,4,1128.0,,14.0
simu5g_00000350,4,4,5,1128.0,,14.0
simu5g_00000350,4,4,6,1128.0,,14.0
simu5g_00000350,4,4,7,608.0,,9.0
simu5g_00000350,4,4,8,808.0,,11.0
simu5g_00000350,4,4,9,1128.0,,14.0
simu5g_00000350,4,4,10,984.0,,13.0
simu5g_00000350,4,4,11,1128.0,,14.0
simu5g_00000350,4,4,12,1160.0,,15.0
simu5g_00000350,4,4,13,984.0,,13.0
simu5g_00000350,4,4,14,1128.0,,14.0
simu5g_00000350,4,4,15,888.0,,12.0
simu5g_00000350,4,4,16,984.0,,13.0
simu5g_00000350,4,4,17,984.0,,13.0
simu5g_00000350,4,4,18,1160.0,,15.0
simu5g_00000350,4,4,19,1128.0,,14.0
simu5g_00000350,4,4,20,984.0,,13.0
simu5g_00000350,4,4,21,888.0,,12.0
simu5g_00000350,4,4,22,1160.0,,15.0
simu5g_00000350,4,4,23,1128.0,,14.0
simu5g_00000350,4,4,24,984.0,,13.0
simu5g_00000351,15,0,0,1160.0,,15.0
simu5g_00000351,15,0,1,1160.0,,15.0
simu5g_00000351,15,0,2,1160.0,,15.0
simu5g_00000351,15,0,3,1160.0,,15.0
simu5g_00000351,15,0,4,1160.0,,15.0
simu5g_00000351,15,0,5,1128.0,,14.0
simu5g_00000351,15,0,6,1160.0,,15.0
simu5g_00000351,15,0,7,1160.0,,15.0
simu5g_00000351,15,0,8,1160.0,,15.0
simu5g_00000351,15,0,9,1160.0,,15.0
simu5g_00000351,15,0,10,1160.0,,15.0
simu5g_00000351,15,0,11,1160.0,,15.0
simu5g_00000351,15,0,12,1160.0,,15.0
simu5g_00000351,15,0,13,1160.0,,15.0
simu5g_00000351,15,0,14,1160.0,,15.0
simu5g_00000351,15,0,15,1160.0,,15.0
simu5g_00000351,15,0,16,1160.0,,15.0
simu5g_00000351,15,0,17,1160.0,,15.0
simu5g_00000351,15,0,18,1160.0,,15.0
simu5g_00000351,15,0,19,1160.0,,15.0
simu5g_00000351,15,0,20,1160.0,,15.0
simu5g_00000351,15,0,21,1160.0,,15.0
simu5g_00000351,15,0,22,1160.0,,15.0
simu5g_00000351,15,0,23,1160.0,,15.0
simu5g_00000351,15,0,24,1160.0,,15.0
simu5g_00000351,31,1,0,1160.0,,15.0
simu5g_00000351,31,1,1,1160.0,,15.0
simu5g_00000351,31,1,2,1160.0,,15.0
simu5g_00000351,31,1,3,1160.0,,15.0
simu5g_00000351,31,1,4,1160.0,,15.0
simu5g_00000351,31,1,5,1160.0,,15.0
simu5g_00000351,31,1,6,1160.0,,15.0
simu5g_00000351,31,1,7,1160.0,,15.0
simu5g_00000351,31,1,8,1160.0,,15.0
simu5g_00000351,31,1,9,1160.0,,15.0
simu5g_00000351,31,1,10,1160.0,,15.0
simu5g_00000351,31,1,11,1160.0,,15.0
simu5g_00000351,31,1,12,1160.0,,15.0
simu5g_00000351,31,1,13,1160.0,,15.0
simu5g_00000351,31,1,14,1160.0,,15.0
simu5g_00000351,31,1,15,1160.0,,15.0
simu5g_00000351,31,1,16,1160.0,,15.0
simu5g_00000351,31,1,17,1160.0,,15.0
simu5g_00000351,31,1,18,1160.0,,15.0
simu5g_00000351,31,1,19,1160.0,,15.0
simu5g_00000351,31,1,20,1160.0,,15.0
simu5g_00000351,31,1,21,1160.0,,15.0
simu5g_00000351,31,1,22,1160.0,,15.0
simu5g_00000351,31,1,23,1160.0,,15.0
simu5g_00000351,31,1,24,1160.0,,15.0
simu5g_00000352,0,0,0,1128.0,,14.0
simu5g_00000352,0,0,1,368.0,,6.0
simu5g_00000352,0,0,2,1128.0,,14.0
simu5g_00000352,0,0,3,808.0,,11.0
simu5g_00000352,0,0,4,984.0,,13.0
simu5g_00000352,0,0,5,808.0,,11.0
simu5g_00000352,0,0,6,888.0,,12.0
simu5g_00000352,0,0,7,1128.0,,14.0
simu5g_00000352,0,0,8,608.0,,9.0
simu5g_00000352,0,0,9,984.0,,13.0
simu5g_00000352,0,0,10,1128.0,,14.0
simu5g_00000352,0,0,11,1160.0,,15.0
simu5g_00000352,0,0,12,984.0,,13.0
simu5g_00000352,0,0,13,984.0,,13.0
simu5g_00000352,0,0,14,984.0,,13.0
simu5g_00000352,0,0,15,1128.0,,14.0
simu5g_00000352,0,0,16,888.0,,12.0
simu5g_00000352,0,0,17,1128.0,,14.0
simu5g_00000352,0,0,18,1128.0,,14.0
simu5g_00000352,0,0,19,888.0,,12.0
simu5g_00000352,0,0,20,1128.0,,14.0
simu5g_00000352,0,0,21,608.0,,9.0
simu5g_00000352,0,0,22,1128.0,,14.0
simu5g_00000352,0,0,23,1160.0,,15.0
simu5g_00000352,0,0,24,888.0,,12.0
simu5g_00000352,1,1,0,1160.0,,15.0
simu5g_00000352,1,1,1,1128.0,,14.0
simu5g_00000352,1,1,2,1128.0,,14.0
simu5g_00000352,1,1,3,1160.0,,15.0
simu5g_00000352,1,1,4,1128.0,,14.0
simu5g_00000352,1,1,5,1160.0,,15.0
simu5g_00000352,1,1,6,1128.0,,14.0
simu5g_00000352,1,1,7,888.0,,12.0
simu5g_00000352,1,1,8,808.0,,11.0
simu5g_00000352,1,1,9,1128.0,,14.0
simu5g_00000352,1,1,10,1128.0,,14.0
simu5g_00000352,1,1,11,1128.0,,14.0
simu5g_00000352,1,1,12,1128.0,,14.0
simu5g_00000352,1,1,13,1160.0,,15.0
simu5g_00000352,1,1,14,1160.0,,15.0
simu5g_00000352,1,1,15,1160.0,,15.0
simu5g_00000352,1,1,16,1128.0,,14.0
simu5g_00000352,1,1,17,1128.0,,14.0
simu5g_00000352,1,1,18,1128.0,,14.0
simu5g_00000352,1,1,19,1128.0,,14.0
simu5g_00000352,1,1,20,1160.0,,15.0
simu5g_00000352,1,1,21,608.0,,9.0
simu5g_00000352,1,1,22,1160.0,,15.0
simu5g_00000352,1,1,23,984.0,,13.0
simu5g_00000352,1,1,24,1128.0,,14.0
simu5g_00000352,2,2,0,1128.0,,14.0
simu5g_00000352,2,2,1,1160.0,,15.0
simu5g_00000352,2,2,2,1128.0,,14.0
simu5g_00000352,2,2,3,1160.0,,15.0
simu5g_00000352,2,2,4,1128.0,,14.0
simu5g_00000352,2,2,5,1128.0,,14.0
simu5g_00000352,2,2,6,1128.0,,14.0
simu5g_00000352,2,2,7,808.0,,11.0
simu5g_00000352,2,2,8,1160.0,,15.0
simu5g_00000352,2,2,9,1160.0,,15.0
simu5g_00000352,2,2,10,1160.0,,15.0
simu5g_00000352,2,2,11,888.0,,12.0
simu5g_00000352,2,2,12,1128.0,,14.0
simu5g_00000352,2,2,13,1160.0,,15.0
simu5g_00000352,2,2,14,1160.0,,15.0
simu5g_00000352,2,2,15,1160.0,,15.0
simu5g_00000352,2,2,16,984.0,,13.0
simu5g_00000352,2,2,17,1128.0,,14.0
simu5g_00000352,2,2,18,1128.0,,14.0
simu5g_00000352,2,2,19,1160.0,,15.0
simu5g_00000352,2,2,20,1160.0,,15.0
simu5g_00000352,2,2,21,1128.0,,14.0
simu5g_00000352,2,2,22,984.0,,13.0
simu5g_00000352,2,2,23,1160.0,,15.0
simu5g_00000352,2,2,24,984.0,,13.0
simu5g_00000352,3,3,0,528.0,,8.0
simu5g_00000352,3,3,1,888.0,,12.0
simu5g_00000352,3,3,2,608.0,,9.0
simu5g_00000352,3,3,3,608.0,,9.0
simu5g_00000352,3,3,4,808.0,,11.0
simu5g_00000352,3,3,5,808.0,,11.0
simu5g_00000352,3,3,6,704.0,,10.0
simu5g_00000352,3,3,7,608.0,,9.0
simu5g_00000352,3,3,8,304.0,,5.0
simu5g_00000352,3,3,9,224.0,,4.0
simu5g_00000352,3,3,10,608.0,,9.0
simu5g_00000352,3,3,11,528.0,,8.0
simu5g_00000352,3,3,12,704.0,,10.0
simu5g_00000352,3,3,13,808.0,,11.0
simu5g_00000352,3,3,14,888.0,,12.0
simu5g_00000352,3,3,15,704.0,,10.0
simu5g_00000352,3,3,16,808.0,,11.0
simu5g_00000352,3,3,17,704.0,,10.0
simu5g_00000352,3,3,18,704.0,,10.0
simu5g_00000352,3,3,19,608.0,,9.0
simu5g_00000352,3,3,20,704.0,,10.0
simu5g_00000352,3,3,21,528.0,,8.0
simu5g_00000352,3,3,22,368.0,,6.0
simu5g_00000352,3,3,23,808.0,,11.0
simu5g_00000352,3,3,24,368.0,,6.0
simu5g_00000352,4,4,0,1128.0,,14.0
simu5g_00000352,4,4,1,888.0,,12.0
simu5g_00000352,4,4,2,1128.0,,14.0
simu5g_00000352,4,4,3,368.0,,6.0
simu5g_00000352,4,4,4,1128.0,,14.0
simu5g_00000352,4,4,5,1128.0,,14.0
simu5g_00000352,4,4,6,1128.0,,14.0
simu5g_00000352,4,4,7,608.0,,9.0
simu5g_00000352,4,4,8,808.0,,11.0
simu5g_00000352,4,4,9,1128.0,,14.0
simu5g_00000352,4,4,10,984.0,,13.0
simu5g_00000352,4,4,11,1128.0,,14.0
simu5g_00000352,4,4,12,1160.0,,15.0
simu5g_00000352,4,4,13,984.0,,13.0
simu5g_00000352,4,4,14,1128.0,,14.0
simu5g_00000352,4,4,15,888.0,,12.0
simu5g_00000352,4,4,16,984.0,,13.0
simu5g_00000352,4,4,17,984.0,,13.0
simu5g_00000352,4,4,18,1160.0,,15.0
simu5g_00000352,4,4,19,1128.0,,14.0
simu5g_00000352,4,4,20,984.0,,13.0
simu5g_00000352,4,4,21,888.0,,12.0
simu5g_00000352,4,4,22,1160.0,,15.0
simu5g_00000352,4,4,23,1128.0,,14.0
simu5g_00000352,4,4,24,984.0,,13.0
simu5g_00000353,15,0,0,1160.0,,15.0
simu5g_00000353,15,0,1,1160.0,,15.0
simu5g_00000353,15,0,2,1160.0,,15.0
simu5g_00000353,15,0,3,1160.0,,15.0
simu5g_00000353,15,0,4,1160.0,,15.0
simu5g_00000353,15,0,5,1128.0,,14.0
simu5g_00000353,15,0,6,1160.0,,15.0
simu5g_00000353,15,0,7,1160.0,,15.0
simu5g_00000353,15,0,8,1160.0,,15.0
simu5g_00000353,15,0,9,1160.0,,15.0
simu5g_00000353,15,0,10,1160.0,,15.0
simu5g_00000353,15,0,11,1160.0,,15.0
simu5g_00000353,15,0,12,1160.0,,15.0
simu5g_00000353,15,0,13,1160.0,,15.0
simu5g_00000353,15,0,14,1160.0,,15.0
simu5g_00000353,15,0,15,1160.0,,15.0
simu5g_00000353,15,0,16,1160.0,,15.0
simu5g_00000353,15,0,17,1160.0,,15.0
simu5g_00000353,15,0,18,1160.0,,15.0
simu5g_00000353,15,0,19,1160.0,,15.0
simu5g_00000353,15,0,20,1160.0,,15.0
simu5g_00000353,15,0,21,1160.0,,15.0
simu5g_00000353,15,0,22,1160.0,,15.0
simu5g_00000353,15,0,23,1160.0,,15.0
simu5g_00000353,15,0,24,1160.0,,15.0
simu5g_00000353,31,1,0,1160.0,,15.0
simu5g_00000353,31,1,1,1160.0,,15.0
simu5g_00000353,31,1,2,1160.0,,15.0
simu5g_00000353,31,1,3,1160.0,,15.0
simu5g_00000353,31,1,4,1160.0,,15.0
simu5g_00000353,31,1,5,1160.0,,15.0
simu5g_00000353,31,1,6,1160.0,,15.0
simu5g_00000353,31,1,7,1160.0,,15.0
simu5g_00000353,31,1,8,1160.0,,15.0
simu5g_00000353,31,1,9,1160.0,,15.0
simu5g_00000353,31,1,10,1160.0,,15.0
simu5g_00000353,31,1,11,1160.0,,15.0
simu5g_00000353,31,1,12,1160.0,,15.0
simu5g_00000353,31,1,13,1160.0,,15.0
simu5g_00000353,31,1,14,1160.0,,15.0
simu5g_00000353,31,1,15,1160.0,,15.0
simu5g_00000353,31,1,16,1160.0,,15.0
simu5g_00000353,31,1,17,1160.0,,15.0
simu5g_00000353,31,1,18,1160.0,,15.0
simu5g_00000353,31,1,19,1160.0,,15.0
simu5g_00000353,31,1,20,1160.0,,15.0
simu5g_00000353,31,1,21,1160.0,,15.0
simu5g_00000353,31,1,22,1160.0,,15.0
simu5g_00000353,31,1,23,1160.0,,15.0
simu5g_00000353,31,1,24,1160.0,,15.0
simu5g_00000354,0,0,0,1128.0,,14.0
simu5g_00000354,0,0,1,368.0,,6.0
simu5g_00000354,0,0,2,1128.0,,14.0
simu5g_00000354,0,0,3,808.0,,11.0
simu5g_00000354,0,0,4,984.0,,13.0
simu5g_00000354,0,0,5,808.0,,11.0
simu5g_00000354,0,0,6,888.0,,12.0
simu5g_00000354,0,0,7,1128.0,,14.0
simu5g_00000354,0,0,8,608.0,,9.0
simu5g_00000354,0,0,9,984.0,,13.0
simu5g_00000354,0,0,10,1128.0,,14.0
simu5g_00000354,0,0,11,1160.0,,15.0
simu5g_00000354,0,0,12,984.0,,13.0
simu5g_00000354,0,0,13,984.0,,13.0
simu5g_00000354,0,0,14,984.0,,13.0
simu5g_00000354,0,0,15,1128.0,,14.0
simu5g_00000354,0,0,16,888.0,,12.0
simu5g_00000354,0,0,17,1128.0,,14.0
simu5g_00000354,0,0,18,1128.0,,14.0
simu5g_00000354,0,0,19,888.0,,12.0
simu5g_00000354,0,0,20,1128.0,,14.0
simu5g_00000354,0,0,21,608.0,,9.0
simu5g_00000354,0,0,22,1128.0,,14.0
simu5g_00000354,0,0,23,1160.0,,15.0
simu5g_00000354,0,0,24,888.0,,12.0
simu5g_00000354,1,1,0,1160.0,,15.0
simu5g_00000354,1,1,1,1128.0,,14.0
simu5g_00000354,1,1,2,1128.0,,14.0
simu5g_00000354,1,1,3,1160.0,,15.0
simu5g_00000354,1,1,4,1128.0,,14.0
simu5g_00000354,1,1,5,1160.0,,15.0
simu5g_00000354,1,1,6,1128.0,,14.0
simu5g_00000354,1,1,7,888.0,,12.0
simu5g_00000354,1,1,8,808.0,,11.0
simu5g_00000354,1,1,9,1128.0,,14.0
simu5g_00000354,1,1,10,1128.0,,14.0
simu5g_00000354,1,1,11,1128.0,,14.0
simu5g_00000354,1,1,12,1128.0,,14.0
simu5g_00000354,1,1,13,1160.0,,15.0
simu5g_00000354,1,1,14,1160.0,,15.0
simu5g_00000354,1,1,15,1160.0,,15.0
simu5g_00000354,1,1,16,1128.0,,14.0
simu5g_00000354,1,1,17,1128.0,,14.0
simu5g_00000354,1,1,18,1128.0,,14.0
simu5g_00000354,1,1,19,1128.0,,14.0
simu5g_00000354,1,1,20,1160.0,,15.0
simu5g_00000354,1,1,21,608.0,,9.0
simu5g_00000354,1,1,22,1160.0,,15.0
simu5g_00000354,1,1,23,984.0,,13.0
simu5g_00000354,1,1,24,1128.0,,14.0
simu5g_00000354,2,2,0,1128.0,,14.0
simu5g_00000354,2,2,1,1160.0,,15.0
simu5g_00000354,2,2,2,1128.0,,14.0
simu5g_00000354,2,2,3,1160.0,,15.0
simu5g_00000354,2,2,4,1128.0,,14.0
simu5g_00000354,2,2,5,1128.0,,14.0
simu5g_00000354,2,2,6,1128.0,,14.0
simu5g_00000354,2,2,7,808.0,,11.0
simu5g_00000354,2,2,8,1160.0,,15.0
simu5g_00000354,2,2,9,1160.0,,15.0
simu5g_00000354,2,2,10,1160.0,,15.0
simu5g_00000354,2,2,11,888.0,,12.0
simu5g_00000354,2,2,12,1128.0,,14.0
simu5g_00000354,2,2,13,1160.0,,15.0
simu5g_00000354,2,2,14,1160.0,,15.0
simu5g_00000354,2,2,15,1160.0,,15.0
simu5g_00000354,2,2,16,984.0,,13.0
simu5g_00000354,2,2,17,1128.0,,14.0
simu5g_00000354,2,2,18,1128.0,,14.0
simu5g_00000354,2,2,19,1160.0,,15.0
simu5g_00000354,2,2,20,1160.0,,15.0
simu5g_00000354,2,2,21,1128.0,,14.0
simu5g_00000354,2,2,22,984.0,,13.0
simu5g_00000354,2,2,23,1160.0,,15.0
simu5g_00000354,2,2,24,984.0,,13.0
simu5g_00000354,3,3,0,528.0,,8.0
simu5g_00000354,3,3,1,888.0,,12.0
simu5g_00000354,3,3,2,608.0,,9.0
simu5g_00000354,3,3,3,608.0,,9.0
simu5g_00000354,3,3,4,808.0,,11.0
simu5g_00000354,3,3,5,808.0,,11.0
simu5g_00000354,3,3,6,704.0,,10.0
simu5g_00000354,3,3,7,608.0,,9.0
simu5g_00000354,3,3,8,304.0,,5.0
simu5g_00000354,3,3,9,224.0,,4.0
simu5g_00000354,3,3,10,608.0,,9.0
simu5g_00000354,3,3,11,608.0,,9.0
simu5g_00000354,3,3,12,704.0,,10.0
simu5g_00000354,3,3,13,808.0,,11.0
simu5g_00000354,3,3,14,888.0,,12.0
simu5g_00000354,3,3,15,704.0,,10.0
simu5g_00000354,3,3,16,808.0,,11.0
simu5g_00000354,3,3,17,704.0,,10.0
simu5g_00000354,3,3,18,704.0,,10.0
simu5g_00000354,3,3,19,608.0,,9.0
simu5g_00000354,3,3,20,704.0,,10.0
simu5g_00000354,3,3,21,528.0,,8.0
simu5g_00000354,3,3,22,368.0,,6.0
simu5g_00000354,3,3,23,808.0,,11.0
simu5g_00000354,3,3,24,368.0,,6.0
simu5g_00000354,4,4,0,1128.0,,14.0
simu5g_00000354,4,4,1,888.0,,12.0
simu5g_00000354,4,4,2,1128.0,,14.0
simu5g_00000354,4,4,3,368.0,,6.0
simu5g_00000354,4,4,4,1128.0,,14.0
simu5g_00000354,4,4,5,1128.0,,14.0
simu5g_00000354,4,4,6,1128.0,,14.0
simu5g_00000354,4,4,7,608.0,,9.0
simu5g_00000354,4,4,8,888.0,,12.0
simu5g_00000354,4,4,9,1128.0,,14.0
simu5g_00000354,4,4,10,984.0,,13.0
simu5g_00000354,4,4,11,1128.0,,14.0
simu5g_00000354,4,4,12,1160.0,,15.0
simu5g_00000354,4,4,13,984.0,,13.0
simu5g_00000354,4,4,14,1128.0,,14.0
simu5g_00000354,4,4,15,888.0,,12.0
simu5g_00000354,4,4,16,984.0,,13.0
simu5g_00000354,4,4,17,984.0,,13.0
simu5g_00000354,4,4,18,1160.0,,15.0
simu5g_00000354,4,4,19,1128.0,,14.0
simu5g_00000354,4,4,20,984.0,,13.0
simu5g_00000354,4,4,21,888.0,,12.0
simu5g_00000354,4,4,22,1160.0,,15.0
simu5g_00000354,4,4,23,1128.0,,14.0
simu5g_00000354,4,4,24,984.0,,13.0
simu5g_00000355,15,0,0,1160.0,,15.0
simu5g_00000355,15,0,1,1160.0,,15.0
simu5g_00000355,15,0,2,1160.0,,15.0
simu5g_00000355,15,0,3,1160.0,,15.0
simu5g_00000355,15,0,4,1160.0,,15.0
simu5g_00000355,15,0,5,1128.0,,14.0
simu5g_00000355,15,0,6,1160.0,,15.0
simu5g_00000355,15,0,7,1160.0,,15.0
simu5g_00000355,15,0,8,1160.0,,15.0
simu5g_00000355,15,0,9,1160.0,,15.0
simu5g_00000355,15,0,10,1160.0,,15.0
simu5g_00000355,15,0,11,1160.0,,15.0
simu5g_00000355,15,0,12,1160.0,,15.0
simu5g_00000355,15,0,13,1160.0,,15.0
simu5g_00000355,15,0,14,1160.0,,15.0
simu5g_00000355,15,0,15,1160.0,,15.0
simu5g_00000355,15,0,16,1160.0,,15.0
simu5g_00000355,15,0,17,1160.0,,15.0
simu5g_00000355,15,0,18,1160.0,,15.0
simu5g_00000355,15,0,19,1160.0,,15.0
simu5g_00000355,15,0,20,1160.0,,15.0
simu5g_00000355,15,0,21,1160.0,,15.0
simu5g_00000355,15,0,22,1160.0,,15.0
simu5g_00000355,15,0,23,1160.0,,15.0
simu5g_00000355,15,0,24,1160.0,,15.0
simu5g_00000355,31,1,0,1160.0,,15.0
simu5g_00000355,31,1,1,1160.0,,15.0
simu5g_00000355,31,1,2,1160.0,,15.0
simu5g_00000355,31,1,3,1160.0,,15.0
simu5g_00000355,31,1,4,1160.0,,15.0
simu5g_00000355,31,1,5,1160.0,,15.0
simu5g_00000355,31,1,6,1160.0,,15.0
simu5g_00000355,31,1,7,1160.0,,15.0
simu5g_00000355,31,1,8,1160.0,,15.0
simu5g_00000355,31,1,9,1160.0,,15.0
simu5g_00000355,31,1,10,1160.0,,15.0
simu5g_00000355,31,1,11,1160.0,,15.0
simu5g_00000355,31,1,12,1160.0,,15.0
simu5g_00000355,31,1,13,1160.0,,15.0
simu5g_00000355,31,1,14,1160.0,,15.0
simu5g_00000355,31,1,15,1160.0,,15.0
simu5g_00000355,31,1,16,1160.0,,15.0
simu5g_00000355,31,1,17,1160.0,,15.0
simu5g_00000355,31,1,18,1160.0,,15.0
simu5g_00000355,31,1,19,1160.0,,15.0
simu5g_00000355,31,1,20,1160.0,,15.0
simu5g_00000355,31,1,21,1160.0,,15.0
simu5g_00000355,31,1,22,1160.0,,15.0
simu5g_00000355,31,1,23,1160.0,,15.0
simu5g_00000355,31,1,24,1160.0,,15.0
simu5g_00000356,0,0,0,1128.0,,14.0
simu5g_00000356,0,0,1,368.0,,6.0
simu5g_00000356,0,0,2,1128.0,,14.0
simu5g_00000356,0,0,3,808.0,,11.0
simu5g_00000356,0,0,4,984.0,,13.0
simu5g_00000356,0,0,5,808.0,,11.0
simu5g_00000356,0,0,6,888.0,,12.0
simu5g_00000356,0,0,7,1128.0,,14.0
simu5g_00000356,0,0,8,608.0,,9.0
simu5g_00000356,0,0,9,984.0,,13.0
simu5g_00000356,0,0,10,1128.0,,14.0
simu5g_00000356,0,0,11,1160.0,,15.0
simu5g_00000356,0,0,12,984.0,,13.0
simu5g_00000356,0,0,13,984.0,,13.0
simu5g_00000356,0,0,14,984.0,,13.0
simu5g_00000356,0,0,15,1128.0,,14.0
simu5g_00000356,0,0,16,888.0,,12.0
simu5g_00000356,0,0,17,1128.0,,14.0
simu5g_00000356,0,0,18,1128.0,,14.0
simu5g_00000356,0,0,19,888.0,,12.0
simu5g_00000356,0,0,20,1128.0,,14.0
simu5g_00000356,0,0,21,608.0,,9.0
simu5g_00000356,0,0,22,1128.0,,14.0
simu5g_00000356,0,0,23,1160.0,,15.0
simu5g_00000356,0,0,24,888.0,,12.0
simu5g_00000356,1,1,0,1160.0,,15.0
simu5g_00000356,1,1,1,1128.0,,14.0
simu5g_00000356,1,1,2,1128.0,,14.0
simu5g_00000356,1,1,3,1160.0,,15.0
simu5g_00000356,1,1,4,1128.0,,14.0
simu5g_00000356,1,1,5,1160.0,,15.0
simu5g_00000356,1,1,6,1128.0,,14.0
simu5g_00000356,1,1,7,888.0,,12.0
simu5g_00000356,1,1,8,808.0,,11.0
simu5g_00000356,1,1,9,1128.0,,14.0
simu5g_00000356,1,1,10,1128.0,,14.0
simu5g_00000356,1,1,11,1128.0,,14.0
simu5g_00000356,1,1,12,1128.0,,14.0
simu5g_00000356,1,1,13,1160.0,,15.0
simu5g_00000356,1,1,14,1160.0,,15.0
simu5g_00000356,1,1,15,1160.0,,15.0
simu5g_00000356,1,1,16,1128.0,,14.0
simu5g_00000356,1,1,17,1128.0,,14.0
simu5g_00000356,1,1,18,1128.0,,14.0
simu5g_00000356,1,1,19,1128.0,,14.0
simu5g_00000356,1,1,20,1160.0,,15.0
simu5g_00000356,1,1,21,608.0,,9.0
simu5g_00000356,1,1,22,1160.0,,15.0
simu5g_00000356,1,1,23,984.0,,13.0
simu5g_00000356,1,1,24,1128.0,,14.0
simu5g_00000356,2,2,0,1160.0,,15.0
simu5g_00000356,2,2,1,1160.0,,15.0
simu5g_00000356,2,2,2,1160.0,,15.0
simu5g_00000356,2,2,3,1160.0,,15.0
simu5g_00000356,2,2,4,1160.0,,15.0
simu5g_00000356,2,2,5,1128.0,,14.0
simu5g_00000356,2,2,6,1160.0,,15.0
simu5g_00000356,2,2,7,888.0,,12.0
simu5g_00000356,2,2,8,1160.0,,15.0
simu5g_00000356,2,2,9,1160.0,,15.0
simu5g_00000356,2,2,10,1160.0,,15.0
simu5g_00000356,2,2,11,984.0,,13.0
simu5g_00000356,2,2,12,1128.0,,14.0
simu5g_00000356,2,2,13,1160.0,,15.0
simu5g_00000356,2,2,14,1160.0,,15.0
simu5g_00000356,2,2,15,1160.0,,15.0
simu5g_00000356,2,2,16,1128.0,,14.0
simu5g_00000356,2,2,17,1128.0,,14.0
simu5g_00000356,2,2,18,1160.0,,15.0
simu5g_00000356,2,2,19,1160.0,,15.0
simu5g_00000356,2,2,20,1160.0,,15.0
simu5g_00000356,2,2,21,1128.0,,14.0
simu5g_00000356,2,2,22,1128.0,,14.0
simu5g_00000356,2,2,23,1160.0,,15.0
simu5g_00000356,2,2,24,1128.0,,14.0
simu5g_00000356,3,3,0,528.0,,8.0
simu5g_00000356,3,3,1,888.0,,12.0
simu5g_00000356,3,3,2,608.0,,9.0
simu5g_00000356,3,3,3,608.0,,9.0
simu5g_00000356,3,3,4,808.0,,11.0
simu5g_00000356,3,3,5,808.0,,11.0
simu5g_00000356,3,3,6,704.0,,10.0
simu5g_00000356,3,3,7,608.0,,9.0
simu5g_00000356,3,3,8,304.0,,5.0
simu5g_00000356,3,3,9,224.0,,4.0
simu5g_00000356,3,3,10,608.0,,9.0
simu5g_00000356,3,3,11,608.0,,9.0
simu5g_00000356,3,3,12,704.0,,10.0
simu5g_00000356,3,3,13,808.0,,11.0
simu5g_00000356,3,3,14,888.0,,12.0
simu5g_00000356,3,3,15,704.0,,10.0
simu5g_00000356,3,3,16,808.0,,11.0
simu5g_00000356,3,3,17,704.0,,10.0
simu5g_00000356,3,3,18,704.0,,10.0
simu5g_00000356,3,3,19,608.0,,9.0
simu5g_00000356,3,3,20,704.0,,10.0
simu5g_00000356,3,3,21,528.0,,8.0
simu5g_00000356,3,3,22,368.0,,6.0
simu5g_00000356,3,3,23,808.0,,11.0
simu5g_00000356,3,3,24,368.0,,6.0
simu5g_00000356,4,4,0,1128.0,,14.0
simu5g_00000356,4,4,1,888.0,,12.0
simu5g_00000356,4,4,2,1128.0,,14.0
simu5g_00000356,4,4,3,368.0,,6.0
simu5g_00000356,4,4,4,1128.0,,14.0
simu5g_00000356,4,4,5,1128.0,,14.0
simu5g_00000356,4,4,6,1128.0,,14.0
simu5g_00000356,4,4,7,608.0,,9.0
simu5g_00000356,4,4,8,888.0,,12.0
simu5g_00000356,4,4,9,1128.0,,14.0
simu5g_00000356,4,4,10,984.0,,13.0
simu5g_00000356,4,4,11,1128.0,,14.0
simu5g_00000356,4,4,12,1160.0,,15.0
simu5g_00000356,4,4,13,984.0,,13.0
simu5g_00000356,4,4,14,1128.0,,14.0
simu5g_00000356,4,4,15,888.0,,12.0
simu5g_00000356,4,4,16,984.0,,13.0
simu5g_00000356,4,4,17,984.0,,13.0
simu5g_00000356,4,4,18,1160.0,,15.0
simu5g_00000356,4,4,19,1128.0,,14.0
simu5g_00000356,4,4,20,984.0,,13.0
simu5g_00000356,4,4,21,888.0,,12.0
simu5g_00000356,4,4,22,1160.0,,15.0
simu5g_00000356,4,4,23,1128.0,,14.0
simu5g_00000356,4,4,24,984.0,,13.0
simu5g_00000357,15,0,0,1128.0,,14.0
simu5g_00000357,15,0,1,1128.0,,14.0
simu5g_00000357,15,0,2,1160.0,,15.0
simu5g_00000357,15,0,3,1160.0,,15.0
simu5g_00000357,15,0,4,984.0,,13.0
simu5g_00000357,15,0,5,704.0,,10.0
simu5g_00000357,15,0,6,1160.0,,15.0
simu5g_00000357,15,0,7,1128.0,,14.0
simu5g_00000357,15,0,8,1160.0,,15.0
simu5g_00000357,15,0,9,1160.0,,15.0
simu5g_00000357,15,0,10,1160.0,,15.0
simu5g_00000357,15,0,11,1160.0,,15.0
simu5g_00000357,15,0,12,984.0,,13.0
simu5g_00000357,15,0,13,1160.0,,15.0
simu5g_00000357,15,0,14,1128.0,,14.0
simu5g_00000357,15,0,15,1128.0,,14.0
simu5g_00000357,15,0,16,1160.0,,15.0
simu5g_00000357,15,0,17,1160.0,,15.0
simu5g_00000357,15,0,18,1160.0,,15.0
simu5g_00000357,15,0,19,1160.0,,15.0
simu5g_00000357,15,0,20,1160.0,,15.0
simu5g_00000357,15,0,21,1128.0,,14.0
simu5g_00000357,15,0,22,1160.0,,15.0
simu5g_00000357,15,0,23,1160.0,,15.0
simu5g_00000357,15,0,24,1160.0,,15.0
simu5g_00000357,31,1,0,1160.0,,15.0
simu5g_00000357,31,1,1,1160.0,,15.0
simu5g_00000357,31,1,2,1160.0,,15.0
simu5g_00000357,31,1,3,1160.0,,15.0
simu5g_00000357,31,1,4,1160.0,,15.0
simu5g_00000357,31,1,5,1160.0,,15.0
simu5g_00000357,31,1,6,1160.0,,15.0
simu5g_00000357,31,1,7,1160.0,,15.0
simu5g_00000357,31,1,8,1160.0,,15.0
simu5g_00000357,31,1,9,1160.0,,15.0
simu5g_00000357,31,1,10,1160.0,,15.0
simu5g_00000357,31,1,11,1160.0,,15.0
simu5g_00000357,31,1,12,1160.0,,15.0
simu5g_00000357,31,1,13,1160.0,,15.0
simu5g_00000357,31,1,14,1160.0,,15.0
simu5g_00000357,31,1,15,1160.0,,15.0
simu5g_00000357,31,1,16,1160.0,,15.0
simu5g_00000357,31,1,17,1160.0,,15.0
simu5g_00000357,31,1,18,1160.0,,15.0
simu5g_00000357,31,1,19,1160.0,,15.0
simu5g_00000357,31,1,20,1160.0,,15.0
simu5g_00000357,31,1,21,1160.0,,15.0
simu5g_00000357,31,1,22,1160.0,,15.0
simu5g_00000357,31,1,23,1160.0,,15.0
simu5g_00000357,31,1,24,1160.0,,15.0
simu5g_00000358,0,0,0,1128.0,,14.0
simu5g_00000358,0,0,1,368.0,,6.0
simu5g_00000358,0,0,2,1128.0,,14.0
simu5g_00000358,0,0,3,808.0,,11.0
simu5g_00000358,0,0,4,1128.0,,14.0
simu5g_00000358,0,0,5,808.0,,11.0
simu5g_00000358,0,0,6,888.0,,12.0
simu5g_00000358,0,0,7,1128.0,,14.0
simu5g_00000358,0,0,8,608.0,,9.0
simu5g_00000358,0,0,9,984.0,,13.0
simu5g_00000358,0,0,10,1128.0,,14.0
simu5g_00000358,0,0,11,1160.0,,15.0
simu5g_00000358,0,0,12,984.0,,13.0
simu5g_00000358,0,0,13,984.0,,13.0
simu5g_00000358,0,0,14,984.0,,13.0
simu5g_00000358,0,0,15,1128.0,,14.0
simu5g_00000358,0,0,16,888.0,,12.0
simu5g_00000358,0,0,17,1128.0,,14.0
simu5g_00000358,0,0,18,1128.0,,14.0
simu5g_00000358,0,0,19,888.0,,12.0
simu5g_00000358,0,0,20,1128.0,,14.0
simu5g_00000358,0,0,21,608.0,,9.0
simu5g_00000358,0,0,22,1128.0,,14.0
simu5g_00000358,0,0,23,1160.0,,15.0
simu5g_00000358,0,0,24,888.0,,12.0
simu5g_00000358,1,1,0,1128.0,,14.0
simu5g_00000358,1,1,1,984.0,,13.0
simu5g_00000358,1,1,2,984.0,,13.0
simu5g_00000358,1,1,3,1160.0,,15.0
simu5g_00000358,1,1,4,984.0,,13.0
simu5g_00000358,1,1,5,1128.0,,14.0
simu5g_00000358,1,1,6,1128.0,,14.0
simu5g_00000358,1,1,7,808.0,,11.0
simu5g_00000358,1,1,8,704.0,,10.0
simu5g_00000358,1,1,9,1128.0,,14.0
simu5g_00000358,1,1,10,1128.0,,14.0
simu5g_00000358,1,1,11,1128.0,,14.0
simu5g_00000358,1,1,12,1128.0,,14.0
simu5g_00000358,1,1,13,1160.0,,15.0
simu5g_00000358,1,1,14,1128.0,,14.0
simu5g_00000358,1,1,15,1160.0,,15.0
simu5g_00000358,1,1,16,1128.0,,14.0
simu5g_00000358,1,1,17,1128.0,,14.0
simu5g_00000358,1,1,18,1128.0,,14.0
simu5g_00000358,1,1,19,1128.0,,14.0
simu5g_00000358,1,1,20,1160.0,,15.0
simu5g_00000358,1,1,21,608.0,,9.0
simu5g_00000358,1,1,22,1128.0,,14.0
simu5g_00000358,1,1,23,984.0,,13.0
simu5g_00000358,1,1,24,1128.0,,14.0
simu5g_00000358,2,2,0,1160.0,,15.0
simu5g_00000358,2,2,1,1160.0,,15.0
simu5g_00000358,2,2,2,1160.0,,15.0
simu5g_00000358,2,2,3,1160.0,,15.0
simu5g_00000358,2,2,4,1160.0,,15.0
simu5g_00000358,2,2,5,1128.0,,14.0
simu5g_00000358,2,2,6,1160.0,,15.0
simu5g_00000358,2,2,7,888.0,,12.0
simu5g_00000358,2,2,8,1160.0,,15.0
simu5g_00000358,2,2,9,1160.0,,15.0
simu5g_00000358,2,2,10,1160.0,,15.0
simu5g_00000358,2,2,11,984.0,,13.0
simu5g_00000358,2,2,12,1128.0,,14.0
simu5g_00000358,2,2,13,1160.0,,15.0
simu5g_00000358,2,2,14,1160.0,,15.0
simu5g_00000358,2,2,15,1160.0,,15.0
simu5g_00000358,2,2,16,1128.0,,14.0
simu5g_00000358,2,2,17,1128.0,,14.0
simu5g_00000358,2,2,18,1160.0,,15.0
simu5g_00000358,2,2,19,1160.0,,15.0
simu5g_00000358,2,2,20,1160.0,,15.0
simu5g_00000358,2,2,21,1128.0,,14.0
simu5g_00000358,2,2,22,1128.0,,14.0
simu5g_00000358,2,2,23,1160.0,,15.0
simu5g_00000358,2,2,24,1128.0,,14.0
simu5g_00000358,3,3,0,528.0,,8.0
simu5g_00000358,3,3,1,888.0,,12.0
simu5g_00000358,3,3,2,608.0,,9.0
simu5g_00000358,3,3,3,608.0,,9.0
simu5g_00000358,3,3,4,808.0,,11.0
simu5g_00000358,3,3,5,808.0,,11.0
simu5g_00000358,3,3,6,704.0,,10.0
simu5g_00000358,3,3,7,608.0,,9.0
simu5g_00000358,3,3,8,304.0,,5.0
simu5g_00000358,3,3,9,224.0,,4.0
simu5g_00000358,3,3,10,608.0,,9.0
simu5g_00000358,3,3,11,608.0,,9.0
simu5g_00000358,3,3,12,704.0,,10.0
simu5g_00000358,3,3,13,808.0,,11.0
simu5g_00000358,3,3,14,888.0,,12.0
simu5g_00000358,3,3,15,704.0,,10.0
simu5g_00000358,3,3,16,808.0,,11.0
simu5g_00000358,3,3,17,704.0,,10.0
simu5g_00000358,3,3,18,704.0,,10.0
simu5g_00000358,3,3,19,608.0,,9.0
simu5g_00000358,3,3,20,704.0,,10.0
simu5g_00000358,3,3,21,528.0,,8.0
simu5g_00000358,3,3,22,368.0,,6.0
simu5g_00000358,3,3,23,808.0,,11.0
simu5g_00000358,3,3,24,368.0,,6.0
simu5g_00000358,4,4,0,1128.0,,14.0
simu5g_00000358,4,4,1,888.0,,12.0
simu5g_00000358,4,4,2,1128.0,,14.0
simu5g_00000358,4,4,3,368.0,,6.0
simu5g_00000358,4,4,4,1128.0,,14.0
simu5g_00000358,4,4,5,1128.0,,14.0
simu5g_00000358,4,4,6,1128.0,,14.0
simu5g_00000358,4,4,7,608.0,,9.0
simu5g_00000358,4,4,8,888.0,,12.0
simu5g_00000358,4,4,9,1128.0,,14.0
simu5g_00000358,4,4,10,984.0,,13.0
simu5g_00000358,4,4,11,1128.0,,14.0
simu5g_00000358,4,4,12,1160.0,,15.0
simu5g_00000358,4,4,13,984.0,,13.0
simu5g_00000358,4,4,14,1128.0,,14.0
simu5g_00000358,4,4,15,888.0,,12.0
simu5g_00000358,4,4,16,984.0,,13.0
simu5g_00000358,4,4,17,984.0,,13.0
simu5g_00000358,4,4,18,1160.0,,15.0
simu5g_00000358,4,4,19,1128.0,,14.0
simu5g_00000358,4,4,20,984.0,,13.0
simu5g_00000358,4,4,21,888.0,,12.0
simu5g_00000358,4,4,22,1160.0,,15.0
simu5g_00000358,4,4,23,1128.0,,14.0
simu5g_00000358,4,4,24,984.0,,13.0
simu5g_00000359,15,0,0,1128.0,,14.0
simu5g_00000359,15,0,1,1128.0,,14.0
simu5g_00000359,15,0,2,1160.0,,15.0
simu5g_00000359,15,0,3,1160.0,,15.0
simu5g_00000359,15,0,4,984.0,,13.0
simu5g_00000359,15,0,5,704.0,,10.0
simu5g_00000359,15,0,6,1160.0,,15.0
simu5g_00000359,15,0,7,1128.0,,14.0
simu5g_00000359,15,0,8,1160.0,,15.0
simu5g_00000359,15,0,9,1160.0,,15.0
simu5g_00000359,15,0,10,1160.0,,15.0
simu5g_00000359,15,0,11,1160.0,,15.0
simu5g_00000359,15,0,12,984.0,,13.0
simu5g_00000359,15,0,13,1160.0,,15.0
simu5g_00000359,15,0,14,1128.0,,14.0
simu5g_00000359,15,0,15,1128.0,,14.0
simu5g_00000359,15,0,16,1160.0,,15.0
simu5g_00000359,15,0,17,1160.0,,15.0
simu5g_00000359,15,0,18,1160.0,,15.0
simu5g_00000359,15,0,19,1160.0,,15.0
simu5g_00000359,15,0,20,1160.0,,15.0
simu5g_00000359,15,0,21,1128.0,,14.0
simu5g_00000359,15,0,22,1160.0,,15.0
simu5g_00000359,15,0,23,1160.0,,15.0
simu5g_00000359,15,0,24,1160.0,,15.0
simu5g_00000359,31,1,0,1160.0,,15.0
simu5g_00000359,31,1,1,1160.0,,15.0
simu5g_00000359,31,1,2,1160.0,,15.0
simu5g_00000359,31,1,3,1160.0,,15.0
simu5g_00000359,31,1,4,1160.0,,15.0
simu5g_00000359,31,1,5,1160.0,,15.0
simu5g_00000359,31,1,6,1160.0,,15.0
simu5g_00000359,31,1,7,1160.0,,15.0
simu5g_00000359,31,1,8,1160.0,,15.0
simu5g_00000359,31,1,9,1160.0,,15.0
simu5g_00000359,31,1,10,1160.0,,15.0
simu5g_00000359,31,1,11,1160.0,,15.0
simu5g_00000359,31,1,12,1160.0,,15.0
simu5g_00000359,31,1,13,1160.0,,15.0
simu5g_00000359,31,1,14,1160.0,,15.0
simu5g_00000359,31,1,15,1160.0,,15.0
simu5g_00000359,31,1,16,1160.0,,15.0
simu5g_00000359,31,1,17,1160.0,,15.0
simu5g_00000359,31,1,18,1160.0,,15.0
simu5g_00000359,31,1,19,1160.0,,15.0
simu5g_00000359,31,1,20,1160.0,,15.0
simu5g_00000359,31,1,21,1160.0,,15.0
simu5g_00000359,31,1,22,1160.0,,15.0
simu5g_00000359,31,1,23,1160.0,,15.0
simu5g_00000359,31,1,24,1160.0,,15.0
simu5g_00000360,0,0,0,1160.0,,15.0
simu5g_00000360,0,0,1,704.0,,10.0
simu5g_00000360,0,0,2,1160.0,,15.0
simu5g_00000360,0,0,3,1128.0,,14.0
simu5g_00000360,0,0,4,1160.0,,15.0
simu5g_00000360,0,0,5,1128.0,,14.0
simu5g_00000360,0,0,6,1128.0,,14.0
simu5g_00000360,0,0,7,1160.0,,15.0
simu5g_00000360,0,0,8,984.0,,13.0
simu5g_00000360,0,0,9,1160.0,,15.0
simu5g_00000360,0,0,10,1160.0,,15.0
simu5g_00000360,0,0,11,1160.0,,15.0
simu5g_00000360,0,0,12,1160.0,,15.0
simu5g_00000360,0,0,13,1160.0,,15.0
simu5g_00000360,0,0,14,1160.0,,15.0
simu5g_00000360,0,0,15,1160.0,,15.0
simu5g_00000360,0,0,16,1128.0,,14.0
simu5g_00000360,0,0,17,1160.0,,15.0
simu5g_00000360,0,0,18,1160.0,,15.0
simu5g_00000360,0,0,19,1128.0,,14.0
simu5g_00000360,0,0,20,1160.0,,15.0
simu5g_00000360,0,0,21,984.0,,13.0
simu5g_00000360,0,0,22,1160.0,,15.0
simu5g_00000360,0,0,23,1160.0,,15.0
simu5g_00000360,0,0,24,1128.0,,14.0
simu5g_00000360,1,1,0,1128.0,,14.0
simu5g_00000360,1,1,1,984.0,,13.0
simu5g_00000360,1,1,2,984.0,,13.0
simu5g_00000360,1,1,3,1160.0,,15.0
simu5g_00000360,1,1,4,984.0,,13.0
simu5g_00000360,1,1,5,1128.0,,14.0
simu5g_00000360,1,1,6,1128.0,,14.0
simu5g_00000360,1,1,7,808.0,,11.0
simu5g_00000360,1,1,8,704.0,,10.0
simu5g_00000360,1,1,9,1128.0,,14.0
simu5g_00000360,1,1,10,1128.0,,14.0
simu5g_00000360,1,1,11,1128.0,,14.0
simu5g_00000360,1,1,12,1128.0,,14.0
simu5g_00000360,1,1,13,1160.0,,15.0
simu5g_00000360,1,1,14,1128.0,,14.0
simu5g_00000360,1,1,15,1160.0,,15.0
simu5g_00000360,1,1,16,1128.0,,14.0
simu5g_00000360,1,1,17,1128.0,,14.0
simu5g_00000360,1,1,18,1128.0,,14.0
simu5g_00000360,1,1,19,1128.0,,14.0
simu5g_00000360,1,1,20,1160.0,,15.0
simu5g_00000360,1,1,21,608.0,,9.0
simu5g_00000360,1,1,22,1128.0,,14.0
simu5g_00000360,1,1,23,984.0,,13.0
simu5g_00000360,1,1,24,1128.0,,14.0
simu5g_00000360,2,2,0,1160.0,,15.0
simu5g_00000360,2,2,1,1160.0,,15.0
simu5g_00000360,2,2,2,1160.0,,15.0
simu5g_00000360,2,2,3,1160.0,,15.0
simu5g_00000360,2,2,4,1160.0,,15.0
simu5g_00000360,2,2,5,1128.0,,14.0
simu5g_00000360,2,2,6,1160.0,,15.0
simu5g_00000360,2,2,7,888.0,,12.0
simu5g_00000360,2,2,8,1160.0,,15.0
simu5g_00000360,2,2,9,1160.0,,15.0
simu5g_00000360,2,2,10,1160.0,,15.0
simu5g_00000360,2,2,11,984.0,,13.0
simu5g_00000360,2,2,12,1128.0,,14.0
simu5g_00000360,2,2,13,1160.0,,15.0
simu5g_00000360,2,2,14,1160.0,,15.0
simu5g_00000360,2,2,15,1160.0,,15.0
simu5g_00000360,2,2,16,1128.0,,14.0
simu5g_00000360,2,2,17,1160.0,,15.0
simu5g_00000360,2,2,18,1160.0,,15.0
simu5g_00000360,2,2,19,1160.0,,15.0
simu5g_00000360,2,2,20,1160.0,,15.0
simu5g_00000360,2,2,21,1128.0,,14.0
simu5g_00000360,2,2,22,1128.0,,14.0
simu5g_00000360,2,2,23,1160.0,,15.0
simu5g_00000360,2,2,24,1128.0,,14.0
simu5g_00000360,3,3,0,984.0,,13.0
simu5g_00000360,3,3,1,1160.0,,15.0
simu5g_00000360,3,3,2,1128.0,,14.0
simu5g_00000360,3,3,3,1128.0,,14.0
simu5g_00000360,3,3,4,1160.0,,15.0
simu5g_00000360,3,3,5,1160.0,,15.0
simu5g_00000360,3,3,6,1128.0,,14.0
simu5g_00000360,3,3,7,1128.0,,14.0
simu5g_00000360,3,3,8,704.0,,10.0
simu5g_00000360,3,3,9,608.0,,9.0
simu5g_00000360,3,3,10,1128.0,,14.0
simu5g_00000360,3,3,11,1128.0,,14.0
simu5g_00000360,3,3,12,1128.0,,14.0
simu5g_00000360,3,3,13,1128.0,,14.0
simu5g_00000360,3,3,14,1160.0,,15.0
simu5g_00000360,3,3,15,1128.0,,14.0
simu5g_00000360,3,3,16,1128.0,,14.0
simu5g_00000360,3,3,17,1128.0,,14.0
simu5g_00000360,3,3,18,1128.0,,14.0
simu5g_00000360,3,3,19,1128.0,,14.0
simu5g_00000360,3,3,20,1128.0,,14.0
simu5g_00000360,3,3,21,984.0,,13.0
simu5g_00000360,3,3,22,984.0,,13.0
simu5g_00000360,3,3,23,1128.0,,14.0
simu5g_00000360,3,3,24,984.0,,13.0
simu5g_00000360,4,4,0,1128.0,,14.0
simu5g_00000360,4,4,1,888.0,,12.0
simu5g_00000360,4,4,2,1128.0,,14.0
simu5g_00000360,4,4,3,368.0,,6.0
simu5g_00000360,4,4,4,1128.0,,14.0
simu5g_00000360,4,4,5,1128.0,,14.0
simu5g_00000360,4,4,6,1128.0,,14.0
simu5g_00000360,4,4,7,608.0,,9.0
simu5g_00000360,4,4,8,888.0,,12.0
simu5g_00000360,4,4,9,1128.0,,14.0
simu5g_00000360,4,4,10,984.0,,13.0
simu5g_00000360,4,4,11,1128.0,,14.0
simu5g_00000360,4,4,12,1160.0,,15.0
simu5g_00000360,4,4,13,984.0,,13.0
simu5g_00000360,4,4,14,1128.0,,14.0
simu5g_00000360,4,4,15,888.0,,12.0
simu5g_00000360,4,4,16,984.0,,13.0
simu5g_00000360,4,4,17,984.0,,13.0
simu5g_00000360,4,4,18,1160.0,,15.0
simu5g_00000360,4,4,19,1128.0,,14.0
simu5g_00000360,4,4,20,984.0,,13.0
simu5g_00000360,4,4,21,888.0,,12.0
simu5g_00000360,4,4,22,1160.0,,15.0
simu5g_00000360,4,4,23,1128.0,,14.0
simu5g_00000360,4,4,24,984.0,,13.0
simu5g_00000361,15,0,0,1128.0,,14.0
simu5g_00000361,15,0,1,1128.0,,14.0
simu5g_00000361,15,0,2,1160.0,,15.0
simu5g_00000361,15,0,3,1160.0,,15.0
simu5g_00000361,15,0,4,984.0,,13.0
simu5g_00000361,15,0,5,704.0,,10.0
simu5g_00000361,15,0,6,1160.0,,15.0
simu5g_00000361,15,0,7,1128.0,,14.0
simu5g_00000361,15,0,8,1160.0,,15.0
simu5g_00000361,15,0,9,1160.0,,15.0
simu5g_00000361,15,0,10,1160.0,,15.0
simu5g_00000361,15,0,11,1160.0,,15.0
simu5g_00000361,15,0,12,984.0,,13.0
simu5g_00000361,15,0,13,1160.0,,15.0
simu5g_00000361,15,0,14,1128.0,,14.0
simu5g_00000361,15,0,15,1128.0,,14.0
simu5g_00000361,15,0,16,1160.0,,15.0
simu5g_00000361,15,0,17,1160.0,,15.0
simu5g_00000361,15,0,18,1160.0,,15.0
simu5g_00000361,15,0,19,1160.0,,15.0
simu5g_00000361,15,0,20,1160.0,,15.0
simu5g_00000361,15,0,21,1128.0,,14.0
simu5g_00000361,15,0,22,1160.0,,15.0
simu5g_00000361,15,0,23,1160.0,,15.0
simu5g_00000361,15,0,24,1160.0,,15.0
simu5g_00000361,31,1,0,1160.0,,15.0
simu5g_00000361,31,1,1,1160.0,,15.0
simu5g_00000361,31,1,2,1160.0,,15.0
simu5g_00000361,31,1,3,1160.0,,15.0
simu5g_00000361,31,1,4,1160.0,,15.0
simu5g_00000361,31,1,5,1160.0,,15.0
simu5g_00000361,31,1,6,1160.0,,15.0
simu5g_00000361,31,1,7,1160.0,,15.0
simu5g_00000361,31,1,8,1160.0,,15.0
simu5g_00000361,31,1,9,1160.0,,15.0
simu5g_00000361,31,1,10,1160.0,,15.0
simu5g_00000361,31,1,11,1160.0,,15.0
simu5g_00000361,31,1,12,1160.0,,15.0
simu5g_00000361,31,1,13,1160.0,,15.0
simu5g_00000361,31,1,14,1160.0,,15.0
simu5g_00000361,31,1,15,1160.0,,15.0
simu5g_00000361,31,1,16,1160.0,,15.0
simu5g_00000361,31,1,17,1160.0,,15.0
simu5g_00000361,31,1,18,1160.0,,15.0
simu5g_00000361,31,1,19,1160.0,,15.0
simu5g_00000361,31,1,20,1160.0,,15.0
simu5g_00000361,31,1,21,1160.0,,15.0
simu5g_00000361,31,1,22,1160.0,,15.0
simu5g_00000361,31,1,23,1160.0,,15.0
simu5g_00000361,31,1,24,1160.0,,15.0
simu5g_00000362,0,0,0,1160.0,,15.0
simu5g_00000362,0,0,1,704.0,,10.0
simu5g_00000362,0,0,2,1160.0,,15.0
simu5g_00000362,0,0,3,1128.0,,14.0
simu5g_00000362,0,0,4,1160.0,,15.0
simu5g_00000362,0,0,5,1128.0,,14.0
simu5g_00000362,0,0,6,1128.0,,14.0
simu5g_00000362,0,0,7,1160.0,,15.0
simu5g_00000362,0,0,8,984.0,,13.0
simu5g_00000362,0,0,9,1160.0,,15.0
simu5g_00000362,0,0,10,1160.0,,15.0
simu5g_00000362,0,0,11,1160.0,,15.0
simu5g_00000362,0,0,12,1160.0,,15.0
simu5g_00000362,0,0,13,1160.0,,15.0
simu5g_00000362,0,0,14,1160.0,,15.0
simu5g_00000362,0,0,15,1160.0,,15.0
simu5g_00000362,0,0,16,1128.0,,14.0
simu5g_00000362,0,0,17,1160.0,,15.0
simu5g_00000362,0,0,18,1160.0,,15.0
simu5g_00000362,0,0,19,1128.0,,14.0
simu5g_00000362,0,0,20,1160.0,,15.0
simu5g_00000362,0,0,21,984.0,,13.0
simu5g_00000362,0,0,22,1160.0,,15.0
simu5g_00000362,0,0,23,1160.0,,15.0
simu5g_00000362,0,0,24,1128.0,,14.0
simu5g_00000362,1,1,0,1128.0,,14.0
simu5g_00000362,1,1,1,984.0,,13.0
simu5g_00000362,1,1,2,984.0,,13.0
simu5g_00000362,1,1,3,1160.0,,15.0
simu5g_00000362,1,1,4,984.0,,13.0
simu5g_00000362,1,1,5,1128.0,,14.0
simu5g_00000362,1,1,6,1128.0,,14.0
simu5g_00000362,1,1,7,808.0,,11.0
simu5g_00000362,1,1,8,704.0,,10.0
simu5g_00000362,1,1,9,1128.0,,14.0
simu5g_00000362,1,1,10,1128.0,,14.0
simu5g_00000362,1,1,11,1128.0,,14.0
simu5g_00000362,1,1,12,1128.0,,14.0
simu5g_00000362,1,1,13,1160.0,,15.0
simu5g_00000362,1,1,14,1160.0,,15.0
simu5g_00000362,1,1,15,1160.0,,15.0
simu5g_00000362,1,1,16,1128.0,,14.0
simu5g_00000362,1,1,17,1128.0,,14.0
simu5g_00000362,1,1,18,1128.0,,14.0
simu5g_00000362,1,1,19,1128.0,,14.0
simu5g_00000362,1,1,20,1160.0,,15.0
simu5g_00000362,1,1,21,608.0,,9.0
simu5g_00000362,1,1,22,1128.0,,14.0
simu5g_00000362,1,1,23,984.0,,13.0
simu5g_00000362,1,1,24,1128.0,,14.0
simu5g_00000362,2,2,0,1128.0,,14.0
simu5g_00000362,2,2,1,1160.0,,15.0
simu5g_00000362,2,2,2,1128.0,,14.0
simu5g_00000362,2,2,3,1160.0,,15.0
simu5g_00000362,2,2,4,1128.0,,14.0
simu5g_00000362,2,2,5,1128.0,,14.0
simu5g_00000362,2,2,6,1128.0,,14.0
simu5g_00000362,2,2,7,808.0,,11.0
simu5g_00000362,2,2,8,1160.0,,15.0
simu5g_00000362,2,2,9,1160.0,,15.0
simu5g_00000362,2,2,10,1160.0,,15.0
simu5g_00000362,2,2,11,888.0,,12.0
simu5g_00000362,2,2,12,1128.0,,14.0
simu5g_00000362,2,2,13,1160.0,,15.0
simu5g_00000362,2,2,14,1160.0,,15.0
simu5g_00000362,2,2,15,1160.0,,15.0
simu5g_00000362,2,2,16,984.0,,13.0
simu5g_00000362,2,2,17,1128.0,,14.0
simu5g_00000362,2,2,18,1128.0,,14.0
simu5g_00000362,2,2,19,1160.0,,15.0
simu5g_00000362,2,2,20,1160.0,,15.0
simu5g_00000362,2,2,21,1128.0,,14.0
simu5g_00000362,2,2,22,984.0,,13.0
simu5g_00000362,2,2,23,1160.0,,15.0
simu5g_00000362,2,2,24,984.0,,13.0
simu5g_00000362,3,3,0,984.0,,13.0
simu5g_00000362,3,3,1,1160.0,,15.0
simu5g_00000362,3,3,2,1128.0,,14.0
simu5g_00000362,3,3,3,1128.0,,14.0
simu5g_00000362,3,3,4,1160.0,,15.0
simu5g_00000362,3,3,5,1160.0,,15.0
simu5g_00000362,3,3,6,1128.0,,14.0
simu5g_00000362,3,3,7,1128.0,,14.0
simu5g_00000362,3,3,8,704.0,,10.0
simu5g_00000362,3,3,9,608.0,,9.0
simu5g_00000362,3,3,10,1128.0,,14.0
simu5g_00000362,3,3,11,1128.0,,14.0
simu5g_00000362,3,3,12,1128.0,,14.0
simu5g_00000362,3,3,13,1128.0,,14.0
simu5g_00000362,3,3,14,1160.0,,15.0
simu5g_00000362,3,3,15,1128.0,,14.0
simu5g_00000362,3,3,16,1128.0,,14.0
simu5g_00000362,3,3,17,1128.0,,14.0
simu5g_00000362,3,3,18,1128.0,,14.0
simu5g_00000362,3,3,19,1128.0,,14.0
simu5g_00000362,3,3,20,1128.0,,14.0
simu5g_00000362,3,3,21,984.0,,13.0
simu5g_00000362,3,3,22,984.0,,13.0
simu5g_00000362,3,3,23,1128.0,,14.0
simu5g_00000362,3,3,24,984.0,,13.0
simu5g_00000362,4,4,0,1128.0,,14.0
simu5g_00000362,4,4,1,888.0,,12.0
simu5g_00000362,4,4,2,1128.0,,14.0
simu5g_00000362,4,4,3,368.0,,6.0
simu5g_00000362,4,4,4,1128.0,,14.0
simu5g_00000362,4,4,5,1128.0,,14.0
simu5g_00000362,4,4,6,1128.0,,14.0
simu5g_00000362,4,4,7,608.0,,9.0
simu5g_00000362,4,4,8,888.0,,12.0
simu5g_00000362,4,4,9,1128.0,,14.0
simu5g_00000362,4,4,10,984.0,,13.0
simu5g_00000362,4,4,11,1128.0,,14.0
simu5g_00000362,4,4,12,1160.0,,15.0
simu5g_00000362,4,4,13,984.0,,13.0
simu5g_00000362,4,4,14,1128.0,,14.0
simu5g_00000362,4,4,15,888.0,,12.0
simu5g_00000362,4,4,16,984.0,,13.0
simu5g_00000362,4,4,17,984.0,,13.0
simu5g_00000362,4,4,18,1160.0,,15.0
simu5g_00000362,4,4,19,1128.0,,14.0
simu5g_00000362,4,4,20,984.0,,13.0
simu5g_00000362,4,4,21,888.0,,12.0
simu5g_00000362,4,4,22,1160.0,,15.0
simu5g_00000362,4,4,23,1128.0,,14.0
simu5g_00000362,4,4,24,984.0,,13.0
simu5g_00000363,15,0,0,1128.0,,14.0
simu5g_00000363,15,0,1,1128.0,,14.0
simu5g_00000363,15,0,2,1160.0,,15.0
simu5g_00000363,15,0,3,1160.0,,15.0
simu5g_00000363,15,0,4,984.0,,13.0
simu5g_00000363,15,0,5,704.0,,10.0
simu5g_00000363,15,0,6,1160.0,,15.0
simu5g_00000363,15,0,7,1128.0,,14.0
simu5g_00000363,15,0,8,1160.0,,15.0
simu5g_00000363,15,0,9,1160.0,,15.0
simu5g_00000363,15,0,10,1160.0,,15.0
simu5g_00000363,15,0,11,1160.0,,15.0
simu5g_00000363,15,0,12,984.0,,13.0
simu5g_00000363,15,0,13,1160.0,,15.0
simu5g_00000363,15,0,14,1128.0,,14.0
simu5g_00000363,15,0,15,1128.0,,14.0
simu5g_00000363,15,0,16,1160.0,,15.0
simu5g_00000363,15,0,17,1160.0,,15.0
simu5g_00000363,15,0,18,1160.0,,15.0
simu5g_00000363,15,0,19,1160.0,,15.0
simu5g_00000363,15,0,20,1160.0,,15.0
simu5g_00000363,15,0,21,1128.0,,14.0
simu5g_00000363,15,0,22,1160.0,,15.0
simu5g_00000363,15,0,23,1160.0,,15.0
simu5g_00000363,15,0,24,1160.0,,15.0
simu5g_00000363,31,1,0,1160.0,,15.0
simu5g_00000363,31,1,1,1160.0,,15.0
simu5g_00000363,31,1,2,1160.0,,15.0
simu5g_00000363,31,1,3,1160.0,,15.0
simu5g_00000363,31,1,4,1160.0,,15.0
simu5g_00000363,31,1,5,1160.0,,15.0
simu5g_00000363,31,1,6,1160.0,,15.0
simu5g_00000363,31,1,7,1160.0,,15.0
simu5g_00000363,31,1,8,1160.0,,15.0
simu5g_00000363,31,1,9,1160.0,,15.0
simu5g_00000363,31,1,10,1160.0,,15.0
simu5g_00000363,31,1,11,1160.0,,15.0
simu5g_00000363,31,1,12,1160.0,,15.0
simu5g_00000363,31,1,13,1160.0,,15.0
simu5g_00000363,31,1,14,1160.0,,15.0
simu5g_00000363,31,1,15,1160.0,,15.0
simu5g_00000363,31,1,16,1160.0,,15.0
simu5g_00000363,31,1,17,1160.0,,15.0
simu5g_00000363,31,1,18,1160.0,,15.0
simu5g_00000363,31,1,19,1160.0,,15.0
simu5g_00000363,31,1,20,1160.0,,15.0
simu5g_00000363,31,1,21,1160.0,,15.0
simu5g_00000363,31,1,22,1160.0,,15.0
simu5g_00000363,31,1,23,1160.0,,15.0
simu5g_00000363,31,1,24,1160.0,,15.0
simu5g_00000364,0,0,0,1160.0,,15.0
simu5g_00000364,0,0,1,704.0,,10.0
simu5g_00000364,0,0,2,1160.0,,15.0
simu5g_00000364,0,0,3,1128.0,,14.0
simu5g_00000364,0,0,4,1160.0,,15.0
simu5g_00000364,0,0,5,1128.0,,14.0
simu5g_00000364,0,0,6,1128.0,,14.0
simu5g_00000364,0,0,7,1160.0,,15.0
simu5g_00000364,0,0,8,984.0,,13.0
simu5g_00000364,0,0,9,1160.0,,15.0
simu5g_00000364,0,0,10,1160.0,,15.0
simu5g_00000364,0,0,11,1160.0,,15.0
simu5g_00000364,0,0,12,1160.0,,15.0
simu5g_00000364,0,0,13,1160.0,,15.0
simu5g_00000364,0,0,14,1160.0,,15.0
simu5g_00000364,0,0,15,1160.0,,15.0
simu5g_00000364,0,0,16,1128.0,,14.0
simu5g_00000364,0,0,17,1160.0,,15.0
simu5g_00000364,0,0,18,1160.0,,15.0
simu5g_00000364,0,0,19,1128.0,,14.0
simu5g_00000364,0,0,20,1160.0,,15.0
simu5g_00000364,0,0,21,984.0,,13.0
simu5g_00000364,0,0,22,1160.0,,15.0
simu5g_00000364,0,0,23,1160.0,,15.0
simu5g_00000364,0,0,24,1128.0,,14.0
simu5g_00000364,1,1,0,1128.0,,14.0
simu5g_00000364,1,1,1,984.0,,13.0
simu5g_00000364,1,1,2,984.0,,13.0
simu5g_00000364,1,1,3,1160.0,,15.0
simu5g_00000364,1,1,4,984.0,,13.0
simu5g_00000364,1,1,5,1128.0,,14.0
simu5g_00000364,1,1,6,1128.0,,14.0
simu5g_00000364,1,1,7,808.0,,11.0
simu5g_00000364,1,1,8,704.0,,10.0
simu5g_00000364,1,1,9,1128.0,,14.0
simu5g_00000364,1,1,10,1128.0,,14.0
simu5g_00000364,1,1,11,1128.0,,14.0
simu5g_00000364,1,1,12,1128.0,,14.0
simu5g_00000364,1,1,13,1160.0,,15.0
simu5g_00000364,1,1,14,1160.0,,15.0
simu5g_00000364,1,1,15,1160.0,,15.0
simu5g_00000364,1,1,16,1128.0,,14.0
simu5g_00000364,1,1,17,1128.0,,14.0
simu5g_00000364,1,1,18,1128.0,,14.0
simu5g_00000364,1,1,19,1128.0,,14.0
simu5g_00000364,1,1,20,1160.0,,15.0
simu5g_00000364,1,1,21,608.0,,9.0
simu5g_00000364,1,1,22,1128.0,,14.0
simu5g_00000364,1,1,23,984.0,,13.0
simu5g_00000364,1,1,24,1128.0,,14.0
simu5g_00000364,2,2,0,1128.0,,14.0
simu5g_00000364,2,2,1,1160.0,,15.0
simu5g_00000364,2,2,2,1128.0,,14.0
simu5g_00000364,2,2,3,1160.0,,15.0
simu5g_00000364,2,2,4,1128.0,,14.0
simu5g_00000364,2,2,5,1128.0,,14.0
simu5g_00000364,2,2,6,1128.0,,14.0
simu5g_00000364,2,2,7,808.0,,11.0
simu5g_00000364,2,2,8,1160.0,,15.0
simu5g_00000364,2,2,9,1160.0,,15.0
simu5g_00000364,2,2,10,1160.0,,15.0
simu5g_00000364,2,2,11,888.0,,12.0
simu5g_00000364,2,2,12,1128.0,,14.0
simu5g_00000364,2,2,13,1160.0,,15.0
simu5g_00000364,2,2,14,1160.0,,15.0
simu5g_00000364,2,2,15,1160.0,,15.0
simu5g_00000364,2,2,16,984.0,,13.0
simu5g_00000364,2,2,17,1128.0,,14.0
simu5g_00000364,2,2,18,1128.0,,14.0
simu5g_00000364,2,2,19,1160.0,,15.0
simu5g_00000364,2,2,20,1160.0,,15.0
simu5g_00000364,2,2,21,1128.0,,14.0
simu5g_00000364,2,2,22,984.0,,13.0
simu5g_00000364,2,2,23,1160.0,,15.0
simu5g_00000364,2,2,24,984.0,,13.0
simu5g_00000364,3,3,0,984.0,,13.0
simu5g_00000364,3,3,1,1160.0,,15.0
simu5g_00000364,3,3,2,1128.0,,14.0
simu5g_00000364,3,3,3,1128.0,,14.0
simu5g_00000364,3,3,4,1160.0,,15.0
simu5g_00000364,3,3,5,1160.0,,15.0
simu5g_00000364,3,3,6,1128.0,,14.0
simu5g_00000364,3,3,7,1128.0,,14.0
simu5g_00000364,3,3,8,704.0,,10.0
simu5g_00000364,3,3,9,608.0,,9.0
simu5g_00000364,3,3,10,1128.0,,14.0
simu5g_00000364,3,3,11,1128.0,,14.0
simu5g_00000364,3,3,12,1128.0,,14.0
simu5g_00000364,3,3,13,1128.0,,14.0
simu5g_00000364,3,3,14,1160.0,,15.0
simu5g_00000364,3,3,15,1128.0,,14.0
simu5g_00000364,3,3,16,1128.0,,14.0
simu5g_00000364,3,3,17,1128.0,,14.0
simu5g_00000364,3,3,18,1128.0,,14.0
simu5g_00000364,3,3,19,1128.0,,14.0
simu5g_00000364,3,3,20,1128.0,,14.0
simu5g_00000364,3,3,21,984.0,,13.0
simu5g_00000364,3,3,22,984.0,,13.0
simu5g_00000364,3,3,23,1128.0,,14.0
simu5g_00000364,3,3,24,984.0,,13.0
simu5g_00000364,4,4,0,1128.0,,14.0
simu5g_00000364,4,4,1,888.0,,12.0
simu5g_00000364,4,4,2,1128.0,,14.0
simu5g_00000364,4,4,3,368.0,,6.0
simu5g_00000364,4,4,4,1128.0,,14.0
simu5g_00000364,4,4,5,1128.0,,14.0
simu5g_00000364,4,4,6,1128.0,,14.0
simu5g_00000364,4,4,7,608.0,,9.0
simu5g_00000364,4,4,8,888.0,,12.0
simu5g_00000364,4,4,9,1128.0,,14.0
simu5g_00000364,4,4,10,984.0,,13.0
simu5g_00000364,4,4,11,1128.0,,14.0
simu5g_00000364,4,4,12,1160.0,,15.0
simu5g_00000364,4,4,13,984.0,,13.0
simu5g_00000364,4,4,14,1128.0,,14.0
simu5g_00000364,4,4,15,888.0,,12.0
simu5g_00000364,4,4,16,984.0,,13.0
simu5g_00000364,4,4,17,984.0,,13.0
simu5g_00000364,4,4,18,1160.0,,15.0
simu5g_00000364,4,4,19,1128.0,,14.0
simu5g_00000364,4,4,20,984.0,,13.0
simu5g_00000364,4,4,21,888.0,,12.0
simu5g_00000364,4,4,22,1160.0,,15.0
simu5g_00000364,4,4,23,1128.0,,14.0
simu5g_00000364,4,4,24,984.0,,13.0
simu5g_00000365,15,0,0,1128.0,,14.0
simu5g_00000365,15,0,1,1128.0,,14.0
simu5g_00000365,15,0,2,1160.0,,15.0
simu5g_00000365,15,0,3,1160.0,,15.0
simu5g_00000365,15,0,4,984.0,,13.0
simu5g_00000365,15,0,5,704.0,,10.0
simu5g_00000365,15,0,6,1160.0,,15.0
simu5g_00000365,15,0,7,1128.0,,14.0
simu5g_00000365,15,0,8,1160.0,,15.0
simu5g_00000365,15,0,9,1160.0,,15.0
simu5g_00000365,15,0,10,1160.0,,15.0
simu5g_00000365,15,0,11,1160.0,,15.0
simu5g_00000365,15,0,12,984.0,,13.0
simu5g_00000365,15,0,13,1160.0,,15.0
simu5g_00000365,15,0,14,1128.0,,14.0
simu5g_00000365,15,0,15,1128.0,,14.0
simu5g_00000365,15,0,16,1160.0,,15.0
simu5g_00000365,15,0,17,1160.0,,15.0
simu5g_00000365,15,0,18,1160.0,,15.0
simu5g_00000365,15,0,19,1160.0,,15.0
simu5g_00000365,15,0,20,1160.0,,15.0
simu5g_00000365,15,0,21,1128.0,,14.0
simu5g_00000365,15,0,22,1160.0,,15.0
simu5g_00000365,15,0,23,1160.0,,15.0
simu5g_00000365,15,0,24,1160.0,,15.0
simu5g_00000365,31,1,0,1160.0,,15.0
simu5g_00000365,31,1,1,1160.0,,15.0
simu5g_00000365,31,1,2,1160.0,,15.0
simu5g_00000365,31,1,3,1160.0,,15.0
simu5g_00000365,31,1,4,1160.0,,15.0
simu5g_00000365,31,1,5,1160.0,,15.0
simu5g_00000365,31,1,6,1160.0,,15.0
simu5g_00000365,31,1,7,1160.0,,15.0
simu5g_00000365,31,1,8,1160.0,,15.0
simu5g_00000365,31,1,9,1160.0,,15.0
simu5g_00000365,31,1,10,1160.0,,15.0
simu5g_00000365,31,1,11,1160.0,,15.0
simu5g_00000365,31,1,12,1128.0,,14.0
simu5g_00000365,31,1,13,1160.0,,15.0
simu5g_00000365,31,1,14,1160.0,,15.0
simu5g_00000365,31,1,15,1160.0,,15.0
simu5g_00000365,31,1,16,1160.0,,15.0
simu5g_00000365,31,1,17,1160.0,,15.0
simu5g_00000365,31,1,18,1160.0,,15.0
simu5g_00000365,31,1,19,1160.0,,15.0
simu5g_00000365,31,1,20,1160.0,,15.0
simu5g_00000365,31,1,21,1160.0,,15.0
simu5g_00000365,31,1,22,1160.0,,15.0
simu5g_00000365,31,1,23,1160.0,,15.0
simu5g_00000365,31,1,24,1160.0,,15.0
simu5g_00000366,0,0,0,1160.0,,15.0
simu5g_00000366,0,0,1,704.0,,10.0
simu5g_00000366,0,0,2,1160.0,,15.0
simu5g_00000366,0,0,3,1128.0,,14.0
simu5g_00000366,0,0,4,1160.0,,15.0
simu5g_00000366,0,0,5,1128.0,,14.0
simu5g_00000366,0,0,6,1128.0,,14.0
simu5g_00000366,0,0,7,1160.0,,15.0
simu5g_00000366,0,0,8,984.0,,13.0
simu5g_00000366,0,0,9,1160.0,,15.0
simu5g_00000366,0,0,10,1160.0,,15.0
simu5g_00000366,0,0,11,1160.0,,15.0
simu5g_00000366,0,0,12,1160.0,,15.0
simu5g_00000366,0,0,13,1160.0,,15.0
simu5g_00000366,0,0,14,1160.0,,15.0
simu5g_00000366,0,0,15,1160.0,,15.0
simu5g_00000366,0,0,16,1128.0,,14.0
simu5g_00000366,0,0,17,1160.0,,15.0
simu5g_00000366,0,0,18,1160.0,,15.0
simu5g_00000366,0,0,19,1128.0,,14.0
simu5g_00000366,0,0,20,1160.0,,15.0
simu5g_00000366,0,0,21,984.0,,13.0
simu5g_00000366,0,0,22,1160.0,,15.0
simu5g_00000366,0,0,23,1160.0,,15.0
simu5g_00000366,0,0,24,1128.0,,14.0
simu5g_00000366,1,1,0,1128.0,,14.0
simu5g_00000366,1,1,1,984.0,,13.0
simu5g_00000366,1,1,2,984.0,,13.0
simu5g_00000366,1,1,3,1128.0,,14.0
simu5g_00000366,1,1,4,984.0,,13.0
simu5g_00000366,1,1,5,1128.0,,14.0
simu5g_00000366,1,1,6,1128.0,,14.0
simu5g_00000366,1,1,7,704.0,,10.0
simu5g_00000366,1,1,8,608.0,,9.0
simu5g_00000366,1,1,9,1128.0,,14.0
simu5g_00000366,1,1,10,1128.0,,14.0
simu5g_00000366,1,1,11,984.0,,13.0
simu5g_00000366,1,1,12,984.0,,13.0
simu5g_00000366,1,1,13,1160.0,,15.0
simu5g_00000366,1,1,14,1128.0,,14.0
simu5g_00000366,1,1,15,1128.0,,14.0
simu5g_00000366,1,1,16,984.0,,13.0
simu5g_00000366,1,1,17,984.0,,13.0
simu5g_00000366,1,1,18,984.0,,13.0
simu5g_00000366,1,1,19,1128.0,,14.0
simu5g_00000366,1,1,20,1128.0,,14.0
simu5g_00000366,1,1,21,528.0,,8.0
simu5g_00000366,1,1,22,1128.0,,14.0
simu5g_00000366,1,1,23,888.0,,12.0
simu5g_00000366,1,1,24,1128.0,,14.0
simu5g_00000366,2,2,0,1128.0,,14.0
simu5g_00000366,2,2,1,1160.0,,15.0
simu5g_00000366,2,2,2,1128.0,,14.0
simu5g_00000366,2,2,3,1160.0,,15.0
simu5g_00000366,2,2,4,1128.0,,14.0
simu5g_00000366,2,2,5,1128.0,,14.0
simu5g_00000366,2,2,6,1128.0,,14.0
simu5g_00000366,2,2,7,808.0,,11.0
simu5g_00000366,2,2,8,1160.0,,15.0
simu5g_00000366,2,2,9,1160.0,,15.0
simu5g_00000366,2,2,10,1160.0,,15.0
simu5g_00000366,2,2,11,888.0,,12.0
simu5g_00000366,2,2,12,1128.0,,14.0
simu5g_00000366,2,2,13,1160.0,,15.0
simu5g_00000366,2,2,14,1160.0,,15.0
simu5g_00000366,2,2,15,1160.0,,15.0
simu5g_00000366,2,2,16,984.0,,13.0
simu5g_00000366,2,2,17,1128.0,,14.0
simu5g_00000366,2,2,18,1128.0,,14.0
simu5g_00000366,2,2,19,1160.0,,15.0
simu5g_00000366,2,2,20,1160.0,,15.0
simu5g_00000366,2,2,21,1128.0,,14.0
simu5g_00000366,2,2,22,984.0,,13.0
simu5g_00000366,2,2,23,1160.0,,15.0
simu5g_00000366,2,2,24,984.0,,13.0
simu5g_00000366,3,3,0,984.0,,13.0
simu5g_00000366,3,3,1,1160.0,,15.0
simu5g_00000366,3,3,2,1128.0,,14.0
simu5g_00000366,3,3,3,1128.0,,14.0
simu5g_00000366,3,3,4,1160.0,,15.0
simu5g_00000366,3,3,5,1160.0,,15.0
simu5g_00000366,3,3,6,1128.0,,14.0
simu5g_00000366,3,3,7,1128.0,,14.0
simu5g_00000366,3,3,8,704.0,,10.0
simu5g_00000366,3,3,9,608.0,,9.0
simu5g_00000366,3,3,10,1128.0,,14.0
simu5g_00000366,3,3,11,1128.0,,14.0
simu5g_00000366,3,3,12,1128.0,,14.0
simu5g_00000366,3,3,13,1128.0,,14.0
simu5g_00000366,3,3,14,1160.0,,15.0
simu5g_00000366,3,3,15,1128.0,,14.0
simu5g_00000366,3,3,16,1128.0,,14.0
simu5g_00000366,3,3,17,1128.0,,14.0
simu5g_00000366,3,3,18,1128.0,,14.0
simu5g_00000366,3,3,19,1128.0,,14.0
simu5g_00000366,3,3,20,1128.0,,14.0
simu5g_00000366,3,3,21,984.0,,13.0
simu5g_00000366,3,3,22,984.0,,13.0
simu5g_00000366,3,3,23,1128.0,,14.0
simu5g_00000366,3,3,24,984.0,,13.0
simu5g_00000366,4,4,0,1128.0,,14.0
simu5g_00000366,4,4,1,888.0,,12.0
simu5g_00000366,4,4,2,1128.0,,14.0
simu5g_00000366,4,4,3,368.0,,6.0
simu5g_00000366,4,4,4,1128.0,,14.0
simu5g_00000366,4,4,5,1128.0,,14.0
simu5g_00000366,4,4,6,1128.0,,14.0
simu5g_00000366,4,4,7,608.0,,9.0
simu5g_00000366,4,4,8,888.0,,12.0
simu5g_00000366,4,4,9,1128.0,,14.0
simu5g_00000366,4,4,10,984.0,,13.0
simu5g_00000366,4,4,11,1128.0,,14.0
simu5g_00000366,4,4,12,1160.0,,15.0
simu5g_00000366,4,4,13,984.0,,13.0
simu5g_00000366,4,4,14,1128.0,,14.0
simu5g_00000366,4,4,15,888.0,,12.0
simu5g_00000366,4,4,16,984.0,,13.0
simu5g_00000366,4,4,17,984.0,,13.0
simu5g_00000366,4,4,18,1160.0,,15.0
simu5g_00000366,4,4,19,1128.0,,14.0
simu5g_00000366,4,4,20,984.0,,13.0
simu5g_00000366,4,4,21,888.0,,12.0
simu5g_00000366,4,4,22,1160.0,,15.0
simu5g_00000366,4,4,23,1128.0,,14.0
simu5g_00000366,4,4,24,984.0,,13.0
simu5g_00000367,15,0,0,1160.0,,15.0
simu5g_00000367,15,0,1,1160.0,,15.0
simu5g_00000367,15,0,2,1160.0,,15.0
simu5g_00000367,15,0,3,1160.0,,15.0
simu5g_00000367,15,0,4,1160.0,,15.0
simu5g_00000367,15,0,5,1128.0,,14.0
simu5g_00000367,15,0,6,1160.0,,15.0
simu5g_00000367,15,0,7,1160.0,,15.0
simu5g_00000367,15,0,8,1160.0,,15.0
simu5g_00000367,15,0,9,1160.0,,15.0
simu5g_00000367,15,0,10,1160.0,,15.0
simu5g_00000367,15,0,11,1160.0,,15.0
simu5g_00000367,15,0,12,1160.0,,15.0
simu5g_00000367,15,0,13,1160.0,,15.0
simu5g_00000367,15,0,14,1160.0,,15.0
simu5g_00000367,15,0,15,1160.0,,15.0
simu5g_00000367,15,0,16,1160.0,,15.0
simu5g_00000367,15,0,17,1160.0,,15.0
simu5g_00000367,15,0,18,1160.0,,15.0
simu5g_00000367,15,0,19,1160.0,,15.0
simu5g_00000367,15,0,20,1160.0,,15.0
simu5g_00000367,15,0,21,1160.0,,15.0
simu5g_00000367,15,0,22,1160.0,,15.0
simu5g_00000367,15,0,23,1160.0,,15.0
simu5g_00000367,15,0,24,1160.0,,15.0
simu5g_00000367,31,1,0,1160.0,,15.0
simu5g_00000367,31,1,1,1160.0,,15.0
simu5g_00000367,31,1,2,1160.0,,15.0
simu5g_00000367,31,1,3,1160.0,,15.0
simu5g_00000367,31,1,4,1160.0,,15.0
simu5g_00000367,31,1,5,1160.0,,15.0
simu5g_00000367,31,1,6,1160.0,,15.0
simu5g_00000367,31,1,7,1160.0,,15.0
simu5g_00000367,31,1,8,1160.0,,15.0
simu5g_00000367,31,1,9,1160.0,,15.0
simu5g_00000367,31,1,10,1160.0,,15.0
simu5g_00000367,31,1,11,1160.0,,15.0
simu5g_00000367,31,1,12,1128.0,,14.0
simu5g_00000367,31,1,13,1160.0,,15.0
simu5g_00000367,31,1,14,1160.0,,15.0
simu5g_00000367,31,1,15,1160.0,,15.0
simu5g_00000367,31,1,16,1160.0,,15.0
simu5g_00000367,31,1,17,1160.0,,15.0
simu5g_00000367,31,1,18,1160.0,,15.0
simu5g_00000367,31,1,19,1160.0,,15.0
simu5g_00000367,31,1,20,1160.0,,15.0
simu5g_00000367,31,1,21,1160.0,,15.0
simu5g_00000367,31,1,22,1160.0,,15.0
simu5g_00000367,31,1,23,1160.0,,15.0
simu5g_00000367,31,1,24,1160.0,,15.0
simu5g_00000368,0,0,0,1160.0,,15.0
simu5g_00000368,0,0,1,808.0,,11.0
simu5g_00000368,0,0,2,1160.0,,15.0
simu5g_00000368,0,0,3,1128.0,,14.0
simu5g_00000368,0,0,4,1160.0,,15.0
simu5g_00000368,0,0,5,1128.0,,14.0
simu5g_00000368,0,0,6,1128.0,,14.0
simu5g_00000368,0,0,7,1160.0,,15.0
simu5g_00000368,0,0,8,984.0,,13.0
simu5g_00000368,0,0,9,1160.0,,15.0
simu5g_00000368,0,0,10,1160.0,,15.0
simu5g_00000368,0,0,11,1160.0,,15.0
simu5g_00000368,0,0,12,1160.0,,15.0
simu5g_00000368,0,0,13,1160.0,,15.0
simu5g_00000368,0,0,14,1160.0,,15.0
simu5g_00000368,0,0,15,1160.0,,15.0
simu5g_00000368,0,0,16,1128.0,,14.0
simu5g_00000368,0,0,17,1160.0,,15.0
simu5g_00000368,0,0,18,1160.0,,15.0
simu5g_00000368,0,0,19,1128.0,,14.0
simu5g_00000368,0,0,20,1160.0,,15.0
simu5g_00000368,0,0,21,984.0,,13.0
simu5g_00000368,0,0,22,1160.0,,15.0
simu5g_00000368,0,0,23,1160.0,,15.0
simu5g_00000368,0,0,24,1128.0,,14.0
simu5g_00000368,1,1,0,1128.0,,14.0
simu5g_00000368,1,1,1,984.0,,13.0
simu5g_00000368,1,1,2,984.0,,13.0
simu5g_00000368,1,1,3,1128.0,,14.0
simu5g_00000368,1,1,4,984.0,,13.0
simu5g_00000368,1,1,5,1128.0,,14.0
simu5g_00000368,1,1,6,1128.0,,14.0
simu5g_00000368,1,1,7,704.0,,10.0
simu5g_00000368,1,1,8,608.0,,9.0
simu5g_00000368,1,1,9,1128.0,,14.0
simu5g_00000368,1,1,10,1128.0,,14.0
simu5g_00000368,1,1,11,984.0,,13.0
simu5g_00000368,1,1,12,984.0,,13.0
simu5g_00000368,1,1,13,1160.0,,15.0
simu5g_00000368,1,1,14,1128.0,,14.0
simu5g_00000368,1,1,15,1128.0,,14.0
simu5g_00000368,1,1,16,984.0,,13.0
simu5g_00000368,1,1,17,984.0,,13.0
simu5g_00000368,1,1,18,984.0,,13.0
simu5g_00000368,1,1,19,1128.0,,14.0
simu5g_00000368,1,1,20,1128.0,,14.0
simu5g_00000368,1,1,21,528.0,,8.0
simu5g_00000368,1,1,22,1128.0,,14.0
simu5g_00000368,1,1,23,888.0,,12.0
simu5g_00000368,1,1,24,1128.0,,14.0
simu5g_00000368,2,2,0,1128.0,,14.0
simu5g_00000368,2,2,1,1160.0,,15.0
simu5g_00000368,2,2,2,1128.0,,14.0
simu5g_00000368,2,2,3,1160.0,,15.0
simu5g_00000368,2,2,4,1128.0,,14.0
simu5g_00000368,2,2,5,1128.0,,14.0
simu5g_00000368,2,2,6,1128.0,,14.0
simu5g_00000368,2,2,7,808.0,,11.0
simu5g_00000368,2,2,8,1160.0,,15.0
simu5g_00000368,2,2,9,1160.0,,15.0
simu5g_00000368,2,2,10,1160.0,,15.0
simu5g_00000368,2,2,11,888.0,,12.0
simu5g_00000368,2,2,12,1128.0,,14.0
simu5g_00000368,2,2,13,1160.0,,15.0
simu5g_00000368,2,2,14,1160.0,,15.0
simu5g_00000368,2,2,15,1160.0,,15.0
simu5g_00000368,2,2,16,984.0,,13.0
simu5g_00000368,2,2,17,1128.0,,14.0
simu5g_00000368,2,2,18,1128.0,,14.0
simu5g_00000368,2,2,19,1160.0,,15.0
simu5g_00000368,2,2,20,1160.0,,15.0
simu5g_00000368,2,2,21,1128.0,,14.0
simu5g_00000368,2,2,22,984.0,,13.0
simu5g_00000368,2,2,23,1160.0,,15.0
simu5g_00000368,2,2,24,984.0,,13.0
simu5g_00000368,3,3,0,984.0,,13.0
simu5g_00000368,3,3,1,1160.0,,15.0
simu5g_00000368,3,3,2,1128.0,,14.0
simu5g_00000368,3,3,3,1128.0,,14.0
simu5g_00000368,3,3,4,1160.0,,15.0
simu5g_00000368,3,3,5,1160.0,,15.0
simu5g_00000368,3,3,6,1128.0,,14.0
simu5g_00000368,3,3,7,1128.0,,14.0
simu5g_00000368,3,3,8,704.0,,10.0
simu5g_00000368,3,3,9,608.0,,9.0
simu5g_00000368,3,3,10,1128.0,,14.0
simu5g_00000368,3,3,11,1128.0,,14.0
simu5g_00000368,3,3,12,1128.0,,14.0
simu5g_00000368,3,3,13,1128.0,,14.0
simu5g_00000368,3,3,14,1160.0,,15.0
simu5g_00000368,3,3,15,1128.0,,14.0
simu5g_00000368,3,3,16,1160.0,,15.0
simu5g_00000368,3,3,17,1128.0,,14.0
simu5g_00000368,3,3,18,1128.0,,14.0
simu5g_00000368,3,3,19,1128.0,,14.0
simu5g_00000368,3,3,20,1128.0,,14.0
simu5g_00000368,3,3,21,984.0,,13.0
simu5g_00000368,3,3,22,984.0,,13.0
simu5g_00000368,3,3,23,1128.0,,14.0
simu5g_00000368,3,3,24,984.0,,13.0
simu5g_00000368,4,4,0,1128.0,,14.0
simu5g_00000368,4,4,1,888.0,,12.0
simu5g_00000368,4,4,2,1128.0,,14.0
simu5g_00000368,4,4,3,368.0,,6.0
simu5g_00000368,4,4,4,1128.0,,14.0
simu5g_00000368,4,4,5,1160.0,,15.0
simu5g_00000368,4,4,6,1128.0,,14.0
simu5g_00000368,4,4,7,608.0,,9.0
simu5g_00000368,4,4,8,888.0,,12.0
simu5g_00000368,4,4,9,1128.0,,14.0
simu5g_00000368,4,4,10,984.0,,13.0
simu5g_00000368,4,4,11,1128.0,,14.0
simu5g_00000368,4,4,12,1160.0,,15.0
simu5g_00000368,4,4,13,984.0,,13.0
simu5g_00000368,4,4,14,1128.0,,14.0
simu5g_00000368,4,4,15,888.0,,12.0
simu5g_00000368,4,4,16,984.0,,13.0
simu5g_00000368,4,4,17,984.0,,13.0
simu5g_00000368,4,4,18,1160.0,,15.0
simu5g_00000368,4,4,19,1128.0,,14.0
simu5g_00000368,4,4,20,984.0,,13.0
simu5g_00000368,4,4,21,888.0,,12.0
simu5g_00000368,4,4,22,1160.0,,15.0
simu5g_00000368,4,4,23,1128.0,,14.0
simu5g_00000368,4,4,24,984.0,,13.0
simu5g_00000369,15,0,0,1160.0,,15.0
simu5g_00000369,15,0,1,1160.0,,15.0
simu5g_00000369,15,0,2,1160.0,,15.0
simu5g_00000369,15,0,3,1160.0,,15.0
simu5g_00000369,15,0,4,1160.0,,15.0
simu5g_00000369,15,0,5,1128.0,,14.0
simu5g_00000369,15,0,6,1160.0,,15.0
simu5g_00000369,15,0,7,1160.0,,15.0
simu5g_00000369,15,0,8,1160.0,,15.0
simu5g_00000369,15,0,9,1160.0,,15.0
simu5g_00000369,15,0,10,1160.0,,15.0
simu5g_00000369,15,0,11,1160.0,,15.0
simu5g_00000369,15,0,12,1160.0,,15.0
simu5g_00000369,15,0,13,1160.0,,15.0
simu5g_00000369,15,0,14,1160.0,,15.0
simu5g_00000369,15,0,15,1160.0,,15.0
simu5g_00000369,15,0,16,1160.0,,15.0
simu5g_00000369,15,0,17,1160.0,,15.0
simu5g_00000369,15,0,18,1160.0,,15.0
simu5g_00000369,15,0,19,1160.0,,15.0
simu5g_00000369,15,0,20,1160.0,,15.0
simu5g_00000369,15,0,21,1160.0,,15.0
simu5g_00000369,15,0,22,1160.0,,15.0
simu5g_00000369,15,0,23,1160.0,,15.0
simu5g_00000369,15,0,24,1160.0,,15.0
simu5g_00000369,31,1,0,1160.0,,15.0
simu5g_00000369,31,1,1,1160.0,,15.0
simu5g_00000369,31,1,2,1160.0,,15.0
simu5g_00000369,31,1,3,1160.0,,15.0
simu5g_00000369,31,1,4,1160.0,,15.0
simu5g_00000369,31,1,5,1160.0,,15.0
simu5g_00000369,31,1,6,1160.0,,15.0
simu5g_00000369,31,1,7,1160.0,,15.0
simu5g_00000369,31,1,8,1160.0,,15.0
simu5g_00000369,31,1,9,1160.0,,15.0
simu5g_00000369,31,1,10,1160.0,,15.0
simu5g_00000369,31,1,11,1160.0,,15.0
simu5g_00000369,31,1,12,1128.0,,14.0
simu5g_00000369,31,1,13,1160.0,,15.0
simu5g_00000369,31,1,14,1160.0,,15.0
simu5g_00000369,31,1,15,1160.0,,15.0
simu5g_00000369,31,1,16,1160.0,,15.0
simu5g_00000369,31,1,17,1160.0,,15.0
simu5g_00000369,31,1,18,1160.0,,15.0
simu5g_00000369,31,1,19,1160.0,,15.0
simu5g_00000369,31,1,20,1160.0,,15.0
simu5g_00000369,31,1,21,1160.0,,15.0
simu5g_00000369,31,1,22,1160.0,,15.0
simu5g_00000369,31,1,23,1160.0,,15.0
simu5g_00000369,31,1,24,1160.0,,15.0
simu5g_00000370,0,0,0,1160.0,,15.0
simu5g_00000370,0,0,1,808.0,,11.0
simu5g_00000370,0,0,2,1160.0,,15.0
simu5g_00000370,0,0,3,1128.0,,14.0
simu5g_00000370,0,0,4,1160.0,,15.0
simu5g_00000370,0,0,5,1128.0,,14.0
simu5g_00000370,0,0,6,1128.0,,14.0
simu5g_00000370,0,0,7,1160.0,,15.0
simu5g_00000370,0,0,8,984.0,,13.0
simu5g_00000370,0,0,9,1160.0,,15.0
simu5g_00000370,0,0,10,1160.0,,15.0
simu5g_00000370,0,0,11,1160.0,,15.0
simu5g_00000370,0,0,12,1160.0,,15.0
simu5g_00000370,0,0,13,1160.0,,15.0
simu5g_00000370,0,0,14,1160.0,,15.0
simu5g_00000370,0,0,15,1160.0,,15.0
simu5g_00000370,0,0,16,1128.0,,14.0
simu5g_00000370,0,0,17,1160.0,,15.0
simu5g_00000370,0,0,18,1160.0,,15.0
simu5g_00000370,0,0,19,1128.0,,14.0
simu5g_00000370,0,0,20,1160.0,,15.0
simu5g_00000370,0,0,21,984.0,,13.0
simu5g_00000370,0,0,22,1160.0,,15.0
simu5g_00000370,0,0,23,1160.0,,15.0
simu5g_00000370,0,0,24,1128.0,,14.0
simu5g_00000370,1,1,0,1128.0,,14.0
simu5g_00000370,1,1,1,984.0,,13.0
simu5g_00000370,1,1,2,984.0,,13.0
simu5g_00000370,1,1,3,1128.0,,14.0
simu5g_00000370,1,1,4,984.0,,13.0
simu5g_00000370,1,1,5,1128.0,,14.0
simu5g_00000370,1,1,6,1128.0,,14.0
simu5g_00000370,1,1,7,808.0,,11.0
simu5g_00000370,1,1,8,608.0,,9.0
simu5g_00000370,1,1,9,1128.0,,14.0
simu5g_00000370,1,1,10,1128.0,,14.0
simu5g_00000370,1,1,11,984.0,,13.0
simu5g_00000370,1,1,12,984.0,,13.0
simu5g_00000370,1,1,13,1160.0,,15.0
simu5g_00000370,1,1,14,1128.0,,14.0
simu5g_00000370,1,1,15,1128.0,,14.0
simu5g_00000370,1,1,16,984.0,,13.0
simu5g_00000370,1,1,17,984.0,,13.0
simu5g_00000370,1,1,18,984.0,,13.0
simu5g_00000370,1,1,19,1128.0,,14.0
simu5g_00000370,1,1,20,1128.0,,14.0
simu5g_00000370,1,1,21,528.0,,8.0
simu5g_00000370,1,1,22,1128.0,,14.0
simu5g_00000370,1,1,23,888.0,,12.0
simu5g_00000370,1,1,24,1128.0,,14.0
simu5g_00000370,2,2,0,1128.0,,14.0
simu5g_00000370,2,2,1,1160.0,,15.0
simu5g_00000370,2,2,2,1128.0,,14.0
simu5g_00000370,2,2,3,1160.0,,15.0
simu5g_00000370,2,2,4,1128.0,,14.0
simu5g_00000370,2,2,5,1128.0,,14.0
simu5g_00000370,2,2,6,1128.0,,14.0
simu5g_00000370,2,2,7,808.0,,11.0
simu5g_00000370,2,2,8,1160.0,,15.0
simu5g_00000370,2,2,9,1160.0,,15.0
simu5g_00000370,2,2,10,1160.0,,15.0
simu5g_00000370,2,2,11,888.0,,12.0
simu5g_00000370,2,2,12,1128.0,,14.0
simu5g_00000370,2,2,13,1160.0,,15.0
simu5g_00000370,2,2,14,1160.0,,15.0
simu5g_00000370,2,2,15,1160.0,,15.0
simu5g_00000370,2,2,16,984.0,,13.0
simu5g_00000370,2,2,17,1128.0,,14.0
simu5g_00000370,2,2,18,1128.0,,14.0
simu5g_00000370,2,2,19,1160.0,,15.0
simu5g_00000370,2,2,20,1160.0,,15.0
simu5g_00000370,2,2,21,1128.0,,14.0
simu5g_00000370,2,2,22,984.0,,13.0
simu5g_00000370,2,2,23,1160.0,,15.0
simu5g_00000370,2,2,24,984.0,,13.0
simu5g_00000370,3,3,0,1160.0,,15.0
simu5g_00000370,3,3,1,1160.0,,15.0
simu5g_00000370,3,3,2,1160.0,,15.0
simu5g_00000370,3,3,3,1160.0,,15.0
simu5g_00000370,3,3,4,1160.0,,15.0
simu5g_00000370,3,3,5,1160.0,,15.0
simu5g_00000370,3,3,6,1160.0,,15.0
simu5g_00000370,3,3,7,1160.0,,15.0
simu5g_00000370,3,3,8,984.0,,13.0
simu5g_00000370,3,3,9,984.0,,13.0
simu5g_00000370,3,3,10,1160.0,,15.0
simu5g_00000370,3,3,11,1160.0,,15.0
simu5g_00000370,3,3,12,1160.0,,15.0
simu5g_00000370,3,3,13,1160.0,,15.0
simu5g_00000370,3,3,14,1160.0,,15.0
simu5g_00000370,3,3,15,1160.0,,15.0
simu5g_00000370,3,3,16,1160.0,,15.0
simu5g_00000370,3,3,17,1160.0,,15.0
simu5g_00000370,3,3,18,1160.0,,15.0
simu5g_00000370,3,3,19,1160.0,,15.0
simu5g_00000370,3,3,20,1160.0,,15.0
simu5g_00000370,3,3,21,1160.0,,15.0
simu5g_00000370,3,3,22,1160.0,,15.0
simu5g_00000370,3,3,23,1160.0,,15.0
simu5g_00000370,3,3,24,1160.0,,15.0
simu5g_00000370,4,4,0,1128.0,,14.0
simu5g_00000370,4,4,1,888.0,,12.0
simu5g_00000370,4,4,2,1128.0,,14.0
simu5g_00000370,4,4,3,368.0,,6.0
simu5g_00000370,4,4,4,1128.0,,14.0
simu5g_00000370,4,4,5,1160.0,,15.0
simu5g_00000370,4,4,6,1128.0,,14.0
simu5g_00000370,4,4,7,608.0,,9.0
simu5g_00000370,4,4,8,888.0,,12.0
simu5g_00000370,4,4,9,1128.0,,14.0
simu5g_00000370,4,4,10,984.0,,13.0
simu5g_00000370,4,4,11,1128.0,,14.0
simu5g_00000370,4,4,12,1160.0,,15.0
simu5g_00000370,4,4,13,984.0,,13.0
simu5g_00000370,4,4,14,1128.0,,14.0
simu5g_00000370,4,4,15,888.0,,12.0
simu5g_00000370,4,4,16,984.0,,13.0
simu5g_00000370,4,4,17,984.0,,13.0
simu5g_00000370,4,4,18,1160.0,,15.0
simu5g_00000370,4,4,19,1128.0,,14.0
simu5g_00000370,4,4,20,984.0,,13.0
simu5g_00000370,4,4,21,888.0,,12.0
simu5g_00000370,4,4,22,1160.0,,15.0
simu5g_00000370,4,4,23,1128.0,,14.0
simu5g_00000370,4,4,24,984.0,,13.0
simu5g_00000371,15,0,0,1160.0,,15.0
simu5g_00000371,15,0,1,1160.0,,15.0
simu5g_00000371,15,0,2,1160.0,,15.0
simu5g_00000371,15,0,3,1160.0,,15.0
simu5g_00000371,15,0,4,1160.0,,15.0
simu5g_00000371,15,0,5,1128.0,,14.0
simu5g_00000371,15,0,6,1160.0,,15.0
simu5g_00000371,15,0,7,1160.0,,15.0
simu5g_00000371,15,0,8,1160.0,,15.0
simu5g_00000371,15,0,9,1160.0,,15.0
simu5g_00000371,15,0,10,1160.0,,15.0
simu5g_00000371,15,0,11,1160.0,,15.0
simu5g_00000371,15,0,12,1160.0,,15.0
simu5g_00000371,15,0,13,1160.0,,15.0
simu5g_00000371,15,0,14,1160.0,,15.0
simu5g_00000371,15,0,15,1160.0,,15.0
simu5g_00000371,15,0,16,1160.0,,15.0
simu5g_00000371,15,0,17,1160.0,,15.0
simu5g_00000371,15,0,18,1160.0,,15.0
simu5g_00000371,15,0,19,1160.0,,15.0
simu5g_00000371,15,0,20,1160.0,,15.0
simu5g_00000371,15,0,21,1160.0,,15.0
simu5g_00000371,15,0,22,1160.0,,15.0
simu5g_00000371,15,0,23,1160.0,,15.0
simu5g_00000371,15,0,24,1160.0,,15.0
simu5g_00000371,31,1,0,1160.0,,15.0
simu5g_00000371,31,1,1,1160.0,,15.0
simu5g_00000371,31,1,2,1160.0,,15.0
simu5g_00000371,31,1,3,1160.0,,15.0
simu5g_00000371,31,1,4,1160.0,,15.0
simu5g_00000371,31,1,5,1160.0,,15.0
simu5g_00000371,31,1,6,1160.0,,15.0
simu5g_00000371,31,1,7,1160.0,,15.0
simu5g_00000371,31,1,8,1160.0,,15.0
simu5g_00000371,31,1,9,1160.0,,15.0
simu5g_00000371,31,1,10,1160.0,,15.0
simu5g_00000371,31,1,11,1160.0,,15.0
simu5g_00000371,31,1,12,984.0,,13.0
simu5g_00000371,31,1,13,1160.0,,15.0
simu5g_00000371,31,1,14,1160.0,,15.0
simu5g_00000371,31,1,15,1160.0,,15.0
simu5g_00000371,31,1,16,1160.0,,15.0
simu5g_00000371,31,1,17,1160.0,,15.0
simu5g_00000371,31,1,18,1160.0,,15.0
simu5g_00000371,31,1,19,1160.0,,15.0
simu5g_00000371,31,1,20,1160.0,,15.0
simu5g_00000371,31,1,21,1160.0,,15.0
simu5g_00000371,31,1,22,1160.0,,15.0
simu5g_00000371,31,1,23,1160.0,,15.0
simu5g_00000371,31,1,24,1160.0,,15.0
simu5g_00000372,0,0,0,1160.0,,15.0
simu5g_00000372,0,0,1,808.0,,11.0
simu5g_00000372,0,0,2,1160.0,,15.0
simu5g_00000372,0,0,3,1128.0,,14.0
simu5g_00000372,0,0,4,1160.0,,15.0
simu5g_00000372,0,0,5,1128.0,,14.0
simu5g_00000372,0,0,6,1128.0,,14.0
simu5g_00000372,0,0,7,1160.0,,15.0
simu5g_00000372,0,0,8,984.0,,13.0
simu5g_00000372,0,0,9,1160.0,,15.0
simu5g_00000372,0,0,10,1160.0,,15.0
simu5g_00000372,0,0,11,1160.0,,15.0
simu5g_00000372,0,0,12,1160.0,,15.0
simu5g_00000372,0,0,13,1160.0,,15.0
simu5g_00000372,0,0,14,1160.0,,15.0
simu5g_00000372,0,0,15,1160.0,,15.0
simu5g_00000372,0,0,16,1128.0,,14.0
simu5g_00000372,0,0,17,1160.0,,15.0
simu5g_00000372,0,0,18,1160.0,,15.0
simu5g_00000372,0,0,19,1128.0,,14.0
simu5g_00000372,0,0,20,1160.0,,15.0
simu5g_00000372,0,0,21,984.0,,13.0
simu5g_00000372,0,0,22,1160.0,,15.0
simu5g_00000372,0,0,23,1160.0,,15.0
simu5g_00000372,0,0,24,1128.0,,14.0
simu5g_00000372,1,1,0,1128.0,,14.0
simu5g_00000372,1,1,1,984.0,,13.0
simu5g_00000372,1,1,2,984.0,,13.0
simu5g_00000372,1,1,3,1128.0,,14.0
simu5g_00000372,1,1,4,984.0,,13.0
simu5g_00000372,1,1,5,1128.0,,14.0
simu5g_00000372,1,1,6,1128.0,,14.0
simu5g_00000372,1,1,7,808.0,,11.0
simu5g_00000372,1,1,8,608.0,,9.0
simu5g_00000372,1,1,9,1128.0,,14.0
simu5g_00000372,1,1,10,1128.0,,14.0
simu5g_00000372,1,1,11,984.0,,13.0
simu5g_00000372,1,1,12,984.0,,13.0
simu5g_00000372,1,1,13,1160.0,,15.0
simu5g_00000372,1,1,14,1128.0,,14.0
simu5g_00000372,1,1,15,1128.0,,14.0
simu5g_00000372,1,1,16,984.0,,13.0
simu5g_00000372,1,1,17,984.0,,13.0
simu5g_00000372,1,1,18,984.0,,13.0
simu5g_00000372,1,1,19,1128.0,,14.0
simu5g_00000372,1,1,20,1128.0,,14.0
simu5g_00000372,1,1,21,528.0,,8.0
simu5g_00000372,1,1,22,1128.0,,14.0
simu5g_00000372,1,1,23,888.0,,12.0
simu5g_00000372,1,1,24,1128.0,,14.0
simu5g_00000372,2,2,0,1128.0,,14.0
simu5g_00000372,2,2,1,1160.0,,15.0
simu5g_00000372,2,2,2,1128.0,,14.0
simu5g_00000372,2,2,3,1160.0,,15.0
simu5g_00000372,2,2,4,1128.0,,14.0
simu5g_00000372,2,2,5,1128.0,,14.0
simu5g_00000372,2,2,6,1128.0,,14.0
simu5g_00000372,2,2,7,808.0,,11.0
simu5g_00000372,2,2,8,1160.0,,15.0
simu5g_00000372,2,2,9,1160.0,,15.0
simu5g_00000372,2,2,10,1160.0,,15.0
simu5g_00000372,2,2,11,888.0,,12.0
simu5g_00000372,2,2,12,1128.0,,14.0
simu5g_00000372,2,2,13,1160.0,,15.0
simu5g_00000372,2,2,14,1160.0,,15.0
simu5g_00000372,2,2,15,1160.0,,15.0
simu5g_00000372,2,2,16,984.0,,13.0
simu5g_00000372,2,2,17,1128.0,,14.0
simu5g_00000372,2,2,18,1128.0,,14.0
simu5g_00000372,2,2,19,1160.0,,15.0
simu5g_00000372,2,2,20,1160.0,,15.0
simu5g_00000372,2,2,21,1128.0,,14.0
simu5g_00000372,2,2,22,984.0,,13.0
simu5g_00000372,2,2,23,1160.0,,15.0
simu5g_00000372,2,2,24,984.0,,13.0
simu5g_00000372,3,3,0,1160.0,,15.0
simu5g_00000372,3,3,1,1160.0,,15.0
simu5g_00000372,3,3,2,1160.0,,15.0
simu5g_00000372,3,3,3,1160.0,,15.0
simu5g_00000372,3,3,4,1160.0,,15.0
simu5g_00000372,3,3,5,1160.0,,15.0
simu5g_00000372,3,3,6,1160.0,,15.0
simu5g_00000372,3,3,7,1160.0,,15.0
simu5g_00000372,3,3,8,1128.0,,14.0
simu5g_00000372,3,3,9,984.0,,13.0
simu5g_00000372,3,3,10,1160.0,,15.0
simu5g_00000372,3,3,11,1160.0,,15.0
simu5g_00000372,3,3,12,1160.0,,15.0
simu5g_00000372,3,3,13,1160.0,,15.0
simu5g_00000372,3,3,14,1160.0,,15.0
simu5g_00000372,3,3,15,1160.0,,15.0
simu5g_00000372,3,3,16,1160.0,,15.0
simu5g_00000372,3,3,17,1160.0,,15.0
simu5g_00000372,3,3,18,1160.0,,15.0
simu5g_00000372,3,3,19,1160.0,,15.0
simu5g_00000372,3,3,20,1160.0,,15.0
simu5g_00000372,3,3,21,1160.0,,15.0
simu5g_00000372,3,3,22,1160.0,,15.0
simu5g_00000372,3,3,23,1160.0,,15.0
simu5g_00000372,3,3,24,1160.0,,15.0
simu5g_00000372,4,4,0,984.0,,13.0
simu5g_00000372,4,4,1,808.0,,11.0
simu5g_00000372,4,4,2,1128.0,,14.0
simu5g_00000372,4,4,3,368.0,,6.0
simu5g_00000372,4,4,4,984.0,,13.0
simu5g_00000372,4,4,5,1128.0,,14.0
simu5g_00000372,4,4,6,1128.0,,14.0
simu5g_00000372,4,4,7,432.0,,7.0
simu5g_00000372,4,4,8,704.0,,10.0
simu5g_00000372,4,4,9,984.0,,13.0
simu5g_00000372,4,4,10,984.0,,13.0
simu5g_00000372,4,4,11,984.0,,13.0
simu5g_00000372,4,4,12,1128.0,,14.0
simu5g_00000372,4,4,13,984.0,,13.0
simu5g_00000372,4,4,14,1128.0,,14.0
simu5g_00000372,4,4,15,808.0,,11.0
simu5g_00000372,4,4,16,808.0,,11.0
simu5g_00000372,4,4,17,888.0,,12.0
simu5g_00000372,4,4,18,1128.0,,14.0
simu5g_00000372,4,4,19,1128.0,,14.0
simu5g_00000372,4,4,20,984.0,,13.0
simu5g_00000372,4,4,21,808.0,,11.0
simu5g_00000372,4,4,22,1128.0,,14.0
simu5g_00000372,4,4,23,984.0,,13.0
simu5g_00000372,4,4,24,888.0,,12.0
simu5g_00000373,15,0,0,1160.0,,15.0
simu5g_00000373,15,0,1,1160.0,,15.0
simu5g_00000373,15,0,2,1160.0,,15.0
simu5g_00000373,15,0,3,1160.0,,15.0
simu5g_00000373,15,0,4,1160.0,,15.0
simu5g_00000373,15,0,5,1128.0,,14.0
simu5g_00000373,15,0,6,1160.0,,15.0
simu5g_00000373,15,0,7,1160.0,,15.0
simu5g_00000373,15,0,8,1160.0,,15.0
simu5g_00000373,15,0,9,1160.0,,15.0
simu5g_00000373,15,0,10,1160.0,,15.0
simu5g_00000373,15,0,11,1160.0,,15.0
simu5g_00000373,15,0,12,1160.0,,15.0
simu5g_00000373,15,0,13,1160.0,,15.0
simu5g_00000373,15,0,14,1160.0,,15.0
simu5g_00000373,15,0,15,1160.0,,15.0
simu5g_00000373,15,0,16,1160.0,,15.0
simu5g_00000373,15,0,17,1160.0,,15.0
simu5g_00000373,15,0,18,1160.0,,15.0
simu5g_00000373,15,0,19,1160.0,,15.0
simu5g_00000373,15,0,20,1160.0,,15.0
simu5g_00000373,15,0,21,1160.0,,15.0
simu5g_00000373,15,0,22,1160.0,,15.0
simu5g_00000373,15,0,23,1160.0,,15.0
simu5g_00000373,15,0,24,1160.0,,15.0
simu5g_00000373,31,1,0,1160.0,,15.0
simu5g_00000373,31,1,1,1160.0,,15.0
simu5g_00000373,31,1,2,1160.0,,15.0
simu5g_00000373,31,1,3,1160.0,,15.0
simu5g_00000373,31,1,4,1160.0,,15.0
simu5g_00000373,31,1,5,1160.0,,15.0
simu5g_00000373,31,1,6,1160.0,,15.0
simu5g_00000373,31,1,7,1160.0,,15.0
simu5g_00000373,31,1,8,1160.0,,15.0
simu5g_00000373,31,1,9,1160.0,,15.0
simu5g_00000373,31,1,10,1160.0,,15.0
simu5g_00000373,31,1,11,1160.0,,15.0
simu5g_00000373,31,1,12,984.0,,13.0
simu5g_00000373,31,1,13,1160.0,,15.0
simu5g_00000373,31,1,14,1160.0,,15.0
simu5g_00000373,31,1,15,1160.0,,15.0
simu5g_00000373,31,1,16,1160.0,,15.0
simu5g_00000373,31,1,17,1160.0,,15.0
simu5g_00000373,31,1,18,1160.0,,15.0
simu5g_00000373,31,1,19,1160.0,,15.0
simu5g_00000373,31,1,20,1160.0,,15.0
simu5g_00000373,31,1,21,1160.0,,15.0
simu5g_00000373,31,1,22,1160.0,,15.0
simu5g_00000373,31,1,23,1160.0,,15.0
simu5g_00000373,31,1,24,1160.0,,15.0
simu5g_00000374,0,0,0,1160.0,,15.0
simu5g_00000374,0,0,1,808.0,,11.0
simu5g_00000374,0,0,2,1160.0,,15.0
simu5g_00000374,0,0,3,1128.0,,14.0
simu5g_00000374,0,0,4,1160.0,,15.0
simu5g_00000374,0,0,5,1128.0,,14.0
simu5g_00000374,0,0,6,1128.0,,14.0
simu5g_00000374,0,0,7,1160.0,,15.0
simu5g_00000374,0,0,8,984.0,,13.0
simu5g_00000374,0,0,9,1160.0,,15.0
simu5g_00000374,0,0,10,1160.0,,15.0
simu5g_00000374,0,0,11,1160.0,,15.0
simu5g_00000374,0,0,12,1160.0,,15.0
simu5g_00000374,0,0,13,1160.0,,15.0
simu5g_00000374,0,0,14,1160.0,,15.0
simu5g_00000374,0,0,15,1160.0,,15.0
simu5g_00000374,0,0,16,1128.0,,14.0
simu5g_00000374,0,0,17,1160.0,,15.0
simu5g_00000374,0,0,18,1160.0,,15.0
simu5g_00000374,0,0,19,1128.0,,14.0
simu5g_00000374,0,0,20,1160.0,,15.0
simu5g_00000374,0,0,21,984.0,,13.0
simu5g_00000374,0,0,22,1160.0,,15.0
simu5g_00000374,0,0,23,1160.0,,15.0
simu5g_00000374,0,0,24,1128.0,,14.0
simu5g_00000374,1,1,0,1128.0,,14.0
simu5g_00000374,1,1,1,984.0,,13.0
simu5g_00000374,1,1,2,984.0,,13.0
simu5g_00000374,1,1,3,1160.0,,15.0
simu5g_00000374,1,1,4,984.0,,13.0
simu5g_00000374,1,1,5,1128.0,,14.0
simu5g_00000374,1,1,6,1128.0,,14.0
simu5g_00000374,1,1,7,808.0,,11.0
simu5g_00000374,1,1,8,608.0,,9.0
simu5g_00000374,1,1,9,1128.0,,14.0
simu5g_00000374,1,1,10,1128.0,,14.0
simu5g_00000374,1,1,11,1128.0,,14.0
simu5g_00000374,1,1,12,984.0,,13.0
simu5g_00000374,1,1,13,1160.0,,15.0
simu5g_00000374,1,1,14,1128.0,,14.0
simu5g_00000374,1,1,15,1128.0,,14.0
simu5g_00000374,1,1,16,1128.0,,14.0
simu5g_00000374,1,1,17,984.0,,13.0
simu5g_00000374,1,1,18,1128.0,,14.0
simu5g_00000374,1,1,19,1128.0,,14.0
simu5g_00000374,1,1,20,1128.0,,14.0
simu5g_00000374,1,1,21,608.0,,9.0
simu5g_00000374,1,1,22,1128.0,,14.0
simu5g_00000374,1,1,23,984.0,,13.0
simu5g_00000374,1,1,24,1128.0,,14.0
simu5g_00000374,2,2,0,1160.0,,15.0
simu5g_00000374,2,2,1,1160.0,,15.0
simu5g_00000374,2,2,2,1160.0,,15.0
simu5g_00000374,2,2,3,1160.0,,15.0
simu5g_00000374,2,2,4,1160.0,,15.0
simu5g_00000374,2,2,5,1160.0,,15.0
simu5g_00000374,2,2,6,1160.0,,15.0
simu5g_00000374,2,2,7,1128.0,,14.0
simu5g_00000374,2,2,8,1160.0,,15.0
simu5g_00000374,2,2,9,1160.0,,15.0
simu5g_00000374,2,2,10,1160.0,,15.0
simu5g_00000374,2,2,11,1160.0,,15.0
simu5g_00000374,2,2,12,1160.0,,15.0
simu5g_00000374,2,2,13,1160.0,,15.0
simu5g_00000374,2,2,14,1160.0,,15.0
simu5g_00000374,2,2,15,1160.0,,15.0
simu5g_00000374,2,2,16,1160.0,,15.0
simu5g_00000374,2,2,17,1160.0,,15.0
simu5g_00000374,2,2,18,1160.0,,15.0
simu5g_00000374,2,2,19,1160.0,,15.0
simu5g_00000374,2,2,20,1160.0,,15.0
simu5g_00000374,2,2,21,1160.0,,15.0
simu5g_00000374,2,2,22,1160.0,,15.0
simu5g_00000374,2,2,23,1160.0,,15.0
simu5g_00000374,2,2,24,1160.0,,15.0
simu5g_00000374,3,3,0,1160.0,,15.0
simu5g_00000374,3,3,1,1160.0,,15.0
simu5g_00000374,3,3,2,1160.0,,15.0
simu5g_00000374,3,3,3,1160.0,,15.0
simu5g_00000374,3,3,4,1160.0,,15.0
simu5g_00000374,3,3,5,1160.0,,15.0
simu5g_00000374,3,3,6,1160.0,,15.0
simu5g_00000374,3,3,7,1160.0,,15.0
simu5g_00000374,3,3,8,1128.0,,14.0
simu5g_00000374,3,3,9,984.0,,13.0
simu5g_00000374,3,3,10,1160.0,,15.0
simu5g_00000374,3,3,11,1160.0,,15.0
simu5g_00000374,3,3,12,1160.0,,15.0
simu5g_00000374,3,3,13,1160.0,,15.0
simu5g_00000374,3,3,14,1160.0,,15.0
simu5g_00000374,3,3,15,1160.0,,15.0
simu5g_00000374,3,3,16,1160.0,,15.0
simu5g_00000374,3,3,17,1160.0,,15.0
simu5g_00000374,3,3,18,1160.0,,15.0
simu5g_00000374,3,3,19,1160.0,,15.0
simu5g_00000374,3,3,20,1160.0,,15.0
simu5g_00000374,3,3,21,1160.0,,15.0
simu5g_00000374,3,3,22,1160.0,,15.0
simu5g_00000374,3,3,23,1160.0,,15.0
simu5g_00000374,3,3,24,1160.0,,15.0
simu5g_00000374,4,4,0,984.0,,13.0
simu5g_00000374,4,4,1,808.0,,11.0
simu5g_00000374,4,4,2,1128.0,,14.0
simu5g_00000374,4,4,3,368.0,,6.0
simu5g_00000374,4,4,4,984.0,,13.0
simu5g_00000374,4,4,5,1128.0,,14.0
simu5g_00000374,4,4,6,1128.0,,14.0
simu5g_00000374,4,4,7,432.0,,7.0
simu5g_00000374,4,4,8,704.0,,10.0
simu5g_00000374,4,4,9,984.0,,13.0
simu5g_00000374,4,4,10,984.0,,13.0
simu5g_00000374,4,4,11,984.0,,13.0
simu5g_00000374,4,4,12,1128.0,,14.0
simu5g_00000374,4,4,13,984.0,,13.0
simu5g_00000374,4,4,14,1128.0,,14.0
simu5g_00000374,4,4,15,808.0,,11.0
simu5g_00000374,4,4,16,808.0,,11.0
simu5g_00000374,4,4,17,888.0,,12.0
simu5g_00000374,4,4,18,1128.0,,14.0
simu5g_00000374,4,4,19,1128.0,,14.0
simu5g_00000374,4,4,20,984.0,,13.0
simu5g_00000374,4,4,21,808.0,,11.0
simu5g_00000374,4,4,22,1128.0,,14.0
simu5g_00000374,4,4,23,984.0,,13.0
simu5g_00000374,4,4,24,888.0,,12.0
simu5g_00000375,15,0,0,1160.0,,15.0
simu5g_00000375,15,0,1,1160.0,,15.0
simu5g_00000375,15,0,2,1160.0,,15.0
simu5g_00000375,15,0,3,1160.0,,15.0
simu5g_00000375,15,0,4,1160.0,,15.0
simu5g_00000375,15,0,5,1128.0,,14.0
simu5g_00000375,15,0,6,1160.0,,15.0
simu5g_00000375,15,0,7,1160.0,,15.0
simu5g_00000375,15,0,8,1160.0,,15.0
simu5g_00000375,15,0,9,1160.0,,15.0
simu5g_00000375,15,0,10,1160.0,,15.0
simu5g_00000375,15,0,11,1160.0,,15.0
simu5g_00000375,15,0,12,1160.0,,15.0
simu5g_00000375,15,0,13,1160.0,,15.0
simu5g_00000375,15,0,14,1160.0,,15.0
simu5g_00000375,15,0,15,1160.0,,15.0
simu5g_00000375,15,0,16,1160.0,,15.0
simu5g_00000375,15,0,17,1160.0,,15.0
simu5g_00000375,15,0,18,1160.0,,15.0
simu5g_00000375,15,0,19,1160.0,,15.0
simu5g_00000375,15,0,20,1160.0,,15.0
simu5g_00000375,15,0,21,1160.0,,15.0
simu5g_00000375,15,0,22,1160.0,,15.0
simu5g_00000375,15,0,23,1160.0,,15.0
simu5g_00000375,15,0,24,1160.0,,15.0
simu5g_00000375,31,1,0,1160.0,,15.0
simu5g_00000375,31,1,1,1160.0,,15.0
simu5g_00000375,31,1,2,1160.0,,15.0
simu5g_00000375,31,1,3,1160.0,,15.0
simu5g_00000375,31,1,4,1160.0,,15.0
simu5g_00000375,31,1,5,1160.0,,15.0
simu5g_00000375,31,1,6,1160.0,,15.0
simu5g_00000375,31,1,7,1160.0,,15.0
simu5g_00000375,31,1,8,1160.0,,15.0
simu5g_00000375,31,1,9,1160.0,,15.0
simu5g_00000375,31,1,10,1160.0,,15.0
simu5g_00000375,31,1,11,1160.0,,15.0
simu5g_00000375,31,1,12,984.0,,13.0
simu5g_00000375,31,1,13,1160.0,,15.0
simu5g_00000375,31,1,14,1160.0,,15.0
simu5g_00000375,31,1,15,1160.0,,15.0
simu5g_00000375,31,1,16,1160.0,,15.0
simu5g_00000375,31,1,17,1160.0,,15.0
simu5g_00000375,31,1,18,1160.0,,15.0
simu5g_00000375,31,1,19,1160.0,,15.0
simu5g_00000375,31,1,20,1160.0,,15.0
simu5g_00000375,31,1,21,1160.0,,15.0
simu5g_00000375,31,1,22,1160.0,,15.0
simu5g_00000375,31,1,23,1160.0,,15.0
simu5g_00000375,31,1,24,1160.0,,15.0
simu5g_00000376,0,0,0,1160.0,,15.0
simu5g_00000376,0,0,1,984.0,,13.0
simu5g_00000376,0,0,2,1160.0,,15.0
simu5g_00000376,0,0,3,1160.0,,15.0
simu5g_00000376,0,0,4,1160.0,,15.0
simu5g_00000376,0,0,5,1160.0,,15.0
simu5g_00000376,0,0,6,1160.0,,15.0
simu5g_00000376,0,0,7,1160.0,,15.0
simu5g_00000376,0,0,8,1128.0,,14.0
simu5g_00000376,0,0,9,1160.0,,15.0
simu5g_00000376,0,0,10,1160.0,,15.0
simu5g_00000376,0,0,11,1160.0,,15.0
simu5g_00000376,0,0,12,1160.0,,15.0
simu5g_00000376,0,0,13,1160.0,,15.0
simu5g_00000376,0,0,14,1160.0,,15.0
simu5g_00000376,0,0,15,1160.0,,15.0
simu5g_00000376,0,0,16,1160.0,,15.0
simu5g_00000376,0,0,17,1160.0,,15.0
simu5g_00000376,0,0,18,1160.0,,15.0
simu5g_00000376,0,0,19,1160.0,,15.0
simu5g_00000376,0,0,20,1160.0,,15.0
simu5g_00000376,0,0,21,1128.0,,14.0
simu5g_00000376,0,0,22,1160.0,,15.0
simu5g_00000376,0,0,23,1160.0,,15.0
simu5g_00000376,0,0,24,1160.0,,15.0
simu5g_00000376,1,1,0,1128.0,,14.0
simu5g_00000376,1,1,1,984.0,,13.0
simu5g_00000376,1,1,2,984.0,,13.0
simu5g_00000376,1,1,3,1160.0,,15.0
simu5g_00000376,1,1,4,984.0,,13.0
simu5g_00000376,1,1,5,1128.0,,14.0
simu5g_00000376,1,1,6,1128.0,,14.0
simu5g_00000376,1,1,7,808.0,,11.0
simu5g_00000376,1,1,8,608.0,,9.0
simu5g_00000376,1,1,9,1128.0,,14.0
simu5g_00000376,1,1,10,1128.0,,14.0
simu5g_00000376,1,1,11,1128.0,,14.0
simu5g_00000376,1,1,12,984.0,,13.0
simu5g_00000376,1,1,13,1160.0,,15.0
simu5g_00000376,1,1,14,1128.0,,14.0
simu5g_00000376,1,1,15,1128.0,,14.0
simu5g_00000376,1,1,16,1128.0,,14.0
simu5g_00000376,1,1,17,984.0,,13.0
simu5g_00000376,1,1,18,1128.0,,14.0
simu5g_00000376,1,1,19,1128.0,,14.0
simu5g_00000376,1,1,20,1128.0,,14.0
simu5g_00000376,1,1,21,608.0,,9.0
simu5g_00000376,1,1,22,1128.0,,14.0
simu5g_00000376,1,1,23,984.0,,13.0
simu5g_00000376,1,1,24,1128.0,,14.0
simu5g_00000376,2,2,0,1160.0,,15.0
simu5g_00000376,2,2,1,1160.0,,15.0
simu5g_00000376,2,2,2,1160.0,,15.0
simu5g_00000376,2,2,3,1160.0,,15.0
simu5g_00000376,2,2,4,1160.0,,15.0
simu5g_00000376,2,2,5,1160.0,,15.0
simu5g_00000376,2,2,6,1160.0,,15.0
simu5g_00000376,2,2,7,1128.0,,14.0
simu5g_00000376,2,2,8,1160.0,,15.0
simu5g_00000376,2,2,9,1160.0,,15.0
simu5g_00000376,2,2,10,1160.0,,15.0
simu5g_00000376,2,2,11,1160.0,,15.0
simu5g_00000376,2,2,12,1160.0,,15.0
simu5g_00000376,2,2,13,1160.0,,15.0
simu5g_00000376,2,2,14,1160.0,,15.0
simu5g_00000376,2,2,15,1160.0,,15.0
simu5g_00000376,2,2,16,1160.0,,15.0
simu5g_00000376,2,2,17,1160.0,,15.0
simu5g_00000376,2,2,18,1160.0,,15.0
simu5g_00000376,2,2,19,1160.0,,15.0
simu5g_00000376,2,2,20,1160.0,,15.0
simu5g_00000376,2,2,21,1160.0,,15.0
simu5g_00000376,2,2,22,1160.0,,15.0
simu5g_00000376,2,2,23,1160.0,,15.0
simu5g_00000376,2,2,24,1160.0,,15.0
simu5g_00000376,3,3,0,1160.0,,15.0
simu5g_00000376,3,3,1,1160.0,,15.0
simu5g_00000376,3,3,2,1160.0,,15.0
simu5g_00000376,3,3,3,1160.0,,15.0
simu5g_00000376,3,3,4,1160.0,,15.0
simu5g_00000376,3,3,5,1160.0,,15.0
simu5g_00000376,3,3,6,1160.0,,15.0
simu5g_00000376,3,3,7,1160.0,,15.0
simu5g_00000376,3,3,8,1128.0,,14.0
simu5g_00000376,3,3,9,984.0,,13.0
simu5g_00000376,3,3,10,1160.0,,15.0
simu5g_00000376,3,3,11,1160.0,,15.0
simu5g_00000376,3,3,12,1160.0,,15.0
simu5g_00000376,3,3,13,1160.0,,15.0
simu5g_00000376,3,3,14,1160.0,,15.0
simu5g_00000376,3,3,15,1160.0,,15.0
simu5g_00000376,3,3,16,1160.0,,15.0
simu5g_00000376,3,3,17,1160.0,,15.0
simu5g_00000376,3,3,18,1160.0,,15.0
simu5g_00000376,3,3,19,1160.0,,15.0
simu5g_00000376,3,3,20,1160.0,,15.0
simu5g_00000376,3,3,21,1160.0,,15.0
simu5g_00000376,3,3,22,1160.0,,15.0
simu5g_00000376,3,3,23,1160.0,,15.0
simu5g_00000376,3,3,24,1160.0,,15.0
simu5g_00000376,4,4,0,984.0,,13.0
simu5g_00000376,4,4,1,808.0,,11.0
simu5g_00000376,4,4,2,1128.0,,14.0
simu5g_00000376,4,4,3,368.0,,6.0
simu5g_00000376,4,4,4,984.0,,13.0
simu5g_00000376,4,4,5,1128.0,,14.0
simu5g_00000376,4,4,6,1128.0,,14.0
simu5g_00000376,4,4,7,432.0,,7.0
simu5g_00000376,4,4,8,704.0,,10.0
simu5g_00000376,4,4,9,984.0,,13.0
simu5g_00000376,4,4,10,984.0,,13.0
simu5g_00000376,4,4,11,984.0,,13.0
simu5g_00000376,4,4,12,1128.0,,14.0
simu5g_00000376,4,4,13,984.0,,13.0
simu5g_00000376,4,4,14,1128.0,,14.0
simu5g_00000376,4,4,15,808.0,,11.0
simu5g_00000376,4,4,16,808.0,,11.0
simu5g_00000376,4,4,17,888.0,,12.0
simu5g_00000376,4,4,18,1128.0,,14.0
simu5g_00000376,4,4,19,1128.0,,14.0
simu5g_00000376,4,4,20,984.0,,13.0
simu5g_00000376,4,4,21,808.0,,11.0
simu5g_00000376,4,4,22,1128.0,,14.0
simu5g_00000376,4,4,23,984.0,,13.0
simu5g_00000376,4,4,24,888.0,,12.0
simu5g_00000377,15,0,0,1160.0,,15.0
simu5g_00000377,15,0,1,1160.0,,15.0
simu5g_00000377,15,0,2,1160.0,,15.0
simu5g_00000377,15,0,3,1160.0,,15.0
simu5g_00000377,15,0,4,1160.0,,15.0
simu5g_00000377,15,0,5,1160.0,,15.0
simu5g_00000377,15,0,6,1160.0,,15.0
simu5g_00000377,15,0,7,1160.0,,15.0
simu5g_00000377,15,0,8,1160.0,,15.0
simu5g_00000377,15,0,9,1160.0,,15.0
simu5g_00000377,15,0,10,1160.0,,15.0
simu5g_00000377,15,0,11,1160.0,,15.0
simu5g_00000377,15,0,12,1160.0,,15.0
simu5g_00000377,15,0,13,1160.0,,15.0
simu5g_00000377,15,0,14,1160.0,,15.0
simu5g_00000377,15,0,15,1160.0,,15.0
simu5g_00000377,15,0,16,1160.0,,15.0
simu5g_00000377,15,0,17,1160.0,,15.0
simu5g_00000377,15,0,18,1160.0,,15.0
simu5g_00000377,15,0,19,1160.0,,15.0
simu5g_00000377,15,0,20,1160.0,,15.0
simu5g_00000377,15,0,21,1160.0,,15.0
simu5g_00000377,15,0,22,1160.0,,15.0
simu5g_00000377,15,0,23,1160.0,,15.0
simu5g_00000377,15,0,24,1160.0,,15.0
simu5g_00000377,31,1,0,1160.0,,15.0
simu5g_00000377,31,1,1,1160.0,,15.0
simu5g_00000377,31,1,2,1160.0,,15.0
simu5g_00000377,31,1,3,1160.0,,15.0
simu5g_00000377,31,1,4,1160.0,,15.0
simu5g_00000377,31,1,5,1160.0,,15.0
simu5g_00000377,31,1,6,1160.0,,15.0
simu5g_00000377,31,1,7,1160.0,,15.0
simu5g_00000377,31,1,8,1160.0,,15.0
simu5g_00000377,31,1,9,1160.0,,15.0
simu5g_00000377,31,1,10,1160.0,,15.0
simu5g_00000377,31,1,11,1160.0,,15.0
simu5g_00000377,31,1,12,1128.0,,14.0
simu5g_00000377,31,1,13,1160.0,,15.0
simu5g_00000377,31,1,14,1160.0,,15.0
simu5g_00000377,31,1,15,1160.0,,15.0
simu5g_00000377,31,1,16,1160.0,,15.0
simu5g_00000377,31,1,17,1160.0,,15.0
simu5g_00000377,31,1,18,1160.0,,15.0
simu5g_00000377,31,1,19,1160.0,,15.0
simu5g_00000377,31,1,20,1160.0,,15.0
simu5g_00000377,31,1,21,1160.0,,15.0
simu5g_00000377,31,1,22,1160.0,,15.0
simu5g_00000377,31,1,23,1160.0,,15.0
simu5g_00000377,31,1,24,1160.0,,15.0
simu5g_00000378,0,0,0,1160.0,,15.0
simu5g_00000378,0,0,1,984.0,,13.0
simu5g_00000378,0,0,2,1160.0,,15.0
simu5g_00000378,0,0,3,1160.0,,15.0
simu5g_00000378,0,0,4,1160.0,,15.0
simu5g_00000378,0,0,5,1160.0,,15.0
simu5g_00000378,0,0,6,1160.0,,15.0
simu5g_00000378,0,0,7,1160.0,,15.0
simu5g_00000378,0,0,8,1128.0,,14.0
simu5g_00000378,0,0,9,1160.0,,15.0
simu5g_00000378,0,0,10,1160.0,,15.0
simu5g_00000378,0,0,11,1160.0,,15.0
simu5g_00000378,0,0,12,1160.0,,15.0
simu5g_00000378,0,0,13,1160.0,,15.0
simu5g_00000378,0,0,14,1160.0,,15.0
simu5g_00000378,0,0,15,1160.0,,15.0
simu5g_00000378,0,0,16,1160.0,,15.0
simu5g_00000378,0,0,17,1160.0,,15.0
simu5g_00000378,0,0,18,1160.0,,15.0
simu5g_00000378,0,0,19,1160.0,,15.0
simu5g_00000378,0,0,20,1160.0,,15.0
simu5g_00000378,0,0,21,1128.0,,14.0
simu5g_00000378,0,0,22,1160.0,,15.0
simu5g_00000378,0,0,23,1160.0,,15.0
simu5g_00000378,0,0,24,1160.0,,15.0
simu5g_00000378,1,1,0,1128.0,,14.0
simu5g_00000378,1,1,1,984.0,,13.0
simu5g_00000378,1,1,2,984.0,,13.0
simu5g_00000378,1,1,3,1160.0,,15.0
simu5g_00000378,1,1,4,984.0,,13.0
simu5g_00000378,1,1,5,1128.0,,14.0
simu5g_00000378,1,1,6,1128.0,,14.0
simu5g_00000378,1,1,7,808.0,,11.0
simu5g_00000378,1,1,8,608.0,,9.0
simu5g_00000378,1,1,9,1128.0,,14.0
simu5g_00000378,1,1,10,1128.0,,14.0
simu5g_00000378,1,1,11,1128.0,,14.0
simu5g_00000378,1,1,12,984.0,,13.0
simu5g_00000378,1,1,13,1160.0,,15.0
simu5g_00000378,1,1,14,1128.0,,14.0
simu5g_00000378,1,1,15,1128.0,,14.0
simu5g_00000378,1,1,16,1128.0,,14.0
simu5g_00000378,1,1,17,984.0,,13.0
simu5g_00000378,1,1,18,1128.0,,14.0
simu5g_00000378,1,1,19,1128.0,,14.0
simu5g_00000378,1,1,20,1128.0,,14.0
simu5g_00000378,1,1,21,608.0,,9.0
simu5g_00000378,1,1,22,1128.0,,14.0
simu5g_00000378,1,1,23,984.0,,13.0
simu5g_00000378,1,1,24,1128.0,,14.0
simu5g_00000378,2,2,0,1160.0,,15.0
simu5g_00000378,2,2,1,1160.0,,15.0
simu5g_00000378,2,2,2,1160.0,,15.0
simu5g_00000378,2,2,3,1160.0,,15.0
simu5g_00000378,2,2,4,1160.0,,15.0
simu5g_00000378,2,2,5,1160.0,,15.0
simu5g_00000378,2,2,6,1160.0,,15.0
simu5g_00000378,2,2,7,1128.0,,14.0
simu5g_00000378,2,2,8,1160.0,,15.0
simu5g_00000378,2,2,9,1160.0,,15.0
simu5g_00000378,2,2,10,1160.0,,15.0
simu5g_00000378,2,2,11,1160.0,,15.0
simu5g_00000378,2,2,12,1160.0,,15.0
simu5g_00000378,2,2,13,1160.0,,15.0
simu5g_00000378,2,2,14,1160.0,,15.0
simu5g_00000378,2,2,15,1160.0,,15.0
simu5g_00000378,2,2,16,1160.0,,15.0
simu5g_00000378,2,2,17,1160.0,,15.0
simu5g_00000378,2,2,18,1160.0,,15.0
simu5g_00000378,2,2,19,1160.0,,15.0
simu5g_00000378,2,2,20,1160.0,,15.0
simu5g_00000378,2,2,21,1160.0,,15.0
simu5g_00000378,2,2,22,1160.0,,15.0
simu5g_00000378,2,2,23,1160.0,,15.0
simu5g_00000378,2,2,24,1160.0,,15.0
simu5g_00000378,3,3,0,1160.0,,15.0
simu5g_00000378,3,3,1,1160.0,,15.0
simu5g_00000378,3,3,2,1160.0,,15.0
simu5g_00000378,3,3,3,1160.0,,15.0
simu5g_00000378,3,3,4,1160.0,,15.0
simu5g_00000378,3,3,5,1160.0,,15.0
simu5g_00000378,3,3,6,1160.0,,15.0
simu5g_00000378,3,3,7,1160.0,,15.0
simu5g_00000378,3,3,8,1128.0,,14.0
simu5g_00000378,3,3,9,984.0,,13.0
simu5g_00000378,3,3,10,1160.0,,15.0
simu5g_00000378,3,3,11,1160.0,,15.0
simu5g_00000378,3,3,12,1160.0,,15.0
simu5g_00000378,3,3,13,1160.0,,15.0
simu5g_00000378,3,3,14,1160.0,,15.0
simu5g_00000378,3,3,15,1160.0,,15.0
simu5g_00000378,3,3,16,1160.0,,15.0
simu5g_00000378,3,3,17,1160.0,,15.0
simu5g_00000378,3,3,18,1160.0,,15.0
simu5g_00000378,3,3,19,1160.0,,15.0
simu5g_00000378,3,3,20,1160.0,,15.0
simu5g_00000378,3,3,21,1160.0,,15.0
simu5g_00000378,3,3,22,1160.0,,15.0
simu5g_00000378,3,3,23,1160.0,,15.0
simu5g_00000378,3,3,24,1160.0,,15.0
simu5g_00000378,4,4,0,984.0,,13.0
simu5g_00000378,4,4,1,808.0,,11.0
simu5g_00000378,4,4,2,1128.0,,14.0
simu5g_00000378,4,4,3,368.0,,6.0
simu5g_00000378,4,4,4,984.0,,13.0
simu5g_00000378,4,4,5,1128.0,,14.0
simu5g_00000378,4,4,6,1128.0,,14.0
simu5g_00000378,4,4,7,432.0,,7.0
simu5g_00000378,4,4,8,704.0,,10.0
simu5g_00000378,4,4,9,984.0,,13.0
simu5g_00000378,4,4,10,984.0,,13.0
simu5g_00000378,4,4,11,984.0,,13.0
simu5g_00000378,4,4,12,1128.0,,14.0
simu5g_00000378,4,4,13,984.0,,13.0
simu5g_00000378,4,4,14,1128.0,,14.0
simu5g_00000378,4,4,15,808.0,,11.0
simu5g_00000378,4,4,16,808.0,,11.0
simu5g_00000378,4,4,17,888.0,,12.0
simu5g_00000378,4,4,18,1128.0,,14.0
simu5g_00000378,4,4,19,1128.0,,14.0
simu5g_00000378,4,4,20,984.0,,13.0
simu5g_00000378,4,4,21,808.0,,11.0
simu5g_00000378,4,4,22,1128.0,,14.0
simu5g_00000378,4,4,23,984.0,,13.0
simu5g_00000378,4,4,24,888.0,,12.0
simu5g_00000379,15,0,0,1160.0,,15.0
simu5g_00000379,15,0,1,1160.0,,15.0
simu5g_00000379,15,0,2,1160.0,,15.0
simu5g_00000379,15,0,3,1160.0,,15.0
simu5g_00000379,15,0,4,1160.0,,15.0
simu5g_00000379,15,0,5,1160.0,,15.0
simu5g_00000379,15,0,6,1160.0,,15.0
simu5g_00000379,15,0,7,1160.0,,15.0
simu5g_00000379,15,0,8,1160.0,,15.0
simu5g_00000379,15,0,9,1160.0,,15.0
simu5g_00000379,15,0,10,1160.0,,15.0
simu5g_00000379,15,0,11,1160.0,,15.0
simu5g_00000379,15,0,12,1160.0,,15.0
simu5g_00000379,15,0,13,1160.0,,15.0
simu5g_00000379,15,0,14,1160.0,,15.0
simu5g_00000379,15,0,15,1160.0,,15.0
simu5g_00000379,15,0,16,1160.0,,15.0
simu5g_00000379,15,0,17,1160.0,,15.0
simu5g_00000379,15,0,18,1160.0,,15.0
simu5g_00000379,15,0,19,1160.0,,15.0
simu5g_00000379,15,0,20,1160.0,,15.0
simu5g_00000379,15,0,21,1160.0,,15.0
simu5g_00000379,15,0,22,1160.0,,15.0
simu5g_00000379,15,0,23,1160.0,,15.0
simu5g_00000379,15,0,24,1160.0,,15.0
simu5g_00000379,31,1,0,1160.0,,15.0
simu5g_00000379,31,1,1,1160.0,,15.0
simu5g_00000379,31,1,2,1160.0,,15.0
simu5g_00000379,31,1,3,1160.0,,15.0
simu5g_00000379,31,1,4,1160.0,,15.0
simu5g_00000379,31,1,5,1160.0,,15.0
simu5g_00000379,31,1,6,1160.0,,15.0
simu5g_00000379,31,1,7,1160.0,,15.0
simu5g_00000379,31,1,8,1160.0,,15.0
simu5g_00000379,31,1,9,1160.0,,15.0
simu5g_00000379,31,1,10,1160.0,,15.0
simu5g_00000379,31,1,11,1160.0,,15.0
simu5g_00000379,31,1,12,1128.0,,14.0
simu5g_00000379,31,1,13,1160.0,,15.0
simu5g_00000379,31,1,14,1160.0,,15.0
simu5g_00000379,31,1,15,1160.0,,15.0
simu5g_00000379,31,1,16,1160.0,,15.0
simu5g_00000379,31,1,17,1160.0,,15.0
simu5g_00000379,31,1,18,1160.0,,15.0
simu5g_00000379,31,1,19,1160.0,,15.0
simu5g_00000379,31,1,20,1160.0,,15.0
simu5g_00000379,31,1,21,1160.0,,15.0
simu5g_00000379,31,1,22,1160.0,,15.0
simu5g_00000379,31,1,23,1160.0,,15.0
simu5g_00000379,31,1,24,1160.0,,15.0
simu5g_00000380,0,0,0,1160.0,,15.0
simu5g_00000380,0,0,1,984.0,,13.0
simu5g_00000380,0,0,2,1160.0,,15.0
simu5g_00000380,0,0,3,1160.0,,15.0
simu5g_00000380,0,0,4,1160.0,,15.0
simu5g_00000380,0,0,5,1160.0,,15.0
simu5g_00000380,0,0,6,1160.0,,15.0
simu5g_00000380,0,0,7,1160.0,,15.0
simu5g_00000380,0,0,8,1128.0,,14.0
simu5g_00000380,0,0,9,1160.0,,15.0
simu5g_00000380,0,0,10,1160.0,,15.0
simu5g_00000380,0,0,11,1160.0,,15.0
simu5g_00000380,0,0,12,1160.0,,15.0
simu5g_00000380,0,0,13,1160.0,,15.0
simu5g_00000380,0,0,14,1160.0,,15.0
simu5g_00000380,0,0,15,1160.0,,15.0
simu5g_00000380,0,0,16,1160.0,,15.0
simu5g_00000380,0,0,17,1160.0,,15.0
simu5g_00000380,0,0,18,1160.0,,15.0
simu5g_00000380,0,0,19,1160.0,,15.0
simu5g_00000380,0,0,20,1160.0,,15.0
simu5g_00000380,0,0,21,1128.0,,14.0
simu5g_00000380,0,0,22,1160.0,,15.0
simu5g_00000380,0,0,23,1160.0,,15.0
simu5g_00000380,0,0,24,1160.0,,15.0
simu5g_00000380,1,1,0,1128.0,,14.0
simu5g_00000380,1,1,1,984.0,,13.0
simu5g_00000380,1,1,2,984.0,,13.0
simu5g_00000380,1,1,3,1160.0,,15.0
simu5g_00000380,1,1,4,984.0,,13.0
simu5g_00000380,1,1,5,1128.0,,14.0
simu5g_00000380,1,1,6,1128.0,,14.0
simu5g_00000380,1,1,7,808.0,,11.0
simu5g_00000380,1,1,8,608.0,,9.0
simu5g_00000380,1,1,9,1128.0,,14.0
simu5g_00000380,1,1,10,1128.0,,14.0
simu5g_00000380,1,1,11,1128.0,,14.0
simu5g_00000380,1,1,12,984.0,,13.0
simu5g_00000380,1,1,13,1160.0,,15.0
simu5g_00000380,1,1,14,1128.0,,14.0
simu5g_00000380,1,1,15,1128.0,,14.0
simu5g_00000380,1,1,16,1128.0,,14.0
simu5g_00000380,1,1,17,984.0,,13.0
simu5g_00000380,1,1,18,1128.0,,14.0
simu5g_00000380,1,1,19,1128.0,,14.0
simu5g_00000380,1,1,20,1128.0,,14.0
simu5g_00000380,1,1,21,608.0,,9.0
simu5g_00000380,1,1,22,1128.0,,14.0
simu5g_00000380,1,1,23,984.0,,13.0
simu5g_00000380,1,1,24,1128.0,,14.0
simu5g_00000380,2,2,0,1160.0,,15.0
simu5g_00000380,2,2,1,1160.0,,15.0
simu5g_00000380,2,2,2,1160.0,,15.0
simu5g_00000380,2,2,3,1160.0,,15.0
simu5g_00000380,2,2,4,1160.0,,15.0
simu5g_00000380,2,2,5,1160.0,,15.0
simu5g_00000380,2,2,6,1160.0,,15.0
simu5g_00000380,2,2,7,1128.0,,14.0
simu5g_00000380,2,2,8,1160.0,,15.0
simu5g_00000380,2,2,9,1160.0,,15.0
simu5g_00000380,2,2,10,1160.0,,15.0
simu5g_00000380,2,2,11,1160.0,,15.0
simu5g_00000380,2,2,12,1160.0,,15.0
simu5g_00000380,2,2,13,1160.0,,15.0
simu5g_00000380,2,2,14,1160.0,,15.0
simu5g_00000380,2,2,15,1160.0,,15.0
simu5g_00000380,2,2,16,1160.0,,15.0
simu5g_00000380,2,2,17,1160.0,,15.0
simu5g_00000380,2,2,18,1160.0,,15.0
simu5g_00000380,2,2,19,1160.0,,15.0
simu5g_00000380,2,2,20,1160.0,,15.0
simu5g_00000380,2,2,21,1160.0,,15.0
simu5g_00000380,2,2,22,1160.0,,15.0
simu5g_00000380,2,2,23,1160.0,,15.0
simu5g_00000380,2,2,24,1160.0,,15.0
simu5g_00000380,3,3,0,1160.0,,15.0
simu5g_00000380,3,3,1,1160.0,,15.0
simu5g_00000380,3,3,2,1160.0,,15.0
simu5g_00000380,3,3,3,1160.0,,15.0
simu5g_00000380,3,3,4,1160.0,,15.0
simu5g_00000380,3,3,5,1160.0,,15.0
simu5g_00000380,3,3,6,1160.0,,15.0
simu5g_00000380,3,3,7,1160.0,,15.0
simu5g_00000380,3,3,8,1128.0,,14.0
simu5g_00000380,3,3,9,1128.0,,14.0
simu5g_00000380,3,3,10,1160.0,,15.0
simu5g_00000380,3,3,11,1160.0,,15.0
simu5g_00000380,3,3,12,1160.0,,15.0
simu5g_00000380,3,3,13,1160.0,,15.0
simu5g_00000380,3,3,14,1160.0,,15.0
simu5g_00000380,3,3,15,1160.0,,15.0
simu5g_00000380,3,3,16,1160.0,,15.0
simu5g_00000380,3,3,17,1160.0,,15.0
simu5g_00000380,3,3,18,1160.0,,15.0
simu5g_00000380,3,3,19,1160.0,,15.0
simu5g_00000380,3,3,20,1160.0,,15.0
simu5g_00000380,3,3,21,1160.0,,15.0
simu5g_00000380,3,3,22,1160.0,,15.0
simu5g_00000380,3,3,23,1160.0,,15.0
simu5g_00000380,3,3,24,1160.0,,15.0
simu5g_00000380,4,4,0,984.0,,13.0
simu5g_00000380,4,4,1,808.0,,11.0
simu5g_00000380,4,4,2,1128.0,,14.0
simu5g_00000380,4,4,3,368.0,,6.0
simu5g_00000380,4,4,4,984.0,,13.0
simu5g_00000380,4,4,5,1128.0,,14.0
simu5g_00000380,4,4,6,1128.0,,14.0
simu5g_00000380,4,4,7,432.0,,7.0
simu5g_00000380,4,4,8,704.0,,10.0
simu5g_00000380,4,4,9,984.0,,13.0
simu5g_00000380,4,4,10,984.0,,13.0
simu5g_00000380,4,4,11,984.0,,13.0
simu5g_00000380,4,4,12,1128.0,,14.0
simu5g_00000380,4,4,13,984.0,,13.0
simu5g_00000380,4,4,14,1128.0,,14.0
simu5g_00000380,4,4,15,808.0,,11.0
simu5g_00000380,4,4,16,808.0,,11.0
simu5g_00000380,4,4,17,888.0,,12.0
simu5g_00000380,4,4,18,1128.0,,14.0
simu5g_00000380,4,4,19,1128.0,,14.0
simu5g_00000380,4,4,20,984.0,,13.0
simu5g_00000380,4,4,21,808.0,,11.0
simu5g_00000380,4,4,22,1128.0,,14.0
simu5g_00000380,4,4,23,984.0,,13.0
simu5g_00000380,4,4,24,888.0,,12.0
simu5g_00000381,15,0,0,1160.0,,15.0
simu5g_00000381,15,0,1,1160.0,,15.0
simu5g_00000381,15,0,2,1160.0,,15.0
simu5g_00000381,15,0,3,1160.0,,15.0
simu5g_00000381,15,0,4,1160.0,,15.0
simu5g_00000381,15,0,5,1160.0,,15.0
simu5g_00000381,15,0,6,1160.0,,15.0
simu5g_00000381,15,0,7,1160.0,,15.0
simu5g_00000381,15,0,8,1160.0,,15.0
simu5g_00000381,15,0,9,1160.0,,15.0
simu5g_00000381,15,0,10,1160.0,,15.0
simu5g_00000381,15,0,11,1160.0,,15.0
simu5g_00000381,15,0,12,1160.0,,15.0
simu5g_00000381,15,0,13,1160.0,,15.0
simu5g_00000381,15,0,14,1160.0,,15.0
simu5g_00000381,15,0,15,1160.0,,15.0
simu5g_00000381,15,0,16,1160.0,,15.0
simu5g_00000381,15,0,17,1160.0,,15.0
simu5g_00000381,15,0,18,1160.0,,15.0
simu5g_00000381,15,0,19,1160.0,,15.0
simu5g_00000381,15,0,20,1160.0,,15.0
simu5g_00000381,15,0,21,1160.0,,15.0
simu5g_00000381,15,0,22,1160.0,,15.0
simu5g_00000381,15,0,23,1160.0,,15.0
simu5g_00000381,15,0,24,1160.0,,15.0
simu5g_00000381,31,1,0,1160.0,,15.0
simu5g_00000381,31,1,1,1160.0,,15.0
simu5g_00000381,31,1,2,1160.0,,15.0
simu5g_00000381,31,1,3,1160.0,,15.0
simu5g_00000381,31,1,4,1160.0,,15.0
simu5g_00000381,31,1,5,1160.0,,15.0
simu5g_00000381,31,1,6,1160.0,,15.0
simu5g_00000381,31,1,7,1160.0,,15.0
simu5g_00000381,31,1,8,1160.0,,15.0
simu5g_00000381,31,1,9,1160.0,,15.0
simu5g_00000381,31,1,10,1160.0,,15.0
simu5g_00000381,31,1,11,1160.0,,15.0
simu5g_00000381,31,1,12,1128.0,,14.0
simu5g_00000381,31,1,13,1160.0,,15.0
simu5g_00000381,31,1,14,1160.0,,15.0
simu5g_00000381,31,1,15,1160.0,,15.0
simu5g_00000381,31,1,16,1160.0,,15.0
simu5g_00000381,31,1,17,1160.0,,15.0
simu5g_00000381,31,1,18,1160.0,,15.0
simu5g_00000381,31,1,19,1160.0,,15.0
simu5g_00000381,31,1,20,1160.0,,15.0
simu5g_00000381,31,1,21,1160.0,,15.0
simu5g_00000381,31,1,22,1160.0,,15.0
simu5g_00000381,31,1,23,1160.0,,15.0
simu5g_00000381,31,1,24,1160.0,,15.0
simu5g_00000382,0,0,0,1160.0,,15.0
simu5g_00000382,0,0,1,984.0,,13.0
simu5g_00000382,0,0,2,1160.0,,15.0
simu5g_00000382,0,0,3,1160.0,,15.0
simu5g_00000382,0,0,4,1160.0,,15.0
simu5g_00000382,0,0,5,1160.0,,15.0
simu5g_00000382,0,0,6,1160.0,,15.0
simu5g_00000382,0,0,7,1160.0,,15.0
simu5g_00000382,0,0,8,1128.0,,14.0
simu5g_00000382,0,0,9,1160.0,,15.0
simu5g_00000382,0,0,10,1160.0,,15.0
simu5g_00000382,0,0,11,1160.0,,15.0
simu5g_00000382,0,0,12,1160.0,,15.0
simu5g_00000382,0,0,13,1160.0,,15.0
simu5g_00000382,0,0,14,1160.0,,15.0
simu5g_00000382,0,0,15,1160.0,,15.0
simu5g_00000382,0,0,16,1160.0,,15.0
simu5g_00000382,0,0,17,1160.0,,15.0
simu5g_00000382,0,0,18,1160.0,,15.0
simu5g_00000382,0,0,19,1160.0,,15.0
simu5g_00000382,0,0,20,1160.0,,15.0
simu5g_00000382,0,0,21,1128.0,,14.0
simu5g_00000382,0,0,22,1160.0,,15.0
simu5g_00000382,0,0,23,1160.0,,15.0
simu5g_00000382,0,0,24,1160.0,,15.0
simu5g_00000382,1,1,0,1160.0,,15.0
simu5g_00000382,1,1,1,984.0,,13.0
simu5g_00000382,1,1,2,984.0,,13.0
simu5g_00000382,1,1,3,1160.0,,15.0
simu5g_00000382,1,1,4,984.0,,13.0
simu5g_00000382,1,1,5,1128.0,,14.0
simu5g_00000382,1,1,6,1128.0,,14.0
simu5g_00000382,1,1,7,808.0,,11.0
simu5g_00000382,1,1,8,704.0,,10.0
simu5g_00000382,1,1,9,1128.0,,14.0
simu5g_00000382,1,1,10,1128.0,,14.0
simu5g_00000382,1,1,11,1128.0,,14.0
simu5g_00000382,1,1,12,1128.0,,14.0
simu5g_00000382,1,1,13,1160.0,,15.0
simu5g_00000382,1,1,14,1160.0,,15.0
simu5g_00000382,1,1,15,1160.0,,15.0
simu5g_00000382,1,1,16,1128.0,,14.0
simu5g_00000382,1,1,17,1128.0,,14.0
simu5g_00000382,1,1,18,1128.0,,14.0
simu5g_00000382,1,1,19,1128.0,,14.0
simu5g_00000382,1,1,20,1160.0,,15.0
simu5g_00000382,1,1,21,608.0,,9.0
simu5g_00000382,1,1,22,1128.0,,14.0
simu5g_00000382,1,1,23,984.0,,13.0
simu5g_00000382,1,1,24,1128.0,,14.0
simu5g_00000382,2,2,0,1160.0,,15.0
simu5g_00000382,2,2,1,1160.0,,15.0
simu5g_00000382,2,2,2,1160.0,,15.0
simu5g_00000382,2,2,3,1160.0,,15.0
simu5g_00000382,2,2,4,1160.0,,15.0
simu5g_00000382,2,2,5,1160.0,,15.0
simu5g_00000382,2,2,6,1160.0,,15.0
simu5g_00000382,2,2,7,1128.0,,14.0
simu5g_00000382,2,2,8,1160.0,,15.0
simu5g_00000382,2,2,9,1160.0,,15.0
simu5g_00000382,2,2,10,1160.0,,15.0
simu5g_00000382,2,2,11,1160.0,,15.0
simu5g_00000382,2,2,12,1160.0,,15.0
simu5g_00000382,2,2,13,1160.0,,15.0
simu5g_00000382,2,2,14,1160.0,,15.0
simu5g_00000382,2,2,15,1160.0,,15.0
simu5g_00000382,2,2,16,1160.0,,15.0
simu5g_00000382,2,2,17,1160.0,,15.0
simu5g_00000382,2,2,18,1160.0,,15.0
simu5g_00000382,2,2,19,1160.0,,15.0
simu5g_00000382,2,2,20,1160.0,,15.0
simu5g_00000382,2,2,21,1160.0,,15.0
simu5g_00000382,2,2,22,1160.0,,15.0
simu5g_00000382,2,2,23,1160.0,,15.0
simu5g_00000382,2,2,24,1160.0,,15.0
simu5g_00000382,3,3,0,1160.0,,15.0
simu5g_00000382,3,3,1,1160.0,,15.0
simu5g_00000382,3,3,2,1160.0,,15.0
simu5g_00000382,3,3,3,1160.0,,15.0
simu5g_00000382,3,3,4,1160.0,,15.0
simu5g_00000382,3,3,5,1160.0,,15.0
simu5g_00000382,3,3,6,1160.0,,15.0
simu5g_00000382,3,3,7,1160.0,,15.0
simu5g_00000382,3,3,8,1128.0,,14.0
simu5g_00000382,3,3,9,1128.0,,14.0
simu5g_00000382,3,3,10,1160.0,,15.0
simu5g_00000382,3,3,11,1160.0,,15.0
simu5g_00000382,3,3,12,1160.0,,15.0
simu5g_00000382,3,3,13,1160.0,,15.0
simu5g_00000382,3,3,14,1160.0,,15.0
simu5g_00000382,3,3,15,1160.0,,15.0
simu5g_00000382,3,3,16,1160.0,,15.0
simu5g_00000382,3,3,17,1160.0,,15.0
simu5g_00000382,3,3,18,1160.0,,15.0
simu5g_00000382,3,3,19,1160.0,,15.0
simu5g_00000382,3,3,20,1160.0,,15.0
simu5g_00000382,3,3,21,1160.0,,15.0
simu5g_00000382,3,3,22,1160.0,,15.0
simu5g_00000382,3,3,23,1160.0,,15.0
simu5g_00000382,3,3,24,1160.0,,15.0
simu5g_00000382,4,4,0,984.0,,13.0
simu5g_00000382,4,4,1,808.0,,11.0
simu5g_00000382,4,4,2,1128.0,,14.0
simu5g_00000382,4,4,3,368.0,,6.0
simu5g_00000382,4,4,4,984.0,,13.0
simu5g_00000382,4,4,5,1128.0,,14.0
simu5g_00000382,4,4,6,1128.0,,14.0
simu5g_00000382,4,4,7,432.0,,7.0
simu5g_00000382,4,4,8,704.0,,10.0
simu5g_00000382,4,4,9,984.0,,13.0
simu5g_00000382,4,4,10,984.0,,13.0
simu5g_00000382,4,4,11,984.0,,13.0
simu5g_00000382,4,4,12,1128.0,,14.0
simu5g_00000382,4,4,13,984.0,,13.0
simu5g_00000382,4,4,14,1128.0,,14.0
simu5g_00000382,4,4,15,808.0,,11.0
simu5g_00000382,4,4,16,808.0,,11.0
simu5g_00000382,4,4,17,888.0,,12.0
simu5g_00000382,4,4,18,1128.0,,14.0
simu5g_00000382,4,4,19,1128.0,,14.0
simu5g_00000382,4,4,20,984.0,,13.0
simu5g_00000382,4,4,21,808.0,,11.0
simu5g_00000382,4,4,22,1128.0,,14.0
simu5g_00000382,4,4,23,984.0,,13.0
simu5g_00000382,4,4,24,888.0,,12.0
simu5g_00000383,15,0,0,1160.0,,15.0
simu5g_00000383,15,0,1,1160.0,,15.0
simu5g_00000383,15,0,2,1160.0,,15.0
simu5g_00000383,15,0,3,1160.0,,15.0
simu5g_00000383,15,0,4,1160.0,,15.0
simu5g_00000383,15,0,5,1160.0,,15.0
simu5g_00000383,15,0,6,1160.0,,15.0
simu5g_00000383,15,0,7,1160.0,,15.0
simu5g_00000383,15,0,8,1160.0,,15.0
simu5g_00000383,15,0,9,1160.0,,15.0
simu5g_00000383,15,0,10,1160.0,,15.0
simu5g_00000383,15,0,11,1160.0,,15.0
simu5g_00000383,15,0,12,1160.0,,15.0
simu5g_00000383,15,0,13,1160.0,,15.0
simu5g_00000383,15,0,14,1160.0,,15.0
simu5g_00000383,15,0,15,1160.0,,15.0
simu5g_00000383,15,0,16,1160.0,,15.0
simu5g_00000383,15,0,17,1160.0,,15.0
simu5g_00000383,15,0,18,1160.0,,15.0
simu5g_00000383,15,0,19,1160.0,,15.0
simu5g_00000383,15,0,20,1160.0,,15.0
simu5g_00000383,15,0,21,1160.0,,15.0
simu5g_00000383,15,0,22,1160.0,,15.0
simu5g_00000383,15,0,23,1160.0,,15.0
simu5g_00000383,15,0,24,1160.0,,15.0
simu5g_00000383,31,1,0,1160.0,,15.0
simu5g_00000383,31,1,1,1160.0,,15.0
simu5g_00000383,31,1,2,1160.0,,15.0
simu5g_00000383,31,1,3,1160.0,,15.0
simu5g_00000383,31,1,4,1160.0,,15.0
simu5g_00000383,31,1,5,1160.0,,15.0
simu5g_00000383,31,1,6,1160.0,,15.0
simu5g_00000383,31,1,7,1160.0,,15.0
simu5g_00000383,31,1,8,1160.0,,15.0
simu5g_00000383,31,1,9,1160.0,,15.0
simu5g_00000383,31,1,10,1160.0,,15.0
simu5g_00000383,31,1,11,1160.0,,15.0
simu5g_00000383,31,1,12,1128.0,,14.0
simu5g_00000383,31,1,13,1160.0,,15.0
simu5g_00000383,31,1,14,1160.0,,15.0
simu5g_00000383,31,1,15,1160.0,,15.0
simu5g_00000383,31,1,16,1160.0,,15.0
simu5g_00000383,31,1,17,1160.0,,15.0
simu5g_00000383,31,1,18,1160.0,,15.0
simu5g_00000383,31,1,19,1160.0,,15.0
simu5g_00000383,31,1,20,1160.0,,15.0
simu5g_00000383,31,1,21,1160.0,,15.0
simu5g_00000383,31,1,22,1160.0,,15.0
simu5g_00000383,31,1,23,1160.0,,15.0
simu5g_00000383,31,1,24,1160.0,,15.0
simu5g_00000384,0,0,0,1160.0,,15.0
simu5g_00000384,0,0,1,808.0,,11.0
simu5g_00000384,0,0,2,1160.0,,15.0
simu5g_00000384,0,0,3,1128.0,,14.0
simu5g_00000384,0,0,4,1160.0,,15.0
simu5g_00000384,0,0,5,1128.0,,14.0
simu5g_00000384,0,0,6,1160.0,,15.0
simu5g_00000384,0,0,7,1160.0,,15.0
simu5g_00000384,0,0,8,984.0,,13.0
simu5g_00000384,0,0,9,1160.0,,15.0
simu5g_00000384,0,0,10,1160.0,,15.0
simu5g_00000384,0,0,11,1160.0,,15.0
simu5g_00000384,0,0,12,1160.0,,15.0
simu5g_00000384,0,0,13,1160.0,,15.0
simu5g_00000384,0,0,14,1160.0,,15.0
simu5g_00000384,0,0,15,1160.0,,15.0
simu5g_00000384,0,0,16,1160.0,,15.0
simu5g_00000384,0,0,17,1160.0,,15.0
simu5g_00000384,0,0,18,1160.0,,15.0
simu5g_00000384,0,0,19,1160.0,,15.0
simu5g_00000384,0,0,20,1160.0,,15.0
simu5g_00000384,0,0,21,984.0,,13.0
simu5g_00000384,0,0,22,1160.0,,15.0
simu5g_00000384,0,0,23,1160.0,,15.0
simu5g_00000384,0,0,24,1128.0,,14.0
simu5g_00000384,1,1,0,1160.0,,15.0
simu5g_00000384,1,1,1,984.0,,13.0
simu5g_00000384,1,1,2,984.0,,13.0
simu5g_00000384,1,1,3,1160.0,,15.0
simu5g_00000384,1,1,4,984.0,,13.0
simu5g_00000384,1,1,5,1128.0,,14.0
simu5g_00000384,1,1,6,1128.0,,14.0
simu5g_00000384,1,1,7,808.0,,11.0
simu5g_00000384,1,1,8,704.0,,10.0
simu5g_00000384,1,1,9,1128.0,,14.0
simu5g_00000384,1,1,10,1128.0,,14.0
simu5g_00000384,1,1,11,1128.0,,14.0
simu5g_00000384,1,1,12,1128.0,,14.0
simu5g_00000384,1,1,13,1160.0,,15.0
simu5g_00000384,1,1,14,1160.0,,15.0
simu5g_00000384,1,1,15,1160.0,,15.0
simu5g_00000384,1,1,16,1128.0,,14.0
simu5g_00000384,1,1,17,1128.0,,14.0
simu5g_00000384,1,1,18,1128.0,,14.0
simu5g_00000384,1,1,19,1128.0,,14.0
simu5g_00000384,1,1,20,1160.0,,15.0
simu5g_00000384,1,1,21,608.0,,9.0
simu5g_00000384,1,1,22,1128.0,,14.0
simu5g_00000384,1,1,23,984.0,,13.0
simu5g_00000384,1,1,24,1128.0,,14.0
simu5g_00000384,2,2,0,1160.0,,15.0
simu5g_00000384,2,2,1,1160.0,,15.0
simu5g_00000384,2,2,2,1160.0,,15.0
simu5g_00000384,2,2,3,1160.0,,15.0
simu5g_00000384,2,2,4,1160.0,,15.0
simu5g_00000384,2,2,5,1160.0,,15.0
simu5g_00000384,2,2,6,1160.0,,15.0
simu5g_00000384,2,2,7,1128.0,,14.0
simu5g_00000384,2,2,8,1160.0,,15.0
simu5g_00000384,2,2,9,1160.0,,15.0
simu5g_00000384,2,2,10,1160.0,,15.0
simu5g_00000384,2,2,11,1160.0,,15.0
simu5g_00000384,2,2,12,1160.0,,15.0
simu5g_00000384,2,2,13,1160.0,,15.0
simu5g_00000384,2,2,14,1160.0,,15.0
simu5g_00000384,2,2,15,1160.0,,15.0
simu5g_00000384,2,2,16,1160.0,,15.0
simu5g_00000384,2,2,17,1160.0,,15.0
simu5g_00000384,2,2,18,1160.0,,15.0
simu5g_00000384,2,2,19,1160.0,,15.0
simu5g_00000384,2,2,20,1160.0,,15.0
simu5g_00000384,2,2,21,1160.0,,15.0
simu5g_00000384,2,2,22,1160.0,,15.0
simu5g_00000384,2,2,23,1160.0,,15.0
simu5g_00000384,2,2,24,1160.0,,15.0
simu5g_00000384,3,3,0,1160.0,,15.0
simu5g_00000384,3,3,1,1160.0,,15.0
simu5g_00000384,3,3,2,1160.0,,15.0
simu5g_00000384,3,3,3,1160.0,,15.0
simu5g_00000384,3,3,4,1160.0,,15.0
simu5g_00000384,3,3,5,1160.0,,15.0
simu5g_00000384,3,3,6,1160.0,,15.0
simu5g_00000384,3,3,7,1160.0,,15.0
simu5g_00000384,3,3,8,1128.0,,14.0
simu5g_00000384,3,3,9,1128.0,,14.0
simu5g_00000384,3,3,10,1160.0,,15.0
simu5g_00000384,3,3,11,1160.0,,15.0
simu5g_00000384,3,3,12,1160.0,,15.0
simu5g_00000384,3,3,13,1160.0,,15.0
simu5g_00000384,3,3,14,1160.0,,15.0
simu5g_00000384,3,3,15,1160.0,,15.0
simu5g_00000384,3,3,16,1160.0,,15.0
simu5g_00000384,3,3,17,1160.0,,15.0
simu5g_00000384,3,3,18,1160.0,,15.0
simu5g_00000384,3,3,19,1160.0,,15.0
simu5g_00000384,3,3,20,1160.0,,15.0
simu5g_00000384,3,3,21,1160.0,,15.0
simu5g_00000384,3,3,22,1160.0,,15.0
simu5g_00000384,3,3,23,1160.0,,15.0
simu5g_00000384,3,3,24,1160.0,,15.0
simu5g_00000384,4,4,0,984.0,,13.0
simu5g_00000384,4,4,1,808.0,,11.0
simu5g_00000384,4,4,2,1128.0,,14.0
simu5g_00000384,4,4,3,368.0,,6.0
simu5g_00000384,4,4,4,984.0,,13.0
simu5g_00000384,4,4,5,1128.0,,14.0
simu5g_00000384,4,4,6,1128.0,,14.0
simu5g_00000384,4,4,7,432.0,,7.0
simu5g_00000384,4,4,8,704.0,,10.0
simu5g_00000384,4,4,9,984.0,,13.0
simu5g_00000384,4,4,10,984.0,,13.0
simu5g_00000384,4,4,11,984.0,,13.0
simu5g_00000384,4,4,12,1128.0,,14.0
simu5g_00000384,4,4,13,984.0,,13.0
simu5g_00000384,4,4,14,1128.0,,14.0
simu5g_00000384,4,4,15,808.0,,11.0
simu5g_00000384,4,4,16,808.0,,11.0
simu5g_00000384,4,4,17,888.0,,12.0
simu5g_00000384,4,4,18,1128.0,,14.0
simu5g_00000384,4,4,19,1128.0,,14.0
simu5g_00000384,4,4,20,984.0,,13.0
simu5g_00000384,4,4,21,808.0,,11.0
simu5g_00000384,4,4,22,1128.0,,14.0
simu5g_00000384,4,4,23,984.0,,13.0
simu5g_00000384,4,4,24,888.0,,12.0
simu5g_00000385,15,0,0,1160.0,,15.0
simu5g_00000385,15,0,1,1160.0,,15.0
simu5g_00000385,15,0,2,1160.0,,15.0
simu5g_00000385,15,0,3,1160.0,,15.0
simu5g_00000385,15,0,4,1160.0,,15.0
simu5g_00000385,15,0,5,1160.0,,15.0
simu5g_00000385,15,0,6,1160.0,,15.0
simu5g_00000385,15,0,7,1160.0,,15.0
simu5g_00000385,15,0,8,1160.0,,15.0
simu5g_00000385,15,0,9,1160.0,,15.0
simu5g_00000385,15,0,10,1160.0,,15.0
simu5g_00000385,15,0,11,1160.0,,15.0
simu5g_00000385,15,0,12,1160.0,,15.0
simu5g_00000385,15,0,13,1160.0,,15.0
simu5g_00000385,15,0,14,1160.0,,15.0
simu5g_00000385,15,0,15,1160.0,,15.0
simu5g_00000385,15,0,16,1160.0,,15.0
simu5g_00000385,15,0,17,1160.0,,15.0
simu5g_00000385,15,0,18,1160.0,,15.0
simu5g_00000385,15,0,19,1160.0,,15.0
simu5g_00000385,15,0,20,1160.0,,15.0
simu5g_00000385,15,0,21,1160.0,,15.0
simu5g_00000385,15,0,22,1160.0,,15.0
simu5g_00000385,15,0,23,1160.0,,15.0
simu5g_00000385,15,0,24,1160.0,,15.0
simu5g_00000385,31,1,0,1160.0,,15.0
simu5g_00000385,31,1,1,1160.0,,15.0
simu5g_00000385,31,1,2,1160.0,,15.0
simu5g_00000385,31,1,3,1160.0,,15.0
simu5g_00000385,31,1,4,1160.0,,15.0
simu5g_00000385,31,1,5,1160.0,,15.0
simu5g_00000385,31,1,6,1160.0,,15.0
simu5g_00000385,31,1,7,1160.0,,15.0
simu5g_00000385,31,1,8,1160.0,,15.0
simu5g_00000385,31,1,9,1160.0,,15.0
simu5g_00000385,31,1,10,1160.0,,15.0
simu5g_00000385,31,1,11,1160.0,,15.0
simu5g_00000385,31,1,12,1128.0,,14.0
simu5g_00000385,31,1,13,1160.0,,15.0
simu5g_00000385,31,1,14,1160.0,,15.0
simu5g_00000385,31,1,15,1160.0,,15.0
simu5g_00000385,31,1,16,1160.0,,15.0
simu5g_00000385,31,1,17,1160.0,,15.0
simu5g_00000385,31,1,18,1160.0,,15.0
simu5g_00000385,31,1,19,1160.0,,15.0
simu5g_00000385,31,1,20,1160.0,,15.0
simu5g_00000385,31,1,21,1160.0,,15.0
simu5g_00000385,31,1,22,1160.0,,15.0
simu5g_00000385,31,1,23,1160.0,,15.0
simu5g_00000385,31,1,24,1160.0,,15.0
simu5g_00000386,0,0,0,1160.0,,15.0
simu5g_00000386,0,0,1,808.0,,11.0
simu5g_00000386,0,0,2,1160.0,,15.0
simu5g_00000386,0,0,3,1128.0,,14.0
simu5g_00000386,0,0,4,1160.0,,15.0
simu5g_00000386,0,0,5,1128.0,,14.0
simu5g_00000386,0,0,6,1160.0,,15.0
simu5g_00000386,0,0,7,1160.0,,15.0
simu5g_00000386,0,0,8,984.0,,13.0
simu5g_00000386,0,0,9,1160.0,,15.0
simu5g_00000386,0,0,10,1160.0,,15.0
simu5g_00000386,0,0,11,1160.0,,15.0
simu5g_00000386,0,0,12,1160.0,,15.0
simu5g_00000386,0,0,13,1160.0,,15.0
simu5g_00000386,0,0,14,1160.0,,15.0
simu5g_00000386,0,0,15,1160.0,,15.0
simu5g_00000386,0,0,16,1160.0,,15.0
simu5g_00000386,0,0,17,1160.0,,15.0
simu5g_00000386,0,0,18,1160.0,,15.0
simu5g_00000386,0,0,19,1160.0,,15.0
simu5g_00000386,0,0,20,1160.0,,15.0
simu5g_00000386,0,0,21,984.0,,13.0
simu5g_00000386,0,0,22,1160.0,,15.0
simu5g_00000386,0,0,23,1160.0,,15.0
simu5g_00000386,0,0,24,1128.0,,14.0
simu5g_00000386,1,1,0,1160.0,,15.0
simu5g_00000386,1,1,1,984.0,,13.0
simu5g_00000386,1,1,2,984.0,,13.0
simu5g_00000386,1,1,3,1160.0,,15.0
simu5g_00000386,1,1,4,984.0,,13.0
simu5g_00000386,1,1,5,1128.0,,14.0
simu5g_00000386,1,1,6,1128.0,,14.0
simu5g_00000386,1,1,7,808.0,,11.0
simu5g_00000386,1,1,8,704.0,,10.0
simu5g_00000386,1,1,9,1128.0,,14.0
simu5g_00000386,1,1,10,1128.0,,14.0
simu5g_00000386,1,1,11,1128.0,,14.0
simu5g_00000386,1,1,12,1128.0,,14.0
simu5g_00000386,1,1,13,1160.0,,15.0
simu5g_00000386,1,1,14,1160.0,,15.0
simu5g_00000386,1,1,15,1160.0,,15.0
simu5g_00000386,1,1,16,1128.0,,14.0
simu5g_00000386,1,1,17,1128.0,,14.0
simu5g_00000386,1,1,18,1128.0,,14.0
simu5g_00000386,1,1,19,1128.0,,14.0
simu5g_00000386,1,1,20,1160.0,,15.0
simu5g_00000386,1,1,21,608.0,,9.0
simu5g_00000386,1,1,22,1128.0,,14.0
simu5g_00000386,1,1,23,984.0,,13.0
simu5g_00000386,1,1,24,1128.0,,14.0
simu5g_00000386,2,2,0,1160.0,,15.0
simu5g_00000386,2,2,1,1160.0,,15.0
simu5g_00000386,2,2,2,1160.0,,15.0
simu5g_00000386,2,2,3,1160.0,,15.0
simu5g_00000386,2,2,4,1160.0,,15.0
simu5g_00000386,2,2,5,1160.0,,15.0
simu5g_00000386,2,2,6,1160.0,,15.0
simu5g_00000386,2,2,7,1128.0,,14.0
simu5g_00000386,2,2,8,1160.0,,15.0
simu5g_00000386,2,2,9,1160.0,,15.0
simu5g_00000386,2,2,10,1160.0,,15.0
simu5g_00000386,2,2,11,1160.0,,15.0
simu5g_00000386,2,2,12,1160.0,,15.0
simu5g_00000386,2,2,13,1160.0,,15.0
simu5g_00000386,2,2,14,1160.0,,15.0
simu5g_00000386,2,2,15,1160.0,,15.0
simu5g_00000386,2,2,16,1160.0,,15.0
simu5g_00000386,2,2,17,1160.0,,15.0
simu5g_00000386,2,2,18,1160.0,,15.0
simu5g_00000386,2,2,19,1160.0,,15.0
simu5g_00000386,2,2,20,1160.0,,15.0
simu5g_00000386,2,2,21,1160.0,,15.0
simu5g_00000386,2,2,22,1160.0,,15.0
simu5g_00000386,2,2,23,1160.0,,15.0
simu5g_00000386,2,2,24,1160.0,,15.0
simu5g_00000386,3,3,0,1160.0,,15.0
simu5g_00000386,3,3,1,1160.0,,15.0
simu5g_00000386,3,3,2,1160.0,,15.0
simu5g_00000386,3,3,3,1160.0,,15.0
simu5g_00000386,3,3,4,1160.0,,15.0
simu5g_00000386,3,3,5,1160.0,,15.0
simu5g_00000386,3,3,6,1160.0,,15.0
simu5g_00000386,3,3,7,1160.0,,15.0
simu5g_00000386,3,3,8,1128.0,,14.0
simu5g_00000386,3,3,9,1128.0,,14.0
simu5g_00000386,3,3,10,1160.0,,15.0
simu5g_00000386,3,3,11,1160.0,,15.0
simu5g_00000386,3,3,12,1160.0,,15.0
simu5g_00000386,3,3,13,1160.0,,15.0
simu5g_00000386,3,3,14,1160.0,,15.0
simu5g_00000386,3,3,15,1160.0,,15.0
simu5g_00000386,3,3,16,1160.0,,15.0
simu5g_00000386,3,3,17,1160.0,,15.0
simu5g_00000386,3,3,18,1160.0,,15.0
simu5g_00000386,3,3,19,1160.0,,15.0
simu5g_00000386,3,3,20,1160.0,,15.0
simu5g_00000386,3,3,21,1160.0,,15.0
simu5g_00000386,3,3,22,1160.0,,15.0
simu5g_00000386,3,3,23,1160.0,,15.0
simu5g_00000386,3,3,24,1160.0,,15.0
simu5g_00000386,4,4,0,984.0,,13.0
simu5g_00000386,4,4,1,808.0,,11.0
simu5g_00000386,4,4,2,1128.0,,14.0
simu5g_00000386,4,4,3,368.0,,6.0
simu5g_00000386,4,4,4,984.0,,13.0
simu5g_00000386,4,4,5,1128.0,,14.0
simu5g_00000386,4,4,6,1128.0,,14.0
simu5g_00000386,4,4,7,432.0,,7.0
simu5g_00000386,4,4,8,704.0,,10.0
simu5g_00000386,4,4,9,984.0,,13.0
simu5g_00000386,4,4,10,984.0,,13.0
simu5g_00000386,4,4,11,984.0,,13.0
simu5g_00000386,4,4,12,1128.0,,14.0
simu5g_00000386,4,4,13,984.0,,13.0
simu5g_00000386,4,4,14,1128.0,,14.0
simu5g_00000386,4,4,15,808.0,,11.0
simu5g_00000386,4,4,16,808.0,,11.0
simu5g_00000386,4,4,17,888.0,,12.0
simu5g_00000386,4,4,18,1128.0,,14.0
simu5g_00000386,4,4,19,1128.0,,14.0
simu5g_00000386,4,4,20,984.0,,13.0
simu5g_00000386,4,4,21,808.0,,11.0
simu5g_00000386,4,4,22,1128.0,,14.0
simu5g_00000386,4,4,23,984.0,,13.0
simu5g_00000386,4,4,24,888.0,,12.0
simu5g_00000387,15,0,0,1160.0,,15.0
simu5g_00000387,15,0,1,1160.0,,15.0
simu5g_00000387,15,0,2,1160.0,,15.0
simu5g_00000387,15,0,3,1160.0,,15.0
simu5g_00000387,15,0,4,1160.0,,15.0
simu5g_00000387,15,0,5,1160.0,,15.0
simu5g_00000387,15,0,6,1160.0,,15.0
simu5g_00000387,15,0,7,1160.0,,15.0
simu5g_00000387,15,0,8,1160.0,,15.0
simu5g_00000387,15,0,9,1160.0,,15.0
simu5g_00000387,15,0,10,1160.0,,15.0
simu5g_00000387,15,0,11,1160.0,,15.0
simu5g_00000387,15,0,12,1160.0,,15.0
simu5g_00000387,15,0,13,1160.0,,15.0
simu5g_00000387,15,0,14,1160.0,,15.0
simu5g_00000387,15,0,15,1160.0,,15.0
simu5g_00000387,15,0,16,1160.0,,15.0
simu5g_00000387,15,0,17,1160.0,,15.0
simu5g_00000387,15,0,18,1160.0,,15.0
simu5g_00000387,15,0,19,1160.0,,15.0
simu5g_00000387,15,0,20,1160.0,,15.0
simu5g_00000387,15,0,21,1160.0,,15.0
simu5g_00000387,15,0,22,1160.0,,15.0
simu5g_00000387,15,0,23,1160.0,,15.0
simu5g_00000387,15,0,24,1160.0,,15.0
simu5g_00000387,31,1,0,1160.0,,15.0
simu5g_00000387,31,1,1,1160.0,,15.0
simu5g_00000387,31,1,2,1160.0,,15.0
simu5g_00000387,31,1,3,1160.0,,15.0
simu5g_00000387,31,1,4,1160.0,,15.0
simu5g_00000387,31,1,5,1160.0,,15.0
simu5g_00000387,31,1,6,1160.0,,15.0
simu5g_00000387,31,1,7,1160.0,,15.0
simu5g_00000387,31,1,8,1160.0,,15.0
simu5g_00000387,31,1,9,1160.0,,15.0
simu5g_00000387,31,1,10,1160.0,,15.0
simu5g_00000387,31,1,11,1160.0,,15.0
simu5g_00000387,31,1,12,1128.0,,14.0
simu5g_00000387,31,1,13,1160.0,,15.0
simu5g_00000387,31,1,14,1160.0,,15.0
simu5g_00000387,31,1,15,1160.0,,15.0
simu5g_00000387,31,1,16,1160.0,,15.0
simu5g_00000387,31,1,17,1160.0,,15.0
simu5g_00000387,31,1,18,1160.0,,15.0
simu5g_00000387,31,1,19,1160.0,,15.0
simu5g_00000387,31,1,20,1160.0,,15.0
simu5g_00000387,31,1,21,1160.0,,15.0
simu5g_00000387,31,1,22,1160.0,,15.0
simu5g_00000387,31,1,23,1160.0,,15.0
simu5g_00000387,31,1,24,1160.0,,15.0
simu5g_00000388,0,0,0,1160.0,,15.0
simu5g_00000388,0,0,1,808.0,,11.0
simu5g_00000388,0,0,2,1160.0,,15.0
simu5g_00000388,0,0,3,1128.0,,14.0
simu5g_00000388,0,0,4,1160.0,,15.0
simu5g_00000388,0,0,5,1128.0,,14.0
simu5g_00000388,0,0,6,1160.0,,15.0
simu5g_00000388,0,0,7,1160.0,,15.0
simu5g_00000388,0,0,8,984.0,,13.0
simu5g_00000388,0,0,9,1160.0,,15.0
simu5g_00000388,0,0,10,1160.0,,15.0
simu5g_00000388,0,0,11,1160.0,,15.0
simu5g_00000388,0,0,12,1160.0,,15.0
simu5g_00000388,0,0,13,1160.0,,15.0
simu5g_00000388,0,0,14,1160.0,,15.0
simu5g_00000388,0,0,15,1160.0,,15.0
simu5g_00000388,0,0,16,1160.0,,15.0
simu5g_00000388,0,0,17,1160.0,,15.0
simu5g_00000388,0,0,18,1160.0,,15.0
simu5g_00000388,0,0,19,1160.0,,15.0
simu5g_00000388,0,0,20,1160.0,,15.0
simu5g_00000388,0,0,21,984.0,,13.0
simu5g_00000388,0,0,22,1160.0,,15.0
simu5g_00000388,0,0,23,1160.0,,15.0
simu5g_00000388,0,0,24,1128.0,,14.0
simu5g_00000388,1,1,0,1160.0,,15.0
simu5g_00000388,1,1,1,984.0,,13.0
simu5g_00000388,1,1,2,984.0,,13.0
simu5g_00000388,1,1,3,1160.0,,15.0
simu5g_00000388,1,1,4,984.0,,13.0
simu5g_00000388,1,1,5,1128.0,,14.0
simu5g_00000388,1,1,6,1128.0,,14.0
simu5g_00000388,1,1,7,808.0,,11.0
simu5g_00000388,1,1,8,704.0,,10.0
simu5g_00000388,1,1,9,1128.0,,14.0
simu5g_00000388,1,1,10,1128.0,,14.0
simu5g_00000388,1,1,11,1128.0,,14.0
simu5g_00000388,1,1,12,1128.0,,14.0
simu5g_00000388,1,1,13,1160.0,,15.0
simu5g_00000388,1,1,14,1160.0,,15.0
simu5g_00000388,1,1,15,1160.0,,15.0
simu5g_00000388,1,1,16,1128.0,,14.0
simu5g_00000388,1,1,17,1128.0,,14.0
simu5g_00000388,1,1,18,1128.0,,14.0
simu5g_00000388,1,1,19,1128.0,,14.0
simu5g_00000388,1,1,20,1160.0,,15.0
simu5g_00000388,1,1,21,608.0,,9.0
simu5g_00000388,1,1,22,1128.0,,14.0
simu5g_00000388,1,1,23,984.0,,13.0
simu5g_00000388,1,1,24,1128.0,,14.0
simu5g_00000388,2,2,0,1160.0,,15.0
simu5g_00000388,2,2,1,1160.0,,15.0
simu5g_00000388,2,2,2,1160.0,,15.0
simu5g_00000388,2,2,3,1160.0,,15.0
simu5g_00000388,2,2,4,1160.0,,15.0
simu5g_00000388,2,2,5,1160.0,,15.0
simu5g_00000388,2,2,6,1160.0,,15.0
simu5g_00000388,2,2,7,1128.0,,14.0
simu5g_00000388,2,2,8,1160.0,,15.0
simu5g_00000388,2,2,9,1160.0,,15.0
simu5g_00000388,2,2,10,1160.0,,15.0
simu5g_00000388,2,2,11,1160.0,,15.0
simu5g_00000388,2,2,12,1160.0,,15.0
simu5g_00000388,2,2,13,1160.0,,15.0
simu5g_00000388,2,2,14,1160.0,,15.0
simu5g_00000388,2,2,15,1160.0,,15.0
simu5g_00000388,2,2,16,1160.0,,15.0
simu5g_00000388,2,2,17,1160.0,,15.0
simu5g_00000388,2,2,18,1160.0,,15.0
simu5g_00000388,2,2,19,1160.0,,15.0
simu5g_00000388,2,2,20,1160.0,,15.0
simu5g_00000388,2,2,21,1160.0,,15.0
simu5g_00000388,2,2,22,1160.0,,15.0
simu5g_00000388,2,2,23,1160.0,,15.0
simu5g_00000388,2,2,24,1160.0,,15.0
simu5g_00000388,3,3,0,1160.0,,15.0
simu5g_00000388,3,3,1,1160.0,,15.0
simu5g_00000388,3,3,2,1160.0,,15.0
simu5g_00000388,3,3,3,1160.0,,15.0
simu5g_00000388,3,3,4,1160.0,,15.0
simu5g_00000388,3,3,5,1160.0,,15.0
simu5g_00000388,3,3,6,1160.0,,15.0
simu5g_00000388,3,3,7,1160.0,,15.0
simu5g_00000388,3,3,8,1128.0,,14.0
simu5g_00000388,3,3,9,1128.0,,14.0
simu5g_00000388,3,3,10,1160.0,,15.0
simu5g_00000388,3,3,11,1160.0,,15.0
simu5g_00000388,3,3,12,1160.0,,15.0
simu5g_00000388,3,3,13,1160.0,,15.0
simu5g_00000388,3,3,14,1160.0,,15.0
simu5g_00000388,3,3,15,1160.0,,15.0
simu5g_00000388,3,3,16,1160.0,,15.0
simu5g_00000388,3,3,17,1160.0,,15.0
simu5g_00000388,3,3,18,1160.0,,15.0
simu5g_00000388,3,3,19,1160.0,,15.0
simu5g_00000388,3,3,20,1160.0,,15.0
simu5g_00000388,3,3,21,1160.0,,15.0
simu5g_00000388,3,3,22,1160.0,,15.0
simu5g_00000388,3,3,23,1160.0,,15.0
simu5g_00000388,3,3,24,1160.0,,15.0
simu5g_00000388,4,4,0,984.0,,13.0
simu5g_00000388,4,4,1,808.0,,11.0
simu5g_00000388,4,4,2,1128.0,,14.0
simu5g_00000388,4,4,3,368.0,,6.0
simu5g_00000388,4,4,4,984.0,,13.0
simu5g_00000388,4,4,5,1128.0,,14.0
simu5g_00000388,4,4,6,1128.0,,14.0
simu5g_00000388,4,4,7,432.0,,7.0
simu5g_00000388,4,4,8,704.0,,10.0
simu5g_00000388,4,4,9,984.0,,13.0
simu5g_00000388,4,4,10,984.0,,13.0
simu5g_00000388,4,4,11,984.0,,13.0
simu5g_00000388,4,4,12,1128.0,,14.0
simu5g_00000388,4,4,13,984.0,,13.0
simu5g_00000388,4,4,14,1128.0,,14.0
simu5g_00000388,4,4,15,808.0,,11.0
simu5g_00000388,4,4,16,808.0,,11.0
simu5g_00000388,4,4,17,888.0,,12.0
simu5g_00000388,4,4,18,1128.0,,14.0
simu5g_00000388,4,4,19,1128.0,,14.0
simu5g_00000388,4,4,20,984.0,,13.0
simu5g_00000388,4,4,21,808.0,,11.0
simu5g_00000388,4,4,22,1128.0,,14.0
simu5g_00000388,4,4,23,984.0,,13.0
simu5g_00000388,4,4,24,888.0,,12.0
simu5g_00000389,15,0,0,1160.0,,15.0
simu5g_00000389,15,0,1,1160.0,,15.0
simu5g_00000389,15,0,2,1160.0,,15.0
simu5g_00000389,15,0,3,1160.0,,15.0
simu5g_00000389,15,0,4,1160.0,,15.0
simu5g_00000389,15,0,5,1160.0,,15.0
simu5g_00000389,15,0,6,1160.0,,15.0
simu5g_00000389,15,0,7,1160.0,,15.0
simu5g_00000389,15,0,8,1160.0,,15.0
simu5g_00000389,15,0,9,1160.0,,15.0
simu5g_00000389,15,0,10,1160.0,,15.0
simu5g_00000389,15,0,11,1160.0,,15.0
simu5g_00000389,15,0,12,1160.0,,15.0
simu5g_00000389,15,0,13,1160.0,,15.0
simu5g_00000389,15,0,14,1160.0,,15.0
simu5g_00000389,15,0,15,1160.0,,15.0
simu5g_00000389,15,0,16,1160.0,,15.0
simu5g_00000389,15,0,17,1160.0,,15.0
simu5g_00000389,15,0,18,1160.0,,15.0
simu5g_00000389,15,0,19,1160.0,,15.0
simu5g_00000389,15,0,20,1160.0,,15.0
simu5g_00000389,15,0,21,1160.0,,15.0
simu5g_00000389,15,0,22,1160.0,,15.0
simu5g_00000389,15,0,23,1160.0,,15.0
simu5g_00000389,15,0,24,1160.0,,15.0
simu5g_00000389,31,1,0,1160.0,,15.0
simu5g_00000389,31,1,1,1160.0,,15.0
simu5g_00000389,31,1,2,1160.0,,15.0
simu5g_00000389,31,1,3,1160.0,,15.0
simu5g_00000389,31,1,4,1160.0,,15.0
simu5g_00000389,31,1,5,1160.0,,15.0
simu5g_00000389,31,1,6,1160.0,,15.0
simu5g_00000389,31,1,7,1160.0,,15.0
simu5g_00000389,31,1,8,1160.0,,15.0
simu5g_00000389,31,1,9,1160.0,,15.0
simu5g_00000389,31,1,10,1160.0,,15.0
simu5g_00000389,31,1,11,1160.0,,15.0
simu5g_00000389,31,1,12,984.0,,13.0
simu5g_00000389,31,1,13,1160.0,,15.0
simu5g_00000389,31,1,14,1160.0,,15.0
simu5g_00000389,31,1,15,1160.0,,15.0
simu5g_00000389,31,1,16,1160.0,,15.0
simu5g_00000389,31,1,17,1160.0,,15.0
simu5g_00000389,31,1,18,1160.0,,15.0
simu5g_00000389,31,1,19,1160.0,,15.0
simu5g_00000389,31,1,20,1160.0,,15.0
simu5g_00000389,31,1,21,1160.0,,15.0
simu5g_00000389,31,1,22,1160.0,,15.0
simu5g_00000389,31,1,23,1160.0,,15.0
simu5g_00000389,31,1,24,1160.0,,15.0
simu5g_00000390,0,0,0,1160.0,,15.0
simu5g_00000390,0,0,1,808.0,,11.0
simu5g_00000390,0,0,2,1160.0,,15.0
simu5g_00000390,0,0,3,1128.0,,14.0
simu5g_00000390,0,0,4,1160.0,,15.0
simu5g_00000390,0,0,5,1128.0,,14.0
simu5g_00000390,0,0,6,1160.0,,15.0
simu5g_00000390,0,0,7,1160.0,,15.0
simu5g_00000390,0,0,8,984.0,,13.0
simu5g_00000390,0,0,9,1160.0,,15.0
simu5g_00000390,0,0,10,1160.0,,15.0
simu5g_00000390,0,0,11,1160.0,,15.0
simu5g_00000390,0,0,12,1160.0,,15.0
simu5g_00000390,0,0,13,1160.0,,15.0
simu5g_00000390,0,0,14,1160.0,,15.0
simu5g_00000390,0,0,15,1160.0,,15.0
simu5g_00000390,0,0,16,1160.0,,15.0
simu5g_00000390,0,0,17,1160.0,,15.0
simu5g_00000390,0,0,18,1160.0,,15.0
simu5g_00000390,0,0,19,1160.0,,15.0
simu5g_00000390,0,0,20,1160.0,,15.0
simu5g_00000390,0,0,21,984.0,,13.0
simu5g_00000390,0,0,22,1160.0,,15.0
simu5g_00000390,0,0,23,1160.0,,15.0
simu5g_00000390,0,0,24,1128.0,,14.0
simu5g_00000390,1,1,0,1160.0,,15.0
simu5g_00000390,1,1,1,1160.0,,15.0
simu5g_00000390,1,1,2,1160.0,,15.0
simu5g_00000390,1,1,3,1160.0,,15.0
simu5g_00000390,1,1,4,1160.0,,15.0
simu5g_00000390,1,1,5,1160.0,,15.0
simu5g_00000390,1,1,6,1160.0,,15.0
simu5g_00000390,1,1,7,1128.0,,14.0
simu5g_00000390,1,1,8,1128.0,,14.0
simu5g_00000390,1,1,9,1160.0,,15.0
simu5g_00000390,1,1,10,1160.0,,15.0
simu5g_00000390,1,1,11,1160.0,,15.0
simu5g_00000390,1,1,12,1160.0,,15.0
simu5g_00000390,1,1,13,1160.0,,15.0
simu5g_00000390,1,1,14,1160.0,,15.0
simu5g_00000390,1,1,15,1160.0,,15.0
simu5g_00000390,1,1,16,1160.0,,15.0
simu5g_00000390,1,1,17,1160.0,,15.0
simu5g_00000390,1,1,18,1160.0,,15.0
simu5g_00000390,1,1,19,1160.0,,15.0
simu5g_00000390,1,1,20,1160.0,,15.0
simu5g_00000390,1,1,21,984.0,,13.0
simu5g_00000390,1,1,22,1160.0,,15.0
simu5g_00000390,1,1,23,1160.0,,15.0
simu5g_00000390,1,1,24,1160.0,,15.0
simu5g_00000390,2,2,0,1160.0,,15.0
simu5g_00000390,2,2,1,1160.0,,15.0
simu5g_00000390,2,2,2,1160.0,,15.0
simu5g_00000390,2,2,3,1160.0,,15.0
simu5g_00000390,2,2,4,1160.0,,15.0
simu5g_00000390,2,2,5,1160.0,,15.0
simu5g_00000390,2,2,6,1160.0,,15.0
simu5g_00000390,2,2,7,1128.0,,14.0
simu5g_00000390,2,2,8,1160.0,,15.0
simu5g_00000390,2,2,9,1160.0,,15.0
simu5g_00000390,2,2,10,1160.0,,15.0
simu5g_00000390,2,2,11,1160.0,,15.0
simu5g_00000390,2,2,12,1160.0,,15.0
simu5g_00000390,2,2,13,1160.0,,15.0
simu5g_00000390,2,2,14,1160.0,,15.0
simu5g_00000390,2,2,15,1160.0,,15.0
simu5g_00000390,2,2,16,1160.0,,15.0
simu5g_00000390,2,2,17,1160.0,,15.0
simu5g_00000390,2,2,18,1160.0,,15.0
simu5g_00000390,2,2,19,1160.0,,15.0
simu5g_00000390,2,2,20,1160.0,,15.0
simu5g_00000390,2,2,21,1160.0,,15.0
simu5g_00000390,2,2,22,1160.0,,15.0
simu5g_00000390,2,2,23,1160.0,,15.0
simu5g_00000390,2,2,24,1160.0,,15.0
simu5g_00000390,3,3,0,1160.0,,15.0
simu5g_00000390,3,3,1,1160.0,,15.0
simu5g_00000390,3,3,2,1160.0,,15.0
simu5g_00000390,3,3,3,1160.0,,15.0
simu5g_00000390,3,3,4,1160.0,,15.0
simu5g_00000390,3,3,5,1160.0,,15.0
simu5g_00000390,3,3,6,1160.0,,15.0
simu5g_00000390,3,3,7,1160.0,,15.0
simu5g_00000390,3,3,8,1128.0,,14.0
simu5g_00000390,3,3,9,1128.0,,14.0
simu5g_00000390,3,3,10,1160.0,,15.0
simu5g_00000390,3,3,11,1160.0,,15.0
simu5g_00000390,3,3,12,1160.0,,15.0
simu5g_00000390,3,3,13,1160.0,,15.0
simu5g_00000390,3,3,14,1160.0,,15.0
simu5g_00000390,3,3,15,1160.0,,15.0
simu5g_00000390,3,3,16,1160.0,,15.0
simu5g_00000390,3,3,17,1160.0,,15.0
simu5g_00000390,3,3,18,1160.0,,15.0
simu5g_00000390,3,3,19,1160.0,,15.0
simu5g_00000390,3,3,20,1160.0,,15.0
simu5g_00000390,3,3,21,1160.0,,15.0
simu5g_00000390,3,3,22,1160.0,,15.0
simu5g_00000390,3,3,23,1160.0,,15.0
simu5g_00000390,3,3,24,1160.0,,15.0
simu5g_00000390,4,4,0,984.0,,13.0
simu5g_00000390,4,4,1,808.0,,11.0
simu5g_00000390,4,4,2,1128.0,,14.0
simu5g_00000390,4,4,3,368.0,,6.0
simu5g_00000390,4,4,4,984.0,,13.0
simu5g_00000390,4,4,5,1128.0,,14.0
simu5g_00000390,4,4,6,1128.0,,14.0
simu5g_00000390,4,4,7,432.0,,7.0
simu5g_00000390,4,4,8,704.0,,10.0
simu5g_00000390,4,4,9,984.0,,13.0
simu5g_00000390,4,4,10,984.0,,13.0
simu5g_00000390,4,4,11,984.0,,13.0
simu5g_00000390,4,4,12,1128.0,,14.0
simu5g_00000390,4,4,13,984.0,,13.0
simu5g_00000390,4,4,14,1128.0,,14.0
simu5g_00000390,4,4,15,808.0,,11.0
simu5g_00000390,4,4,16,808.0,,11.0
simu5g_00000390,4,4,17,888.0,,12.0
simu5g_00000390,4,4,18,1128.0,,14.0
simu5g_00000390,4,4,19,1128.0,,14.0
simu5g_00000390,4,4,20,984.0,,13.0
simu5g_00000390,4,4,21,808.0,,11.0
simu5g_00000390,4,4,22,1128.0,,14.0
simu5g_00000390,4,4,23,984.0,,13.0
simu5g_00000390,4,4,24,888.0,,12.0
simu5g_00000391,15,0,0,1160.0,,15.0
simu5g_00000391,15,0,1,1160.0,,15.0
simu5g_00000391,15,0,2,1160.0,,15.0
simu5g_00000391,15,0,3,1160.0,,15.0
simu5g_00000391,15,0,4,1160.0,,15.0
simu5g_00000391,15,0,5,1160.0,,15.0
simu5g_00000391,15,0,6,1160.0,,15.0
simu5g_00000391,15,0,7,1160.0,,15.0
simu5g_00000391,15,0,8,1160.0,,15.0
simu5g_00000391,15,0,9,1160.0,,15.0
simu5g_00000391,15,0,10,1160.0,,15.0
simu5g_00000391,15,0,11,1160.0,,15.0
simu5g_00000391,15,0,12,1160.0,,15.0
simu5g_00000391,15,0,13,1160.0,,15.0
simu5g_00000391,15,0,14,1160.0,,15.0
simu5g_00000391,15,0,15,1160.0,,15.0
simu5g_00000391,15,0,16,1160.0,,15.0
simu5g_00000391,15,0,17,1160.0,,15.0
simu5g_00000391,15,0,18,1160.0,,15.0
simu5g_00000391,15,0,19,1160.0,,15.0
simu5g_00000391,15,0,20,1160.0,,15.0
simu5g_00000391,15,0,21,1160.0,,15.0
simu5g_00000391,15,0,22,1160.0,,15.0
simu5g_00000391,15,0,23,1160.0,,15.0
simu5g_00000391,15,0,24,1160.0,,15.0
simu5g_00000391,31,1,0,1160.0,,15.0
simu5g_00000391,31,1,1,1160.0,,15.0
simu5g_00000391,31,1,2,1160.0,,15.0
simu5g_00000391,31,1,3,1160.0,,15.0
simu5g_00000391,31,1,4,1160.0,,15.0
simu5g_00000391,31,1,5,1160.0,,15.0
simu5g_00000391,31,1,6,1160.0,,15.0
simu5g_00000391,31,1,7,1160.0,,15.0
simu5g_00000391,31,1,8,1160.0,,15.0
simu5g_00000391,31,1,9,1160.0,,15.0
simu5g_00000391,31,1,10,1160.0,,15.0
simu5g_00000391,31,1,11,1160.0,,15.0
simu5g_00000391,31,1,12,984.0,,13.0
simu5g_00000391,31,1,13,1160.0,,15.0
simu5g_00000391,31,1,14,1160.0,,15.0
simu5g_00000391,31,1,15,1160.0,,15.0
simu5g_00000391,31,1,16,1160.0,,15.0
simu5g_00000391,31,1,17,1160.0,,15.0
simu5g_00000391,31,1,18,1160.0,,15.0
simu5g_00000391,31,1,19,1160.0,,15.0
simu5g_00000391,31,1,20,1160.0,,15.0
simu5g_00000391,31,1,21,1160.0,,15.0
simu5g_00000391,31,1,22,1160.0,,15.0
simu5g_00000391,31,1,23,1160.0,,15.0
simu5g_00000391,31,1,24,1160.0,,15.0
simu5g_00000392,0,0,0,1128.0,,14.0
simu5g_00000392,0,0,1,368.0,,6.0
simu5g_00000392,0,0,2,1128.0,,14.0
simu5g_00000392,0,0,3,704.0,,10.0
simu5g_00000392,0,0,4,984.0,,13.0
simu5g_00000392,0,0,5,704.0,,10.0
simu5g_00000392,0,0,6,808.0,,11.0
simu5g_00000392,0,0,7,984.0,,13.0
simu5g_00000392,0,0,8,528.0,,8.0
simu5g_00000392,0,0,9,888.0,,12.0
simu5g_00000392,0,0,10,984.0,,13.0
simu5g_00000392,0,0,11,1128.0,,14.0
simu5g_00000392,0,0,12,984.0,,13.0
simu5g_00000392,0,0,13,888.0,,12.0
simu5g_00000392,0,0,14,984.0,,13.0
simu5g_00000392,0,0,15,984.0,,13.0
simu5g_00000392,0,0,16,888.0,,12.0
simu5g_00000392,0,0,17,1128.0,,14.0
simu5g_00000392,0,0,18,984.0,,13.0
simu5g_00000392,0,0,19,888.0,,12.0
simu5g_00000392,0,0,20,1128.0,,14.0
simu5g_00000392,0,0,21,608.0,,9.0
simu5g_00000392,0,0,22,1128.0,,14.0
simu5g_00000392,0,0,23,1128.0,,14.0
simu5g_00000392,0,0,24,808.0,,11.0
simu5g_00000392,1,1,0,1160.0,,15.0
simu5g_00000392,1,1,1,1160.0,,15.0
simu5g_00000392,1,1,2,1160.0,,15.0
simu5g_00000392,1,1,3,1160.0,,15.0
simu5g_00000392,1,1,4,1160.0,,15.0
simu5g_00000392,1,1,5,1160.0,,15.0
simu5g_00000392,1,1,6,1160.0,,15.0
simu5g_00000392,1,1,7,1128.0,,14.0
simu5g_00000392,1,1,8,1128.0,,14.0
simu5g_00000392,1,1,9,1160.0,,15.0
simu5g_00000392,1,1,10,1160.0,,15.0
simu5g_00000392,1,1,11,1160.0,,15.0
simu5g_00000392,1,1,12,1160.0,,15.0
simu5g_00000392,1,1,13,1160.0,,15.0
simu5g_00000392,1,1,14,1160.0,,15.0
simu5g_00000392,1,1,15,1160.0,,15.0
simu5g_00000392,1,1,16,1160.0,,15.0
simu5g_00000392,1,1,17,1160.0,,15.0
simu5g_00000392,1,1,18,1160.0,,15.0
simu5g_00000392,1,1,19,1160.0,,15.0
simu5g_00000392,1,1,20,1160.0,,15.0
simu5g_00000392,1,1,21,984.0,,13.0
simu5g_00000392,1,1,22,1160.0,,15.0
simu5g_00000392,1,1,23,1160.0,,15.0
simu5g_00000392,1,1,24,1160.0,,15.0
simu5g_00000392,2,2,0,1160.0,,15.0
simu5g_00000392,2,2,1,1160.0,,15.0
simu5g_00000392,2,2,2,1160.0,,15.0
simu5g_00000392,2,2,3,1160.0,,15.0
simu5g_00000392,2,2,4,1160.0,,15.0
simu5g_00000392,2,2,5,1160.0,,15.0
simu5g_00000392,2,2,6,1160.0,,15.0
simu5g_00000392,2,2,7,1128.0,,14.0
simu5g_00000392,2,2,8,1160.0,,15.0
simu5g_00000392,2,2,9,1160.0,,15.0
simu5g_00000392,2,2,10,1160.0,,15.0
simu5g_00000392,2,2,11,1160.0,,15.0
simu5g_00000392,2,2,12,1160.0,,15.0
simu5g_00000392,2,2,13,1160.0,,15.0
simu5g_00000392,2,2,14,1160.0,,15.0
simu5g_00000392,2,2,15,1160.0,,15.0
simu5g_00000392,2,2,16,1160.0,,15.0
simu5g_00000392,2,2,17,1160.0,,15.0
simu5g_00000392,2,2,18,1160.0,,15.0
simu5g_00000392,2,2,19,1160.0,,15.0
simu5g_00000392,2,2,20,1160.0,,15.0
simu5g_00000392,2,2,21,1160.0,,15.0
simu5g_00000392,2,2,22,1160.0,,15.0
simu5g_00000392,2,2,23,1160.0,,15.0
simu5g_00000392,2,2,24,1160.0,,15.0
simu5g_00000392,3,3,0,1160.0,,15.0
simu5g_00000392,3,3,1,1160.0,,15.0
simu5g_00000392,3,3,2,1160.0,,15.0
simu5g_00000392,3,3,3,1160.0,,15.0
simu5g_00000392,3,3,4,1160.0,,15.0
simu5g_00000392,3,3,5,1160.0,,15.0
simu5g_00000392,3,3,6,1160.0,,15.0
simu5g_00000392,3,3,7,1160.0,,15.0
simu5g_00000392,3,3,8,1128.0,,14.0
simu5g_00000392,3,3,9,1128.0,,14.0
simu5g_00000392,3,3,10,1160.0,,15.0
simu5g_00000392,3,3,11,1160.0,,15.0
simu5g_00000392,3,3,12,1160.0,,15.0
simu5g_00000392,3,3,13,1160.0,,15.0
simu5g_00000392,3,3,14,1160.0,,15.0
simu5g_00000392,3,3,15,1160.0,,15.0
simu5g_00000392,3,3,16,1160.0,,15.0
simu5g_00000392,3,3,17,1160.0,,15.0
simu5g_00000392,3,3,18,1160.0,,15.0
simu5g_00000392,3,3,19,1160.0,,15.0
simu5g_00000392,3,3,20,1160.0,,15.0
simu5g_00000392,3,3,21,1160.0,,15.0
simu5g_00000392,3,3,22,1160.0,,15.0
simu5g_00000392,3,3,23,1160.0,,15.0
simu5g_00000392,3,3,24,1160.0,,15.0
simu5g_00000392,4,4,0,984.0,,13.0
simu5g_00000392,4,4,1,808.0,,11.0
simu5g_00000392,4,4,2,1128.0,,14.0
simu5g_00000392,4,4,3,368.0,,6.0
simu5g_00000392,4,4,4,984.0,,13.0
simu5g_00000392,4,4,5,1128.0,,14.0
simu5g_00000392,4,4,6,1128.0,,14.0
simu5g_00000392,4,4,7,432.0,,7.0
simu5g_00000392,4,4,8,704.0,,10.0
simu5g_00000392,4,4,9,984.0,,13.0
simu5g_00000392,4,4,10,984.0,,13.0
simu5g_00000392,4,4,11,984.0,,13.0
simu5g_00000392,4,4,12,1128.0,,14.0
simu5g_00000392,4,4,13,984.0,,13.0
simu5g_00000392,4,4,14,1128.0,,14.0
simu5g_00000392,4,4,15,808.0,,11.0
simu5g_00000392,4,4,16,808.0,,11.0
simu5g_00000392,4,4,17,888.0,,12.0
simu5g_00000392,4,4,18,1128.0,,14.0
simu5g_00000392,4,4,19,1128.0,,14.0
simu5g_00000392,4,4,20,984.0,,13.0
simu5g_00000392,4,4,21,808.0,,11.0
simu5g_00000392,4,4,22,1128.0,,14.0
simu5g_00000392,4,4,23,984.0,,13.0
simu5g_00000392,4,4,24,888.0,,12.0
simu5g_00000393,1,0,0,1160.0,,15.0
simu5g_00000393,1,0,1,1160.0,,15.0
simu5g_00000393,1,0,2,1160.0,,15.0
simu5g_00000393,1,0,3,1160.0,,15.0
simu5g_00000393,1,0,4,1160.0,,15.0
simu5g_00000393,1,0,5,1160.0,,15.0
simu5g_00000393,1,0,6,1160.0,,15.0
simu5g_00000393,1,0,7,1128.0,,14.0
simu5g_00000393,1,0,8,984.0,,13.0
simu5g_00000393,1,0,9,1160.0,,15.0
simu5g_00000393,1,0,10,1160.0,,15.0
simu5g_00000393,1,0,11,1160.0,,15.0
simu5g_00000393,1,0,12,1160.0,,15.0
simu5g_00000393,1,0,13,1160.0,,15.0
simu5g_00000393,1,0,14,1160.0,,15.0
simu5g_00000393,1,0,15,1160.0,,15.0
simu5g_00000393,1,0,16,1160.0,,15.0
simu5g_00000393,1,0,17,1160.0,,15.0
simu5g_00000393,1,0,18,1160.0,,15.0
simu5g_00000393,1,0,19,1160.0,,15.0
simu5g_00000393,1,0,20,1160.0,,15.0
simu5g_00000393,1,0,21,984.0,,13.0
simu5g_00000393,1,0,22,1160.0,,15.0
simu5g_00000393,1,0,23,1128.0,,14.0
simu5g_00000393,1,0,24,1160.0,,15.0
simu5g_00000393,15,1,0,1160.0,,15.0
simu5g_00000393,15,1,1,1160.0,,15.0
simu5g_00000393,15,1,2,1160.0,,15.0
simu5g_00000393,15,1,3,1160.0,,15.0
simu5g_00000393,15,1,4,1160.0,,15.0
simu5g_00000393,15,1,5,1160.0,,15.0
simu5g_00000393,15,1,6,1160.0,,15.0
simu5g_00000393,15,1,7,1160.0,,15.0
simu5g_00000393,15,1,8,1160.0,,15.0
simu5g_00000393,15,1,9,1160.0,,15.0
simu5g_00000393,15,1,10,1160.0,,15.0
simu5g_00000393,15,1,11,1160.0,,15.0
simu5g_00000393,15,1,12,1160.0,,15.0
simu5g_00000393,15,1,13,1160.0,,15.0
simu5g_00000393,15,1,14,1160.0,,15.0
simu5g_00000393,15,1,15,1160.0,,15.0
simu5g_00000393,15,1,16,1160.0,,15.0
simu5g_00000393,15,1,17,1160.0,,15.0
simu5g_00000393,15,1,18,1160.0,,15.0
simu5g_00000393,15,1,19,1160.0,,15.0
simu5g_00000393,15,1,20,1160.0,,15.0
simu5g_00000393,15,1,21,1160.0,,15.0
simu5g_00000393,15,1,22,1160.0,,15.0
simu5g_00000393,15,1,23,1160.0,,15.0
simu5g_00000393,15,1,24,1160.0,,15.0
simu5g_00000393,31,2,0,1160.0,,15.0
simu5g_00000393,31,2,1,1160.0,,15.0
simu5g_00000393,31,2,2,1160.0,,15.0
simu5g_00000393,31,2,3,1160.0,,15.0
simu5g_00000393,31,2,4,1160.0,,15.0
simu5g_00000393,31,2,5,1160.0,,15.0
simu5g_00000393,31,2,6,1160.0,,15.0
simu5g_00000393,31,2,7,1160.0,,15.0
simu5g_00000393,31,2,8,1160.0,,15.0
simu5g_00000393,31,2,9,1160.0,,15.0
simu5g_00000393,31,2,10,1160.0,,15.0
simu5g_00000393,31,2,11,1160.0,,15.0
simu5g_00000393,31,2,12,984.0,,13.0
simu5g_00000393,31,2,13,1160.0,,15.0
simu5g_00000393,31,2,14,1160.0,,15.0
simu5g_00000393,31,2,15,1160.0,,15.0
simu5g_00000393,31,2,16,1160.0,,15.0
simu5g_00000393,31,2,17,1160.0,,15.0
simu5g_00000393,31,2,18,1160.0,,15.0
simu5g_00000393,31,2,19,1160.0,,15.0
simu5g_00000393,31,2,20,1160.0,,15.0
simu5g_00000393,31,2,21,1160.0,,15.0
simu5g_00000393,31,2,22,1160.0,,15.0
simu5g_00000393,31,2,23,1160.0,,15.0
simu5g_00000393,31,2,24,1160.0,,15.0
simu5g_00000394,0,0,0,1128.0,,14.0
simu5g_00000394,0,0,1,368.0,,6.0
simu5g_00000394,0,0,2,1128.0,,14.0
simu5g_00000394,0,0,3,704.0,,10.0
simu5g_00000394,0,0,4,984.0,,13.0
simu5g_00000394,0,0,5,704.0,,10.0
simu5g_00000394,0,0,6,808.0,,11.0
simu5g_00000394,0,0,7,984.0,,13.0
simu5g_00000394,0,0,8,528.0,,8.0
simu5g_00000394,0,0,9,888.0,,12.0
simu5g_00000394,0,0,10,984.0,,13.0
simu5g_00000394,0,0,11,1128.0,,14.0
simu5g_00000394,0,0,12,984.0,,13.0
simu5g_00000394,0,0,13,888.0,,12.0
simu5g_00000394,0,0,14,984.0,,13.0
simu5g_00000394,0,0,15,984.0,,13.0
simu5g_00000394,0,0,16,888.0,,12.0
simu5g_00000394,0,0,17,1128.0,,14.0
simu5g_00000394,0,0,18,984.0,,13.0
simu5g_00000394,0,0,19,888.0,,12.0
simu5g_00000394,0,0,20,1128.0,,14.0
simu5g_00000394,0,0,21,608.0,,9.0
simu5g_00000394,0,0,22,1128.0,,14.0
simu5g_00000394,0,0,23,1128.0,,14.0
simu5g_00000394,0,0,24,808.0,,11.0
simu5g_00000394,2,1,0,1160.0,,15.0
simu5g_00000394,2,1,1,1160.0,,15.0
simu5g_00000394,2,1,2,1160.0,,15.0
simu5g_00000394,2,1,3,1160.0,,15.0
simu5g_00000394,2,1,4,1160.0,,15.0
simu5g_00000394,2,1,5,1160.0,,15.0
simu5g_00000394,2,1,6,1160.0,,15.0
simu5g_00000394,2,1,7,1128.0,,14.0
simu5g_00000394,2,1,8,1160.0,,15.0
simu5g_00000394,2,1,9,1160.0,,15.0
simu5g_00000394,2,1,10,1160.0,,15.0
simu5g_00000394,2,1,11,1160.0,,15.0
simu5g_00000394,2,1,12,1160.0,,15.0
simu5g_00000394,2,1,13,1160.0,,15.0
simu5g_00000394,2,1,14,1160.0,,15.0
simu5g_00000394,2,1,15,1160.0,,15.0
simu5g_00000394,2,1,16,1160.0,,15.0
simu5g_00000394,2,1,17,1160.0,,15.0
simu5g_00000394,2,1,18,1160.0,,15.0
simu5g_00000394,2,1,19,1160.0,,15.0
simu5g_00000394,2,1,20,1160.0,,15.0
simu5g_00000394,2,1,21,1160.0,,15.0
simu5g_00000394,2,1,22,1160.0,,15.0
simu5g_00000394,2,1,23,1160.0,,15.0
simu5g_00000394,2,1,24,1160.0,,15.0
simu5g_00000394,3,2,0,1160.0,,15.0
simu5g_00000394,3,2,1,1160.0,,15.0
simu5g_00000394,3,2,2,1160.0,,15.0
simu5g_00000394,3,2,3,1160.0,,15.0
simu5g_00000394,3,2,4,1160.0,,15.0
simu5g_00000394,3,2,5,1160.0,,15.0
simu5g_00000394,3,2,6,1160.0,,15.0
simu5g_00000394,3,2,7,1160.0,,15.0
simu5g_00000394,3,2,8,1128.0,,14.0
simu5g_00000394,3,2,9,1128.0,,14.0
simu5g_00000394,3,2,10,1160.0,,15.0
simu5g_00000394,3,2,11,1160.0,,15.0
simu5g_00000394,3,2,12,1160.0,,15.0
simu5g_00000394,3,2,13,1160.0,,15.0
simu5g_00000394,3,2,14,1160.0,,15.0
simu5g_00000394,3,2,15,1160.0,,15.0
simu5g_00000394,3,2,16,1160.0,,15.0
simu5g_00000394,3,2,17,1160.0,,15.0
simu5g_00000394,3,2,18,1160.0,,15.0
simu5g_00000394,3,2,19,1160.0,,15.0
simu5g_00000394,3,2,20,1160.0,,15.0
simu5g_00000394,3,2,21,1160.0,,15.0
simu5g_00000394,3,2,22,1160.0,,15.0
simu5g_00000394,3,2,23,1160.0,,15.0
simu5g_00000394,3,2,24,1160.0,,15.0
simu5g_00000394,4,3,0,1160.0,,15.0
simu5g_00000394,4,3,1,984.0,,13.0
simu5g_00000394,4,3,2,1160.0,,15.0
simu5g_00000394,4,3,3,608.0,,9.0
simu5g_00000394,4,3,4,1128.0,,14.0
simu5g_00000394,4,3,5,1160.0,,15.0
simu5g_00000394,4,3,6,1160.0,,15.0
simu5g_00000394,4,3,7,808.0,,11.0
simu5g_00000394,4,3,8,984.0,,13.0
simu5g_00000394,4,3,9,1128.0,,14.0
simu5g_00000394,4,3,10,1128.0,,14.0
simu5g_00000394,4,3,11,1160.0,,15.0
simu5g_00000394,4,3,12,1160.0,,15.0
simu5g_00000394,4,3,13,1128.0,,14.0
simu5g_00000394,4,3,14,1160.0,,15.0
simu5g_00000394,4,3,15,984.0,,13.0
simu5g_00000394,4,3,16,1128.0,,14.0
simu5g_00000394,4,3,17,1128.0,,14.0
simu5g_00000394,4,3,18,1160.0,,15.0
simu5g_00000394,4,3,19,1160.0,,15.0
simu5g_00000394,4,3,20,1128.0,,14.0
simu5g_00000394,4,3,21,984.0,,13.0
simu5g_00000394,4,3,22,1160.0,,15.0
simu5g_00000394,4,3,23,1160.0,,15.0
simu5g_00000394,4,3,24,1128.0,,14.0
simu5g_00000395,1,0,0,1160.0,,15.0
simu5g_00000395,1,0,1,1160.0,,15.0
simu5g_00000395,1,0,2,1160.0,,15.0
simu5g_00000395,1,0,3,1160.0,,15.0
simu5g_00000395,1,0,4,1160.0,,15.0
simu5g_00000395,1,0,5,1160.0,,15.0
simu5g_00000395,1,0,6,1160.0,,15.0
simu5g_00000395,1,0,7,1128.0,,14.0
simu5g_00000395,1,0,8,984.0,,13.0
simu5g_00000395,1,0,9,1160.0,,15.0
simu5g_00000395,1,0,10,1160.0,,15.0
simu5g_00000395,1,0,11,1160.0,,15.0
simu5g_00000395,1,0,12,1160.0,,15.0
simu5g_00000395,1,0,13,1160.0,,15.0
simu5g_00000395,1,0,14,1160.0,,15.0
simu5g_00000395,1,0,15,1160.0,,15.0
simu5g_00000395,1,0,16,1160.0,,15.0
simu5g_00000395,1,0,17,1160.0,,15.0
simu5g_00000395,1,0,18,1160.0,,15.0
simu5g_00000395,1,0,19,1160.0,,15.0
simu5g_00000395,1,0,20,1160.0,,15.0
simu5g_00000395,1,0,21,984.0,,13.0
simu5g_00000395,1,0,22,1160.0,,15.0
simu5g_00000395,1,0,23,1128.0,,14.0
simu5g_00000395,1,0,24,1160.0,,15.0
simu5g_00000395,15,1,0,1160.0,,15.0
simu5g_00000395,15,1,1,1160.0,,15.0
simu5g_00000395,15,1,2,1160.0,,15.0
simu5g_00000395,15,1,3,1160.0,,15.0
simu5g_00000395,15,1,4,1160.0,,15.0
simu5g_00000395,15,1,5,1160.0,,15.0
simu5g_00000395,15,1,6,1160.0,,15.0
simu5g_00000395,15,1,7,1160.0,,15.0
simu5g_00000395,15,1,8,1160.0,,15.0
simu5g_00000395,15,1,9,1160.0,,15.0
simu5g_00000395,15,1,10,1160.0,,15.0
simu5g_00000395,15,1,11,1160.0,,15.0
simu5g_00000395,15,1,12,1160.0,,15.0
simu5g_00000395,15,1,13,1160.0,,15.0
simu5g_00000395,15,1,14,1160.0,,15.0
simu5g_00000395,15,1,15,1160.0,,15.0
simu5g_00000395,15,1,16,1160.0,,15.0
simu5g_00000395,15,1,17,1160.0,,15.0
simu5g_00000395,15,1,18,1160.0,,15.0
simu5g_00000395,15,1,19,1160.0,,15.0
simu5g_00000395,15,1,20,1160.0,,15.0
simu5g_00000395,15,1,21,1160.0,,15.0
simu5g_00000395,15,1,22,1160.0,,15.0
simu5g_00000395,15,1,23,1160.0,,15.0
simu5g_00000395,15,1,24,1160.0,,15.0
simu5g_00000395,31,2,0,1160.0,,15.0
simu5g_00000395,31,2,1,1128.0,,14.0
simu5g_00000395,31,2,2,1160.0,,15.0
simu5g_00000395,31,2,3,1160.0,,15.0
simu5g_00000395,31,2,4,1160.0,,15.0
simu5g_00000395,31,2,5,1160.0,,15.0
simu5g_00000395,31,2,6,1160.0,,15.0
simu5g_00000395,31,2,7,1160.0,,15.0
simu5g_00000395,31,2,8,1160.0,,15.0
simu5g_00000395,31,2,9,1160.0,,15.0
simu5g_00000395,31,2,10,1160.0,,15.0
simu5g_00000395,31,2,11,1160.0,,15.0
simu5g_00000395,31,2,12,888.0,,12.0
simu5g_00000395,31,2,13,1160.0,,15.0
simu5g_00000395,31,2,14,1160.0,,15.0
simu5g_00000395,31,2,15,1160.0,,15.0
simu5g_00000395,31,2,16,1160.0,,15.0
simu5g_00000395,31,2,17,1160.0,,15.0
simu5g_00000395,31,2,18,1160.0,,15.0
simu5g_00000395,31,2,19,1160.0,,15.0
simu5g_00000395,31,2,20,1160.0,,15.0
simu5g_00000395,31,2,21,1160.0,,15.0
simu5g_00000395,31,2,22,1160.0,,15.0
simu5g_00000395,31,2,23,1160.0,,15.0
simu5g_00000395,31,2,24,1160.0,,15.0
simu5g_00000396,0,0,0,1128.0,,14.0
simu5g_00000396,0,0,1,368.0,,6.0
simu5g_00000396,0,0,2,1128.0,,14.0
simu5g_00000396,0,0,3,704.0,,10.0
simu5g_00000396,0,0,4,984.0,,13.0
simu5g_00000396,0,0,5,704.0,,10.0
simu5g_00000396,0,0,6,808.0,,11.0
simu5g_00000396,0,0,7,984.0,,13.0
simu5g_00000396,0,0,8,528.0,,8.0
simu5g_00000396,0,0,9,888.0,,12.0
simu5g_00000396,0,0,10,984.0,,13.0
simu5g_00000396,0,0,11,1128.0,,14.0
simu5g_00000396,0,0,12,984.0,,13.0
simu5g_00000396,0,0,13,888.0,,12.0
simu5g_00000396,0,0,14,984.0,,13.0
simu5g_00000396,0,0,15,984.0,,13.0
simu5g_00000396,0,0,16,888.0,,12.0
simu5g_00000396,0,0,17,1128.0,,14.0
simu5g_00000396,0,0,18,984.0,,13.0
simu5g_00000396,0,0,19,888.0,,12.0
simu5g_00000396,0,0,20,1128.0,,14.0
simu5g_00000396,0,0,21,608.0,,9.0
simu5g_00000396,0,0,22,1128.0,,14.0
simu5g_00000396,0,0,23,1128.0,,14.0
simu5g_00000396,0,0,24,808.0,,11.0
simu5g_00000396,2,1,0,1160.0,,15.0
simu5g_00000396,2,1,1,1160.0,,15.0
simu5g_00000396,2,1,2,1160.0,,15.0
simu5g_00000396,2,1,3,1160.0,,15.0
simu5g_00000396,2,1,4,1160.0,,15.0
simu5g_00000396,2,1,5,1160.0,,15.0
simu5g_00000396,2,1,6,1160.0,,15.0
simu5g_00000396,2,1,7,1128.0,,14.0
simu5g_00000396,2,1,8,1160.0,,15.0
simu5g_00000396,2,1,9,1160.0,,15.0
simu5g_00000396,2,1,10,1160.0,,15.0
simu5g_00000396,2,1,11,1160.0,,15.0
simu5g_00000396,2,1,12,1160.0,,15.0
simu5g_00000396,2,1,13,1160.0,,15.0
simu5g_00000396,2,1,14,1160.0,,15.0
simu5g_00000396,2,1,15,1160.0,,15.0
simu5g_00000396,2,1,16,1160.0,,15.0
simu5g_00000396,2,1,17,1160.0,,15.0
simu5g_00000396,2,1,18,1160.0,,15.0
simu5g_00000396,2,1,19,1160.0,,15.0
simu5g_00000396,2,1,20,1160.0,,15.0
simu5g_00000396,2,1,21,1160.0,,15.0
simu5g_00000396,2,1,22,1160.0,,15.0
simu5g_00000396,2,1,23,1160.0,,15.0
simu5g_00000396,2,1,24,1160.0,,15.0
simu5g_00000396,3,2,0,1160.0,,15.0
simu5g_00000396,3,2,1,1160.0,,15.0
simu5g_00000396,3,2,2,1160.0,,15.0
simu5g_00000396,3,2,3,1160.0,,15.0
simu5g_00000396,3,2,4,1160.0,,15.0
simu5g_00000396,3,2,5,1160.0,,15.0
simu5g_00000396,3,2,6,1160.0,,15.0
simu5g_00000396,3,2,7,1160.0,,15.0
simu5g_00000396,3,2,8,1128.0,,14.0
simu5g_00000396,3,2,9,1128.0,,14.0
simu5g_00000396,3,2,10,1160.0,,15.0
simu5g_00000396,3,2,11,1160.0,,15.0
simu5g_00000396,3,2,12,1160.0,,15.0
simu5g_00000396,3,2,13,1160.0,,15.0
simu5g_00000396,3,2,14,1160.0,,15.0
simu5g_00000396,3,2,15,1160.0,,15.0
simu5g_00000396,3,2,16,1160.0,,15.0
simu5g_00000396,3,2,17,1160.0,,15.0
simu5g_00000396,3,2,18,1160.0,,15.0
simu5g_00000396,3,2,19,1160.0,,15.0
simu5g_00000396,3,2,20,1160.0,,15.0
simu5g_00000396,3,2,21,1160.0,,15.0
simu5g_00000396,3,2,22,1160.0,,15.0
simu5g_00000396,3,2,23,1160.0,,15.0
simu5g_00000396,3,2,24,1160.0,,15.0
simu5g_00000396,4,3,0,1160.0,,15.0
simu5g_00000396,4,3,1,984.0,,13.0
simu5g_00000396,4,3,2,1160.0,,15.0
simu5g_00000396,4,3,3,608.0,,9.0
simu5g_00000396,4,3,4,1128.0,,14.0
simu5g_00000396,4,3,5,1160.0,,15.0
simu5g_00000396,4,3,6,1160.0,,15.0
simu5g_00000396,4,3,7,808.0,,11.0
simu5g_00000396,4,3,8,984.0,,13.0
simu5g_00000396,4,3,9,1128.0,,14.0
simu5g_00000396,4,3,10,1128.0,,14.0
simu5g_00000396,4,3,11,1160.0,,15.0
simu5g_00000396,4,3,12,1160.0,,15.0
simu5g_00000396,4,3,13,1128.0,,14.0
simu5g_00000396,4,3,14,1160.0,,15.0
simu5g_00000396,4,3,15,984.0,,13.0
simu5g_00000396,4,3,16,1128.0,,14.0
simu5g_00000396,4,3,17,1128.0,,14.0
simu5g_00000396,4,3,18,1160.0,,15.0
simu5g_00000396,4,3,19,1160.0,,15.0
simu5g_00000396,4,3,20,1128.0,,14.0
simu5g_00000396,4,3,21,984.0,,13.0
simu5g_00000396,4,3,22,1160.0,,15.0
simu5g_00000396,4,3,23,1160.0,,15.0
simu5g_00000396,4,3,24,1128.0,,14.0
simu5g_00000397,1,0,0,1160.0,,15.0
simu5g_00000397,1,0,1,1160.0,,15.0
simu5g_00000397,1,0,2,1160.0,,15.0
simu5g_00000397,1,0,3,1160.0,,15.0
simu5g_00000397,1,0,4,1160.0,,15.0
simu5g_00000397,1,0,5,1160.0,,15.0
simu5g_00000397,1,0,6,1160.0,,15.0
simu5g_00000397,1,0,7,1128.0,,14.0
simu5g_00000397,1,0,8,984.0,,13.0
simu5g_00000397,1,0,9,1160.0,,15.0
simu5g_00000397,1,0,10,1160.0,,15.0
simu5g_00000397,1,0,11,1160.0,,15.0
simu5g_00000397,1,0,12,1160.0,,15.0
simu5g_00000397,1,0,13,1160.0,,15.0
simu5g_00000397,1,0,14,1160.0,,15.0
simu5g_00000397,1,0,15,1160.0,,15.0
simu5g_00000397,1,0,16,1160.0,,15.0
simu5g_00000397,1,0,17,1160.0,,15.0
simu5g_00000397,1,0,18,1160.0,,15.0
simu5g_00000397,1,0,19,1160.0,,15.0
simu5g_00000397,1,0,20,1160.0,,15.0
simu5g_00000397,1,0,21,984.0,,13.0
simu5g_00000397,1,0,22,1160.0,,15.0
simu5g_00000397,1,0,23,1128.0,,14.0
simu5g_00000397,1,0,24,1160.0,,15.0
simu5g_00000397,15,1,0,1160.0,,15.0
simu5g_00000397,15,1,1,1160.0,,15.0
simu5g_00000397,15,1,2,1160.0,,15.0
simu5g_00000397,15,1,3,1160.0,,15.0
simu5g_00000397,15,1,4,1160.0,,15.0
simu5g_00000397,15,1,5,1128.0,,14.0
simu5g_00000397,15,1,6,1160.0,,15.0
simu5g_00000397,15,1,7,1160.0,,15.0
simu5g_00000397,15,1,8,1160.0,,15.0
simu5g_00000397,15,1,9,1160.0,,15.0
simu5g_00000397,15,1,10,1160.0,,15.0
simu5g_00000397,15,1,11,1160.0,,15.0
simu5g_00000397,15,1,12,1160.0,,15.0
simu5g_00000397,15,1,13,1160.0,,15.0
simu5g_00000397,15,1,14,1160.0,,15.0
simu5g_00000397,15,1,15,1160.0,,15.0
simu5g_00000397,15,1,16,1160.0,,15.0
simu5g_00000397,15,1,17,1160.0,,15.0
simu5g_00000397,15,1,18,1160.0,,15.0
simu5g_00000397,15,1,19,1160.0,,15.0
simu5g_00000397,15,1,20,1160.0,,15.0
simu5g_00000397,15,1,21,1160.0,,15.0
simu5g_00000397,15,1,22,1160.0,,15.0
simu5g_00000397,15,1,23,1160.0,,15.0
simu5g_00000397,15,1,24,1160.0,,15.0
simu5g_00000397,31,2,0,1160.0,,15.0
simu5g_00000397,31,2,1,1128.0,,14.0
simu5g_00000397,31,2,2,1160.0,,15.0
simu5g_00000397,31,2,3,1160.0,,15.0
simu5g_00000397,31,2,4,1160.0,,15.0
simu5g_00000397,31,2,5,1160.0,,15.0
simu5g_00000397,31,2,6,1160.0,,15.0
simu5g_00000397,31,2,7,1160.0,,15.0
simu5g_00000397,31,2,8,1160.0,,15.0
simu5g_00000397,31,2,9,1160.0,,15.0
simu5g_00000397,31,2,10,1160.0,,15.0
simu5g_00000397,31,2,11,1160.0,,15.0
simu5g_00000397,31,2,12,888.0,,12.0
simu5g_00000397,31,2,13,1160.0,,15.0
simu5g_00000397,31,2,14,1160.0,,15.0
simu5g_00000397,31,2,15,1160.0,,15.0
simu5g_00000397,31,2,16,1160.0,,15.0
simu5g_00000397,31,2,17,1160.0,,15.0
simu5g_00000397,31,2,18,1160.0,,15.0
simu5g_00000397,31,2,19,1160.0,,15.0
simu5g_00000397,31,2,20,1160.0,,15.0
simu5g_00000397,31,2,21,1160.0,,15.0
simu5g_00000397,31,2,22,1160.0,,15.0
simu5g_00000397,31,2,23,1160.0,,15.0
simu5g_00000397,31,2,24,1160.0,,15.0
simu5g_00000398,0,0,0,1128.0,,14.0
simu5g_00000398,0,0,1,368.0,,6.0
simu5g_00000398,0,0,2,1128.0,,14.0
simu5g_00000398,0,0,3,704.0,,10.0
simu5g_00000398,0,0,4,984.0,,13.0
simu5g_00000398,0,0,5,704.0,,10.0
simu5g_00000398,0,0,6,808.0,,11.0
simu5g_00000398,0,0,7,984.0,,13.0
simu5g_00000398,0,0,8,528.0,,8.0
simu5g_00000398,0,0,9,888.0,,12.0
simu5g_00000398,0,0,10,984.0,,13.0
simu5g_00000398,0,0,11,1128.0,,14.0
simu5g_00000398,0,0,12,984.0,,13.0
simu5g_00000398,0,0,13,888.0,,12.0
simu5g_00000398,0,0,14,984.0,,13.0
simu5g_00000398,0,0,15,984.0,,13.0
simu5g_00000398,0,0,16,888.0,,12.0
simu5g_00000398,0,0,17,1128.0,,14.0
simu5g_00000398,0,0,18,984.0,,13.0
simu5g_00000398,0,0,19,888.0,,12.0
simu5g_00000398,0,0,20,1128.0,,14.0
simu5g_00000398,0,0,21,608.0,,9.0
simu5g_00000398,0,0,22,1128.0,,14.0
simu5g_00000398,0,0,23,1128.0,,14.0
simu5g_00000398,0,0,24,808.0,,11.0
simu5g_00000398,2,1,0,1160.0,,15.0
simu5g_00000398,2,1,1,1160.0,,15.0
simu5g_00000398,2,1,2,1160.0,,15.0
simu5g_00000398,2,1,3,1160.0,,15.0
simu5g_00000398,2,1,4,1160.0,,15.0
simu5g_00000398,2,1,5,1128.0,,14.0
simu5g_00000398,2,1,6,1160.0,,15.0
simu5g_00000398,2,1,7,984.0,,13.0
simu5g_00000398,2,1,8,1160.0,,15.0
simu5g_00000398,2,1,9,1160.0,,15.0
simu5g_00000398,2,1,10,1160.0,,15.0
simu5g_00000398,2,1,11,984.0,,13.0
simu5g_00000398,2,1,12,1160.0,,15.0
simu5g_00000398,2,1,13,1160.0,,15.0
simu5g_00000398,2,1,14,1160.0,,15.0
simu5g_00000398,2,1,15,1160.0,,15.0
simu5g_00000398,2,1,16,1128.0,,14.0
simu5g_00000398,2,1,17,1160.0,,15.0
simu5g_00000398,2,1,18,1160.0,,15.0
simu5g_00000398,2,1,19,1160.0,,15.0
simu5g_00000398,2,1,20,1160.0,,15.0
simu5g_00000398,2,1,21,1160.0,,15.0
simu5g_00000398,2,1,22,1128.0,,14.0
simu5g_00000398,2,1,23,1160.0,,15.0
simu5g_00000398,2,1,24,1128.0,,14.0
simu5g_00000398,3,2,0,1160.0,,15.0
simu5g_00000398,3,2,1,1160.0,,15.0
simu5g_00000398,3,2,2,1160.0,,15.0
simu5g_00000398,3,2,3,1160.0,,15.0
simu5g_00000398,3,2,4,1160.0,,15.0
simu5g_00000398,3,2,5,1160.0,,15.0
simu5g_00000398,3,2,6,1160.0,,15.0
simu5g_00000398,3,2,7,1160.0,,15.0
simu5g_00000398,3,2,8,1128.0,,14.0
simu5g_00000398,3,2,9,1128.0,,14.0
simu5g_00000398,3,2,10,1160.0,,15.0
simu5g_00000398,3,2,11,1160.0,,15.0
simu5g_00000398,3,2,12,1160.0,,15.0
simu5g_00000398,3,2,13,1160.0,,15.0
simu5g_00000398,3,2,14,1160.0,,15.0
simu5g_00000398,3,2,15,1160.0,,15.0
simu5g_00000398,3,2,16,1160.0,,15.0
simu5g_00000398,3,2,17,1160.0,,15.0
simu5g_00000398,3,2,18,1160.0,,15.0
simu5g_00000398,3,2,19,1160.0,,15.0
simu5g_00000398,3,2,20,1160.0,,15.0
simu5g_00000398,3,2,21,1160.0,,15.0
simu5g_00000398,3,2,22,1160.0,,15.0
simu5g_00000398,3,2,23,1160.0,,15.0
simu5g_00000398,3,2,24,1160.0,,15.0
simu5g_00000398,4,3,0,1160.0,,15.0
simu5g_00000398,4,3,1,984.0,,13.0
simu5g_00000398,4,3,2,1160.0,,15.0
simu5g_00000398,4,3,3,608.0,,9.0
simu5g_00000398,4,3,4,1160.0,,15.0
simu5g_00000398,4,3,5,1160.0,,15.0
simu5g_00000398,4,3,6,1160.0,,15.0
simu5g_00000398,4,3,7,808.0,,11.0
simu5g_00000398,4,3,8,984.0,,13.0
simu5g_00000398,4,3,9,1128.0,,14.0
simu5g_00000398,4,3,10,1128.0,,14.0
simu5g_00000398,4,3,11,1160.0,,15.0
simu5g_00000398,4,3,12,1160.0,,15.0
simu5g_00000398,4,3,13,1128.0,,14.0
simu5g_00000398,4,3,14,1160.0,,15.0
simu5g_00000398,4,3,15,984.0,,13.0
simu5g_00000398,4,3,16,1128.0,,14.0
simu5g_00000398,4,3,17,1128.0,,14.0
simu5g_00000398,4,3,18,1160.0,,15.0
simu5g_00000398,4,3,19,1160.0,,15.0
simu5g_00000398,4,3,20,1128.0,,14.0
simu5g_00000398,4,3,21,984.0,,13.0
simu5g_00000398,4,3,22,1160.0,,15.0
simu5g_00000398,4,3,23,1160.0,,15.0
simu5g_00000398,4,3,24,1128.0,,14.0
simu5g_00000398,5,4,0,1160.0,,15.0
simu5g_00000398,5,4,1,1128.0,,14.0
simu5g_00000398,5,4,2,1160.0,,15.0
simu5g_00000398,5,4,3,1128.0,,14.0
simu5g_00000398,5,4,4,1160.0,,15.0
simu5g_00000398,5,4,5,1128.0,,14.0
simu5g_00000398,5,4,6,1160.0,,15.0
simu5g_00000398,5,4,7,1128.0,,14.0
simu5g_00000398,5,4,8,1128.0,,14.0
simu5g_00000398,5,4,9,1160.0,,15.0
simu5g_00000398,5,4,10,1160.0,,15.0
simu5g_00000398,5,4,11,1160.0,,15.0
simu5g_00000398,5,4,12,1160.0,,15.0
simu5g_00000398,5,4,13,1128.0,,14.0
simu5g_00000398,5,4,14,984.0,,13.0
simu5g_00000398,5,4,15,1128.0,,14.0
simu5g_00000398,5,4,16,608.0,,9.0
simu5g_00000398,5,4,17,1160.0,,15.0
simu5g_00000398,5,4,18,1160.0,,15.0
simu5g_00000398,5,4,19,1160.0,,15.0
simu5g_00000398,5,4,20,1128.0,,14.0
simu5g_00000398,5,4,21,984.0,,13.0
simu5g_00000398,5,4,22,1160.0,,15.0
simu5g_00000398,5,4,23,1128.0,,14.0
simu5g_00000398,5,4,24,1128.0,,14.0
simu5g_00000399,1,0,0,1160.0,,15.0
simu5g_00000399,1,0,1,1160.0,,15.0
simu5g_00000399,1,0,2,1160.0,,15.0
simu5g_00000399,1,0,3,1160.0,,15.0
simu5g_00000399,1,0,4,1160.0,,15.0
simu5g_00000399,1,0,5,1160.0,,15.0
simu5g_00000399,1,0,6,1160.0,,15.0
simu5g_00000399,1,0,7,1128.0,,14.0
simu5g_00000399,1,0,8,984.0,,13.0
simu5g_00000399,1,0,9,1160.0,,15.0
simu5g_00000399,1,0,10,1160.0,,15.0
simu5g_00000399,1,0,11,1160.0,,15.0
simu5g_00000399,1,0,12,1160.0,,15.0
simu5g_00000399,1,0,13,1160.0,,15.0
simu5g_00000399,1,0,14,1160.0,,15.0
simu5g_00000399,1,0,15,1160.0,,15.0
simu5g_00000399,1,0,16,1160.0,,15.0
simu5g_00000399,1,0,17,1160.0,,15.0
simu5g_00000399,1,0,18,1160.0,,15.0
simu5g_00000399,1,0,19,1160.0,,15.0
simu5g_00000399,1,0,20,1160.0,,15.0
simu5g_00000399,1,0,21,984.0,,13.0
simu5g_00000399,1,0,22,1160.0,,15.0
simu5g_00000399,1,0,23,1128.0,,14.0
simu5g_00000399,1,0,24,1160.0,,15.0
simu5g_00000399,15,1,0,1160.0,,15.0
simu5g_00000399,15,1,1,1160.0,,15.0
simu5g_00000399,15,1,2,1160.0,,15.0
simu5g_00000399,15,1,3,1160.0,,15.0
simu5g_00000399,15,1,4,1160.0,,15.0
simu5g_00000399,15,1,5,1128.0,,14.0
simu5g_00000399,15,1,6,1160.0,,15.0
simu5g_00000399,15,1,7,1160.0,,15.0
simu5g_00000399,15,1,8,1160.0,,15.0
simu5g_00000399,15,1,9,1160.0,,15.0
simu5g_00000399,15,1,10,1160.0,,15.0
simu5g_00000399,15,1,11,1160.0,,15.0
simu5g_00000399,15,1,12,1160.0,,15.0
simu5g_00000399,15,1,13,1160.0,,15.0
simu5g_00000399,15,1,14,1160.0,,15.0
simu5g_00000399,15,1,15,1160.0,,15.0
simu5g_00000399,15,1,16,1160.0,,15.0
simu5g_00000399,15,1,17,1160.0,,15.0
simu5g_00000399,15,1,18,1160.0,,15.0
simu5g_00000399,15,1,19,1160.0,,15.0
simu5g_00000399,15,1,20,1160.0,,15.0
simu5g_00000399,15,1,21,1160.0,,15.0
simu5g_00000399,15,1,22,1160.0,,15.0
simu5g_00000399,15,1,23,1160.0,,15.0
simu5g_00000399,15,1,24,1160.0,,15.0
simu5g_00000399,31,2,0,1160.0,,15.0
simu5g_00000399,31,2,1,1128.0,,14.0
simu5g_00000399,31,2,2,1160.0,,15.0
simu5g_00000399,31,2,3,1160.0,,15.0
simu5g_00000399,31,2,4,1160.0,,15.0
simu5g_00000399,31,2,5,1160.0,,15.0
simu5g_00000399,31,2,6,1160.0,,15.0
simu5g_00000399,31,2,7,1160.0,,15.0
simu5g_00000399,31,2,8,1160.0,,15.0
simu5g_00000399,31,2,9,1160.0,,15.0
simu5g_00000399,31,2,10,1160.0,,15.0
simu5g_00000399,31,2,11,1160.0,,15.0
simu5g_00000399,31,2,12,888.0,,12.0
simu5g_00000399,31,2,13,1160.0,,15.0
simu5g_00000399,31,2,14,1160.0,,15.0
simu5g_00000399,31,2,15,1160.0,,15.0
simu5g_00000399,31,2,16,1160.0,,15.0
simu5g_00000399,31,2,17,1160.0,,15.0
simu5g_00000399,31,2,18,1160.0,,15.0
simu5g_00000399,31,2,19,1160.0,,15.0
simu5g_00000399,31,2,20,1160.0,,15.0
simu5g_00000399,31,2,21,1160.0,,15.0
simu5g_00000399,31,2,22,1160.0,,15.0
simu5g_00000399,31,2,23,1160.0,,15.0
simu5g_00000399,31,2,24,1160.0,,15.0
simu5g_00000400,0,0,0,1128.0,,14.0
simu5g_00000400,0,0,1,368.0,,6.0
simu5g_00000400,0,0,2,1160.0,,15.0
simu5g_00000400,0,0,3,808.0,,11.0
simu5g_00000400,0,0,4,1128.0,,14.0
simu5g_00000400,0,0,5,808.0,,11.0
simu5g_00000400,0,0,6,984.0,,13.0
simu5g_00000400,0,0,7,1128.0,,14.0
simu5g_00000400,0,0,8,608.0,,9.0
simu5g_00000400,0,0,9,984.0,,13.0
simu5g_00000400,0,0,10,1128.0,,14.0
simu5g_00000400,0,0,11,1160.0,,15.0
simu5g_00000400,0,0,12,984.0,,13.0
simu5g_00000400,0,0,13,984.0,,13.0
simu5g_00000400,0,0,14,984.0,,13.0
simu5g_00000400,0,0,15,1128.0,,14.0
simu5g_00000400,0,0,16,984.0,,13.0
simu5g_00000400,0,0,17,1160.0,,15.0
simu5g_00000400,0,0,18,1128.0,,14.0
simu5g_00000400,0,0,19,984.0,,13.0
simu5g_00000400,0,0,20,1160.0,,15.0
simu5g_00000400,0,0,21,608.0,,9.0
simu5g_00000400,0,0,22,1128.0,,14.0
simu5g_00000400,0,0,23,1160.0,,15.0
simu5g_00000400,0,0,24,888.0,,12.0
simu5g_00000400,2,1,0,1160.0,,15.0
simu5g_00000400,2,1,1,1160.0,,15.0
simu5g_00000400,2,1,2,1160.0,,15.0
simu5g_00000400,2,1,3,1160.0,,15.0
simu5g_00000400,2,1,4,1160.0,,15.0
simu5g_00000400,2,1,5,1128.0,,14.0
simu5g_00000400,2,1,6,1160.0,,15.0
simu5g_00000400,2,1,7,984.0,,13.0
simu5g_00000400,2,1,8,1160.0,,15.0
simu5g_00000400,2,1,9,1160.0,,15.0
simu5g_00000400,2,1,10,1160.0,,15.0
simu5g_00000400,2,1,11,984.0,,13.0
simu5g_00000400,2,1,12,1160.0,,15.0
simu5g_00000400,2,1,13,1160.0,,15.0
simu5g_00000400,2,1,14,1160.0,,15.0
simu5g_00000400,2,1,15,1160.0,,15.0
simu5g_00000400,2,1,16,1128.0,,14.0
simu5g_00000400,2,1,17,1160.0,,15.0
simu5g_00000400,2,1,18,1160.0,,15.0
simu5g_00000400,2,1,19,1160.0,,15.0
simu5g_00000400,2,1,20,1160.0,,15.0
simu5g_00000400,2,1,21,1160.0,,15.0
simu5g_00000400,2,1,22,1128.0,,14.0
simu5g_00000400,2,1,23,1160.0,,15.0
simu5g_00000400,2,1,24,1128.0,,14.0
simu5g_00000400,3,2,0,1128.0,,14.0
simu5g_00000400,3,2,1,1160.0,,15.0
simu5g_00000400,3,2,2,1160.0,,15.0
simu5g_00000400,3,2,3,1160.0,,15.0
simu5g_00000400,3,2,4,1160.0,,15.0
simu5g_00000400,3,2,5,1160.0,,15.0
simu5g_00000400,3,2,6,1160.0,,15.0
simu5g_00000400,3,2,7,1160.0,,15.0
simu5g_00000400,3,2,8,984.0,,13.0
simu5g_00000400,3,2,9,888.0,,12.0
simu5g_00000400,3,2,10,1160.0,,15.0
simu5g_00000400,3,2,11,1160.0,,15.0
simu5g_00000400,3,2,12,1160.0,,15.0
simu5g_00000400,3,2,13,1160.0,,15.0
simu5g_00000400,3,2,14,1160.0,,15.0
simu5g_00000400,3,2,15,1160.0,,15.0
simu5g_00000400,3,2,16,1160.0,,15.0
simu5g_00000400,3,2,17,1160.0,,15.0
simu5g_00000400,3,2,18,1160.0,,15.0
simu5g_00000400,3,2,19,1160.0,,15.0
simu5g_00000400,3,2,20,1160.0,,15.0
simu5g_00000400,3,2,21,1128.0,,14.0
simu5g_00000400,3,2,22,1128.0,,14.0
simu5g_00000400,3,2,23,1160.0,,15.0
simu5g_00000400,3,2,24,1128.0,,14.0
simu5g_00000400,4,3,0,1160.0,,15.0
simu5g_00000400,4,3,1,984.0,,13.0
simu5g_00000400,4,3,2,1160.0,,15.0
simu5g_00000400,4,3,3,608.0,,9.0
simu5g_00000400,4,3,4,1160.0,,15.0
simu5g_00000400,4,3,5,1160.0,,15.0
simu5g_00000400,4,3,6,1160.0,,15.0
simu5g_00000400,4,3,7,808.0,,11.0
simu5g_00000400,4,3,8,984.0,,13.0
simu5g_00000400,4,3,9,1128.0,,14.0
simu5g_00000400,4,3,10,1128.0,,14.0
simu5g_00000400,4,3,11,1160.0,,15.0
simu5g_00000400,4,3,12,1160.0,,15.0
simu5g_00000400,4,3,13,1128.0,,14.0
simu5g_00000400,4,3,14,1160.0,,15.0
simu5g_00000400,4,3,15,984.0,,13.0
simu5g_00000400,4,3,16,1128.0,,14.0
simu5g_00000400,4,3,17,1128.0,,14.0
simu5g_00000400,4,3,18,1160.0,,15.0
simu5g_00000400,4,3,19,1160.0,,15.0
simu5g_00000400,4,3,20,1128.0,,14.0
simu5g_00000400,4,3,21,984.0,,13.0
simu5g_00000400,4,3,22,1160.0,,15.0
simu5g_00000400,4,3,23,1160.0,,15.0
simu5g_00000400,4,3,24,1128.0,,14.0
simu5g_00000400,5,4,0,1160.0,,15.0
simu5g_00000400,5,4,1,1128.0,,14.0
simu5g_00000400,5,4,2,1160.0,,15.0
simu5g_00000400,5,4,3,1128.0,,14.0
simu5g_00000400,5,4,4,1160.0,,15.0
simu5g_00000400,5,4,5,1128.0,,14.0
simu5g_00000400,5,4,6,1160.0,,15.0
simu5g_00000400,5,4,7,1128.0,,14.0
simu5g_00000400,5,4,8,1128.0,,14.0
simu5g_00000400,5,4,9,1160.0,,15.0
simu5g_00000400,5,4,10,1160.0,,15.0
simu5g_00000400,5,4,11,1160.0,,15.0
simu5g_00000400,5,4,12,1160.0,,15.0
simu5g_00000400,5,4,13,1128.0,,14.0
simu5g_00000400,5,4,14,984.0,,13.0
simu5g_00000400,5,4,15,1128.0,,14.0
simu5g_00000400,5,4,16,608.0,,9.0
simu5g_00000400,5,4,17,1160.0,,15.0
simu5g_00000400,5,4,18,1160.0,,15.0
simu5g_00000400,5,4,19,1160.0,,15.0
simu5g_00000400,5,4,20,1128.0,,14.0
simu5g_00000400,5,4,21,984.0,,13.0
simu5g_00000400,5,4,22,1160.0,,15.0
simu5g_00000400,5,4,23,1128.0,,14.0
simu5g_00000400,5,4,24,1128.0,,14.0
simu5g_00000401,1,0,0,1160.0,,15.0
simu5g_00000401,1,0,1,1160.0,,15.0
simu5g_00000401,1,0,2,1160.0,,15.0
simu5g_00000401,1,0,3,1160.0,,15.0
simu5g_00000401,1,0,4,1160.0,,15.0
simu5g_00000401,1,0,5,1160.0,,15.0
simu5g_00000401,1,0,6,1160.0,,15.0
simu5g_00000401,1,0,7,1128.0,,14.0
simu5g_00000401,1,0,8,984.0,,13.0
simu5g_00000401,1,0,9,1160.0,,15.0
simu5g_00000401,1,0,10,1160.0,,15.0
simu5g_00000401,1,0,11,1160.0,,15.0
simu5g_00000401,1,0,12,1160.0,,15.0
simu5g_00000401,1,0,13,1160.0,,15.0
simu5g_00000401,1,0,14,1160.0,,15.0
simu5g_00000401,1,0,15,1160.0,,15.0
simu5g_00000401,1,0,16,1160.0,,15.0
simu5g_00000401,1,0,17,1160.0,,15.0
simu5g_00000401,1,0,18,1160.0,,15.0
simu5g_00000401,1,0,19,1160.0,,15.0
simu5g_00000401,1,0,20,1160.0,,15.0
simu5g_00000401,1,0,21,984.0,,13.0
simu5g_00000401,1,0,22,1160.0,,15.0
simu5g_00000401,1,0,23,1128.0,,14.0
simu5g_00000401,1,0,24,1160.0,,15.0
simu5g_00000401,15,1,0,1160.0,,15.0
simu5g_00000401,15,1,1,1160.0,,15.0
simu5g_00000401,15,1,2,1160.0,,15.0
simu5g_00000401,15,1,3,1160.0,,15.0
simu5g_00000401,15,1,4,1160.0,,15.0
simu5g_00000401,15,1,5,1128.0,,14.0
simu5g_00000401,15,1,6,1160.0,,15.0
simu5g_00000401,15,1,7,1160.0,,15.0
simu5g_00000401,15,1,8,1160.0,,15.0
simu5g_00000401,15,1,9,1160.0,,15.0
simu5g_00000401,15,1,10,1160.0,,15.0
simu5g_00000401,15,1,11,1160.0,,15.0
simu5g_00000401,15,1,12,1160.0,,15.0
simu5g_00000401,15,1,13,1160.0,,15.0
simu5g_00000401,15,1,14,1160.0,,15.0
simu5g_00000401,15,1,15,1160.0,,15.0
simu5g_00000401,15,1,16,1160.0,,15.0
simu5g_00000401,15,1,17,1160.0,,15.0
simu5g_00000401,15,1,18,1160.0,,15.0
simu5g_00000401,15,1,19,1160.0,,15.0
simu5g_00000401,15,1,20,1160.0,,15.0
simu5g_00000401,15,1,21,1160.0,,15.0
simu5g_00000401,15,1,22,1160.0,,15.0
simu5g_00000401,15,1,23,1160.0,,15.0
simu5g_00000401,15,1,24,1160.0,,15.0
simu5g_00000401,31,2,0,1160.0,,15.0
simu5g_00000401,31,2,1,1160.0,,15.0
simu5g_00000401,31,2,2,1160.0,,15.0
simu5g_00000401,31,2,3,1160.0,,15.0
simu5g_00000401,31,2,4,1160.0,,15.0
simu5g_00000401,31,2,5,1160.0,,15.0
simu5g_00000401,31,2,6,1160.0,,15.0
simu5g_00000401,31,2,7,1160.0,,15.0
simu5g_00000401,31,2,8,1160.0,,15.0
simu5g_00000401,31,2,9,1160.0,,15.0
simu5g_00000401,31,2,10,1160.0,,15.0
simu5g_00000401,31,2,11,1160.0,,15.0
simu5g_00000401,31,2,12,984.0,,13.0
simu5g_00000401,31,2,13,1160.0,,15.0
simu5g_00000401,31,2,14,1160.0,,15.0
simu5g_00000401,31,2,15,1160.0,,15.0
simu5g_00000401,31,2,16,1160.0,,15.0
simu5g_00000401,31,2,17,1160.0,,15.0
simu5g_00000401,31,2,18,1160.0,,15.0
simu5g_00000401,31,2,19,1160.0,,15.0
simu5g_00000401,31,2,20,1160.0,,15.0
simu5g_00000401,31,2,21,1160.0,,15.0
simu5g_00000401,31,2,22,1160.0,,15.0
simu5g_00000401,31,2,23,1160.0,,15.0
simu5g_00000401,31,2,24,1160.0,,15.0
simu5g_00000402,0,0,0,1128.0,,14.0
simu5g_00000402,0,0,1,368.0,,6.0
simu5g_00000402,0,0,2,1160.0,,15.0
simu5g_00000402,0,0,3,808.0,,11.0
simu5g_00000402,0,0,4,1128.0,,14.0
simu5g_00000402,0,0,5,808.0,,11.0
simu5g_00000402,0,0,6,984.0,,13.0
simu5g_00000402,0,0,7,1128.0,,14.0
simu5g_00000402,0,0,8,608.0,,9.0
simu5g_00000402,0,0,9,984.0,,13.0
simu5g_00000402,0,0,10,1128.0,,14.0
simu5g_00000402,0,0,11,1160.0,,15.0
simu5g_00000402,0,0,12,984.0,,13.0
simu5g_00000402,0,0,13,984.0,,13.0
simu5g_00000402,0,0,14,984.0,,13.0
simu5g_00000402,0,0,15,1128.0,,14.0
simu5g_00000402,0,0,16,984.0,,13.0
simu5g_00000402,0,0,17,1160.0,,15.0
simu5g_00000402,0,0,18,1128.0,,14.0
simu5g_00000402,0,0,19,984.0,,13.0
simu5g_00000402,0,0,20,1160.0,,15.0
simu5g_00000402,0,0,21,608.0,,9.0
simu5g_00000402,0,0,22,1128.0,,14.0
simu5g_00000402,0,0,23,1160.0,,15.0
simu5g_00000402,0,0,24,888.0,,12.0
simu5g_00000402,2,1,0,1160.0,,15.0
simu5g_00000402,2,1,1,1160.0,,15.0
simu5g_00000402,2,1,2,1160.0,,15.0
simu5g_00000402,2,1,3,1160.0,,15.0
simu5g_00000402,2,1,4,1160.0,,15.0
simu5g_00000402,2,1,5,1128.0,,14.0
simu5g_00000402,2,1,6,1160.0,,15.0
simu5g_00000402,2,1,7,984.0,,13.0
simu5g_00000402,2,1,8,1160.0,,15.0
simu5g_00000402,2,1,9,1160.0,,15.0
simu5g_00000402,2,1,10,1160.0,,15.0
simu5g_00000402,2,1,11,984.0,,13.0
simu5g_00000402,2,1,12,1160.0,,15.0
simu5g_00000402,2,1,13,1160.0,,15.0
simu5g_00000402,2,1,14,1160.0,,15.0
simu5g_00000402,2,1,15,1160.0,,15.0
simu5g_00000402,2,1,16,1128.0,,14.0
simu5g_00000402,2,1,17,1160.0,,15.0
simu5g_00000402,2,1,18,1160.0,,15.0
simu5g_00000402,2,1,19,1160.0,,15.0
simu5g_00000402,2,1,20,1160.0,,15.0
simu5g_00000402,2,1,21,1160.0,,15.0
simu5g_00000402,2,1,22,1128.0,,14.0
simu5g_00000402,2,1,23,1160.0,,15.0
simu5g_00000402,2,1,24,1128.0,,14.0
simu5g_00000402,3,2,0,1128.0,,14.0
simu5g_00000402,3,2,1,1160.0,,15.0
simu5g_00000402,3,2,2,1160.0,,15.0
simu5g_00000402,3,2,3,1160.0,,15.0
simu5g_00000402,3,2,4,1160.0,,15.0
simu5g_00000402,3,2,5,1160.0,,15.0
simu5g_00000402,3,2,6,1160.0,,15.0
simu5g_00000402,3,2,7,1160.0,,15.0
simu5g_00000402,3,2,8,984.0,,13.0
simu5g_00000402,3,2,9,888.0,,12.0
simu5g_00000402,3,2,10,1160.0,,15.0
simu5g_00000402,3,2,11,1160.0,,15.0
simu5g_00000402,3,2,12,1160.0,,15.0
simu5g_00000402,3,2,13,1160.0,,15.0
simu5g_00000402,3,2,14,1160.0,,15.0
simu5g_00000402,3,2,15,1160.0,,15.0
simu5g_00000402,3,2,16,1160.0,,15.0
simu5g_00000402,3,2,17,1160.0,,15.0
simu5g_00000402,3,2,18,1160.0,,15.0
simu5g_00000402,3,2,19,1160.0,,15.0
simu5g_00000402,3,2,20,1160.0,,15.0
simu5g_00000402,3,2,21,1128.0,,14.0
simu5g_00000402,3,2,22,1128.0,,14.0
simu5g_00000402,3,2,23,1160.0,,15.0
simu5g_00000402,3,2,24,1128.0,,14.0
simu5g_00000402,4,3,0,1160.0,,15.0
simu5g_00000402,4,3,1,984.0,,13.0
simu5g_00000402,4,3,2,1160.0,,15.0
simu5g_00000402,4,3,3,608.0,,9.0
simu5g_00000402,4,3,4,1160.0,,15.0
simu5g_00000402,4,3,5,1160.0,,15.0
simu5g_00000402,4,3,6,1160.0,,15.0
simu5g_00000402,4,3,7,808.0,,11.0
simu5g_00000402,4,3,8,984.0,,13.0
simu5g_00000402,4,3,9,1128.0,,14.0
simu5g_00000402,4,3,10,1128.0,,14.0
simu5g_00000402,4,3,11,1160.0,,15.0
simu5g_00000402,4,3,12,1160.0,,15.0
simu5g_00000402,4,3,13,1128.0,,14.0
simu5g_00000402,4,3,14,1160.0,,15.0
simu5g_00000402,4,3,15,984.0,,13.0
simu5g_00000402,4,3,16,1128.0,,14.0
simu5g_00000402,4,3,17,1128.0,,14.0
simu5g_00000402,4,3,18,1160.0,,15.0
simu5g_00000402,4,3,19,1160.0,,15.0
simu5g_00000402,4,3,20,1128.0,,14.0
simu5g_00000402,4,3,21,984.0,,13.0
simu5g_00000402,4,3,22,1160.0,,15.0
simu5g_00000402,4,3,23,1160.0,,15.0
simu5g_00000402,4,3,24,1128.0,,14.0
simu5g_00000402,5,4,0,1160.0,,15.0
simu5g_00000402,5,4,1,1128.0,,14.0
simu5g_00000402,5,4,2,1160.0,,15.0
simu5g_00000402,5,4,3,1128.0,,14.0
simu5g_00000402,5,4,4,1160.0,,15.0
simu5g_00000402,5,4,5,1128.0,,14.0
simu5g_00000402,5,4,6,1160.0,,15.0
simu5g_00000402,5,4,7,1128.0,,14.0
simu5g_00000402,5,4,8,1128.0,,14.0
simu5g_00000402,5,4,9,1160.0,,15.0
simu5g_00000402,5,4,10,1160.0,,15.0
simu5g_00000402,5,4,11,1160.0,,15.0
simu5g_00000402,5,4,12,1160.0,,15.0
simu5g_00000402,5,4,13,1128.0,,14.0
simu5g_00000402,5,4,14,984.0,,13.0
simu5g_00000402,5,4,15,1128.0,,14.0
simu5g_00000402,5,4,16,608.0,,9.0
simu5g_00000402,5,4,17,1160.0,,15.0
simu5g_00000402,5,4,18,1160.0,,15.0
simu5g_00000402,5,4,19,1160.0,,15.0
simu5g_00000402,5,4,20,1128.0,,14.0
simu5g_00000402,5,4,21,984.0,,13.0
simu5g_00000402,5,4,22,1160.0,,15.0
simu5g_00000402,5,4,23,1128.0,,14.0
simu5g_00000402,5,4,24,1128.0,,14.0
simu5g_00000403,1,0,0,1160.0,,15.0
simu5g_00000403,1,0,1,1160.0,,15.0
simu5g_00000403,1,0,2,1160.0,,15.0
simu5g_00000403,1,0,3,1160.0,,15.0
simu5g_00000403,1,0,4,1160.0,,15.0
simu5g_00000403,1,0,5,1160.0,,15.0
simu5g_00000403,1,0,6,1160.0,,15.0
simu5g_00000403,1,0,7,1128.0,,14.0
simu5g_00000403,1,0,8,984.0,,13.0
simu5g_00000403,1,0,9,1160.0,,15.0
simu5g_00000403,1,0,10,1160.0,,15.0
simu5g_00000403,1,0,11,1160.0,,15.0
simu5g_00000403,1,0,12,1160.0,,15.0
simu5g_00000403,1,0,13,1160.0,,15.0
simu5g_00000403,1,0,14,1160.0,,15.0
simu5g_00000403,1,0,15,1160.0,,15.0
simu5g_00000403,1,0,16,1160.0,,15.0
simu5g_00000403,1,0,17,1160.0,,15.0
simu5g_00000403,1,0,18,1160.0,,15.0
simu5g_00000403,1,0,19,1160.0,,15.0
simu5g_00000403,1,0,20,1160.0,,15.0
simu5g_00000403,1,0,21,984.0,,13.0
simu5g_00000403,1,0,22,1160.0,,15.0
simu5g_00000403,1,0,23,1128.0,,14.0
simu5g_00000403,1,0,24,1160.0,,15.0
simu5g_00000403,15,1,0,1160.0,,15.0
simu5g_00000403,15,1,1,1160.0,,15.0
simu5g_00000403,15,1,2,1160.0,,15.0
simu5g_00000403,15,1,3,1160.0,,15.0
simu5g_00000403,15,1,4,1160.0,,15.0
simu5g_00000403,15,1,5,1128.0,,14.0
simu5g_00000403,15,1,6,1160.0,,15.0
simu5g_00000403,15,1,7,1160.0,,15.0
simu5g_00000403,15,1,8,1160.0,,15.0
simu5g_00000403,15,1,9,1160.0,,15.0
simu5g_00000403,15,1,10,1160.0,,15.0
simu5g_00000403,15,1,11,1160.0,,15.0
simu5g_00000403,15,1,12,1160.0,,15.0
simu5g_00000403,15,1,13,1160.0,,15.0
simu5g_00000403,15,1,14,1160.0,,15.0
simu5g_00000403,15,1,15,1160.0,,15.0
simu5g_00000403,15,1,16,1160.0,,15.0
simu5g_00000403,15,1,17,1160.0,,15.0
simu5g_00000403,15,1,18,1160.0,,15.0
simu5g_00000403,15,1,19,1160.0,,15.0
simu5g_00000403,15,1,20,1160.0,,15.0
simu5g_00000403,15,1,21,1160.0,,15.0
simu5g_00000403,15,1,22,1160.0,,15.0
simu5g_00000403,15,1,23,1160.0,,15.0
simu5g_00000403,15,1,24,1160.0,,15.0
simu5g_00000403,31,2,0,1160.0,,15.0
simu5g_00000403,31,2,1,1160.0,,15.0
simu5g_00000403,31,2,2,1160.0,,15.0
simu5g_00000403,31,2,3,1160.0,,15.0
simu5g_00000403,31,2,4,1160.0,,15.0
simu5g_00000403,31,2,5,1160.0,,15.0
simu5g_00000403,31,2,6,1160.0,,15.0
simu5g_00000403,31,2,7,1160.0,,15.0
simu5g_00000403,31,2,8,1160.0,,15.0
simu5g_00000403,31,2,9,1160.0,,15.0
simu5g_00000403,31,2,10,1160.0,,15.0
simu5g_00000403,31,2,11,1160.0,,15.0
simu5g_00000403,31,2,12,984.0,,13.0
simu5g_00000403,31,2,13,1160.0,,15.0
simu5g_00000403,31,2,14,1160.0,,15.0
simu5g_00000403,31,2,15,1160.0,,15.0
simu5g_00000403,31,2,16,1160.0,,15.0
simu5g_00000403,31,2,17,1160.0,,15.0
simu5g_00000403,31,2,18,1160.0,,15.0
simu5g_00000403,31,2,19,1160.0,,15.0
simu5g_00000403,31,2,20,1160.0,,15.0
simu5g_00000403,31,2,21,1160.0,,15.0
simu5g_00000403,31,2,22,1160.0,,15.0
simu5g_00000403,31,2,23,1160.0,,15.0
simu5g_00000403,31,2,24,1160.0,,15.0
simu5g_00000404,0,0,0,1128.0,,14.0
simu5g_00000404,0,0,1,368.0,,6.0
simu5g_00000404,0,0,2,1128.0,,14.0
simu5g_00000404,0,0,3,808.0,,11.0
simu5g_00000404,0,0,4,1128.0,,14.0
simu5g_00000404,0,0,5,808.0,,11.0
simu5g_00000404,0,0,6,888.0,,12.0
simu5g_00000404,0,0,7,1128.0,,14.0
simu5g_00000404,0,0,8,608.0,,9.0
simu5g_00000404,0,0,9,984.0,,13.0
simu5g_00000404,0,0,10,1128.0,,14.0
simu5g_00000404,0,0,11,1160.0,,15.0
simu5g_00000404,0,0,12,984.0,,13.0
simu5g_00000404,0,0,13,984.0,,13.0
simu5g_00000404,0,0,14,984.0,,13.0
simu5g_00000404,0,0,15,1128.0,,14.0
simu5g_00000404,0,0,16,984.0,,13.0
simu5g_00000404,0,0,17,1160.0,,15.0
simu5g_00000404,0,0,18,1128.0,,14.0
simu5g_00000404,0,0,19,984.0,,13.0
simu5g_00000404,0,0,20,1160.0,,15.0
simu5g_00000404,0,0,21,608.0,,9.0
simu5g_00000404,0,0,22,1128.0,,14.0
simu5g_00000404,0,0,23,1160.0,,15.0
simu5g_00000404,0,0,24,888.0,,12.0
simu5g_00000404,2,1,0,1160.0,,15.0
simu5g_00000404,2,1,1,1160.0,,15.0
simu5g_00000404,2,1,2,1160.0,,15.0
simu5g_00000404,2,1,3,1160.0,,15.0
simu5g_00000404,2,1,4,1160.0,,15.0
simu5g_00000404,2,1,5,1160.0,,15.0
simu5g_00000404,2,1,6,1160.0,,15.0
simu5g_00000404,2,1,7,1128.0,,14.0
simu5g_00000404,2,1,8,1160.0,,15.0
simu5g_00000404,2,1,9,1160.0,,15.0
simu5g_00000404,2,1,10,1160.0,,15.0
simu5g_00000404,2,1,11,1128.0,,14.0
simu5g_00000404,2,1,12,1160.0,,15.0
simu5g_00000404,2,1,13,1160.0,,15.0
simu5g_00000404,2,1,14,1160.0,,15.0
simu5g_00000404,2,1,15,1160.0,,15.0
simu5g_00000404,2,1,16,1160.0,,15.0
simu5g_00000404,2,1,17,1160.0,,15.0
simu5g_00000404,2,1,18,1160.0,,15.0
simu5g_00000404,2,1,19,1160.0,,15.0
simu5g_00000404,2,1,20,1160.0,,15.0
simu5g_00000404,2,1,21,1160.0,,15.0
simu5g_00000404,2,1,22,1160.0,,15.0
simu5g_00000404,2,1,23,1160.0,,15.0
simu5g_00000404,2,1,24,1160.0,,15.0
simu5g_00000404,3,2,0,1128.0,,14.0
simu5g_00000404,3,2,1,1160.0,,15.0
simu5g_00000404,3,2,2,1160.0,,15.0
simu5g_00000404,3,2,3,1160.0,,15.0
simu5g_00000404,3,2,4,1160.0,,15.0
simu5g_00000404,3,2,5,1160.0,,15.0
simu5g_00000404,3,2,6,1160.0,,15.0
simu5g_00000404,3,2,7,1160.0,,15.0
simu5g_00000404,3,2,8,984.0,,13.0
simu5g_00000404,3,2,9,888.0,,12.0
simu5g_00000404,3,2,10,1160.0,,15.0
simu5g_00000404,3,2,11,1160.0,,15.0
simu5g_00000404,3,2,12,1160.0,,15.0
simu5g_00000404,3,2,13,1160.0,,15.0
simu5g_00000404,3,2,14,1160.0,,15.0
simu5g_00000404,3,2,15,1160.0,,15.0
simu5g_00000404,3,2,16,1160.0,,15.0
simu5g_00000404,3,2,17,1160.0,,15.0
simu5g_00000404,3,2,18,1160.0,,15.0
simu5g_00000404,3,2,19,1160.0,,15.0
simu5g_00000404,3,2,20,1160.0,,15.0
simu5g_00000404,3,2,21,1128.0,,14.0
simu5g_00000404,3,2,22,1128.0,,14.0
simu5g_00000404,3,2,23,1160.0,,15.0
simu5g_00000404,3,2,24,1128.0,,14.0
simu5g_00000404,4,3,0,1160.0,,15.0
simu5g_00000404,4,3,1,984.0,,13.0
simu5g_00000404,4,3,2,1160.0,,15.0
simu5g_00000404,4,3,3,608.0,,9.0
simu5g_00000404,4,3,4,1160.0,,15.0
simu5g_00000404,4,3,5,1160.0,,15.0
simu5g_00000404,4,3,6,1160.0,,15.0
simu5g_00000404,4,3,7,808.0,,11.0
simu5g_00000404,4,3,8,984.0,,13.0
simu5g_00000404,4,3,9,1128.0,,14.0
simu5g_00000404,4,3,10,1128.0,,14.0
simu5g_00000404,4,3,11,1160.0,,15.0
simu5g_00000404,4,3,12,1160.0,,15.0
simu5g_00000404,4,3,13,1128.0,,14.0
simu5g_00000404,4,3,14,1160.0,,15.0
simu5g_00000404,4,3,15,984.0,,13.0
simu5g_00000404,4,3,16,1128.0,,14.0
simu5g_00000404,4,3,17,1128.0,,14.0
simu5g_00000404,4,3,18,1160.0,,15.0
simu5g_00000404,4,3,19,1160.0,,15.0
simu5g_00000404,4,3,20,1128.0,,14.0
simu5g_00000404,4,3,21,984.0,,13.0
simu5g_00000404,4,3,22,1160.0,,15.0
simu5g_00000404,4,3,23,1160.0,,15.0
simu5g_00000404,4,3,24,1128.0,,14.0
simu5g_00000404,5,4,0,1160.0,,15.0
simu5g_00000404,5,4,1,1128.0,,14.0
simu5g_00000404,5,4,2,1160.0,,15.0
simu5g_00000404,5,4,3,1128.0,,14.0
simu5g_00000404,5,4,4,1160.0,,15.0
simu5g_00000404,5,4,5,1128.0,,14.0
simu5g_00000404,5,4,6,1160.0,,15.0
simu5g_00000404,5,4,7,1128.0,,14.0
simu5g_00000404,5,4,8,1128.0,,14.0
simu5g_00000404,5,4,9,1160.0,,15.0
simu5g_00000404,5,4,10,1160.0,,15.0
simu5g_00000404,5,4,11,1160.0,,15.0
simu5g_00000404,5,4,12,1160.0,,15.0
simu5g_00000404,5,4,13,1128.0,,14.0
simu5g_00000404,5,4,14,984.0,,13.0
simu5g_00000404,5,4,15,1128.0,,14.0
simu5g_00000404,5,4,16,608.0,,9.0
simu5g_00000404,5,4,17,1160.0,,15.0
simu5g_00000404,5,4,18,1160.0,,15.0
simu5g_00000404,5,4,19,1160.0,,15.0
simu5g_00000404,5,4,20,1128.0,,14.0
simu5g_00000404,5,4,21,984.0,,13.0
simu5g_00000404,5,4,22,1160.0,,15.0
simu5g_00000404,5,4,23,1128.0,,14.0
simu5g_00000404,5,4,24,1128.0,,14.0
simu5g_00000405,1,0,0,1160.0,,15.0
simu5g_00000405,1,0,1,1128.0,,14.0
simu5g_00000405,1,0,2,1128.0,,14.0
simu5g_00000405,1,0,3,1160.0,,15.0
simu5g_00000405,1,0,4,1128.0,,14.0
simu5g_00000405,1,0,5,1160.0,,15.0
simu5g_00000405,1,0,6,1160.0,,15.0
simu5g_00000405,1,0,7,984.0,,13.0
simu5g_00000405,1,0,8,984.0,,13.0
simu5g_00000405,1,0,9,1160.0,,15.0
simu5g_00000405,1,0,10,1160.0,,15.0
simu5g_00000405,1,0,11,1160.0,,15.0
simu5g_00000405,1,0,12,1160.0,,15.0
simu5g_00000405,1,0,13,1160.0,,15.0
simu5g_00000405,1,0,14,1160.0,,15.0
simu5g_00000405,1,0,15,1160.0,,15.0
simu5g_00000405,1,0,16,1160.0,,15.0
simu5g_00000405,1,0,17,1160.0,,15.0
simu5g_00000405,1,0,18,1160.0,,15.0
simu5g_00000405,1,0,19,1160.0,,15.0
simu5g_00000405,1,0,20,1160.0,,15.0
simu5g_00000405,1,0,21,888.0,,12.0
simu5g_00000405,1,0,22,1160.0,,15.0
simu5g_00000405,1,0,23,1128.0,,14.0
simu5g_00000405,1,0,24,1160.0,,15.0
simu5g_00000405,15,1,0,1160.0,,15.0
simu5g_00000405,15,1,1,1160.0,,15.0
simu5g_00000405,15,1,2,1160.0,,15.0
simu5g_00000405,15,1,3,1160.0,,15.0
simu5g_00000405,15,1,4,1160.0,,15.0
simu5g_00000405,15,1,5,1160.0,,15.0
simu5g_00000405,15,1,6,1160.0,,15.0
simu5g_00000405,15,1,7,1160.0,,15.0
simu5g_00000405,15,1,8,1160.0,,15.0
simu5g_00000405,15,1,9,1160.0,,15.0
simu5g_00000405,15,1,10,1160.0,,15.0
simu5g_00000405,15,1,11,1160.0,,15.0
simu5g_00000405,15,1,12,1160.0,,15.0
simu5g_00000405,15,1,13,1160.0,,15.0
simu5g_00000405,15,1,14,1160.0,,15.0
simu5g_00000405,15,1,15,1160.0,,15.0
simu5g_00000405,15,1,16,1160.0,,15.0
simu5g_00000405,15,1,17,1160.0,,15.0
simu5g_00000405,15,1,18,1160.0,,15.0
simu5g_00000405,15,1,19,1160.0,,15.0
simu5g_00000405,15,1,20,1160.0,,15.0
simu5g_00000405,15,1,21,1160.0,,15.0
simu5g_00000405,15,1,22,1160.0,,15.0
simu5g_00000405,15,1,23,1160.0,,15.0
simu5g_00000405,15,1,24,1160.0,,15.0
simu5g_00000405,31,2,0,1160.0,,15.0
simu5g_00000405,31,2,1,1160.0,,15.0
simu5g_00000405,31,2,2,1160.0,,15.0
simu5g_00000405,31,2,3,1160.0,,15.0
simu5g_00000405,31,2,4,1160.0,,15.0
simu5g_00000405,31,2,5,1160.0,,15.0
simu5g_00000405,31,2,6,1160.0,,15.0
simu5g_00000405,31,2,7,1160.0,,15.0
simu5g_00000405,31,2,8,1160.0,,15.0
simu5g_00000405,31,2,9,1160.0,,15.0
simu5g_00000405,31,2,10,1160.0,,15.0
simu5g_00000405,31,2,11,1160.0,,15.0
simu5g_00000405,31,2,12,984.0,,13.0
simu5g_00000405,31,2,13,1160.0,,15.0
simu5g_00000405,31,2,14,1160.0,,15.0
simu5g_00000405,31,2,15,1160.0,,15.0
simu5g_00000405,31,2,16,1160.0,,15.0
simu5g_00000405,31,2,17,1160.0,,15.0
simu5g_00000405,31,2,18,1160.0,,15.0
simu5g_00000405,31,2,19,1160.0,,15.0
simu5g_00000405,31,2,20,1160.0,,15.0
simu5g_00000405,31,2,21,1160.0,,15.0
simu5g_00000405,31,2,22,1160.0,,15.0
simu5g_00000405,31,2,23,1160.0,,15.0
simu5g_00000405,31,2,24,1160.0,,15.0
simu5g_00000406,0,0,0,1128.0,,14.0
simu5g_00000406,0,0,1,368.0,,6.0
simu5g_00000406,0,0,2,1128.0,,14.0
simu5g_00000406,0,0,3,808.0,,11.0
simu5g_00000406,0,0,4,1128.0,,14.0
simu5g_00000406,0,0,5,808.0,,11.0
simu5g_00000406,0,0,6,888.0,,12.0
simu5g_00000406,0,0,7,1128.0,,14.0
simu5g_00000406,0,0,8,608.0,,9.0
simu5g_00000406,0,0,9,984.0,,13.0
simu5g_00000406,0,0,10,1128.0,,14.0
simu5g_00000406,0,0,11,1160.0,,15.0
simu5g_00000406,0,0,12,984.0,,13.0
simu5g_00000406,0,0,13,984.0,,13.0
simu5g_00000406,0,0,14,984.0,,13.0
simu5g_00000406,0,0,15,1128.0,,14.0
simu5g_00000406,0,0,16,984.0,,13.0
simu5g_00000406,0,0,17,1160.0,,15.0
simu5g_00000406,0,0,18,1128.0,,14.0
simu5g_00000406,0,0,19,984.0,,13.0
simu5g_00000406,0,0,20,1160.0,,15.0
simu5g_00000406,0,0,21,608.0,,9.0
simu5g_00000406,0,0,22,1128.0,,14.0
simu5g_00000406,0,0,23,1160.0,,15.0
simu5g_00000406,0,0,24,888.0,,12.0
simu5g_00000406,2,1,0,1160.0,,15.0
simu5g_00000406,2,1,1,1160.0,,15.0
simu5g_00000406,2,1,2,1160.0,,15.0
simu5g_00000406,2,1,3,1160.0,,15.0
simu5g_00000406,2,1,4,1160.0,,15.0
simu5g_00000406,2,1,5,1160.0,,15.0
simu5g_00000406,2,1,6,1160.0,,15.0
simu5g_00000406,2,1,7,1128.0,,14.0
simu5g_00000406,2,1,8,1160.0,,15.0
simu5g_00000406,2,1,9,1160.0,,15.0
simu5g_00000406,2,1,10,1160.0,,15.0
simu5g_00000406,2,1,11,1128.0,,14.0
simu5g_00000406,2,1,12,1160.0,,15.0
simu5g_00000406,2,1,13,1160.0,,15.0
simu5g_00000406,2,1,14,1160.0,,15.0
simu5g_00000406,2,1,15,1160.0,,15.0
simu5g_00000406,2,1,16,1160.0,,15.0
simu5g_00000406,2,1,17,1160.0,,15.0
simu5g_00000406,2,1,18,1160.0,,15.0
simu5g_00000406,2,1,19,1160.0,,15.0
simu5g_00000406,2,1,20,1160.0,,15.0
simu5g_00000406,2,1,21,1160.0,,15.0
simu5g_00000406,2,1,22,1160.0,,15.0
simu5g_00000406,2,1,23,1160.0,,15.0
simu5g_00000406,2,1,24,1160.0,,15.0
simu5g_00000406,3,2,0,1128.0,,14.0
simu5g_00000406,3,2,1,1160.0,,15.0
simu5g_00000406,3,2,2,1160.0,,15.0
simu5g_00000406,3,2,3,1160.0,,15.0
simu5g_00000406,3,2,4,1160.0,,15.0
simu5g_00000406,3,2,5,1160.0,,15.0
simu5g_00000406,3,2,6,1160.0,,15.0
simu5g_00000406,3,2,7,1160.0,,15.0
simu5g_00000406,3,2,8,984.0,,13.0
simu5g_00000406,3,2,9,888.0,,12.0
simu5g_00000406,3,2,10,1160.0,,15.0
simu5g_00000406,3,2,11,1160.0,,15.0
simu5g_00000406,3,2,12,1160.0,,15.0
simu5g_00000406,3,2,13,1160.0,,15.0
simu5g_00000406,3,2,14,1160.0,,15.0
simu5g_00000406,3,2,15,1160.0,,15.0
simu5g_00000406,3,2,16,1160.0,,15.0
simu5g_00000406,3,2,17,1160.0,,15.0
simu5g_00000406,3,2,18,1160.0,,15.0
simu5g_00000406,3,2,19,1160.0,,15.0
simu5g_00000406,3,2,20,1160.0,,15.0
simu5g_00000406,3,2,21,1128.0,,14.0
simu5g_00000406,3,2,22,1128.0,,14.0
simu5g_00000406,3,2,23,1160.0,,15.0
simu5g_00000406,3,2,24,1128.0,,14.0
simu5g_00000406,4,3,0,1160.0,,15.0
simu5g_00000406,4,3,1,984.0,,13.0
simu5g_00000406,4,3,2,1160.0,,15.0
simu5g_00000406,4,3,3,608.0,,9.0
simu5g_00000406,4,3,4,1160.0,,15.0
simu5g_00000406,4,3,5,1160.0,,15.0
simu5g_00000406,4,3,6,1160.0,,15.0
simu5g_00000406,4,3,7,808.0,,11.0
simu5g_00000406,4,3,8,984.0,,13.0
simu5g_00000406,4,3,9,1128.0,,14.0
simu5g_00000406,4,3,10,1128.0,,14.0
simu5g_00000406,4,3,11,1160.0,,15.0
simu5g_00000406,4,3,12,1160.0,,15.0
simu5g_00000406,4,3,13,1128.0,,14.0
simu5g_00000406,4,3,14,1160.0,,15.0
simu5g_00000406,4,3,15,984.0,,13.0
simu5g_00000406,4,3,16,1128.0,,14.0
simu5g_00000406,4,3,17,1128.0,,14.0
simu5g_00000406,4,3,18,1160.0,,15.0
simu5g_00000406,4,3,19,1160.0,,15.0
simu5g_00000406,4,3,20,1128.0,,14.0
simu5g_00000406,4,3,21,984.0,,13.0
simu5g_00000406,4,3,22,1160.0,,15.0
simu5g_00000406,4,3,23,1160.0,,15.0
simu5g_00000406,4,3,24,1128.0,,14.0
simu5g_00000406,5,4,0,1160.0,,15.0
simu5g_00000406,5,4,1,1128.0,,14.0
simu5g_00000406,5,4,2,1160.0,,15.0
simu5g_00000406,5,4,3,1128.0,,14.0
simu5g_00000406,5,4,4,1160.0,,15.0
simu5g_00000406,5,4,5,1128.0,,14.0
simu5g_00000406,5,4,6,1160.0,,15.0
simu5g_00000406,5,4,7,1128.0,,14.0
simu5g_00000406,5,4,8,1128.0,,14.0
simu5g_00000406,5,4,9,1160.0,,15.0
simu5g_00000406,5,4,10,1160.0,,15.0
simu5g_00000406,5,4,11,1160.0,,15.0
simu5g_00000406,5,4,12,1160.0,,15.0
simu5g_00000406,5,4,13,1128.0,,14.0
simu5g_00000406,5,4,14,984.0,,13.0
simu5g_00000406,5,4,15,1128.0,,14.0
simu5g_00000406,5,4,16,608.0,,9.0
simu5g_00000406,5,4,17,1160.0,,15.0
simu5g_00000406,5,4,18,1160.0,,15.0
simu5g_00000406,5,4,19,1160.0,,15.0
simu5g_00000406,5,4,20,1128.0,,14.0
simu5g_00000406,5,4,21,984.0,,13.0
simu5g_00000406,5,4,22,1160.0,,15.0
simu5g_00000406,5,4,23,1128.0,,14.0
simu5g_00000406,5,4,24,1128.0,,14.0
simu5g_00000407,1,0,0,1160.0,,15.0
simu5g_00000407,1,0,1,1128.0,,14.0
simu5g_00000407,1,0,2,1128.0,,14.0
simu5g_00000407,1,0,3,1160.0,,15.0
simu5g_00000407,1,0,4,1128.0,,14.0
simu5g_00000407,1,0,5,1160.0,,15.0
simu5g_00000407,1,0,6,1160.0,,15.0
simu5g_00000407,1,0,7,984.0,,13.0
simu5g_00000407,1,0,8,984.0,,13.0
simu5g_00000407,1,0,9,1160.0,,15.0
simu5g_00000407,1,0,10,1160.0,,15.0
simu5g_00000407,1,0,11,1160.0,,15.0
simu5g_00000407,1,0,12,1160.0,,15.0
simu5g_00000407,1,0,13,1160.0,,15.0
simu5g_00000407,1,0,14,1160.0,,15.0
simu5g_00000407,1,0,15,1160.0,,15.0
simu5g_00000407,1,0,16,1160.0,,15.0
simu5g_00000407,1,0,17,1160.0,,15.0
simu5g_00000407,1,0,18,1160.0,,15.0
simu5g_00000407,1,0,19,1160.0,,15.0
simu5g_00000407,1,0,20,1160.0,,15.0
simu5g_00000407,1,0,21,888.0,,12.0
simu5g_00000407,1,0,22,1160.0,,15.0
simu5g_00000407,1,0,23,1128.0,,14.0
simu5g_00000407,1,0,24,1160.0,,15.0
simu5g_00000407,15,1,0,1160.0,,15.0
simu5g_00000407,15,1,1,1160.0,,15.0
simu5g_00000407,15,1,2,1160.0,,15.0
simu5g_00000407,15,1,3,1160.0,,15.0
simu5g_00000407,15,1,4,1160.0,,15.0
simu5g_00000407,15,1,5,1160.0,,15.0
simu5g_00000407,15,1,6,1160.0,,15.0
simu5g_00000407,15,1,7,1160.0,,15.0
simu5g_00000407,15,1,8,1160.0,,15.0
simu5g_00000407,15,1,9,1160.0,,15.0
simu5g_00000407,15,1,10,1160.0,,15.0
simu5g_00000407,15,1,11,1160.0,,15.0
simu5g_00000407,15,1,12,1160.0,,15.0
simu5g_00000407,15,1,13,1160.0,,15.0
simu5g_00000407,15,1,14,1160.0,,15.0
simu5g_00000407,15,1,15,1160.0,,15.0
simu5g_00000407,15,1,16,1160.0,,15.0
simu5g_00000407,15,1,17,1160.0,,15.0
simu5g_00000407,15,1,18,1160.0,,15.0
simu5g_00000407,15,1,19,1160.0,,15.0
simu5g_00000407,15,1,20,1160.0,,15.0
simu5g_00000407,15,1,21,1160.0,,15.0
simu5g_00000407,15,1,22,1160.0,,15.0
simu5g_00000407,15,1,23,1160.0,,15.0
simu5g_00000407,15,1,24,1160.0,,15.0
simu5g_00000407,31,2,0,984.0,,13.0
simu5g_00000407,31,2,1,888.0,,12.0
simu5g_00000407,31,2,2,1160.0,,15.0
simu5g_00000407,31,2,3,1128.0,,14.0
simu5g_00000407,31,2,4,1128.0,,14.0
simu5g_00000407,31,2,5,1128.0,,14.0
simu5g_00000407,31,2,6,1160.0,,15.0
simu5g_00000407,31,2,7,984.0,,13.0
simu5g_00000407,31,2,8,1160.0,,15.0
simu5g_00000407,31,2,9,1160.0,,15.0
simu5g_00000407,31,2,10,1128.0,,14.0
simu5g_00000407,31,2,11,984.0,,13.0
simu5g_00000407,31,2,12,432.0,,7.0
simu5g_00000407,31,2,13,1128.0,,14.0
simu5g_00000407,31,2,14,1160.0,,15.0
simu5g_00000407,31,2,15,1160.0,,15.0
simu5g_00000407,31,2,16,984.0,,13.0
simu5g_00000407,31,2,17,1160.0,,15.0
simu5g_00000407,31,2,18,1160.0,,15.0
simu5g_00000407,31,2,19,984.0,,13.0
simu5g_00000407,31,2,20,984.0,,13.0
simu5g_00000407,31,2,21,1128.0,,14.0
simu5g_00000407,31,2,22,984.0,,13.0
simu5g_00000407,31,2,23,1160.0,,15.0
simu5g_00000407,31,2,24,1160.0,,15.0
simu5g_00000408,0,0,0,1160.0,,15.0
simu5g_00000408,0,0,1,888.0,,12.0
simu5g_00000408,0,0,2,1160.0,,15.0
simu5g_00000408,0,0,3,1128.0,,14.0
simu5g_00000408,0,0,4,1160.0,,15.0
simu5g_00000408,0,0,5,1128.0,,14.0
simu5g_00000408,0,0,6,1160.0,,15.0
simu5g_00000408,0,0,7,1160.0,,15.0
simu5g_00000408,0,0,8,1128.0,,14.0
simu5g_00000408,0,0,9,1160.0,,15.0
simu5g_00000408,0,0,10,1160.0,,15.0
simu5g_00000408,0,0,11,1160.0,,15.0
simu5g_00000408,0,0,12,1160.0,,15.0
simu5g_00000408,0,0,13,1160.0,,15.0
simu5g_00000408,0,0,14,1160.0,,15.0
simu5g_00000408,0,0,15,1160.0,,15.0
simu5g_00000408,0,0,16,1160.0,,15.0
simu5g_00000408,0,0,17,1160.0,,15.0
simu5g_00000408,0,0,18,1160.0,,15.0
simu5g_00000408,0,0,19,1160.0,,15.0
simu5g_00000408,0,0,20,1160.0,,15.0
simu5g_00000408,0,0,21,1128.0,,14.0
simu5g_00000408,0,0,22,1160.0,,15.0
simu5g_00000408,0,0,23,1160.0,,15.0
simu5g_00000408,0,0,24,1160.0,,15.0
simu5g_00000408,2,1,0,1160.0,,15.0
simu5g_00000408,2,1,1,1160.0,,15.0
simu5g_00000408,2,1,2,1160.0,,15.0
simu5g_00000408,2,1,3,1160.0,,15.0
simu5g_00000408,2,1,4,1160.0,,15.0
simu5g_00000408,2,1,5,1160.0,,15.0
simu5g_00000408,2,1,6,1160.0,,15.0
simu5g_00000408,2,1,7,1128.0,,14.0
simu5g_00000408,2,1,8,1160.0,,15.0
simu5g_00000408,2,1,9,1160.0,,15.0
simu5g_00000408,2,1,10,1160.0,,15.0
simu5g_00000408,2,1,11,1128.0,,14.0
simu5g_00000408,2,1,12,1160.0,,15.0
simu5g_00000408,2,1,13,1160.0,,15.0
simu5g_00000408,2,1,14,1160.0,,15.0
simu5g_00000408,2,1,15,1160.0,,15.0
simu5g_00000408,2,1,16,1160.0,,15.0
simu5g_00000408,2,1,17,1160.0,,15.0
simu5g_00000408,2,1,18,1160.0,,15.0
simu5g_00000408,2,1,19,1160.0,,15.0
simu5g_00000408,2,1,20,1160.0,,15.0
simu5g_00000408,2,1,21,1160.0,,15.0
simu5g_00000408,2,1,22,1160.0,,15.0
simu5g_00000408,2,1,23,1160.0,,15.0
simu5g_00000408,2,1,24,1160.0,,15.0
simu5g_00000408,3,2,0,984.0,,13.0
simu5g_00000408,3,2,1,1160.0,,15.0
simu5g_00000408,3,2,2,1128.0,,14.0
simu5g_00000408,3,2,3,1128.0,,14.0
simu5g_00000408,3,2,4,1160.0,,15.0
simu5g_00000408,3,2,5,1160.0,,15.0
simu5g_00000408,3,2,6,1128.0,,14.0
simu5g_00000408,3,2,7,1128.0,,14.0
simu5g_00000408,3,2,8,704.0,,10.0
simu5g_00000408,3,2,9,704.0,,10.0
simu5g_00000408,3,2,10,1128.0,,14.0
simu5g_00000408,3,2,11,1128.0,,14.0
simu5g_00000408,3,2,12,1128.0,,14.0
simu5g_00000408,3,2,13,1160.0,,15.0
simu5g_00000408,3,2,14,1160.0,,15.0
simu5g_00000408,3,2,15,1128.0,,14.0
simu5g_00000408,3,2,16,1160.0,,15.0
simu5g_00000408,3,2,17,1128.0,,14.0
simu5g_00000408,3,2,18,1128.0,,14.0
simu5g_00000408,3,2,19,1128.0,,14.0
simu5g_00000408,3,2,20,1128.0,,14.0
simu5g_00000408,3,2,21,984.0,,13.0
simu5g_00000408,3,2,22,984.0,,13.0
simu5g_00000408,3,2,23,1128.0,,14.0
simu5g_00000408,3,2,24,984.0,,13.0
simu5g_00000408,4,3,0,1160.0,,15.0
simu5g_00000408,4,3,1,984.0,,13.0
simu5g_00000408,4,3,2,1160.0,,15.0
simu5g_00000408,4,3,3,608.0,,9.0
simu5g_00000408,4,3,4,1160.0,,15.0
simu5g_00000408,4,3,5,1160.0,,15.0
simu5g_00000408,4,3,6,1160.0,,15.0
simu5g_00000408,4,3,7,808.0,,11.0
simu5g_00000408,4,3,8,984.0,,13.0
simu5g_00000408,4,3,9,1128.0,,14.0
simu5g_00000408,4,3,10,1128.0,,14.0
simu5g_00000408,4,3,11,1160.0,,15.0
simu5g_00000408,4,3,12,1160.0,,15.0
simu5g_00000408,4,3,13,1128.0,,14.0
simu5g_00000408,4,3,14,1160.0,,15.0
simu5g_00000408,4,3,15,984.0,,13.0
simu5g_00000408,4,3,16,1128.0,,14.0
simu5g_00000408,4,3,17,1128.0,,14.0
simu5g_00000408,4,3,18,1160.0,,15.0
simu5g_00000408,4,3,19,1160.0,,15.0
simu5g_00000408,4,3,20,1128.0,,14.0
simu5g_00000408,4,3,21,984.0,,13.0
simu5g_00000408,4,3,22,1160.0,,15.0
simu5g_00000408,4,3,23,1160.0,,15.0
simu5g_00000408,4,3,24,1128.0,,14.0
simu5g_00000408,5,4,0,1160.0,,15.0
simu5g_00000408,5,4,1,1128.0,,14.0
simu5g_00000408,5,4,2,1160.0,,15.0
simu5g_00000408,5,4,3,1128.0,,14.0
simu5g_00000408,5,4,4,1160.0,,15.0
simu5g_00000408,5,4,5,1128.0,,14.0
simu5g_00000408,5,4,6,1160.0,,15.0
simu5g_00000408,5,4,7,1128.0,,14.0
simu5g_00000408,5,4,8,1128.0,,14.0
simu5g_00000408,5,4,9,1160.0,,15.0
simu5g_00000408,5,4,10,1160.0,,15.0
simu5g_00000408,5,4,11,1160.0,,15.0
simu5g_00000408,5,4,12,1160.0,,15.0
simu5g_00000408,5,4,13,1128.0,,14.0
simu5g_00000408,5,4,14,984.0,,13.0
simu5g_00000408,5,4,15,1128.0,,14.0
simu5g_00000408,5,4,16,608.0,,9.0
simu5g_00000408,5,4,17,1160.0,,15.0
simu5g_00000408,5,4,18,1160.0,,15.0
simu5g_00000408,5,4,19,1160.0,,15.0
simu5g_00000408,5,4,20,1128.0,,14.0
simu5g_00000408,5,4,21,984.0,,13.0
simu5g_00000408,5,4,22,1160.0,,15.0
simu5g_00000408,5,4,23,1128.0,,14.0
simu5g_00000408,5,4,24,1128.0,,14.0
simu5g_00000409,1,0,0,1160.0,,15.0
simu5g_00000409,1,0,1,1128.0,,14.0
simu5g_00000409,1,0,2,1128.0,,14.0
simu5g_00000409,1,0,3,1160.0,,15.0
simu5g_00000409,1,0,4,1160.0,,15.0
simu5g_00000409,1,0,5,1160.0,,15.0
simu5g_00000409,1,0,6,1160.0,,15.0
simu5g_00000409,1,0,7,984.0,,13.0
simu5g_00000409,1,0,8,984.0,,13.0
simu5g_00000409,1,0,9,1160.0,,15.0
simu5g_00000409,1,0,10,1160.0,,15.0
simu5g_00000409,1,0,11,1160.0,,15.0
simu5g_00000409,1,0,12,1160.0,,15.0
simu5g_00000409,1,0,13,1160.0,,15.0
simu5g_00000409,1,0,14,1160.0,,15.0
simu5g_00000409,1,0,15,1160.0,,15.0
simu5g_00000409,1,0,16,1160.0,,15.0
simu5g_00000409,1,0,17,1160.0,,15.0
simu5g_00000409,1,0,18,1160.0,,15.0
simu5g_00000409,1,0,19,1160.0,,15.0
simu5g_00000409,1,0,20,1160.0,,15.0
simu5g_00000409,1,0,21,888.0,,12.0
simu5g_00000409,1,0,22,1160.0,,15.0
simu5g_00000409,1,0,23,1128.0,,14.0
simu5g_00000409,1,0,24,1160.0,,15.0
simu5g_00000409,15,1,0,1160.0,,15.0
simu5g_00000409,15,1,1,1160.0,,15.0
simu5g_00000409,15,1,2,1160.0,,15.0
simu5g_00000409,15,1,3,1160.0,,15.0
simu5g_00000409,15,1,4,1160.0,,15.0
simu5g_00000409,15,1,5,1160.0,,15.0
simu5g_00000409,15,1,6,1160.0,,15.0
simu5g_00000409,15,1,7,1160.0,,15.0
simu5g_00000409,15,1,8,1160.0,,15.0
simu5g_00000409,15,1,9,1160.0,,15.0
simu5g_00000409,15,1,10,1160.0,,15.0
simu5g_00000409,15,1,11,1160.0,,15.0
simu5g_00000409,15,1,12,1160.0,,15.0
simu5g_00000409,15,1,13,1160.0,,15.0
simu5g_00000409,15,1,14,1160.0,,15.0
simu5g_00000409,15,1,15,1160.0,,15.0
simu5g_00000409,15,1,16,1160.0,,15.0
simu5g_00000409,15,1,17,1160.0,,15.0
simu5g_00000409,15,1,18,1160.0,,15.0
simu5g_00000409,15,1,19,1160.0,,15.0
simu5g_00000409,15,1,20,1160.0,,15.0
simu5g_00000409,15,1,21,1160.0,,15.0
simu5g_00000409,15,1,22,1160.0,,15.0
simu5g_00000409,15,1,23,1160.0,,15.0
simu5g_00000409,15,1,24,1160.0,,15.0
simu5g_00000409,31,2,0,984.0,,13.0
simu5g_00000409,31,2,1,888.0,,12.0
simu5g_00000409,31,2,2,1160.0,,15.0
simu5g_00000409,31,2,3,1128.0,,14.0
simu5g_00000409,31,2,4,1128.0,,14.0
simu5g_00000409,31,2,5,1128.0,,14.0
simu5g_00000409,31,2,6,1160.0,,15.0
simu5g_00000409,31,2,7,984.0,,13.0
simu5g_00000409,31,2,8,1160.0,,15.0
simu5g_00000409,31,2,9,1160.0,,15.0
simu5g_00000409,31,2,10,1128.0,,14.0
simu5g_00000409,31,2,11,984.0,,13.0
simu5g_00000409,31,2,12,432.0,,7.0
simu5g_00000409,31,2,13,1128.0,,14.0
simu5g_00000409,31,2,14,1160.0,,15.0
simu5g_00000409,31,2,15,1160.0,,15.0
simu5g_00000409,31,2,16,984.0,,13.0
simu5g_00000409,31,2,17,1160.0,,15.0
simu5g_00000409,31,2,18,1160.0,,15.0
simu5g_00000409,31,2,19,984.0,,13.0
simu5g_00000409,31,2,20,984.0,,13.0
simu5g_00000409,31,2,21,1128.0,,14.0
simu5g_00000409,31,2,22,984.0,,13.0
simu5g_00000409,31,2,23,1160.0,,15.0
simu5g_00000409,31,2,24,1160.0,,15.0
simu5g_00000410,0,0,0,1160.0,,15.0
simu5g_00000410,0,0,1,888.0,,12.0
simu5g_00000410,0,0,2,1160.0,,15.0
simu5g_00000410,0,0,3,1128.0,,14.0
simu5g_00000410,0,0,4,1160.0,,15.0
simu5g_00000410,0,0,5,1128.0,,14.0
simu5g_00000410,0,0,6,1160.0,,15.0
simu5g_00000410,0,0,7,1160.0,,15.0
simu5g_00000410,0,0,8,1128.0,,14.0
simu5g_00000410,0,0,9,1160.0,,15.0
simu5g_00000410,0,0,10,1160.0,,15.0
simu5g_00000410,0,0,11,1160.0,,15.0
simu5g_00000410,0,0,12,1160.0,,15.0
simu5g_00000410,0,0,13,1160.0,,15.0
simu5g_00000410,0,0,14,1160.0,,15.0
simu5g_00000410,0,0,15,1160.0,,15.0
simu5g_00000410,0,0,16,1160.0,,15.0
simu5g_00000410,0,0,17,1160.0,,15.0
simu5g_00000410,0,0,18,1160.0,,15.0
simu5g_00000410,0,0,19,1160.0,,15.0
simu5g_00000410,0,0,20,1160.0,,15.0
simu5g_00000410,0,0,21,1128.0,,14.0
simu5g_00000410,0,0,22,1160.0,,15.0
simu5g_00000410,0,0,23,1160.0,,15.0
simu5g_00000410,0,0,24,1160.0,,15.0
simu5g_00000410,2,1,0,1160.0,,15.0
simu5g_00000410,2,1,1,1160.0,,15.0
simu5g_00000410,2,1,2,1160.0,,15.0
simu5g_00000410,2,1,3,1160.0,,15.0
simu5g_00000410,2,1,4,1160.0,,15.0
simu5g_00000410,2,1,5,1160.0,,15.0
simu5g_00000410,2,1,6,1160.0,,15.0
simu5g_00000410,2,1,7,1128.0,,14.0
simu5g_00000410,2,1,8,1160.0,,15.0
simu5g_00000410,2,1,9,1160.0,,15.0
simu5g_00000410,2,1,10,1160.0,,15.0
simu5g_00000410,2,1,11,1128.0,,14.0
simu5g_00000410,2,1,12,1160.0,,15.0
simu5g_00000410,2,1,13,1160.0,,15.0
simu5g_00000410,2,1,14,1160.0,,15.0
simu5g_00000410,2,1,15,1160.0,,15.0
simu5g_00000410,2,1,16,1160.0,,15.0
simu5g_00000410,2,1,17,1160.0,,15.0
simu5g_00000410,2,1,18,1160.0,,15.0
simu5g_00000410,2,1,19,1160.0,,15.0
simu5g_00000410,2,1,20,1160.0,,15.0
simu5g_00000410,2,1,21,1160.0,,15.0
simu5g_00000410,2,1,22,1160.0,,15.0
simu5g_00000410,2,1,23,1160.0,,15.0
simu5g_00000410,2,1,24,1160.0,,15.0
simu5g_00000410,3,2,0,984.0,,13.0
simu5g_00000410,3,2,1,1160.0,,15.0
simu5g_00000410,3,2,2,1128.0,,14.0
simu5g_00000410,3,2,3,1128.0,,14.0
simu5g_00000410,3,2,4,1160.0,,15.0
simu5g_00000410,3,2,5,1160.0,,15.0
simu5g_00000410,3,2,6,1128.0,,14.0
simu5g_00000410,3,2,7,1128.0,,14.0
simu5g_00000410,3,2,8,704.0,,10.0
simu5g_00000410,3,2,9,704.0,,10.0
simu5g_00000410,3,2,10,1128.0,,14.0
simu5g_00000410,3,2,11,1128.0,,14.0
simu5g_00000410,3,2,12,1128.0,,14.0
simu5g_00000410,3,2,13,1160.0,,15.0
simu5g_00000410,3,2,14,1160.0,,15.0
simu5g_00000410,3,2,15,1128.0,,14.0
simu5g_00000410,3,2,16,1160.0,,15.0
simu5g_00000410,3,2,17,1128.0,,14.0
simu5g_00000410,3,2,18,1128.0,,14.0
simu5g_00000410,3,2,19,1128.0,,14.0
simu5g_00000410,3,2,20,1128.0,,14.0
simu5g_00000410,3,2,21,984.0,,13.0
simu5g_00000410,3,2,22,984.0,,13.0
simu5g_00000410,3,2,23,1128.0,,14.0
simu5g_00000410,3,2,24,984.0,,13.0
simu5g_00000410,4,3,0,1160.0,,15.0
simu5g_00000410,4,3,1,984.0,,13.0
simu5g_00000410,4,3,2,1160.0,,15.0
simu5g_00000410,4,3,3,608.0,,9.0
simu5g_00000410,4,3,4,1160.0,,15.0
simu5g_00000410,4,3,5,1160.0,,15.0
simu5g_00000410,4,3,6,1160.0,,15.0
simu5g_00000410,4,3,7,808.0,,11.0
simu5g_00000410,4,3,8,984.0,,13.0
simu5g_00000410,4,3,9,1128.0,,14.0
simu5g_00000410,4,3,10,1128.0,,14.0
simu5g_00000410,4,3,11,1160.0,,15.0
simu5g_00000410,4,3,12,1160.0,,15.0
simu5g_00000410,4,3,13,1128.0,,14.0
simu5g_00000410,4,3,14,1160.0,,15.0
simu5g_00000410,4,3,15,984.0,,13.0
simu5g_00000410,4,3,16,1128.0,,14.0
simu5g_00000410,4,3,17,1128.0,,14.0
simu5g_00000410,4,3,18,1160.0,,15.0
simu5g_00000410,4,3,19,1160.0,,15.0
simu5g_00000410,4,3,20,1128.0,,14.0
simu5g_00000410,4,3,21,1128.0,,14.0
simu5g_00000410,4,3,22,1160.0,,15.0
simu5g_00000410,4,3,23,1160.0,,15.0
simu5g_00000410,4,3,24,1128.0,,14.0
simu5g_00000410,5,4,0,1160.0,,15.0
simu5g_00000410,5,4,1,1128.0,,14.0
simu5g_00000410,5,4,2,1160.0,,15.0
simu5g_00000410,5,4,3,1128.0,,14.0
simu5g_00000410,5,4,4,1160.0,,15.0
simu5g_00000410,5,4,5,1128.0,,14.0
simu5g_00000410,5,4,6,1160.0,,15.0
simu5g_00000410,5,4,7,1128.0,,14.0
simu5g_00000410,5,4,8,1128.0,,14.0
simu5g_00000410,5,4,9,1160.0,,15.0
simu5g_00000410,5,4,10,1160.0,,15.0
simu5g_00000410,5,4,11,1160.0,,15.0
simu5g_00000410,5,4,12,1160.0,,15.0
simu5g_00000410,5,4,13,1128.0,,14.0
simu5g_00000410,5,4,14,984.0,,13.0
simu5g_00000410,5,4,15,1128.0,,14.0
simu5g_00000410,5,4,16,608.0,,9.0
simu5g_00000410,5,4,17,1160.0,,15.0
simu5g_00000410,5,4,18,1160.0,,15.0
simu5g_00000410,5,4,19,1160.0,,15.0
simu5g_00000410,5,4,20,1128.0,,14.0
simu5g_00000410,5,4,21,984.0,,13.0
simu5g_00000410,5,4,22,1160.0,,15.0
simu5g_00000410,5,4,23,1128.0,,14.0
simu5g_00000410,5,4,24,1128.0,,14.0
simu5g_00000411,1,0,0,1160.0,,15.0
simu5g_00000411,1,0,1,1128.0,,14.0
simu5g_00000411,1,0,2,1128.0,,14.0
simu5g_00000411,1,0,3,1160.0,,15.0
simu5g_00000411,1,0,4,1160.0,,15.0
simu5g_00000411,1,0,5,1160.0,,15.0
simu5g_00000411,1,0,6,1160.0,,15.0
simu5g_00000411,1,0,7,984.0,,13.0
simu5g_00000411,1,0,8,984.0,,13.0
simu5g_00000411,1,0,9,1160.0,,15.0
simu5g_00000411,1,0,10,1160.0,,15.0
simu5g_00000411,1,0,11,1160.0,,15.0
simu5g_00000411,1,0,12,1160.0,,15.0
simu5g_00000411,1,0,13,1160.0,,15.0
simu5g_00000411,1,0,14,1160.0,,15.0
simu5g_00000411,1,0,15,1160.0,,15.0
simu5g_00000411,1,0,16,1160.0,,15.0
simu5g_00000411,1,0,17,1160.0,,15.0
simu5g_00000411,1,0,18,1160.0,,15.0
simu5g_00000411,1,0,19,1160.0,,15.0
simu5g_00000411,1,0,20,1160.0,,15.0
simu5g_00000411,1,0,21,888.0,,12.0
simu5g_00000411,1,0,22,1160.0,,15.0
simu5g_00000411,1,0,23,1128.0,,14.0
simu5g_00000411,1,0,24,1160.0,,15.0
simu5g_00000411,15,1,0,1160.0,,15.0
simu5g_00000411,15,1,1,1160.0,,15.0
simu5g_00000411,15,1,2,1160.0,,15.0
simu5g_00000411,15,1,3,1160.0,,15.0
simu5g_00000411,15,1,4,1160.0,,15.0
simu5g_00000411,15,1,5,1160.0,,15.0
simu5g_00000411,15,1,6,1160.0,,15.0
simu5g_00000411,15,1,7,1160.0,,15.0
simu5g_00000411,15,1,8,1160.0,,15.0
simu5g_00000411,15,1,9,1160.0,,15.0
simu5g_00000411,15,1,10,1160.0,,15.0
simu5g_00000411,15,1,11,1160.0,,15.0
simu5g_00000411,15,1,12,1160.0,,15.0
simu5g_00000411,15,1,13,1160.0,,15.0
simu5g_00000411,15,1,14,1160.0,,15.0
simu5g_00000411,15,1,15,1160.0,,15.0
simu5g_00000411,15,1,16,1160.0,,15.0
simu5g_00000411,15,1,17,1160.0,,15.0
simu5g_00000411,15,1,18,1160.0,,15.0
simu5g_00000411,15,1,19,1160.0,,15.0
simu5g_00000411,15,1,20,1160.0,,15.0
simu5g_00000411,15,1,21,1160.0,,15.0
simu5g_00000411,15,1,22,1160.0,,15.0
simu5g_00000411,15,1,23,1160.0,,15.0
simu5g_00000411,15,1,24,1160.0,,15.0
simu5g_00000411,31,2,0,984.0,,13.0
simu5g_00000411,31,2,1,888.0,,12.0
simu5g_00000411,31,2,2,1160.0,,15.0
simu5g_00000411,31,2,3,1128.0,,14.0
simu5g_00000411,31,2,4,1128.0,,14.0
simu5g_00000411,31,2,5,984.0,,13.0
simu5g_00000411,31,2,6,1160.0,,15.0
simu5g_00000411,31,2,7,984.0,,13.0
simu5g_00000411,31,2,8,1160.0,,15.0
simu5g_00000411,31,2,9,1160.0,,15.0
simu5g_00000411,31,2,10,1128.0,,14.0
simu5g_00000411,31,2,11,984.0,,13.0
simu5g_00000411,31,2,12,432.0,,7.0
simu5g_00000411,31,2,13,1128.0,,14.0
simu5g_00000411,31,2,14,1160.0,,15.0
simu5g_00000411,31,2,15,1160.0,,15.0
simu5g_00000411,31,2,16,984.0,,13.0
simu5g_00000411,31,2,17,1160.0,,15.0
simu5g_00000411,31,2,18,1160.0,,15.0
simu5g_00000411,31,2,19,984.0,,13.0
simu5g_00000411,31,2,20,984.0,,13.0
simu5g_00000411,31,2,21,1128.0,,14.0
simu5g_00000411,31,2,22,984.0,,13.0
simu5g_00000411,31,2,23,1160.0,,15.0
simu5g_00000411,31,2,24,1160.0,,15.0
simu5g_00000412,0,0,0,1160.0,,15.0
simu5g_00000412,0,0,1,888.0,,12.0
simu5g_00000412,0,0,2,1160.0,,15.0
simu5g_00000412,0,0,3,1128.0,,14.0
simu5g_00000412,0,0,4,1160.0,,15.0
simu5g_00000412,0,0,5,1128.0,,14.0
simu5g_00000412,0,0,6,1160.0,,15.0
simu5g_00000412,0,0,7,1160.0,,15.0
simu5g_00000412,0,0,8,1128.0,,14.0
simu5g_00000412,0,0,9,1160.0,,15.0
simu5g_00000412,0,0,10,1160.0,,15.0
simu5g_00000412,0,0,11,1160.0,,15.0
simu5g_00000412,0,0,12,1160.0,,15.0
simu5g_00000412,0,0,13,1160.0,,15.0
simu5g_00000412,0,0,14,1160.0,,15.0
simu5g_00000412,0,0,15,1160.0,,15.0
simu5g_00000412,0,0,16,1160.0,,15.0
simu5g_00000412,0,0,17,1160.0,,15.0
simu5g_00000412,0,0,18,1160.0,,15.0
simu5g_00000412,0,0,19,1160.0,,15.0
simu5g_00000412,0,0,20,1160.0,,15.0
simu5g_00000412,0,0,21,1128.0,,14.0
simu5g_00000412,0,0,22,1160.0,,15.0
simu5g_00000412,0,0,23,1160.0,,15.0
simu5g_00000412,0,0,24,1160.0,,15.0
simu5g_00000412,2,1,0,1160.0,,15.0
simu5g_00000412,2,1,1,1160.0,,15.0
simu5g_00000412,2,1,2,1160.0,,15.0
simu5g_00000412,2,1,3,1160.0,,15.0
simu5g_00000412,2,1,4,1160.0,,15.0
simu5g_00000412,2,1,5,1160.0,,15.0
simu5g_00000412,2,1,6,1160.0,,15.0
simu5g_00000412,2,1,7,1128.0,,14.0
simu5g_00000412,2,1,8,1160.0,,15.0
simu5g_00000412,2,1,9,1160.0,,15.0
simu5g_00000412,2,1,10,1160.0,,15.0
simu5g_00000412,2,1,11,1128.0,,14.0
simu5g_00000412,2,1,12,1160.0,,15.0
simu5g_00000412,2,1,13,1160.0,,15.0
simu5g_00000412,2,1,14,1160.0,,15.0
simu5g_00000412,2,1,15,1160.0,,15.0
simu5g_00000412,2,1,16,1160.0,,15.0
simu5g_00000412,2,1,17,1160.0,,15.0
simu5g_00000412,2,1,18,1160.0,,15.0
simu5g_00000412,2,1,19,1160.0,,15.0
simu5g_00000412,2,1,20,1160.0,,15.0
simu5g_00000412,2,1,21,1160.0,,15.0
simu5g_00000412,2,1,22,1160.0,,15.0
simu5g_00000412,2,1,23,1160.0,,15.0
simu5g_00000412,2,1,24,1160.0,,15.0
simu5g_00000412,3,2,0,984.0,,13.0
simu5g_00000412,3,2,1,1160.0,,15.0
simu5g_00000412,3,2,2,1128.0,,14.0
simu5g_00000412,3,2,3,1128.0,,14.0
simu5g_00000412,3,2,4,1160.0,,15.0
simu5g_00000412,3,2,5,1160.0,,15.0
simu5g_00000412,3,2,6,1128.0,,14.0
simu5g_00000412,3,2,7,1128.0,,14.0
simu5g_00000412,3,2,8,704.0,,10.0
simu5g_00000412,3,2,9,704.0,,10.0
simu5g_00000412,3,2,10,1128.0,,14.0
simu5g_00000412,3,2,11,1128.0,,14.0
simu5g_00000412,3,2,12,1128.0,,14.0
simu5g_00000412,3,2,13,1160.0,,15.0
simu5g_00000412,3,2,14,1160.0,,15.0
simu5g_00000412,3,2,15,1128.0,,14.0
simu5g_00000412,3,2,16,1160.0,,15.0
simu5g_00000412,3,2,17,1128.0,,14.0
simu5g_00000412,3,2,18,1128.0,,14.0
simu5g_00000412,3,2,19,1128.0,,14.0
simu5g_00000412,3,2,20,1128.0,,14.0
simu5g_00000412,3,2,21,984.0,,13.0
simu5g_00000412,3,2,22,984.0,,13.0
simu5g_00000412,3,2,23,1128.0,,14.0
simu5g_00000412,3,2,24,984.0,,13.0
simu5g_00000412,4,3,0,1160.0,,15.0
simu5g_00000412,4,3,1,984.0,,13.0
simu5g_00000412,4,3,2,1160.0,,15.0
simu5g_00000412,4,3,3,608.0,,9.0
simu5g_00000412,4,3,4,1160.0,,15.0
simu5g_00000412,4,3,5,1160.0,,15.0
simu5g_00000412,4,3,6,1160.0,,15.0
simu5g_00000412,4,3,7,808.0,,11.0
simu5g_00000412,4,3,8,984.0,,13.0
simu5g_00000412,4,3,9,1128.0,,14.0
simu5g_00000412,4,3,10,1128.0,,14.0
simu5g_00000412,4,3,11,1160.0,,15.0
simu5g_00000412,4,3,12,1160.0,,15.0
simu5g_00000412,4,3,13,1128.0,,14.0
simu5g_00000412,4,3,14,1160.0,,15.0
simu5g_00000412,4,3,15,984.0,,13.0
simu5g_00000412,4,3,16,1128.0,,14.0
simu5g_00000412,4,3,17,1128.0,,14.0
simu5g_00000412,4,3,18,1160.0,,15.0
simu5g_00000412,4,3,19,1160.0,,15.0
simu5g_00000412,4,3,20,1128.0,,14.0
simu5g_00000412,4,3,21,1128.0,,14.0
simu5g_00000412,4,3,22,1160.0,,15.0
simu5g_00000412,4,3,23,1160.0,,15.0
simu5g_00000412,4,3,24,1128.0,,14.0
simu5g_00000412,5,4,0,1160.0,,15.0
simu5g_00000412,5,4,1,1128.0,,14.0
simu5g_00000412,5,4,2,1160.0,,15.0
simu5g_00000412,5,4,3,1128.0,,14.0
simu5g_00000412,5,4,4,1160.0,,15.0
simu5g_00000412,5,4,5,1128.0,,14.0
simu5g_00000412,5,4,6,1160.0,,15.0
simu5g_00000412,5,4,7,1128.0,,14.0
simu5g_00000412,5,4,8,1128.0,,14.0
simu5g_00000412,5,4,9,1160.0,,15.0
simu5g_00000412,5,4,10,1160.0,,15.0
simu5g_00000412,5,4,11,1160.0,,15.0
simu5g_00000412,5,4,12,1160.0,,15.0
simu5g_00000412,5,4,13,1128.0,,14.0
simu5g_00000412,5,4,14,984.0,,13.0
simu5g_00000412,5,4,15,1128.0,,14.0
simu5g_00000412,5,4,16,608.0,,9.0
simu5g_00000412,5,4,17,1160.0,,15.0
simu5g_00000412,5,4,18,1160.0,,15.0
simu5g_00000412,5,4,19,1160.0,,15.0
simu5g_00000412,5,4,20,1128.0,,14.0
simu5g_00000412,5,4,21,984.0,,13.0
simu5g_00000412,5,4,22,1160.0,,15.0
simu5g_00000412,5,4,23,1128.0,,14.0
simu5g_00000412,5,4,24,1128.0,,14.0
simu5g_00000413,0,0,0,1160.0,,15.0
simu5g_00000413,0,0,1,808.0,,11.0
simu5g_00000413,0,0,2,1160.0,,15.0
simu5g_00000413,0,0,3,1128.0,,14.0
simu5g_00000413,0,0,4,1160.0,,15.0
simu5g_00000413,0,0,5,1128.0,,14.0
simu5g_00000413,0,0,6,1160.0,,15.0
simu5g_00000413,0,0,7,1160.0,,15.0
simu5g_00000413,0,0,8,984.0,,13.0
simu5g_00000413,0,0,9,1160.0,,15.0
simu5g_00000413,0,0,10,1160.0,,15.0
simu5g_00000413,0,0,11,1160.0,,15.0
simu5g_00000413,0,0,12,1160.0,,15.0
simu5g_00000413,0,0,13,1160.0,,15.0
simu5g_00000413,0,0,14,1160.0,,15.0
simu5g_00000413,0,0,15,1160.0,,15.0
simu5g_00000413,0,0,16,1160.0,,15.0
simu5g_00000413,0,0,17,1160.0,,15.0
simu5g_00000413,0,0,18,1160.0,,15.0
simu5g_00000413,0,0,19,1160.0,,15.0
simu5g_00000413,0,0,20,1160.0,,15.0
simu5g_00000413,0,0,21,1128.0,,14.0
simu5g_00000413,0,0,22,1160.0,,15.0
simu5g_00000413,0,0,23,1160.0,,15.0
simu5g_00000413,0,0,24,1160.0,,15.0
simu5g_00000413,15,1,0,1160.0,,15.0
simu5g_00000413,15,1,1,1160.0,,15.0
simu5g_00000413,15,1,2,1160.0,,15.0
simu5g_00000413,15,1,3,1160.0,,15.0
simu5g_00000413,15,1,4,1160.0,,15.0
simu5g_00000413,15,1,5,1160.0,,15.0
simu5g_00000413,15,1,6,1160.0,,15.0
simu5g_00000413,15,1,7,1160.0,,15.0
simu5g_00000413,15,1,8,1160.0,,15.0
simu5g_00000413,15,1,9,1160.0,,15.0
simu5g_00000413,15,1,10,1160.0,,15.0
simu5g_00000413,15,1,11,1160.0,,15.0
simu5g_00000413,15,1,12,1160.0,,15.0
simu5g_00000413,15,1,13,1160.0,,15.0
simu5g_00000413,15,1,14,1160.0,,15.0
simu5g_00000413,15,1,15,1160.0,,15.0
simu5g_00000413,15,1,16,1160.0,,15.0
simu5g_00000413,15,1,17,1160.0,,15.0
simu5g_00000413,15,1,18,1160.0,,15.0
simu5g_00000413,15,1,19,1160.0,,15.0
simu5g_00000413,15,1,20,1160.0,,15.0
simu5g_00000413,15,1,21,1160.0,,15.0
simu5g_00000413,15,1,22,1160.0,,15.0
simu5g_00000413,15,1,23,1160.0,,15.0
simu5g_00000413,15,1,24,1160.0,,15.0
simu5g_00000413,31,2,0,1128.0,,14.0
simu5g_00000413,31,2,1,1128.0,,14.0
simu5g_00000413,31,2,2,1160.0,,15.0
simu5g_00000413,31,2,3,1160.0,,15.0
simu5g_00000413,31,2,4,1160.0,,15.0
simu5g_00000413,31,2,5,1160.0,,15.0
simu5g_00000413,31,2,6,1160.0,,15.0
simu5g_00000413,31,2,7,1160.0,,15.0
simu5g_00000413,31,2,8,1160.0,,15.0
simu5g_00000413,31,2,9,1160.0,,15.0
simu5g_00000413,31,2,10,1160.0,,15.0
simu5g_00000413,31,2,11,1128.0,,14.0
simu5g_00000413,31,2,12,808.0,,11.0
simu5g_00000413,31,2,13,1160.0,,15.0
simu5g_00000413,31,2,14,1160.0,,15.0
simu5g_00000413,31,2,15,1160.0,,15.0
simu5g_00000413,31,2,16,1160.0,,15.0
simu5g_00000413,31,2,17,1160.0,,15.0
simu5g_00000413,31,2,18,1160.0,,15.0
simu5g_00000413,31,2,19,1128.0,,14.0
simu5g_00000413,31,2,20,1128.0,,14.0
simu5g_00000413,31,2,21,1160.0,,15.0
simu5g_00000413,31,2,22,1160.0,,15.0
simu5g_00000413,31,2,23,1160.0,,15.0
simu5g_00000413,31,2,24,1160.0,,15.0
simu5g_00000414,1,0,0,1160.0,,15.0
simu5g_00000414,1,0,1,1128.0,,14.0
simu5g_00000414,1,0,2,1128.0,,14.0
simu5g_00000414,1,0,3,1160.0,,15.0
simu5g_00000414,1,0,4,1128.0,,14.0
simu5g_00000414,1,0,5,1160.0,,15.0
simu5g_00000414,1,0,6,1128.0,,14.0
simu5g_00000414,1,0,7,984.0,,13.0
simu5g_00000414,1,0,8,808.0,,11.0
simu5g_00000414,1,0,9,1160.0,,15.0
simu5g_00000414,1,0,10,1128.0,,14.0
simu5g_00000414,1,0,11,1128.0,,14.0
simu5g_00000414,1,0,12,1128.0,,14.0
simu5g_00000414,1,0,13,1160.0,,15.0
simu5g_00000414,1,0,14,1160.0,,15.0
simu5g_00000414,1,0,15,1160.0,,15.0
simu5g_00000414,1,0,16,1128.0,,14.0
simu5g_00000414,1,0,17,1128.0,,14.0
simu5g_00000414,1,0,18,1128.0,,14.0
simu5g_00000414,1,0,19,1160.0,,15.0
simu5g_00000414,1,0,20,1160.0,,15.0
simu5g_00000414,1,0,21,704.0,,10.0
simu5g_00000414,1,0,22,1160.0,,15.0
simu5g_00000414,1,0,23,984.0,,13.0
simu5g_00000414,1,0,24,1160.0,,15.0
simu5g_00000414,2,1,0,1160.0,,15.0
simu5g_00000414,2,1,1,1160.0,,15.0
simu5g_00000414,2,1,2,1160.0,,15.0
simu5g_00000414,2,1,3,1160.0,,15.0
simu5g_00000414,2,1,4,1160.0,,15.0
simu5g_00000414,2,1,5,1160.0,,15.0
simu5g_00000414,2,1,6,1160.0,,15.0
simu5g_00000414,2,1,7,1128.0,,14.0
simu5g_00000414,2,1,8,1160.0,,15.0
simu5g_00000414,2,1,9,1160.0,,15.0
simu5g_00000414,2,1,10,1160.0,,15.0
simu5g_00000414,2,1,11,1128.0,,14.0
simu5g_00000414,2,1,12,1160.0,,15.0
simu5g_00000414,2,1,13,1160.0,,15.0
simu5g_00000414,2,1,14,1160.0,,15.0
simu5g_00000414,2,1,15,1160.0,,15.0
simu5g_00000414,2,1,16,1160.0,,15.0
simu5g_00000414,2,1,17,1160.0,,15.0
simu5g_00000414,2,1,18,1160.0,,15.0
simu5g_00000414,2,1,19,1160.0,,15.0
simu5g_00000414,2,1,20,1160.0,,15.0
simu5g_00000414,2,1,21,1160.0,,15.0
simu5g_00000414,2,1,22,1160.0,,15.0
simu5g_00000414,2,1,23,1160.0,,15.0
simu5g_00000414,2,1,24,1160.0,,15.0
simu5g_00000414,3,2,0,984.0,,13.0
simu5g_00000414,3,2,1,1160.0,,15.0
simu5g_00000414,3,2,2,1128.0,,14.0
simu5g_00000414,3,2,3,1128.0,,14.0
simu5g_00000414,3,2,4,1160.0,,15.0
simu5g_00000414,3,2,5,1160.0,,15.0
simu5g_00000414,3,2,6,1128.0,,14.0
simu5g_00000414,3,2,7,1128.0,,14.0
simu5g_00000414,3,2,8,704.0,,10.0
simu5g_00000414,3,2,9,704.0,,10.0
simu5g_00000414,3,2,10,1128.0,,14.0
simu5g_00000414,3,2,11,1128.0,,14.0
simu5g_00000414,3,2,12,1128.0,,14.0
simu5g_00000414,3,2,13,1160.0,,15.0
simu5g_00000414,3,2,14,1160.0,,15.0
simu5g_00000414,3,2,15,1128.0,,14.0
simu5g_00000414,3,2,16,1160.0,,15.0
simu5g_00000414,3,2,17,1128.0,,14.0
simu5g_00000414,3,2,18,1128.0,,14.0
simu5g_00000414,3,2,19,1128.0,,14.0
simu5g_00000414,3,2,20,1128.0,,14.0
simu5g_00000414,3,2,21,984.0,,13.0
simu5g_00000414,3,2,22,984.0,,13.0
simu5g_00000414,3,2,23,1128.0,,14.0
simu5g_00000414,3,2,24,984.0,,13.0
simu5g_00000414,4,3,0,1160.0,,15.0
simu5g_00000414,4,3,1,1160.0,,15.0
simu5g_00000414,4,3,2,1160.0,,15.0
simu5g_00000414,4,3,3,888.0,,12.0
simu5g_00000414,4,3,4,1160.0,,15.0
simu5g_00000414,4,3,5,1160.0,,15.0
simu5g_00000414,4,3,6,1160.0,,15.0
simu5g_00000414,4,3,7,984.0,,13.0
simu5g_00000414,4,3,8,1160.0,,15.0
simu5g_00000414,4,3,9,1160.0,,15.0
simu5g_00000414,4,3,10,1160.0,,15.0
simu5g_00000414,4,3,11,1160.0,,15.0
simu5g_00000414,4,3,12,1160.0,,15.0
simu5g_00000414,4,3,13,1160.0,,15.0
simu5g_00000414,4,3,14,1160.0,,15.0
simu5g_00000414,4,3,15,1160.0,,15.0
simu5g_00000414,4,3,16,1160.0,,15.0
simu5g_00000414,4,3,17,1160.0,,15.0
simu5g_00000414,4,3,18,1160.0,,15.0
simu5g_00000414,4,3,19,1160.0,,15.0
simu5g_00000414,4,3,20,1160.0,,15.0
simu5g_00000414,4,3,21,1160.0,,15.0
simu5g_00000414,4,3,22,1160.0,,15.0
simu5g_00000414,4,3,23,1160.0,,15.0
simu5g_00000414,4,3,24,1160.0,,15.0
simu5g_00000414,5,4,0,1160.0,,15.0
simu5g_00000414,5,4,1,1128.0,,14.0
simu5g_00000414,5,4,2,1160.0,,15.0
simu5g_00000414,5,4,3,1128.0,,14.0
simu5g_00000414,5,4,4,1160.0,,15.0
simu5g_00000414,5,4,5,1128.0,,14.0
simu5g_00000414,5,4,6,1160.0,,15.0
simu5g_00000414,5,4,7,1128.0,,14.0
simu5g_00000414,5,4,8,1128.0,,14.0
simu5g_00000414,5,4,9,1160.0,,15.0
simu5g_00000414,5,4,10,1160.0,,15.0
simu5g_00000414,5,4,11,1160.0,,15.0
simu5g_00000414,5,4,12,1160.0,,15.0
simu5g_00000414,5,4,13,1128.0,,14.0
simu5g_00000414,5,4,14,984.0,,13.0
simu5g_00000414,5,4,15,1128.0,,14.0
simu5g_00000414,5,4,16,608.0,,9.0
simu5g_00000414,5,4,17,1160.0,,15.0
simu5g_00000414,5,4,18,1160.0,,15.0
simu5g_00000414,5,4,19,1160.0,,15.0
simu5g_00000414,5,4,20,1128.0,,14.0
simu5g_00000414,5,4,21,984.0,,13.0
simu5g_00000414,5,4,22,1160.0,,15.0
simu5g_00000414,5,4,23,1128.0,,14.0
simu5g_00000414,5,4,24,1128.0,,14.0
simu5g_00000415,0,0,0,1160.0,,15.0
simu5g_00000415,0,0,1,704.0,,10.0
simu5g_00000415,0,0,2,1160.0,,15.0
simu5g_00000415,0,0,3,1128.0,,14.0
simu5g_00000415,0,0,4,1160.0,,15.0
simu5g_00000415,0,0,5,1128.0,,14.0
simu5g_00000415,0,0,6,1128.0,,14.0
simu5g_00000415,0,0,7,1160.0,,15.0
simu5g_00000415,0,0,8,984.0,,13.0
simu5g_00000415,0,0,9,1160.0,,15.0
simu5g_00000415,0,0,10,1160.0,,15.0
simu5g_00000415,0,0,11,1160.0,,15.0
simu5g_00000415,0,0,12,1160.0,,15.0
simu5g_00000415,0,0,13,1160.0,,15.0
simu5g_00000415,0,0,14,1160.0,,15.0
simu5g_00000415,0,0,15,1160.0,,15.0
simu5g_00000415,0,0,16,1128.0,,14.0
simu5g_00000415,0,0,17,1160.0,,15.0
simu5g_00000415,0,0,18,1160.0,,15.0
simu5g_00000415,0,0,19,1128.0,,14.0
simu5g_00000415,0,0,20,1160.0,,15.0
simu5g_00000415,0,0,21,984.0,,13.0
simu5g_00000415,0,0,22,1160.0,,15.0
simu5g_00000415,0,0,23,1160.0,,15.0
simu5g_00000415,0,0,24,1128.0,,14.0
simu5g_00000415,15,1,0,1160.0,,15.0
simu5g_00000415,15,1,1,1160.0,,15.0
simu5g_00000415,15,1,2,1160.0,,15.0
simu5g_00000415,15,1,3,1160.0,,15.0
simu5g_00000415,15,1,4,1160.0,,15.0
simu5g_00000415,15,1,5,1160.0,,15.0
simu5g_00000415,15,1,6,1160.0,,15.0
simu5g_00000415,15,1,7,1160.0,,15.0
simu5g_00000415,15,1,8,1160.0,,15.0
simu5g_00000415,15,1,9,1160.0,,15.0
simu5g_00000415,15,1,10,1160.0,,15.0
simu5g_00000415,15,1,11,1160.0,,15.0
simu5g_00000415,15,1,12,1160.0,,15.0
simu5g_00000415,15,1,13,1160.0,,15.0
simu5g_00000415,15,1,14,1160.0,,15.0
simu5g_00000415,15,1,15,1160.0,,15.0
simu5g_00000415,15,1,16,1160.0,,15.0
simu5g_00000415,15,1,17,1160.0,,15.0
simu5g_00000415,15,1,18,1160.0,,15.0
simu5g_00000415,15,1,19,1160.0,,15.0
simu5g_00000415,15,1,20,1160.0,,15.0
simu5g_00000415,15,1,21,1160.0,,15.0
simu5g_00000415,15,1,22,1160.0,,15.0
simu5g_00000415,15,1,23,1160.0,,15.0
simu5g_00000415,15,1,24,1160.0,,15.0
simu5g_00000415,31,2,0,1128.0,,14.0
simu5g_00000415,31,2,1,1128.0,,14.0
simu5g_00000415,31,2,2,1160.0,,15.0
simu5g_00000415,31,2,3,1160.0,,15.0
simu5g_00000415,31,2,4,1160.0,,15.0
simu5g_00000415,31,2,5,1160.0,,15.0
simu5g_00000415,31,2,6,1160.0,,15.0
simu5g_00000415,31,2,7,1160.0,,15.0
simu5g_00000415,31,2,8,1160.0,,15.0
simu5g_00000415,31,2,9,1160.0,,15.0
simu5g_00000415,31,2,10,1160.0,,15.0
simu5g_00000415,31,2,11,1128.0,,14.0
simu5g_00000415,31,2,12,808.0,,11.0
simu5g_00000415,31,2,13,1160.0,,15.0
simu5g_00000415,31,2,14,1160.0,,15.0
simu5g_00000415,31,2,15,1160.0,,15.0
simu5g_00000415,31,2,16,1160.0,,15.0
simu5g_00000415,31,2,17,1160.0,,15.0
simu5g_00000415,31,2,18,1160.0,,15.0
simu5g_00000415,31,2,19,1128.0,,14.0
simu5g_00000415,31,2,20,1128.0,,14.0
simu5g_00000415,31,2,21,1160.0,,15.0
simu5g_00000415,31,2,22,1160.0,,15.0
simu5g_00000415,31,2,23,1160.0,,15.0
simu5g_00000415,31,2,24,1160.0,,15.0
simu5g_00000416,1,0,0,1160.0,,15.0
simu5g_00000416,1,0,1,1128.0,,14.0
simu5g_00000416,1,0,2,1128.0,,14.0
simu5g_00000416,1,0,3,1160.0,,15.0
simu5g_00000416,1,0,4,1128.0,,14.0
simu5g_00000416,1,0,5,1160.0,,15.0
simu5g_00000416,1,0,6,1128.0,,14.0
simu5g_00000416,1,0,7,984.0,,13.0
simu5g_00000416,1,0,8,808.0,,11.0
simu5g_00000416,1,0,9,1160.0,,15.0
simu5g_00000416,1,0,10,1128.0,,14.0
simu5g_00000416,1,0,11,1128.0,,14.0
simu5g_00000416,1,0,12,1128.0,,14.0
simu5g_00000416,1,0,13,1160.0,,15.0
simu5g_00000416,1,0,14,1160.0,,15.0
simu5g_00000416,1,0,15,1160.0,,15.0
simu5g_00000416,1,0,16,1128.0,,14.0
simu5g_00000416,1,0,17,1128.0,,14.0
simu5g_00000416,1,0,18,1128.0,,14.0
simu5g_00000416,1,0,19,1160.0,,15.0
simu5g_00000416,1,0,20,1160.0,,15.0
simu5g_00000416,1,0,21,704.0,,10.0
simu5g_00000416,1,0,22,1160.0,,15.0
simu5g_00000416,1,0,23,984.0,,13.0
simu5g_00000416,1,0,24,1160.0,,15.0
simu5g_00000416,2,1,0,1160.0,,15.0
simu5g_00000416,2,1,1,1160.0,,15.0
simu5g_00000416,2,1,2,1160.0,,15.0
simu5g_00000416,2,1,3,1160.0,,15.0
simu5g_00000416,2,1,4,1160.0,,15.0
simu5g_00000416,2,1,5,1160.0,,15.0
simu5g_00000416,2,1,6,1160.0,,15.0
simu5g_00000416,2,1,7,1128.0,,14.0
simu5g_00000416,2,1,8,1160.0,,15.0
simu5g_00000416,2,1,9,1160.0,,15.0
simu5g_00000416,2,1,10,1160.0,,15.0
simu5g_00000416,2,1,11,1160.0,,15.0
simu5g_00000416,2,1,12,1160.0,,15.0
simu5g_00000416,2,1,13,1160.0,,15.0
simu5g_00000416,2,1,14,1160.0,,15.0
simu5g_00000416,2,1,15,1160.0,,15.0
simu5g_00000416,2,1,16,1160.0,,15.0
simu5g_00000416,2,1,17,1160.0,,15.0
simu5g_00000416,2,1,18,1160.0,,15.0
simu5g_00000416,2,1,19,1160.0,,15.0
simu5g_00000416,2,1,20,1160.0,,15.0
simu5g_00000416,2,1,21,1160.0,,15.0
simu5g_00000416,2,1,22,1160.0,,15.0
simu5g_00000416,2,1,23,1160.0,,15.0
simu5g_00000416,2,1,24,1160.0,,15.0
simu5g_00000416,3,2,0,1128.0,,14.0
simu5g_00000416,3,2,1,1160.0,,15.0
simu5g_00000416,3,2,2,1160.0,,15.0
simu5g_00000416,3,2,3,1160.0,,15.0
simu5g_00000416,3,2,4,1160.0,,15.0
simu5g_00000416,3,2,5,1160.0,,15.0
simu5g_00000416,3,2,6,1160.0,,15.0
simu5g_00000416,3,2,7,1160.0,,15.0
simu5g_00000416,3,2,8,984.0,,13.0
simu5g_00000416,3,2,9,984.0,,13.0
simu5g_00000416,3,2,10,1160.0,,15.0
simu5g_00000416,3,2,11,1160.0,,15.0
simu5g_00000416,3,2,12,1160.0,,15.0
simu5g_00000416,3,2,13,1160.0,,15.0
simu5g_00000416,3,2,14,1160.0,,15.0
simu5g_00000416,3,2,15,1160.0,,15.0
simu5g_00000416,3,2,16,1160.0,,15.0
simu5g_00000416,3,2,17,1160.0,,15.0
simu5g_00000416,3,2,18,1160.0,,15.0
simu5g_00000416,3,2,19,1160.0,,15.0
simu5g_00000416,3,2,20,1160.0,,15.0
simu5g_00000416,3,2,21,1160.0,,15.0
simu5g_00000416,3,2,22,1128.0,,14.0
simu5g_00000416,3,2,23,1160.0,,15.0
simu5g_00000416,3,2,24,1128.0,,14.0
simu5g_00000416,4,3,0,1160.0,,15.0
simu5g_00000416,4,3,1,1160.0,,15.0
simu5g_00000416,4,3,2,1160.0,,15.0
simu5g_00000416,4,3,3,888.0,,12.0
simu5g_00000416,4,3,4,1160.0,,15.0
simu5g_00000416,4,3,5,1160.0,,15.0
simu5g_00000416,4,3,6,1160.0,,15.0
simu5g_00000416,4,3,7,984.0,,13.0
simu5g_00000416,4,3,8,1160.0,,15.0
simu5g_00000416,4,3,9,1160.0,,15.0
simu5g_00000416,4,3,10,1160.0,,15.0
simu5g_00000416,4,3,11,1160.0,,15.0
simu5g_00000416,4,3,12,1160.0,,15.0
simu5g_00000416,4,3,13,1160.0,,15.0
simu5g_00000416,4,3,14,1160.0,,15.0
simu5g_00000416,4,3,15,1160.0,,15.0
simu5g_00000416,4,3,16,1160.0,,15.0
simu5g_00000416,4,3,17,1160.0,,15.0
simu5g_00000416,4,3,18,1160.0,,15.0
simu5g_00000416,4,3,19,1160.0,,15.0
simu5g_00000416,4,3,20,1160.0,,15.0
simu5g_00000416,4,3,21,1160.0,,15.0
simu5g_00000416,4,3,22,1160.0,,15.0
simu5g_00000416,4,3,23,1160.0,,15.0
simu5g_00000416,4,3,24,1160.0,,15.0
simu5g_00000416,5,4,0,1160.0,,15.0
simu5g_00000416,5,4,1,1128.0,,14.0
simu5g_00000416,5,4,2,1160.0,,15.0
simu5g_00000416,5,4,3,1128.0,,14.0
simu5g_00000416,5,4,4,1160.0,,15.0
simu5g_00000416,5,4,5,1128.0,,14.0
simu5g_00000416,5,4,6,1160.0,,15.0
simu5g_00000416,5,4,7,1128.0,,14.0
simu5g_00000416,5,4,8,1128.0,,14.0
simu5g_00000416,5,4,9,1160.0,,15.0
simu5g_00000416,5,4,10,1160.0,,15.0
simu5g_00000416,5,4,11,1160.0,,15.0
simu5g_00000416,5,4,12,1160.0,,15.0
simu5g_00000416,5,4,13,1128.0,,14.0
simu5g_00000416,5,4,14,984.0,,13.0
simu5g_00000416,5,4,15,1128.0,,14.0
simu5g_00000416,5,4,16,608.0,,9.0
simu5g_00000416,5,4,17,1160.0,,15.0
simu5g_00000416,5,4,18,1160.0,,15.0
simu5g_00000416,5,4,19,1160.0,,15.0
simu5g_00000416,5,4,20,1128.0,,14.0
simu5g_00000416,5,4,21,984.0,,13.0
simu5g_00000416,5,4,22,1160.0,,15.0
simu5g_00000416,5,4,23,1128.0,,14.0
simu5g_00000416,5,4,24,1128.0,,14.0
simu5g_00000417,0,0,0,1160.0,,15.0
simu5g_00000417,0,0,1,704.0,,10.0
simu5g_00000417,0,0,2,1160.0,,15.0
simu5g_00000417,0,0,3,1128.0,,14.0
simu5g_00000417,0,0,4,1160.0,,15.0
simu5g_00000417,0,0,5,1128.0,,14.0
simu5g_00000417,0,0,6,1128.0,,14.0
simu5g_00000417,0,0,7,1160.0,,15.0
simu5g_00000417,0,0,8,984.0,,13.0
simu5g_00000417,0,0,9,1160.0,,15.0
simu5g_00000417,0,0,10,1160.0,,15.0
simu5g_00000417,0,0,11,1160.0,,15.0
simu5g_00000417,0,0,12,1160.0,,15.0
simu5g_00000417,0,0,13,1160.0,,15.0
simu5g_00000417,0,0,14,1160.0,,15.0
simu5g_00000417,0,0,15,1160.0,,15.0
simu5g_00000417,0,0,16,1128.0,,14.0
simu5g_00000417,0,0,17,1160.0,,15.0
simu5g_00000417,0,0,18,1160.0,,15.0
simu5g_00000417,0,0,19,1128.0,,14.0
simu5g_00000417,0,0,20,1160.0,,15.0
simu5g_00000417,0,0,21,984.0,,13.0
simu5g_00000417,0,0,22,1160.0,,15.0
simu5g_00000417,0,0,23,1160.0,,15.0
simu5g_00000417,0,0,24,1128.0,,14.0
simu5g_00000417,15,1,0,1160.0,,15.0
simu5g_00000417,15,1,1,1160.0,,15.0
simu5g_00000417,15,1,2,1160.0,,15.0
simu5g_00000417,15,1,3,1160.0,,15.0
simu5g_00000417,15,1,4,1160.0,,15.0
simu5g_00000417,15,1,5,1160.0,,15.0
simu5g_00000417,15,1,6,1160.0,,15.0
simu5g_00000417,15,1,7,1160.0,,15.0
simu5g_00000417,15,1,8,1160.0,,15.0
simu5g_00000417,15,1,9,1160.0,,15.0
simu5g_00000417,15,1,10,1160.0,,15.0
simu5g_00000417,15,1,11,1160.0,,15.0
simu5g_00000417,15,1,12,1160.0,,15.0
simu5g_00000417,15,1,13,1160.0,,15.0
simu5g_00000417,15,1,14,1160.0,,15.0
simu5g_00000417,15,1,15,1160.0,,15.0
simu5g_00000417,15,1,16,1160.0,,15.0
simu5g_00000417,15,1,17,1160.0,,15.0
simu5g_00000417,15,1,18,1160.0,,15.0
simu5g_00000417,15,1,19,1160.0,,15.0
simu5g_00000417,15,1,20,1160.0,,15.0
simu5g_00000417,15,1,21,1160.0,,15.0
simu5g_00000417,15,1,22,1160.0,,15.0
simu5g_00000417,15,1,23,1160.0,,15.0
simu5g_00000417,15,1,24,1160.0,,15.0
simu5g_00000417,31,2,0,1128.0,,14.0
simu5g_00000417,31,2,1,1128.0,,14.0
simu5g_00000417,31,2,2,1160.0,,15.0
simu5g_00000417,31,2,3,1160.0,,15.0
simu5g_00000417,31,2,4,1160.0,,15.0
simu5g_00000417,31,2,5,1160.0,,15.0
simu5g_00000417,31,2,6,1160.0,,15.0
simu5g_00000417,31,2,7,1160.0,,15.0
simu5g_00000417,31,2,8,1160.0,,15.0
simu5g_00000417,31,2,9,1160.0,,15.0
simu5g_00000417,31,2,10,1160.0,,15.0
simu5g_00000417,31,2,11,1128.0,,14.0
simu5g_00000417,31,2,12,808.0,,11.0
simu5g_00000417,31,2,13,1160.0,,15.0
simu5g_00000417,31,2,14,1160.0,,15.0
simu5g_00000417,31,2,15,1160.0,,15.0
simu5g_00000417,31,2,16,1160.0,,15.0
simu5g_00000417,31,2,17,1160.0,,15.0
simu5g_00000417,31,2,18,1160.0,,15.0
simu5g_00000417,31,2,19,1128.0,,14.0
simu5g_00000417,31,2,20,1128.0,,14.0
simu5g_00000417,31,2,21,1160.0,,15.0
simu5g_00000417,31,2,22,1160.0,,15.0
simu5g_00000417,31,2,23,1160.0,,15.0
simu5g_00000417,31,2,24,1160.0,,15.0
simu5g_00000418,1,0,0,1160.0,,15.0
simu5g_00000418,1,0,1,1128.0,,14.0
simu5g_00000418,1,0,2,1128.0,,14.0
simu5g_00000418,1,0,3,1160.0,,15.0
simu5g_00000418,1,0,4,1128.0,,14.0
simu5g_00000418,1,0,5,1160.0,,15.0
simu5g_00000418,1,0,6,1128.0,,14.0
simu5g_00000418,1,0,7,984.0,,13.0
simu5g_00000418,1,0,8,808.0,,11.0
simu5g_00000418,1,0,9,1160.0,,15.0
simu5g_00000418,1,0,10,1128.0,,14.0
simu5g_00000418,1,0,11,1128.0,,14.0
simu5g_00000418,1,0,12,1128.0,,14.0
simu5g_00000418,1,0,13,1160.0,,15.0
simu5g_00000418,1,0,14,1160.0,,15.0
simu5g_00000418,1,0,15,1160.0,,15.0
simu5g_00000418,1,0,16,1128.0,,14.0
simu5g_00000418,1,0,17,1128.0,,14.0
simu5g_00000418,1,0,18,1128.0,,14.0
simu5g_00000418,1,0,19,1160.0,,15.0
simu5g_00000418,1,0,20,1160.0,,15.0
simu5g_00000418,1,0,21,704.0,,10.0
simu5g_00000418,1,0,22,1160.0,,15.0
simu5g_00000418,1,0,23,984.0,,13.0
simu5g_00000418,1,0,24,1160.0,,15.0
simu5g_00000418,2,1,0,1160.0,,15.0
simu5g_00000418,2,1,1,1160.0,,15.0
simu5g_00000418,2,1,2,1160.0,,15.0
simu5g_00000418,2,1,3,1160.0,,15.0
simu5g_00000418,2,1,4,1160.0,,15.0
simu5g_00000418,2,1,5,1160.0,,15.0
simu5g_00000418,2,1,6,1160.0,,15.0
simu5g_00000418,2,1,7,1128.0,,14.0
simu5g_00000418,2,1,8,1160.0,,15.0
simu5g_00000418,2,1,9,1160.0,,15.0
simu5g_00000418,2,1,10,1160.0,,15.0
simu5g_00000418,2,1,11,1160.0,,15.0
simu5g_00000418,2,1,12,1160.0,,15.0
simu5g_00000418,2,1,13,1160.0,,15.0
simu5g_00000418,2,1,14,1160.0,,15.0
simu5g_00000418,2,1,15,1160.0,,15.0
simu5g_00000418,2,1,16,1160.0,,15.0
simu5g_00000418,2,1,17,1160.0,,15.0
simu5g_00000418,2,1,18,1160.0,,15.0
simu5g_00000418,2,1,19,1160.0,,15.0
simu5g_00000418,2,1,20,1160.0,,15.0
simu5g_00000418,2,1,21,1160.0,,15.0
simu5g_00000418,2,1,22,1160.0,,15.0
simu5g_00000418,2,1,23,1160.0,,15.0
simu5g_00000418,2,1,24,1160.0,,15.0
simu5g_00000418,3,2,0,1128.0,,14.0
simu5g_00000418,3,2,1,1160.0,,15.0
simu5g_00000418,3,2,2,1160.0,,15.0
simu5g_00000418,3,2,3,1160.0,,15.0
simu5g_00000418,3,2,4,1160.0,,15.0
simu5g_00000418,3,2,5,1160.0,,15.0
simu5g_00000418,3,2,6,1160.0,,15.0
simu5g_00000418,3,2,7,1160.0,,15.0
simu5g_00000418,3,2,8,984.0,,13.0
simu5g_00000418,3,2,9,984.0,,13.0
simu5g_00000418,3,2,10,1160.0,,15.0
simu5g_00000418,3,2,11,1160.0,,15.0
simu5g_00000418,3,2,12,1160.0,,15.0
simu5g_00000418,3,2,13,1160.0,,15.0
simu5g_00000418,3,2,14,1160.0,,15.0
simu5g_00000418,3,2,15,1160.0,,15.0
simu5g_00000418,3,2,16,1160.0,,15.0
simu5g_00000418,3,2,17,1160.0,,15.0
simu5g_00000418,3,2,18,1160.0,,15.0
simu5g_00000418,3,2,19,1160.0,,15.0
simu5g_00000418,3,2,20,1160.0,,15.0
simu5g_00000418,3,2,21,1160.0,,15.0
simu5g_00000418,3,2,22,1128.0,,14.0
simu5g_00000418,3,2,23,1160.0,,15.0
simu5g_00000418,3,2,24,1128.0,,14.0
simu5g_00000418,4,3,0,1160.0,,15.0
simu5g_00000418,4,3,1,1160.0,,15.0
simu5g_00000418,4,3,2,1160.0,,15.0
simu5g_00000418,4,3,3,888.0,,12.0
simu5g_00000418,4,3,4,1160.0,,15.0
simu5g_00000418,4,3,5,1160.0,,15.0
simu5g_00000418,4,3,6,1160.0,,15.0
simu5g_00000418,4,3,7,984.0,,13.0
simu5g_00000418,4,3,8,1160.0,,15.0
simu5g_00000418,4,3,9,1160.0,,15.0
simu5g_00000418,4,3,10,1160.0,,15.0
simu5g_00000418,4,3,11,1160.0,,15.0
simu5g_00000418,4,3,12,1160.0,,15.0
simu5g_00000418,4,3,13,1160.0,,15.0
simu5g_00000418,4,3,14,1160.0,,15.0
simu5g_00000418,4,3,15,1160.0,,15.0
simu5g_00000418,4,3,16,1160.0,,15.0
simu5g_00000418,4,3,17,1160.0,,15.0
simu5g_00000418,4,3,18,1160.0,,15.0
simu5g_00000418,4,3,19,1160.0,,15.0
simu5g_00000418,4,3,20,1160.0,,15.0
simu5g_00000418,4,3,21,1160.0,,15.0
simu5g_00000418,4,3,22,1160.0,,15.0
simu5g_00000418,4,3,23,1160.0,,15.0
simu5g_00000418,4,3,24,1160.0,,15.0
simu5g_00000418,5,4,0,1160.0,,15.0
simu5g_00000418,5,4,1,1128.0,,14.0
simu5g_00000418,5,4,2,1160.0,,15.0
simu5g_00000418,5,4,3,1128.0,,14.0
simu5g_00000418,5,4,4,1160.0,,15.0
simu5g_00000418,5,4,5,1128.0,,14.0
simu5g_00000418,5,4,6,1160.0,,15.0
simu5g_00000418,5,4,7,1128.0,,14.0
simu5g_00000418,5,4,8,1128.0,,14.0
simu5g_00000418,5,4,9,1160.0,,15.0
simu5g_00000418,5,4,10,1160.0,,15.0
simu5g_00000418,5,4,11,1160.0,,15.0
simu5g_00000418,5,4,12,1160.0,,15.0
simu5g_00000418,5,4,13,1128.0,,14.0
simu5g_00000418,5,4,14,984.0,,13.0
simu5g_00000418,5,4,15,1128.0,,14.0
simu5g_00000418,5,4,16,608.0,,9.0
simu5g_00000418,5,4,17,1160.0,,15.0
simu5g_00000418,5,4,18,1160.0,,15.0
simu5g_00000418,5,4,19,1160.0,,15.0
simu5g_00000418,5,4,20,1128.0,,14.0
simu5g_00000418,5,4,21,984.0,,13.0
simu5g_00000418,5,4,22,1160.0,,15.0
simu5g_00000418,5,4,23,1128.0,,14.0
simu5g_00000418,5,4,24,1128.0,,14.0
simu5g_00000419,0,0,0,1160.0,,15.0
simu5g_00000419,0,0,1,704.0,,10.0
simu5g_00000419,0,0,2,1160.0,,15.0
simu5g_00000419,0,0,3,1128.0,,14.0
simu5g_00000419,0,0,4,1160.0,,15.0
simu5g_00000419,0,0,5,1128.0,,14.0
simu5g_00000419,0,0,6,1128.0,,14.0
simu5g_00000419,0,0,7,1160.0,,15.0
simu5g_00000419,0,0,8,984.0,,13.0
simu5g_00000419,0,0,9,1160.0,,15.0
simu5g_00000419,0,0,10,1160.0,,15.0
simu5g_00000419,0,0,11,1160.0,,15.0
simu5g_00000419,0,0,12,1160.0,,15.0
simu5g_00000419,0,0,13,1160.0,,15.0
simu5g_00000419,0,0,14,1160.0,,15.0
simu5g_00000419,0,0,15,1160.0,,15.0
simu5g_00000419,0,0,16,1128.0,,14.0
simu5g_00000419,0,0,17,1160.0,,15.0
simu5g_00000419,0,0,18,1160.0,,15.0
simu5g_00000419,0,0,19,1128.0,,14.0
simu5g_00000419,0,0,20,1160.0,,15.0
simu5g_00000419,0,0,21,984.0,,13.0
simu5g_00000419,0,0,22,1160.0,,15.0
simu5g_00000419,0,0,23,1160.0,,15.0
simu5g_00000419,0,0,24,1128.0,,14.0
simu5g_00000419,15,1,0,1160.0,,15.0
simu5g_00000419,15,1,1,1160.0,,15.0
simu5g_00000419,15,1,2,1160.0,,15.0
simu5g_00000419,15,1,3,1160.0,,15.0
simu5g_00000419,15,1,4,1160.0,,15.0
simu5g_00000419,15,1,5,1160.0,,15.0
simu5g_00000419,15,1,6,1160.0,,15.0
simu5g_00000419,15,1,7,1160.0,,15.0
simu5g_00000419,15,1,8,1160.0,,15.0
simu5g_00000419,15,1,9,1160.0,,15.0
simu5g_00000419,15,1,10,1160.0,,15.0
simu5g_00000419,15,1,11,1160.0,,15.0
simu5g_00000419,15,1,12,1160.0,,15.0
simu5g_00000419,15,1,13,1160.0,,15.0
simu5g_00000419,15,1,14,1160.0,,15.0
simu5g_00000419,15,1,15,1160.0,,15.0
simu5g_00000419,15,1,16,1160.0,,15.0
simu5g_00000419,15,1,17,1160.0,,15.0
simu5g_00000419,15,1,18,1160.0,,15.0
simu5g_00000419,15,1,19,1160.0,,15.0
simu5g_00000419,15,1,20,1160.0,,15.0
simu5g_00000419,15,1,21,1160.0,,15.0
simu5g_00000419,15,1,22,1160.0,,15.0
simu5g_00000419,15,1,23,1160.0,,15.0
simu5g_00000419,15,1,24,1160.0,,15.0
simu5g_00000419,31,2,0,1128.0,,14.0
simu5g_00000419,31,2,1,1128.0,,14.0
simu5g_00000419,31,2,2,1160.0,,15.0
simu5g_00000419,31,2,3,1160.0,,15.0
simu5g_00000419,31,2,4,1160.0,,15.0
simu5g_00000419,31,2,5,1160.0,,15.0
simu5g_00000419,31,2,6,1160.0,,15.0
simu5g_00000419,31,2,7,1160.0,,15.0
simu5g_00000419,31,2,8,1160.0,,15.0
simu5g_00000419,31,2,9,1160.0,,15.0
simu5g_00000419,31,2,10,1160.0,,15.0
simu5g_00000419,31,2,11,1160.0,,15.0
simu5g_00000419,31,2,12,808.0,,11.0
simu5g_00000419,31,2,13,1160.0,,15.0
simu5g_00000419,31,2,14,1160.0,,15.0
simu5g_00000419,31,2,15,1160.0,,15.0
simu5g_00000419,31,2,16,1160.0,,15.0
simu5g_00000419,31,2,17,1160.0,,15.0
simu5g_00000419,31,2,18,1160.0,,15.0
simu5g_00000419,31,2,19,1160.0,,15.0
simu5g_00000419,31,2,20,1128.0,,14.0
simu5g_00000419,31,2,21,1160.0,,15.0
simu5g_00000419,31,2,22,1160.0,,15.0
simu5g_00000419,31,2,23,1160.0,,15.0
simu5g_00000419,31,2,24,1160.0,,15.0
simu5g_00000420,1,0,0,1160.0,,15.0
simu5g_00000420,1,0,1,1128.0,,14.0
simu5g_00000420,1,0,2,1128.0,,14.0
simu5g_00000420,1,0,3,1160.0,,15.0
simu5g_00000420,1,0,4,1128.0,,14.0
simu5g_00000420,1,0,5,1160.0,,15.0
simu5g_00000420,1,0,6,1128.0,,14.0
simu5g_00000420,1,0,7,984.0,,13.0
simu5g_00000420,1,0,8,808.0,,11.0
simu5g_00000420,1,0,9,1160.0,,15.0
simu5g_00000420,1,0,10,1128.0,,14.0
simu5g_00000420,1,0,11,1128.0,,14.0
simu5g_00000420,1,0,12,1128.0,,14.0
simu5g_00000420,1,0,13,1160.0,,15.0
simu5g_00000420,1,0,14,1160.0,,15.0
simu5g_00000420,1,0,15,1160.0,,15.0
simu5g_00000420,1,0,16,1128.0,,14.0
simu5g_00000420,1,0,17,1128.0,,14.0
simu5g_00000420,1,0,18,1128.0,,14.0
simu5g_00000420,1,0,19,1160.0,,15.0
simu5g_00000420,1,0,20,1160.0,,15.0
simu5g_00000420,1,0,21,704.0,,10.0
simu5g_00000420,1,0,22,1160.0,,15.0
simu5g_00000420,1,0,23,984.0,,13.0
simu5g_00000420,1,0,24,1160.0,,15.0
simu5g_00000420,2,1,0,1160.0,,15.0
simu5g_00000420,2,1,1,1160.0,,15.0
simu5g_00000420,2,1,2,1160.0,,15.0
simu5g_00000420,2,1,3,1160.0,,15.0
simu5g_00000420,2,1,4,1160.0,,15.0
simu5g_00000420,2,1,5,1160.0,,15.0
simu5g_00000420,2,1,6,1160.0,,15.0
simu5g_00000420,2,1,7,1128.0,,14.0
simu5g_00000420,2,1,8,1160.0,,15.0
simu5g_00000420,2,1,9,1160.0,,15.0
simu5g_00000420,2,1,10,1160.0,,15.0
simu5g_00000420,2,1,11,1160.0,,15.0
simu5g_00000420,2,1,12,1160.0,,15.0
simu5g_00000420,2,1,13,1160.0,,15.0
simu5g_00000420,2,1,14,1160.0,,15.0
simu5g_00000420,2,1,15,1160.0,,15.0
simu5g_00000420,2,1,16,1160.0,,15.0
simu5g_00000420,2,1,17,1160.0,,15.0
simu5g_00000420,2,1,18,1160.0,,15.0
simu5g_00000420,2,1,19,1160.0,,15.0
simu5g_00000420,2,1,20,1160.0,,15.0
simu5g_00000420,2,1,21,1160.0,,15.0
simu5g_00000420,2,1,22,1160.0,,15.0
simu5g_00000420,2,1,23,1160.0,,15.0
simu5g_00000420,2,1,24,1160.0,,15.0
simu5g_00000420,3,2,0,1128.0,,14.0
simu5g_00000420,3,2,1,1160.0,,15.0
simu5g_00000420,3,2,2,1160.0,,15.0
simu5g_00000420,3,2,3,1160.0,,15.0
simu5g_00000420,3,2,4,1160.0,,15.0
simu5g_00000420,3,2,5,1160.0,,15.0
simu5g_00000420,3,2,6,1160.0,,15.0
simu5g_00000420,3,2,7,1160.0,,15.0
simu5g_00000420,3,2,8,984.0,,13.0
simu5g_00000420,3,2,9,984.0,,13.0
simu5g_00000420,3,2,10,1160.0,,15.0
simu5g_00000420,3,2,11,1160.0,,15.0
simu5g_00000420,3,2,12,1160.0,,15.0
simu5g_00000420,3,2,13,1160.0,,15.0
simu5g_00000420,3,2,14,1160.0,,15.0
simu5g_00000420,3,2,15,1160.0,,15.0
simu5g_00000420,3,2,16,1160.0,,15.0
simu5g_00000420,3,2,17,1160.0,,15.0
simu5g_00000420,3,2,18,1160.0,,15.0
simu5g_00000420,3,2,19,1160.0,,15.0
simu5g_00000420,3,2,20,1160.0,,15.0
simu5g_00000420,3,2,21,1160.0,,15.0
simu5g_00000420,3,2,22,1128.0,,14.0
simu5g_00000420,3,2,23,1160.0,,15.0
simu5g_00000420,3,2,24,1128.0,,14.0
simu5g_00000420,4,3,0,1160.0,,15.0
simu5g_00000420,4,3,1,1160.0,,15.0
simu5g_00000420,4,3,2,1160.0,,15.0
simu5g_00000420,4,3,3,888.0,,12.0
simu5g_00000420,4,3,4,1160.0,,15.0
simu5g_00000420,4,3,5,1160.0,,15.0
simu5g_00000420,4,3,6,1160.0,,15.0
simu5g_00000420,4,3,7,984.0,,13.0
simu5g_00000420,4,3,8,1160.0,,15.0
simu5g_00000420,4,3,9,1160.0,,15.0
simu5g_00000420,4,3,10,1160.0,,15.0
simu5g_00000420,4,3,11,1160.0,,15.0
simu5g_00000420,4,3,12,1160.0,,15.0
simu5g_00000420,4,3,13,1160.0,,15.0
simu5g_00000420,4,3,14,1160.0,,15.0
simu5g_00000420,4,3,15,1160.0,,15.0
simu5g_00000420,4,3,16,1160.0,,15.0
simu5g_00000420,4,3,17,1160.0,,15.0
simu5g_00000420,4,3,18,1160.0,,15.0
simu5g_00000420,4,3,19,1160.0,,15.0
simu5g_00000420,4,3,20,1160.0,,15.0
simu5g_00000420,4,3,21,1160.0,,15.0
simu5g_00000420,4,3,22,1160.0,,15.0
simu5g_00000420,4,3,23,1160.0,,15.0
simu5g_00000420,4,3,24,1160.0,,15.0
simu5g_00000420,5,4,0,1160.0,,15.0
simu5g_00000420,5,4,1,1128.0,,14.0
simu5g_00000420,5,4,2,1160.0,,15.0
simu5g_00000420,5,4,3,1128.0,,14.0
simu5g_00000420,5,4,4,1160.0,,15.0
simu5g_00000420,5,4,5,1128.0,,14.0
simu5g_00000420,5,4,6,1160.0,,15.0
simu5g_00000420,5,4,7,1128.0,,14.0
simu5g_00000420,5,4,8,1128.0,,14.0
simu5g_00000420,5,4,9,1160.0,,15.0
simu5g_00000420,5,4,10,1160.0,,15.0
simu5g_00000420,5,4,11,1160.0,,15.0
simu5g_00000420,5,4,12,1160.0,,15.0
simu5g_00000420,5,4,13,1128.0,,14.0
simu5g_00000420,5,4,14,984.0,,13.0
simu5g_00000420,5,4,15,1128.0,,14.0
simu5g_00000420,5,4,16,608.0,,9.0
simu5g_00000420,5,4,17,1160.0,,15.0
simu5g_00000420,5,4,18,1160.0,,15.0
simu5g_00000420,5,4,19,1160.0,,15.0
simu5g_00000420,5,4,20,1128.0,,14.0
simu5g_00000420,5,4,21,984.0,,13.0
simu5g_00000420,5,4,22,1160.0,,15.0
simu5g_00000420,5,4,23,1128.0,,14.0
simu5g_00000420,5,4,24,1128.0,,14.0
simu5g_00000421,0,0,0,1160.0,,15.0
simu5g_00000421,0,0,1,704.0,,10.0
simu5g_00000421,0,0,2,1160.0,,15.0
simu5g_00000421,0,0,3,1128.0,,14.0
simu5g_00000421,0,0,4,1160.0,,15.0
simu5g_00000421,0,0,5,1128.0,,14.0
simu5g_00000421,0,0,6,1128.0,,14.0
simu5g_00000421,0,0,7,1160.0,,15.0
simu5g_00000421,0,0,8,984.0,,13.0
simu5g_00000421,0,0,9,1160.0,,15.0
simu5g_00000421,0,0,10,1160.0,,15.0
simu5g_00000421,0,0,11,1160.0,,15.0
simu5g_00000421,0,0,12,1160.0,,15.0
simu5g_00000421,0,0,13,1160.0,,15.0
simu5g_00000421,0,0,14,1160.0,,15.0
simu5g_00000421,0,0,15,1160.0,,15.0
simu5g_00000421,0,0,16,1128.0,,14.0
simu5g_00000421,0,0,17,1160.0,,15.0
simu5g_00000421,0,0,18,1160.0,,15.0
simu5g_00000421,0,0,19,1128.0,,14.0
simu5g_00000421,0,0,20,1160.0,,15.0
simu5g_00000421,0,0,21,984.0,,13.0
simu5g_00000421,0,0,22,1160.0,,15.0
simu5g_00000421,0,0,23,1160.0,,15.0
simu5g_00000421,0,0,24,1128.0,,14.0
simu5g_00000421,15,1,0,1160.0,,15.0
simu5g_00000421,15,1,1,1160.0,,15.0
simu5g_00000421,15,1,2,1160.0,,15.0
simu5g_00000421,15,1,3,1160.0,,15.0
simu5g_00000421,15,1,4,1160.0,,15.0
simu5g_00000421,15,1,5,1160.0,,15.0
simu5g_00000421,15,1,6,1160.0,,15.0
simu5g_00000421,15,1,7,1160.0,,15.0
simu5g_00000421,15,1,8,1160.0,,15.0
simu5g_00000421,15,1,9,1160.0,,15.0
simu5g_00000421,15,1,10,1160.0,,15.0
simu5g_00000421,15,1,11,1160.0,,15.0
simu5g_00000421,15,1,12,1160.0,,15.0
simu5g_00000421,15,1,13,1160.0,,15.0
simu5g_00000421,15,1,14,1160.0,,15.0
simu5g_00000421,15,1,15,1160.0,,15.0
simu5g_00000421,15,1,16,1160.0,,15.0
simu5g_00000421,15,1,17,1160.0,,15.0
simu5g_00000421,15,1,18,1160.0,,15.0
simu5g_00000421,15,1,19,1160.0,,15.0
simu5g_00000421,15,1,20,1160.0,,15.0
simu5g_00000421,15,1,21,1160.0,,15.0
simu5g_00000421,15,1,22,1160.0,,15.0
simu5g_00000421,15,1,23,1160.0,,15.0
simu5g_00000421,15,1,24,1160.0,,15.0
simu5g_00000421,31,2,0,1128.0,,14.0
simu5g_00000421,31,2,1,1128.0,,14.0
simu5g_00000421,31,2,2,1160.0,,15.0
simu5g_00000421,31,2,3,1160.0,,15.0
simu5g_00000421,31,2,4,1160.0,,15.0
simu5g_00000421,31,2,5,1160.0,,15.0
simu5g_00000421,31,2,6,1160.0,,15.0
simu5g_00000421,31,2,7,1160.0,,15.0
simu5g_00000421,31,2,8,1160.0,,15.0
simu5g_00000421,31,2,9,1160.0,,15.0
simu5g_00000421,31,2,10,1160.0,,15.0
simu5g_00000421,31,2,11,1160.0,,15.0
simu5g_00000421,31,2,12,808.0,,11.0
simu5g_00000421,31,2,13,1160.0,,15.0
simu5g_00000421,31,2,14,1160.0,,15.0
simu5g_00000421,31,2,15,1160.0,,15.0
simu5g_00000421,31,2,16,1160.0,,15.0
simu5g_00000421,31,2,17,1160.0,,15.0
simu5g_00000421,31,2,18,1160.0,,15.0
simu5g_00000421,31,2,19,1160.0,,15.0
simu5g_00000421,31,2,20,1128.0,,14.0
simu5g_00000421,31,2,21,1160.0,,15.0
simu5g_00000421,31,2,22,1160.0,,15.0
simu5g_00000421,31,2,23,1160.0,,15.0
simu5g_00000421,31,2,24,1160.0,,15.0
simu5g_00000422,1,0,0,1128.0,,14.0
simu5g_00000422,1,0,1,984.0,,13.0
simu5g_00000422,1,0,2,984.0,,13.0
simu5g_00000422,1,0,3,1128.0,,14.0
simu5g_00000422,1,0,4,984.0,,13.0
simu5g_00000422,1,0,5,1128.0,,14.0
simu5g_00000422,1,0,6,1128.0,,14.0
simu5g_00000422,1,0,7,704.0,,10.0
simu5g_00000422,1,0,8,608.0,,9.0
simu5g_00000422,1,0,9,1128.0,,14.0
simu5g_00000422,1,0,10,1128.0,,14.0
simu5g_00000422,1,0,11,984.0,,13.0
simu5g_00000422,1,0,12,984.0,,13.0
simu5g_00000422,1,0,13,1160.0,,15.0
simu5g_00000422,1,0,14,1128.0,,14.0
simu5g_00000422,1,0,15,1128.0,,14.0
simu5g_00000422,1,0,16,984.0,,13.0
simu5g_00000422,1,0,17,984.0,,13.0
simu5g_00000422,1,0,18,984.0,,13.0
simu5g_00000422,1,0,19,1128.0,,14.0
simu5g_00000422,1,0,20,1128.0,,14.0
simu5g_00000422,1,0,21,528.0,,8.0
simu5g_00000422,1,0,22,1128.0,,14.0
simu5g_00000422,1,0,23,888.0,,12.0
simu5g_00000422,1,0,24,1128.0,,14.0
simu5g_00000422,2,1,0,1160.0,,15.0
simu5g_00000422,2,1,1,1160.0,,15.0
simu5g_00000422,2,1,2,1160.0,,15.0
simu5g_00000422,2,1,3,1160.0,,15.0
simu5g_00000422,2,1,4,1160.0,,15.0
simu5g_00000422,2,1,5,1160.0,,15.0
simu5g_00000422,2,1,6,1160.0,,15.0
simu5g_00000422,2,1,7,984.0,,13.0
simu5g_00000422,2,1,8,1160.0,,15.0
simu5g_00000422,2,1,9,1160.0,,15.0
simu5g_00000422,2,1,10,1160.0,,15.0
simu5g_00000422,2,1,11,1128.0,,14.0
simu5g_00000422,2,1,12,1160.0,,15.0
simu5g_00000422,2,1,13,1160.0,,15.0
simu5g_00000422,2,1,14,1160.0,,15.0
simu5g_00000422,2,1,15,1160.0,,15.0
simu5g_00000422,2,1,16,1128.0,,14.0
simu5g_00000422,2,1,17,1160.0,,15.0
simu5g_00000422,2,1,18,1160.0,,15.0
simu5g_00000422,2,1,19,1160.0,,15.0
simu5g_00000422,2,1,20,1160.0,,15.0
simu5g_00000422,2,1,21,1160.0,,15.0
simu5g_00000422,2,1,22,1160.0,,15.0
simu5g_00000422,2,1,23,1160.0,,15.0
simu5g_00000422,2,1,24,1128.0,,14.0
simu5g_00000422,3,2,0,1128.0,,14.0
simu5g_00000422,3,2,1,1160.0,,15.0
simu5g_00000422,3,2,2,1160.0,,15.0
simu5g_00000422,3,2,3,1160.0,,15.0
simu5g_00000422,3,2,4,1160.0,,15.0
simu5g_00000422,3,2,5,1160.0,,15.0
simu5g_00000422,3,2,6,1160.0,,15.0
simu5g_00000422,3,2,7,1160.0,,15.0
simu5g_00000422,3,2,8,984.0,,13.0
simu5g_00000422,3,2,9,984.0,,13.0
simu5g_00000422,3,2,10,1160.0,,15.0
simu5g_00000422,3,2,11,1160.0,,15.0
simu5g_00000422,3,2,12,1160.0,,15.0
simu5g_00000422,3,2,13,1160.0,,15.0
simu5g_00000422,3,2,14,1160.0,,15.0
simu5g_00000422,3,2,15,1160.0,,15.0
simu5g_00000422,3,2,16,1160.0,,15.0
simu5g_00000422,3,2,17,1160.0,,15.0
simu5g_00000422,3,2,18,1160.0,,15.0
simu5g_00000422,3,2,19,1160.0,,15.0
simu5g_00000422,3,2,20,1160.0,,15.0
simu5g_00000422,3,2,21,1160.0,,15.0
simu5g_00000422,3,2,22,1128.0,,14.0
simu5g_00000422,3,2,23,1160.0,,15.0
simu5g_00000422,3,2,24,1128.0,,14.0
simu5g_00000422,4,3,0,1160.0,,15.0
simu5g_00000422,4,3,1,1160.0,,15.0
simu5g_00000422,4,3,2,1160.0,,15.0
simu5g_00000422,4,3,3,888.0,,12.0
simu5g_00000422,4,3,4,1160.0,,15.0
simu5g_00000422,4,3,5,1160.0,,15.0
simu5g_00000422,4,3,6,1160.0,,15.0
simu5g_00000422,4,3,7,984.0,,13.0
simu5g_00000422,4,3,8,1160.0,,15.0
simu5g_00000422,4,3,9,1160.0,,15.0
simu5g_00000422,4,3,10,1160.0,,15.0
simu5g_00000422,4,3,11,1160.0,,15.0
simu5g_00000422,4,3,12,1160.0,,15.0
simu5g_00000422,4,3,13,1160.0,,15.0
simu5g_00000422,4,3,14,1160.0,,15.0
simu5g_00000422,4,3,15,1160.0,,15.0
simu5g_00000422,4,3,16,1160.0,,15.0
simu5g_00000422,4,3,17,1160.0,,15.0
simu5g_00000422,4,3,18,1160.0,,15.0
simu5g_00000422,4,3,19,1160.0,,15.0
simu5g_00000422,4,3,20,1160.0,,15.0
simu5g_00000422,4,3,21,1160.0,,15.0
simu5g_00000422,4,3,22,1160.0,,15.0
simu5g_00000422,4,3,23,1160.0,,15.0
simu5g_00000422,4,3,24,1160.0,,15.0
simu5g_00000422,5,4,0,1160.0,,15.0
simu5g_00000422,5,4,1,1128.0,,14.0
simu5g_00000422,5,4,2,1160.0,,15.0
simu5g_00000422,5,4,3,1128.0,,14.0
simu5g_00000422,5,4,4,1160.0,,15.0
simu5g_00000422,5,4,5,1128.0,,14.0
simu5g_00000422,5,4,6,1160.0,,15.0
simu5g_00000422,5,4,7,1128.0,,14.0
simu5g_00000422,5,4,8,1128.0,,14.0
simu5g_00000422,5,4,9,1160.0,,15.0
simu5g_00000422,5,4,10,1160.0,,15.0
simu5g_00000422,5,4,11,1160.0,,15.0
simu5g_00000422,5,4,12,1160.0,,15.0
simu5g_00000422,5,4,13,1128.0,,14.0
simu5g_00000422,5,4,14,984.0,,13.0
simu5g_00000422,5,4,15,1128.0,,14.0
simu5g_00000422,5,4,16,608.0,,9.0
simu5g_00000422,5,4,17,1160.0,,15.0
simu5g_00000422,5,4,18,1160.0,,15.0
simu5g_00000422,5,4,19,1160.0,,15.0
simu5g_00000422,5,4,20,1128.0,,14.0
simu5g_00000422,5,4,21,984.0,,13.0
simu5g_00000422,5,4,22,1160.0,,15.0
simu5g_00000422,5,4,23,1128.0,,14.0
simu5g_00000422,5,4,24,1128.0,,14.0
simu5g_00000423,0,0,0,984.0,,13.0
simu5g_00000423,0,0,1,304.0,,5.0
simu5g_00000423,0,0,2,1128.0,,14.0
simu5g_00000423,0,0,3,608.0,,9.0
simu5g_00000423,0,0,4,984.0,,13.0
simu5g_00000423,0,0,5,608.0,,9.0
simu5g_00000423,0,0,6,704.0,,10.0
simu5g_00000423,0,0,7,984.0,,13.0
simu5g_00000423,0,0,8,432.0,,7.0
simu5g_00000423,0,0,9,808.0,,11.0
simu5g_00000423,0,0,10,984.0,,13.0
simu5g_00000423,0,0,11,1128.0,,14.0
simu5g_00000423,0,0,12,888.0,,12.0
simu5g_00000423,0,0,13,808.0,,11.0
simu5g_00000423,0,0,14,888.0,,12.0
simu5g_00000423,0,0,15,984.0,,13.0
simu5g_00000423,0,0,16,808.0,,11.0
simu5g_00000423,0,0,17,1128.0,,14.0
simu5g_00000423,0,0,18,984.0,,13.0
simu5g_00000423,0,0,19,808.0,,11.0
simu5g_00000423,0,0,20,1128.0,,14.0
simu5g_00000423,0,0,21,528.0,,8.0
simu5g_00000423,0,0,22,984.0,,13.0
simu5g_00000423,0,0,23,1128.0,,14.0
simu5g_00000423,0,0,24,608.0,,9.0
simu5g_00000423,15,1,0,1160.0,,15.0
simu5g_00000423,15,1,1,1160.0,,15.0
simu5g_00000423,15,1,2,1160.0,,15.0
simu5g_00000423,15,1,3,1160.0,,15.0
simu5g_00000423,15,1,4,1160.0,,15.0
simu5g_00000423,15,1,5,1160.0,,15.0
simu5g_00000423,15,1,6,1160.0,,15.0
simu5g_00000423,15,1,7,1160.0,,15.0
simu5g_00000423,15,1,8,1160.0,,15.0
simu5g_00000423,15,1,9,1160.0,,15.0
simu5g_00000423,15,1,10,1160.0,,15.0
simu5g_00000423,15,1,11,1160.0,,15.0
simu5g_00000423,15,1,12,1160.0,,15.0
simu5g_00000423,15,1,13,1160.0,,15.0
simu5g_00000423,15,1,14,1160.0,,15.0
simu5g_00000423,15,1,15,1160.0,,15.0
simu5g_00000423,15,1,16,1160.0,,15.0
simu5g_00000423,15,1,17,1160.0,,15.0
simu5g_00000423,15,1,18,1160.0,,15.0
simu5g_00000423,15,1,19,1160.0,,15.0
simu5g_00000423,15,1,20,1160.0,,15.0
simu5g_00000423,15,1,21,1160.0,,15.0
simu5g_00000423,15,1,22,1160.0,,15.0
simu5g_00000423,15,1,23,1160.0,,15.0
simu5g_00000423,15,1,24,1160.0,,15.0
simu5g_00000423,31,2,0,1128.0,,14.0
simu5g_00000423,31,2,1,1128.0,,14.0
simu5g_00000423,31,2,2,1160.0,,15.0
simu5g_00000423,31,2,3,1160.0,,15.0
simu5g_00000423,31,2,4,1160.0,,15.0
simu5g_00000423,31,2,5,1160.0,,15.0
simu5g_00000423,31,2,6,1160.0,,15.0
simu5g_00000423,31,2,7,1160.0,,15.0
simu5g_00000423,31,2,8,1160.0,,15.0
simu5g_00000423,31,2,9,1160.0,,15.0
simu5g_00000423,31,2,10,1160.0,,15.0
simu5g_00000423,31,2,11,1160.0,,15.0
simu5g_00000423,31,2,12,808.0,,11.0
simu5g_00000423,31,2,13,1160.0,,15.0
simu5g_00000423,31,2,14,1160.0,,15.0
simu5g_00000423,31,2,15,1160.0,,15.0
simu5g_00000423,31,2,16,1160.0,,15.0
simu5g_00000423,31,2,17,1160.0,,15.0
simu5g_00000423,31,2,18,1160.0,,15.0
simu5g_00000423,31,2,19,1160.0,,15.0
simu5g_00000423,31,2,20,1128.0,,14.0
simu5g_00000423,31,2,21,1160.0,,15.0
simu5g_00000423,31,2,22,1160.0,,15.0
simu5g_00000423,31,2,23,1160.0,,15.0
simu5g_00000423,31,2,24,1160.0,,15.0
simu5g_00000424,1,0,0,1128.0,,14.0
simu5g_00000424,1,0,1,984.0,,13.0
simu5g_00000424,1,0,2,984.0,,13.0
simu5g_00000424,1,0,3,1128.0,,14.0
simu5g_00000424,1,0,4,984.0,,13.0
simu5g_00000424,1,0,5,1128.0,,14.0
simu5g_00000424,1,0,6,1128.0,,14.0
simu5g_00000424,1,0,7,704.0,,10.0
simu5g_00000424,1,0,8,608.0,,9.0
simu5g_00000424,1,0,9,1128.0,,14.0
simu5g_00000424,1,0,10,1128.0,,14.0
simu5g_00000424,1,0,11,984.0,,13.0
simu5g_00000424,1,0,12,984.0,,13.0
simu5g_00000424,1,0,13,1160.0,,15.0
simu5g_00000424,1,0,14,1128.0,,14.0
simu5g_00000424,1,0,15,1128.0,,14.0
simu5g_00000424,1,0,16,984.0,,13.0
simu5g_00000424,1,0,17,984.0,,13.0
simu5g_00000424,1,0,18,984.0,,13.0
simu5g_00000424,1,0,19,1128.0,,14.0
simu5g_00000424,1,0,20,1128.0,,14.0
simu5g_00000424,1,0,21,528.0,,8.0
simu5g_00000424,1,0,22,1128.0,,14.0
simu5g_00000424,1,0,23,888.0,,12.0
simu5g_00000424,1,0,24,1128.0,,14.0
simu5g_00000424,2,1,0,1160.0,,15.0
simu5g_00000424,2,1,1,1160.0,,15.0
simu5g_00000424,2,1,2,1160.0,,15.0
simu5g_00000424,2,1,3,1160.0,,15.0
simu5g_00000424,2,1,4,1160.0,,15.0
simu5g_00000424,2,1,5,1160.0,,15.0
simu5g_00000424,2,1,6,1160.0,,15.0
simu5g_00000424,2,1,7,984.0,,13.0
simu5g_00000424,2,1,8,1160.0,,15.0
simu5g_00000424,2,1,9,1160.0,,15.0
simu5g_00000424,2,1,10,1160.0,,15.0
simu5g_00000424,2,1,11,1128.0,,14.0
simu5g_00000424,2,1,12,1160.0,,15.0
simu5g_00000424,2,1,13,1160.0,,15.0
simu5g_00000424,2,1,14,1160.0,,15.0
simu5g_00000424,2,1,15,1160.0,,15.0
simu5g_00000424,2,1,16,1128.0,,14.0
simu5g_00000424,2,1,17,1160.0,,15.0
simu5g_00000424,2,1,18,1160.0,,15.0
simu5g_00000424,2,1,19,1160.0,,15.0
simu5g_00000424,2,1,20,1160.0,,15.0
simu5g_00000424,2,1,21,1160.0,,15.0
simu5g_00000424,2,1,22,1160.0,,15.0
simu5g_00000424,2,1,23,1160.0,,15.0
simu5g_00000424,2,1,24,1128.0,,14.0
simu5g_00000424,3,2,0,1160.0,,15.0
simu5g_00000424,3,2,1,1160.0,,15.0
simu5g_00000424,3,2,2,1160.0,,15.0
simu5g_00000424,3,2,3,1160.0,,15.0
simu5g_00000424,3,2,4,1160.0,,15.0
simu5g_00000424,3,2,5,1160.0,,15.0
simu5g_00000424,3,2,6,1160.0,,15.0
simu5g_00000424,3,2,7,1160.0,,15.0
simu5g_00000424,3,2,8,1128.0,,14.0
simu5g_00000424,3,2,9,1128.0,,14.0
simu5g_00000424,3,2,10,1160.0,,15.0
simu5g_00000424,3,2,11,1160.0,,15.0
simu5g_00000424,3,2,12,1160.0,,15.0
simu5g_00000424,3,2,13,1160.0,,15.0
simu5g_00000424,3,2,14,1160.0,,15.0
simu5g_00000424,3,2,15,1160.0,,15.0
simu5g_00000424,3,2,16,1160.0,,15.0
simu5g_00000424,3,2,17,1160.0,,15.0
simu5g_00000424,3,2,18,1160.0,,15.0
simu5g_00000424,3,2,19,1160.0,,15.0
simu5g_00000424,3,2,20,1160.0,,15.0
simu5g_00000424,3,2,21,1160.0,,15.0
simu5g_00000424,3,2,22,1160.0,,15.0
simu5g_00000424,3,2,23,1160.0,,15.0
simu5g_00000424,3,2,24,1160.0,,15.0
simu5g_00000424,4,3,0,1160.0,,15.0
simu5g_00000424,4,3,1,1160.0,,15.0
simu5g_00000424,4,3,2,1160.0,,15.0
simu5g_00000424,4,3,3,888.0,,12.0
simu5g_00000424,4,3,4,1160.0,,15.0
simu5g_00000424,4,3,5,1160.0,,15.0
simu5g_00000424,4,3,6,1160.0,,15.0
simu5g_00000424,4,3,7,984.0,,13.0
simu5g_00000424,4,3,8,1160.0,,15.0
simu5g_00000424,4,3,9,1160.0,,15.0
simu5g_00000424,4,3,10,1160.0,,15.0
simu5g_00000424,4,3,11,1160.0,,15.0
simu5g_00000424,4,3,12,1160.0,,15.0
simu5g_00000424,4,3,13,1160.0,,15.0
simu5g_00000424,4,3,14,1160.0,,15.0
simu5g_00000424,4,3,15,1160.0,,15.0
simu5g_00000424,4,3,16,1160.0,,15.0
simu5g_00000424,4,3,17,1160.0,,15.0
simu5g_00000424,4,3,18,1160.0,,15.0
simu5g_00000424,4,3,19,1160.0,,15.0
simu5g_00000424,4,3,20,1160.0,,15.0
simu5g_00000424,4,3,21,1160.0,,15.0
simu5g_00000424,4,3,22,1160.0,,15.0
simu5g_00000424,4,3,23,1160.0,,15.0
simu5g_00000424,4,3,24,1160.0,,15.0
simu5g_00000424,5,4,0,1160.0,,15.0
simu5g_00000424,5,4,1,1128.0,,14.0
simu5g_00000424,5,4,2,1160.0,,15.0
simu5g_00000424,5,4,3,1128.0,,14.0
simu5g_00000424,5,4,4,1160.0,,15.0
simu5g_00000424,5,4,5,1128.0,,14.0
simu5g_00000424,5,4,6,1160.0,,15.0
simu5g_00000424,5,4,7,1128.0,,14.0
simu5g_00000424,5,4,8,1128.0,,14.0
simu5g_00000424,5,4,9,1160.0,,15.0
simu5g_00000424,5,4,10,1160.0,,15.0
simu5g_00000424,5,4,11,1160.0,,15.0
simu5g_00000424,5,4,12,1160.0,,15.0
simu5g_00000424,5,4,13,1128.0,,14.0
simu5g_00000424,5,4,14,984.0,,13.0
simu5g_00000424,5,4,15,1128.0,,14.0
simu5g_00000424,5,4,16,608.0,,9.0
simu5g_00000424,5,4,17,1160.0,,15.0
simu5g_00000424,5,4,18,1160.0,,15.0
simu5g_00000424,5,4,19,1160.0,,15.0
simu5g_00000424,5,4,20,1128.0,,14.0
simu5g_00000424,5,4,21,984.0,,13.0
simu5g_00000424,5,4,22,1160.0,,15.0
simu5g_00000424,5,4,23,1128.0,,14.0
simu5g_00000424,5,4,24,1128.0,,14.0
simu5g_00000425,0,0,0,984.0,,13.0
simu5g_00000425,0,0,1,304.0,,5.0
simu5g_00000425,0,0,2,1128.0,,14.0
simu5g_00000425,0,0,3,608.0,,9.0
simu5g_00000425,0,0,4,984.0,,13.0
simu5g_00000425,0,0,5,608.0,,9.0
simu5g_00000425,0,0,6,704.0,,10.0
simu5g_00000425,0,0,7,984.0,,13.0
simu5g_00000425,0,0,8,432.0,,7.0
simu5g_00000425,0,0,9,808.0,,11.0
simu5g_00000425,0,0,10,984.0,,13.0
simu5g_00000425,0,0,11,1128.0,,14.0
simu5g_00000425,0,0,12,888.0,,12.0
simu5g_00000425,0,0,13,808.0,,11.0
simu5g_00000425,0,0,14,888.0,,12.0
simu5g_00000425,0,0,15,984.0,,13.0
simu5g_00000425,0,0,16,808.0,,11.0
simu5g_00000425,0,0,17,1128.0,,14.0
simu5g_00000425,0,0,18,984.0,,13.0
simu5g_00000425,0,0,19,808.0,,11.0
simu5g_00000425,0,0,20,1128.0,,14.0
simu5g_00000425,0,0,21,528.0,,8.0
simu5g_00000425,0,0,22,984.0,,13.0
simu5g_00000425,0,0,23,1128.0,,14.0
simu5g_00000425,0,0,24,608.0,,9.0
simu5g_00000425,15,1,0,1160.0,,15.0
simu5g_00000425,15,1,1,1160.0,,15.0
simu5g_00000425,15,1,2,1160.0,,15.0
simu5g_00000425,15,1,3,1160.0,,15.0
simu5g_00000425,15,1,4,1160.0,,15.0
simu5g_00000425,15,1,5,1160.0,,15.0
simu5g_00000425,15,1,6,1160.0,,15.0
simu5g_00000425,15,1,7,1160.0,,15.0
simu5g_00000425,15,1,8,1160.0,,15.0
simu5g_00000425,15,1,9,1160.0,,15.0
simu5g_00000425,15,1,10,1160.0,,15.0
simu5g_00000425,15,1,11,1160.0,,15.0
simu5g_00000425,15,1,12,1160.0,,15.0
simu5g_00000425,15,1,13,1160.0,,15.0
simu5g_00000425,15,1,14,1160.0,,15.0
simu5g_00000425,15,1,15,1160.0,,15.0
simu5g_00000425,15,1,16,1160.0,,15.0
simu5g_00000425,15,1,17,1160.0,,15.0
simu5g_00000425,15,1,18,1160.0,,15.0
simu5g_00000425,15,1,19,1160.0,,15.0
simu5g_00000425,15,1,20,1160.0,,15.0
simu5g_00000425,15,1,21,1160.0,,15.0
simu5g_00000425,15,1,22,1160.0,,15.0
simu5g_00000425,15,1,23,1160.0,,15.0
simu5g_00000425,15,1,24,1160.0,,15.0
simu5g_00000425,31,2,0,1160.0,,15.0
simu5g_00000425,31,2,1,1128.0,,14.0
simu5g_00000425,31,2,2,1160.0,,15.0
simu5g_00000425,31,2,3,1160.0,,15.0
simu5g_00000425,31,2,4,1160.0,,15.0
simu5g_00000425,31,2,5,1160.0,,15.0
simu5g_00000425,31,2,6,1160.0,,15.0
simu5g_00000425,31,2,7,1160.0,,15.0
simu5g_00000425,31,2,8,1160.0,,15.0
simu5g_00000425,31,2,9,1160.0,,15.0
simu5g_00000425,31,2,10,1160.0,,15.0
simu5g_00000425,31,2,11,1160.0,,15.0
simu5g_00000425,31,2,12,984.0,,13.0
simu5g_00000425,31,2,13,1160.0,,15.0
simu5g_00000425,31,2,14,1160.0,,15.0
simu5g_00000425,31,2,15,1160.0,,15.0
simu5g_00000425,31,2,16,1160.0,,15.0
simu5g_00000425,31,2,17,1160.0,,15.0
simu5g_00000425,31,2,18,1160.0,,15.0
simu5g_00000425,31,2,19,1160.0,,15.0
simu5g_00000425,31,2,20,1160.0,,15.0
simu5g_00000425,31,2,21,1160.0,,15.0
simu5g_00000425,31,2,22,1160.0,,15.0
simu5g_00000425,31,2,23,1160.0,,15.0
simu5g_00000425,31,2,24,1160.0,,15.0
simu5g_00000426,1,0,0,1128.0,,14.0
simu5g_00000426,1,0,1,984.0,,13.0
simu5g_00000426,1,0,2,984.0,,13.0
simu5g_00000426,1,0,3,1128.0,,14.0
simu5g_00000426,1,0,4,984.0,,13.0
simu5g_00000426,1,0,5,1128.0,,14.0
simu5g_00000426,1,0,6,1128.0,,14.0
simu5g_00000426,1,0,7,704.0,,10.0
simu5g_00000426,1,0,8,608.0,,9.0
simu5g_00000426,1,0,9,1128.0,,14.0
simu5g_00000426,1,0,10,1128.0,,14.0
simu5g_00000426,1,0,11,984.0,,13.0
simu5g_00000426,1,0,12,984.0,,13.0
simu5g_00000426,1,0,13,1160.0,,15.0
simu5g_00000426,1,0,14,1128.0,,14.0
simu5g_00000426,1,0,15,1128.0,,14.0
simu5g_00000426,1,0,16,984.0,,13.0
simu5g_00000426,1,0,17,984.0,,13.0
simu5g_00000426,1,0,18,984.0,,13.0
simu5g_00000426,1,0,19,1128.0,,14.0
simu5g_00000426,1,0,20,1128.0,,14.0
simu5g_00000426,1,0,21,528.0,,8.0
simu5g_00000426,1,0,22,1128.0,,14.0
simu5g_00000426,1,0,23,888.0,,12.0
simu5g_00000426,1,0,24,1128.0,,14.0
simu5g_00000426,2,1,0,1160.0,,15.0
simu5g_00000426,2,1,1,1160.0,,15.0
simu5g_00000426,2,1,2,1160.0,,15.0
simu5g_00000426,2,1,3,1160.0,,15.0
simu5g_00000426,2,1,4,1160.0,,15.0
simu5g_00000426,2,1,5,1160.0,,15.0
simu5g_00000426,2,1,6,1160.0,,15.0
simu5g_00000426,2,1,7,984.0,,13.0
simu5g_00000426,2,1,8,1160.0,,15.0
simu5g_00000426,2,1,9,1160.0,,15.0
simu5g_00000426,2,1,10,1160.0,,15.0
simu5g_00000426,2,1,11,1128.0,,14.0
simu5g_00000426,2,1,12,1160.0,,15.0
simu5g_00000426,2,1,13,1160.0,,15.0
simu5g_00000426,2,1,14,1160.0,,15.0
simu5g_00000426,2,1,15,1160.0,,15.0
simu5g_00000426,2,1,16,1128.0,,14.0
simu5g_00000426,2,1,17,1160.0,,15.0
simu5g_00000426,2,1,18,1160.0,,15.0
simu5g_00000426,2,1,19,1160.0,,15.0
simu5g_00000426,2,1,20,1160.0,,15.0
simu5g_00000426,2,1,21,1160.0,,15.0
simu5g_00000426,2,1,22,1160.0,,15.0
simu5g_00000426,2,1,23,1160.0,,15.0
simu5g_00000426,2,1,24,1128.0,,14.0
simu5g_00000426,3,2,0,1160.0,,15.0
simu5g_00000426,3,2,1,1160.0,,15.0
simu5g_00000426,3,2,2,1160.0,,15.0
simu5g_00000426,3,2,3,1160.0,,15.0
simu5g_00000426,3,2,4,1160.0,,15.0
simu5g_00000426,3,2,5,1160.0,,15.0
simu5g_00000426,3,2,6,1160.0,,15.0
simu5g_00000426,3,2,7,1160.0,,15.0
simu5g_00000426,3,2,8,1128.0,,14.0
simu5g_00000426,3,2,9,1128.0,,14.0
simu5g_00000426,3,2,10,1160.0,,15.0
simu5g_00000426,3,2,11,1160.0,,15.0
simu5g_00000426,3,2,12,1160.0,,15.0
simu5g_00000426,3,2,13,1160.0,,15.0
simu5g_00000426,3,2,14,1160.0,,15.0
simu5g_00000426,3,2,15,1160.0,,15.0
simu5g_00000426,3,2,16,1160.0,,15.0
simu5g_00000426,3,2,17,1160.0,,15.0
simu5g_00000426,3,2,18,1160.0,,15.0
simu5g_00000426,3,2,19,1160.0,,15.0
simu5g_00000426,3,2,20,1160.0,,15.0
simu5g_00000426,3,2,21,1160.0,,15.0
simu5g_00000426,3,2,22,1160.0,,15.0
simu5g_00000426,3,2,23,1160.0,,15.0
simu5g_00000426,3,2,24,1160.0,,15.0
simu5g_00000426,4,3,0,1160.0,,15.0
simu5g_00000426,4,3,1,1160.0,,15.0
simu5g_00000426,4,3,2,1160.0,,15.0
simu5g_00000426,4,3,3,888.0,,12.0
simu5g_00000426,4,3,4,1160.0,,15.0
simu5g_00000426,4,3,5,1160.0,,15.0
simu5g_00000426,4,3,6,1160.0,,15.0
simu5g_00000426,4,3,7,984.0,,13.0
simu5g_00000426,4,3,8,1160.0,,15.0
simu5g_00000426,4,3,9,1160.0,,15.0
simu5g_00000426,4,3,10,1160.0,,15.0
simu5g_00000426,4,3,11,1160.0,,15.0
simu5g_00000426,4,3,12,1160.0,,15.0
simu5g_00000426,4,3,13,1160.0,,15.0
simu5g_00000426,4,3,14,1160.0,,15.0
simu5g_00000426,4,3,15,1160.0,,15.0
simu5g_00000426,4,3,16,1160.0,,15.0
simu5g_00000426,4,3,17,1160.0,,15.0
simu5g_00000426,4,3,18,1160.0,,15.0
simu5g_00000426,4,3,19,1160.0,,15.0
simu5g_00000426,4,3,20,1160.0,,15.0
simu5g_00000426,4,3,21,1160.0,,15.0
simu5g_00000426,4,3,22,1160.0,,15.0
simu5g_00000426,4,3,23,1160.0,,15.0
simu5g_00000426,4,3,24,1160.0,,15.0
simu5g_00000426,5,4,0,1160.0,,15.0
simu5g_00000426,5,4,1,1128.0,,14.0
simu5g_00000426,5,4,2,1160.0,,15.0
simu5g_00000426,5,4,3,1128.0,,14.0
simu5g_00000426,5,4,4,1160.0,,15.0
simu5g_00000426,5,4,5,1128.0,,14.0
simu5g_00000426,5,4,6,1160.0,,15.0
simu5g_00000426,5,4,7,1128.0,,14.0
simu5g_00000426,5,4,8,1128.0,,14.0
simu5g_00000426,5,4,9,1160.0,,15.0
simu5g_00000426,5,4,10,1160.0,,15.0
simu5g_00000426,5,4,11,1160.0,,15.0
simu5g_00000426,5,4,12,1160.0,,15.0
simu5g_00000426,5,4,13,1128.0,,14.0
simu5g_00000426,5,4,14,984.0,,13.0
simu5g_00000426,5,4,15,1128.0,,14.0
simu5g_00000426,5,4,16,608.0,,9.0
simu5g_00000426,5,4,17,1160.0,,15.0
simu5g_00000426,5,4,18,1160.0,,15.0
simu5g_00000426,5,4,19,1160.0,,15.0
simu5g_00000426,5,4,20,1128.0,,14.0
simu5g_00000426,5,4,21,984.0,,13.0
simu5g_00000426,5,4,22,1160.0,,15.0
simu5g_00000426,5,4,23,1128.0,,14.0
simu5g_00000426,5,4,24,1128.0,,14.0
simu5g_00000427,0,0,0,984.0,,13.0
simu5g_00000427,0,0,1,304.0,,5.0
simu5g_00000427,0,0,2,1128.0,,14.0
simu5g_00000427,0,0,3,608.0,,9.0
simu5g_00000427,0,0,4,984.0,,13.0
simu5g_00000427,0,0,5,608.0,,9.0
simu5g_00000427,0,0,6,704.0,,10.0
simu5g_00000427,0,0,7,984.0,,13.0
simu5g_00000427,0,0,8,432.0,,7.0
simu5g_00000427,0,0,9,808.0,,11.0
simu5g_00000427,0,0,10,984.0,,13.0
simu5g_00000427,0,0,11,1128.0,,14.0
simu5g_00000427,0,0,12,888.0,,12.0
simu5g_00000427,0,0,13,808.0,,11.0
simu5g_00000427,0,0,14,888.0,,12.0
simu5g_00000427,0,0,15,984.0,,13.0
simu5g_00000427,0,0,16,808.0,,11.0
simu5g_00000427,0,0,17,1128.0,,14.0
simu5g_00000427,0,0,18,984.0,,13.0
simu5g_00000427,0,0,19,808.0,,11.0
simu5g_00000427,0,0,20,1128.0,,14.0
simu5g_00000427,0,0,21,528.0,,8.0
simu5g_00000427,0,0,22,984.0,,13.0
simu5g_00000427,0,0,23,1128.0,,14.0
simu5g_00000427,0,0,24,704.0,,10.0
simu5g_00000427,15,1,0,1160.0,,15.0
simu5g_00000427,15,1,1,1160.0,,15.0
simu5g_00000427,15,1,2,1160.0,,15.0
simu5g_00000427,15,1,3,1160.0,,15.0
simu5g_00000427,15,1,4,1160.0,,15.0
simu5g_00000427,15,1,5,1160.0,,15.0
simu5g_00000427,15,1,6,1160.0,,15.0
simu5g_00000427,15,1,7,1160.0,,15.0
simu5g_00000427,15,1,8,1160.0,,15.0
simu5g_00000427,15,1,9,1160.0,,15.0
simu5g_00000427,15,1,10,1160.0,,15.0
simu5g_00000427,15,1,11,1160.0,,15.0
simu5g_00000427,15,1,12,1160.0,,15.0
simu5g_00000427,15,1,13,1160.0,,15.0
simu5g_00000427,15,1,14,1160.0,,15.0
simu5g_00000427,15,1,15,1160.0,,15.0
simu5g_00000427,15,1,16,1160.0,,15.0
simu5g_00000427,15,1,17,1160.0,,15.0
simu5g_00000427,15,1,18,1160.0,,15.0
simu5g_00000427,15,1,19,1160.0,,15.0
simu5g_00000427,15,1,20,1160.0,,15.0
simu5g_00000427,15,1,21,1160.0,,15.0
simu5g_00000427,15,1,22,1160.0,,15.0
simu5g_00000427,15,1,23,1160.0,,15.0
simu5g_00000427,15,1,24,1160.0,,15.0
simu5g_00000427,31,2,0,1160.0,,15.0
simu5g_00000427,31,2,1,1128.0,,14.0
simu5g_00000427,31,2,2,1160.0,,15.0
simu5g_00000427,31,2,3,1160.0,,15.0
simu5g_00000427,31,2,4,1160.0,,15.0
simu5g_00000427,31,2,5,1160.0,,15.0
simu5g_00000427,31,2,6,1160.0,,15.0
simu5g_00000427,31,2,7,1160.0,,15.0
simu5g_00000427,31,2,8,1160.0,,15.0
simu5g_00000427,31,2,9,1160.0,,15.0
simu5g_00000427,31,2,10,1160.0,,15.0
simu5g_00000427,31,2,11,1160.0,,15.0
simu5g_00000427,31,2,12,984.0,,13.0
simu5g_00000427,31,2,13,1160.0,,15.0
simu5g_00000427,31,2,14,1160.0,,15.0
simu5g_00000427,31,2,15,1160.0,,15.0
simu5g_00000427,31,2,16,1160.0,,15.0
simu5g_00000427,31,2,17,1160.0,,15.0
simu5g_00000427,31,2,18,1160.0,,15.0
simu5g_00000427,31,2,19,1160.0,,15.0
simu5g_00000427,31,2,20,1160.0,,15.0
simu5g_00000427,31,2,21,1160.0,,15.0
simu5g_00000427,31,2,22,1160.0,,15.0
simu5g_00000427,31,2,23,1160.0,,15.0
simu5g_00000427,31,2,24,1160.0,,15.0
simu5g_00000428,1,0,0,1128.0,,14.0
simu5g_00000428,1,0,1,984.0,,13.0
simu5g_00000428,1,0,2,984.0,,13.0
simu5g_00000428,1,0,3,1128.0,,14.0
simu5g_00000428,1,0,4,984.0,,13.0
simu5g_00000428,1,0,5,1128.0,,14.0
simu5g_00000428,1,0,6,1128.0,,14.0
simu5g_00000428,1,0,7,704.0,,10.0
simu5g_00000428,1,0,8,608.0,,9.0
simu5g_00000428,1,0,9,1128.0,,14.0
simu5g_00000428,1,0,10,1128.0,,14.0
simu5g_00000428,1,0,11,984.0,,13.0
simu5g_00000428,1,0,12,984.0,,13.0
simu5g_00000428,1,0,13,1160.0,,15.0
simu5g_00000428,1,0,14,1128.0,,14.0
simu5g_00000428,1,0,15,1128.0,,14.0
simu5g_00000428,1,0,16,984.0,,13.0
simu5g_00000428,1,0,17,984.0,,13.0
simu5g_00000428,1,0,18,984.0,,13.0
simu5g_00000428,1,0,19,1128.0,,14.0
simu5g_00000428,1,0,20,1128.0,,14.0
simu5g_00000428,1,0,21,528.0,,8.0
simu5g_00000428,1,0,22,1128.0,,14.0
simu5g_00000428,1,0,23,888.0,,12.0
simu5g_00000428,1,0,24,1128.0,,14.0
simu5g_00000428,2,1,0,1160.0,,15.0
simu5g_00000428,2,1,1,1160.0,,15.0
simu5g_00000428,2,1,2,1128.0,,14.0
simu5g_00000428,2,1,3,1160.0,,15.0
simu5g_00000428,2,1,4,1128.0,,14.0
simu5g_00000428,2,1,5,1128.0,,14.0
simu5g_00000428,2,1,6,1160.0,,15.0
simu5g_00000428,2,1,7,808.0,,11.0
simu5g_00000428,2,1,8,1160.0,,15.0
simu5g_00000428,2,1,9,1160.0,,15.0
simu5g_00000428,2,1,10,1160.0,,15.0
simu5g_00000428,2,1,11,984.0,,13.0
simu5g_00000428,2,1,12,1128.0,,14.0
simu5g_00000428,2,1,13,1160.0,,15.0
simu5g_00000428,2,1,14,1160.0,,15.0
simu5g_00000428,2,1,15,1160.0,,15.0
simu5g_00000428,2,1,16,984.0,,13.0
simu5g_00000428,2,1,17,1128.0,,14.0
simu5g_00000428,2,1,18,1128.0,,14.0
simu5g_00000428,2,1,19,1160.0,,15.0
simu5g_00000428,2,1,20,1160.0,,15.0
simu5g_00000428,2,1,21,1128.0,,14.0
simu5g_00000428,2,1,22,1128.0,,14.0
simu5g_00000428,2,1,23,1160.0,,15.0
simu5g_00000428,2,1,24,984.0,,13.0
simu5g_00000428,3,2,0,1160.0,,15.0
simu5g_00000428,3,2,1,1160.0,,15.0
simu5g_00000428,3,2,2,1160.0,,15.0
simu5g_00000428,3,2,3,1160.0,,15.0
simu5g_00000428,3,2,4,1160.0,,15.0
simu5g_00000428,3,2,5,1160.0,,15.0
simu5g_00000428,3,2,6,1160.0,,15.0
simu5g_00000428,3,2,7,1160.0,,15.0
simu5g_00000428,3,2,8,1128.0,,14.0
simu5g_00000428,3,2,9,1128.0,,14.0
simu5g_00000428,3,2,10,1160.0,,15.0
simu5g_00000428,3,2,11,1160.0,,15.0
simu5g_00000428,3,2,12,1160.0,,15.0
simu5g_00000428,3,2,13,1160.0,,15.0
simu5g_00000428,3,2,14,1160.0,,15.0
simu5g_00000428,3,2,15,1160.0,,15.0
simu5g_00000428,3,2,16,1160.0,,15.0
simu5g_00000428,3,2,17,1160.0,,15.0
simu5g_00000428,3,2,18,1160.0,,15.0
simu5g_00000428,3,2,19,1160.0,,15.0
simu5g_00000428,3,2,20,1160.0,,15.0
simu5g_00000428,3,2,21,1160.0,,15.0
simu5g_00000428,3,2,22,1160.0,,15.0
simu5g_00000428,3,2,23,1160.0,,15.0
simu5g_00000428,3,2,24,1160.0,,15.0
simu5g_00000428,4,3,0,1160.0,,15.0
simu5g_00000428,4,3,1,1160.0,,15.0
simu5g_00000428,4,3,2,1160.0,,15.0
simu5g_00000428,4,3,3,888.0,,12.0
simu5g_00000428,4,3,4,1160.0,,15.0
simu5g_00000428,4,3,5,1160.0,,15.0
simu5g_00000428,4,3,6,1160.0,,15.0
simu5g_00000428,4,3,7,984.0,,13.0
simu5g_00000428,4,3,8,1160.0,,15.0
simu5g_00000428,4,3,9,1160.0,,15.0
simu5g_00000428,4,3,10,1160.0,,15.0
simu5g_00000428,4,3,11,1160.0,,15.0
simu5g_00000428,4,3,12,1160.0,,15.0
simu5g_00000428,4,3,13,1160.0,,15.0
simu5g_00000428,4,3,14,1160.0,,15.0
simu5g_00000428,4,3,15,1160.0,,15.0
simu5g_00000428,4,3,16,1160.0,,15.0
simu5g_00000428,4,3,17,1160.0,,15.0
simu5g_00000428,4,3,18,1160.0,,15.0
simu5g_00000428,4,3,19,1160.0,,15.0
simu5g_00000428,4,3,20,1160.0,,15.0
simu5g_00000428,4,3,21,1160.0,,15.0
simu5g_00000428,4,3,22,1160.0,,15.0
simu5g_00000428,4,3,23,1160.0,,15.0
simu5g_00000428,4,3,24,1160.0,,15.0
simu5g_00000428,5,4,0,1160.0,,15.0
simu5g_00000428,5,4,1,1160.0,,15.0
simu5g_00000428,5,4,2,1160.0,,15.0
simu5g_00000428,5,4,3,1160.0,,15.0
simu5g_00000428,5,4,4,1160.0,,15.0
simu5g_00000428,5,4,5,1160.0,,15.0
simu5g_00000428,5,4,6,1160.0,,15.0
simu5g_00000428,5,4,7,1160.0,,15.0
simu5g_00000428,5,4,8,1160.0,,15.0
simu5g_00000428,5,4,9,1160.0,,15.0
simu5g_00000428,5,4,10,1160.0,,15.0
simu5g_00000428,5,4,11,1160.0,,15.0
simu5g_00000428,5,4,12,1160.0,,15.0
simu5g_00000428,5,4,13,1128.0,,14.0
simu5g_00000428,5,4,14,1128.0,,14.0
simu5g_00000428,5,4,15,1160.0,,15.0
simu5g_00000428,5,4,16,808.0,,11.0
simu5g_00000428,5,4,17,1160.0,,15.0
simu5g_00000428,5,4,18,1160.0,,15.0
simu5g_00000428,5,4,19,1160.0,,15.0
simu5g_00000428,5,4,20,1160.0,,15.0
simu5g_00000428,5,4,21,984.0,,13.0
simu5g_00000428,5,4,22,1160.0,,15.0
simu5g_00000428,5,4,23,1128.0,,14.0
simu5g_00000428,5,4,24,1160.0,,15.0
simu5g_00000429,0,0,0,984.0,,13.0
simu5g_00000429,0,0,1,304.0,,5.0
simu5g_00000429,0,0,2,1128.0,,14.0
simu5g_00000429,0,0,3,608.0,,9.0
simu5g_00000429,0,0,4,984.0,,13.0
simu5g_00000429,0,0,5,608.0,,9.0
simu5g_00000429,0,0,6,808.0,,11.0
simu5g_00000429,0,0,7,984.0,,13.0
simu5g_00000429,0,0,8,432.0,,7.0
simu5g_00000429,0,0,9,808.0,,11.0
simu5g_00000429,0,0,10,984.0,,13.0
simu5g_00000429,0,0,11,1128.0,,14.0
simu5g_00000429,0,0,12,888.0,,12.0
simu5g_00000429,0,0,13,808.0,,11.0
simu5g_00000429,0,0,14,888.0,,12.0
simu5g_00000429,0,0,15,984.0,,13.0
simu5g_00000429,0,0,16,808.0,,11.0
simu5g_00000429,0,0,17,1128.0,,14.0
simu5g_00000429,0,0,18,984.0,,13.0
simu5g_00000429,0,0,19,808.0,,11.0
simu5g_00000429,0,0,20,1128.0,,14.0
simu5g_00000429,0,0,21,528.0,,8.0
simu5g_00000429,0,0,22,984.0,,13.0
simu5g_00000429,0,0,23,1128.0,,14.0
simu5g_00000429,0,0,24,704.0,,10.0
simu5g_00000429,15,1,0,1160.0,,15.0
simu5g_00000429,15,1,1,1160.0,,15.0
simu5g_00000429,15,1,2,1160.0,,15.0
simu5g_00000429,15,1,3,1160.0,,15.0
simu5g_00000429,15,1,4,1160.0,,15.0
simu5g_00000429,15,1,5,1160.0,,15.0
simu5g_00000429,15,1,6,1160.0,,15.0
simu5g_00000429,15,1,7,1160.0,,15.0
simu5g_00000429,15,1,8,1160.0,,15.0
simu5g_00000429,15,1,9,1160.0,,15.0
simu5g_00000429,15,1,10,1160.0,,15.0
simu5g_00000429,15,1,11,1160.0,,15.0
simu5g_00000429,15,1,12,1160.0,,15.0
simu5g_00000429,15,1,13,1160.0,,15.0
simu5g_00000429,15,1,14,1160.0,,15.0
simu5g_00000429,15,1,15,1160.0,,15.0
simu5g_00000429,15,1,16,1160.0,,15.0
simu5g_00000429,15,1,17,1160.0,,15.0
simu5g_00000429,15,1,18,1160.0,,15.0
simu5g_00000429,15,1,19,1160.0,,15.0
simu5g_00000429,15,1,20,1160.0,,15.0
simu5g_00000429,15,1,21,1160.0,,15.0
simu5g_00000429,15,1,22,1160.0,,15.0
simu5g_00000429,15,1,23,1160.0,,15.0
simu5g_00000429,15,1,24,1160.0,,15.0
simu5g_00000429,31,2,0,1160.0,,15.0
simu5g_00000429,31,2,1,1128.0,,14.0
simu5g_00000429,31,2,2,1160.0,,15.0
simu5g_00000429,31,2,3,1160.0,,15.0
simu5g_00000429,31,2,4,1160.0,,15.0
simu5g_00000429,31,2,5,1160.0,,15.0
simu5g_00000429,31,2,6,1160.0,,15.0
simu5g_00000429,31,2,7,1160.0,,15.0
simu5g_00000429,31,2,8,1160.0,,15.0
simu5g_00000429,31,2,9,1160.0,,15.0
simu5g_00000429,31,2,10,1160.0,,15.0
simu5g_00000429,31,2,11,1160.0,,15.0
simu5g_00000429,31,2,12,984.0,,13.0
simu5g_00000429,31,2,13,1160.0,,15.0
simu5g_00000429,31,2,14,1160.0,,15.0
simu5g_00000429,31,2,15,1160.0,,15.0
simu5g_00000429,31,2,16,1160.0,,15.0
simu5g_00000429,31,2,17,1160.0,,15.0
simu5g_00000429,31,2,18,1160.0,,15.0
simu5g_00000429,31,2,19,1160.0,,15.0
simu5g_00000429,31,2,20,1160.0,,15.0
simu5g_00000429,31,2,21,1160.0,,15.0
simu5g_00000429,31,2,22,1160.0,,15.0
simu5g_00000429,31,2,23,1160.0,,15.0
simu5g_00000429,31,2,24,1160.0,,15.0
simu5g_00000430,1,0,0,1160.0,,15.0
simu5g_00000430,1,0,1,984.0,,13.0
simu5g_00000430,1,0,2,984.0,,13.0
simu5g_00000430,1,0,3,1160.0,,15.0
simu5g_00000430,1,0,4,1128.0,,14.0
simu5g_00000430,1,0,5,1128.0,,14.0
simu5g_00000430,1,0,6,1128.0,,14.0
simu5g_00000430,1,0,7,888.0,,12.0
simu5g_00000430,1,0,8,704.0,,10.0
simu5g_00000430,1,0,9,1128.0,,14.0
simu5g_00000430,1,0,10,1128.0,,14.0
simu5g_00000430,1,0,11,1128.0,,14.0
simu5g_00000430,1,0,12,1128.0,,14.0
simu5g_00000430,1,0,13,1160.0,,15.0
simu5g_00000430,1,0,14,1160.0,,15.0
simu5g_00000430,1,0,15,1160.0,,15.0
simu5g_00000430,1,0,16,1128.0,,14.0
simu5g_00000430,1,0,17,1128.0,,14.0
simu5g_00000430,1,0,18,1128.0,,14.0
simu5g_00000430,1,0,19,1128.0,,14.0
simu5g_00000430,1,0,20,1160.0,,15.0
simu5g_00000430,1,0,21,608.0,,9.0
simu5g_00000430,1,0,22,1160.0,,15.0
simu5g_00000430,1,0,23,984.0,,13.0
simu5g_00000430,1,0,24,1128.0,,14.0
simu5g_00000430,2,1,0,1160.0,,15.0
simu5g_00000430,2,1,1,1160.0,,15.0
simu5g_00000430,2,1,2,1128.0,,14.0
simu5g_00000430,2,1,3,1160.0,,15.0
simu5g_00000430,2,1,4,1128.0,,14.0
simu5g_00000430,2,1,5,1128.0,,14.0
simu5g_00000430,2,1,6,1160.0,,15.0
simu5g_00000430,2,1,7,808.0,,11.0
simu5g_00000430,2,1,8,1160.0,,15.0
simu5g_00000430,2,1,9,1160.0,,15.0
simu5g_00000430,2,1,10,1160.0,,15.0
simu5g_00000430,2,1,11,984.0,,13.0
simu5g_00000430,2,1,12,1128.0,,14.0
simu5g_00000430,2,1,13,1160.0,,15.0
simu5g_00000430,2,1,14,1160.0,,15.0
simu5g_00000430,2,1,15,1160.0,,15.0
simu5g_00000430,2,1,16,984.0,,13.0
simu5g_00000430,2,1,17,1128.0,,14.0
simu5g_00000430,2,1,18,1128.0,,14.0
simu5g_00000430,2,1,19,1160.0,,15.0
simu5g_00000430,2,1,20,1160.0,,15.0
simu5g_00000430,2,1,21,1128.0,,14.0
simu5g_00000430,2,1,22,1128.0,,14.0
simu5g_00000430,2,1,23,1160.0,,15.0
simu5g_00000430,2,1,24,984.0,,13.0
simu5g_00000430,3,2,0,1160.0,,15.0
simu5g_00000430,3,2,1,1160.0,,15.0
simu5g_00000430,3,2,2,1160.0,,15.0
simu5g_00000430,3,2,3,1160.0,,15.0
simu5g_00000430,3,2,4,1160.0,,15.0
simu5g_00000430,3,2,5,1160.0,,15.0
simu5g_00000430,3,2,6,1160.0,,15.0
simu5g_00000430,3,2,7,1160.0,,15.0
simu5g_00000430,3,2,8,1128.0,,14.0
simu5g_00000430,3,2,9,1128.0,,14.0
simu5g_00000430,3,2,10,1160.0,,15.0
simu5g_00000430,3,2,11,1160.0,,15.0
simu5g_00000430,3,2,12,1160.0,,15.0
simu5g_00000430,3,2,13,1160.0,,15.0
simu5g_00000430,3,2,14,1160.0,,15.0
simu5g_00000430,3,2,15,1160.0,,15.0
simu5g_00000430,3,2,16,1160.0,,15.0
simu5g_00000430,3,2,17,1160.0,,15.0
simu5g_00000430,3,2,18,1160.0,,15.0
simu5g_00000430,3,2,19,1160.0,,15.0
simu5g_00000430,3,2,20,1160.0,,15.0
simu5g_00000430,3,2,21,1160.0,,15.0
simu5g_00000430,3,2,22,1160.0,,15.0
simu5g_00000430,3,2,23,1160.0,,15.0
simu5g_00000430,3,2,24,1160.0,,15.0
simu5g_00000430,4,3,0,1160.0,,15.0
simu5g_00000430,4,3,1,1160.0,,15.0
simu5g_00000430,4,3,2,1160.0,,15.0
simu5g_00000430,4,3,3,984.0,,13.0
simu5g_00000430,4,3,4,1160.0,,15.0
simu5g_00000430,4,3,5,1160.0,,15.0
simu5g_00000430,4,3,6,1160.0,,15.0
simu5g_00000430,4,3,7,984.0,,13.0
simu5g_00000430,4,3,8,1160.0,,15.0
simu5g_00000430,4,3,9,1160.0,,15.0
simu5g_00000430,4,3,10,1160.0,,15.0
simu5g_00000430,4,3,11,1160.0,,15.0
simu5g_00000430,4,3,12,1160.0,,15.0
simu5g_00000430,4,3,13,1160.0,,15.0
simu5g_00000430,4,3,14,1160.0,,15.0
simu5g_00000430,4,3,15,1160.0,,15.0
simu5g_00000430,4,3,16,1160.0,,15.0
simu5g_00000430,4,3,17,1160.0,,15.0
simu5g_00000430,4,3,18,1160.0,,15.0
simu5g_00000430,4,3,19,1160.0,,15.0
simu5g_00000430,4,3,20,1160.0,,15.0
simu5g_00000430,4,3,21,1160.0,,15.0
simu5g_00000430,4,3,22,1160.0,,15.0
simu5g_00000430,4,3,23,1160.0,,15.0
simu5g_00000430,4,3,24,1160.0,,15.0
simu5g_00000430,5,4,0,1160.0,,15.0
simu5g_00000430,5,4,1,1160.0,,15.0
simu5g_00000430,5,4,2,1160.0,,15.0
simu5g_00000430,5,4,3,1160.0,,15.0
simu5g_00000430,5,4,4,1160.0,,15.0
simu5g_00000430,5,4,5,1160.0,,15.0
simu5g_00000430,5,4,6,1160.0,,15.0
simu5g_00000430,5,4,7,1160.0,,15.0
simu5g_00000430,5,4,8,1160.0,,15.0
simu5g_00000430,5,4,9,1160.0,,15.0
simu5g_00000430,5,4,10,1160.0,,15.0
simu5g_00000430,5,4,11,1160.0,,15.0
simu5g_00000430,5,4,12,1160.0,,15.0
simu5g_00000430,5,4,13,1128.0,,14.0
simu5g_00000430,5,4,14,1128.0,,14.0
simu5g_00000430,5,4,15,1160.0,,15.0
simu5g_00000430,5,4,16,808.0,,11.0
simu5g_00000430,5,4,17,1160.0,,15.0
simu5g_00000430,5,4,18,1160.0,,15.0
simu5g_00000430,5,4,19,1160.0,,15.0
simu5g_00000430,5,4,20,1160.0,,15.0
simu5g_00000430,5,4,21,984.0,,13.0
simu5g_00000430,5,4,22,1160.0,,15.0
simu5g_00000430,5,4,23,1128.0,,14.0
simu5g_00000430,5,4,24,1160.0,,15.0
simu5g_00000431,0,0,0,1160.0,,15.0
simu5g_00000431,0,0,1,432.0,,7.0
simu5g_00000431,0,0,2,1160.0,,15.0
simu5g_00000431,0,0,3,888.0,,12.0
simu5g_00000431,0,0,4,1128.0,,14.0
simu5g_00000431,0,0,5,888.0,,12.0
simu5g_00000431,0,0,6,984.0,,13.0
simu5g_00000431,0,0,7,1128.0,,14.0
simu5g_00000431,0,0,8,704.0,,10.0
simu5g_00000431,0,0,9,984.0,,13.0
simu5g_00000431,0,0,10,1128.0,,14.0
simu5g_00000431,0,0,11,1160.0,,15.0
simu5g_00000431,0,0,12,1128.0,,14.0
simu5g_00000431,0,0,13,984.0,,13.0
simu5g_00000431,0,0,14,1128.0,,14.0
simu5g_00000431,0,0,15,1128.0,,14.0
simu5g_00000431,0,0,16,984.0,,13.0
simu5g_00000431,0,0,17,1160.0,,15.0
simu5g_00000431,0,0,18,1128.0,,14.0
simu5g_00000431,0,0,19,984.0,,13.0
simu5g_00000431,0,0,20,1160.0,,15.0
simu5g_00000431,0,0,21,808.0,,11.0
simu5g_00000431,0,0,22,1128.0,,14.0
simu5g_00000431,0,0,23,1160.0,,15.0
simu5g_00000431,0,0,24,984.0,,13.0
simu5g_00000431,15,1,0,1160.0,,15.0
simu5g_00000431,15,1,1,1160.0,,15.0
simu5g_00000431,15,1,2,1160.0,,15.0
simu5g_00000431,15,1,3,1160.0,,15.0
simu5g_00000431,15,1,4,1160.0,,15.0
simu5g_00000431,15,1,5,1160.0,,15.0
simu5g_00000431,15,1,6,1160.0,,15.0
simu5g_00000431,15,1,7,1160.0,,15.0
simu5g_00000431,15,1,8,1160.0,,15.0
simu5g_00000431,15,1,9,1160.0,,15.0
simu5g_00000431,15,1,10,1160.0,,15.0
simu5g_00000431,15,1,11,1160.0,,15.0
simu5g_00000431,15,1,12,1160.0,,15.0
simu5g_00000431,15,1,13,1160.0,,15.0
simu5g_00000431,15,1,14,1160.0,,15.0
simu5g_00000431,15,1,15,1160.0,,15.0
simu5g_00000431,15,1,16,1160.0,,15.0
simu5g_00000431,15,1,17,1160.0,,15.0
simu5g_00000431,15,1,18,1160.0,,15.0
simu5g_00000431,15,1,19,1160.0,,15.0
simu5g_00000431,15,1,20,1160.0,,15.0
simu5g_00000431,15,1,21,1160.0,,15.0
simu5g_00000431,15,1,22,1160.0,,15.0
simu5g_00000431,15,1,23,1160.0,,15.0
simu5g_00000431,15,1,24,1160.0,,15.0
simu5g_00000431,31,2,0,1128.0,,14.0
simu5g_00000431,31,2,1,984.0,,13.0
simu5g_00000431,31,2,2,1160.0,,15.0
simu5g_00000431,31,2,3,1160.0,,15.0
simu5g_00000431,31,2,4,1160.0,,15.0
simu5g_00000431,31,2,5,1160.0,,15.0
simu5g_00000431,31,2,6,1160.0,,15.0
simu5g_00000431,31,2,7,1160.0,,15.0
simu5g_00000431,31,2,8,1160.0,,15.0
simu5g_00000431,31,2,9,1160.0,,15.0
simu5g_00000431,31,2,10,1160.0,,15.0
simu5g_00000431,31,2,11,1128.0,,14.0
simu5g_00000431,31,2,12,704.0,,10.0
simu5g_00000431,31,2,13,1160.0,,15.0
simu5g_00000431,31,2,14,1160.0,,15.0
simu5g_00000431,31,2,15,1160.0,,15.0
simu5g_00000431,31,2,16,1128.0,,14.0
simu5g_00000431,31,2,17,1160.0,,15.0
simu5g_00000431,31,2,18,1160.0,,15.0
simu5g_00000431,31,2,19,1128.0,,14.0
simu5g_00000431,31,2,20,1128.0,,14.0
simu5g_00000431,31,2,21,1160.0,,15.0
simu5g_00000431,31,2,22,1160.0,,15.0
simu5g_00000431,31,2,23,1160.0,,15.0
simu5g_00000431,31,2,24,1160.0,,15.0
simu5g_00000432,1,0,0,1160.0,,15.0
simu5g_00000432,1,0,1,984.0,,13.0
simu5g_00000432,1,0,2,984.0,,13.0
simu5g_00000432,1,0,3,1160.0,,15.0
simu5g_00000432,1,0,4,1128.0,,14.0
simu5g_00000432,1,0,5,1128.0,,14.0
simu5g_00000432,1,0,6,1128.0,,14.0
simu5g_00000432,1,0,7,888.0,,12.0
simu5g_00000432,1,0,8,704.0,,10.0
simu5g_00000432,1,0,9,1128.0,,14.0
simu5g_00000432,1,0,10,1128.0,,14.0
simu5g_00000432,1,0,11,1128.0,,14.0
simu5g_00000432,1,0,12,1128.0,,14.0
simu5g_00000432,1,0,13,1160.0,,15.0
simu5g_00000432,1,0,14,1160.0,,15.0
simu5g_00000432,1,0,15,1160.0,,15.0
simu5g_00000432,1,0,16,1128.0,,14.0
simu5g_00000432,1,0,17,1128.0,,14.0
simu5g_00000432,1,0,18,1128.0,,14.0
simu5g_00000432,1,0,19,1128.0,,14.0
simu5g_00000432,1,0,20,1160.0,,15.0
simu5g_00000432,1,0,21,608.0,,9.0
simu5g_00000432,1,0,22,1160.0,,15.0
simu5g_00000432,1,0,23,984.0,,13.0
simu5g_00000432,1,0,24,1128.0,,14.0
simu5g_00000432,2,1,0,1160.0,,15.0
simu5g_00000432,2,1,1,1160.0,,15.0
simu5g_00000432,2,1,2,1128.0,,14.0
simu5g_00000432,2,1,3,1160.0,,15.0
simu5g_00000432,2,1,4,1128.0,,14.0
simu5g_00000432,2,1,5,1128.0,,14.0
simu5g_00000432,2,1,6,1160.0,,15.0
simu5g_00000432,2,1,7,808.0,,11.0
simu5g_00000432,2,1,8,1160.0,,15.0
simu5g_00000432,2,1,9,1160.0,,15.0
simu5g_00000432,2,1,10,1160.0,,15.0
simu5g_00000432,2,1,11,984.0,,13.0
simu5g_00000432,2,1,12,1128.0,,14.0
simu5g_00000432,2,1,13,1160.0,,15.0
simu5g_00000432,2,1,14,1160.0,,15.0
simu5g_00000432,2,1,15,1160.0,,15.0
simu5g_00000432,2,1,16,984.0,,13.0
simu5g_00000432,2,1,17,1128.0,,14.0
simu5g_00000432,2,1,18,1128.0,,14.0
simu5g_00000432,2,1,19,1160.0,,15.0
simu5g_00000432,2,1,20,1160.0,,15.0
simu5g_00000432,2,1,21,1128.0,,14.0
simu5g_00000432,2,1,22,1128.0,,14.0
simu5g_00000432,2,1,23,1160.0,,15.0
simu5g_00000432,2,1,24,984.0,,13.0
simu5g_00000432,3,2,0,1160.0,,15.0
simu5g_00000432,3,2,1,1160.0,,15.0
simu5g_00000432,3,2,2,1160.0,,15.0
simu5g_00000432,3,2,3,1160.0,,15.0
simu5g_00000432,3,2,4,1160.0,,15.0
simu5g_00000432,3,2,5,1160.0,,15.0
simu5g_00000432,3,2,6,1160.0,,15.0
simu5g_00000432,3,2,7,1160.0,,15.0
simu5g_00000432,3,2,8,1128.0,,14.0
simu5g_00000432,3,2,9,1128.0,,14.0
simu5g_00000432,3,2,10,1160.0,,15.0
simu5g_00000432,3,2,11,1160.0,,15.0
simu5g_00000432,3,2,12,1160.0,,15.0
simu5g_00000432,3,2,13,1160.0,,15.0
simu5g_00000432,3,2,14,1160.0,,15.0
simu5g_00000432,3,2,15,1160.0,,15.0
simu5g_00000432,3,2,16,1160.0,,15.0
simu5g_00000432,3,2,17,1160.0,,15.0
simu5g_00000432,3,2,18,1160.0,,15.0
simu5g_00000432,3,2,19,1160.0,,15.0
simu5g_00000432,3,2,20,1160.0,,15.0
simu5g_00000432,3,2,21,1160.0,,15.0
simu5g_00000432,3,2,22,1160.0,,15.0
simu5g_00000432,3,2,23,1160.0,,15.0
simu5g_00000432,3,2,24,1160.0,,15.0
simu5g_00000432,4,3,0,1160.0,,15.0
simu5g_00000432,4,3,1,984.0,,13.0
simu5g_00000432,4,3,2,1160.0,,15.0
simu5g_00000432,4,3,3,608.0,,9.0
simu5g_00000432,4,3,4,1160.0,,15.0
simu5g_00000432,4,3,5,1160.0,,15.0
simu5g_00000432,4,3,6,1160.0,,15.0
simu5g_00000432,4,3,7,808.0,,11.0
simu5g_00000432,4,3,8,984.0,,13.0
simu5g_00000432,4,3,9,1160.0,,15.0
simu5g_00000432,4,3,10,1128.0,,14.0
simu5g_00000432,4,3,11,1160.0,,15.0
simu5g_00000432,4,3,12,1160.0,,15.0
simu5g_00000432,4,3,13,1128.0,,14.0
simu5g_00000432,4,3,14,1160.0,,15.0
simu5g_00000432,4,3,15,984.0,,13.0
simu5g_00000432,4,3,16,1128.0,,14.0
simu5g_00000432,4,3,17,1128.0,,14.0
simu5g_00000432,4,3,18,1160.0,,15.0
simu5g_00000432,4,3,19,1160.0,,15.0
simu5g_00000432,4,3,20,1128.0,,14.0
simu5g_00000432,4,3,21,1128.0,,14.0
simu5g_00000432,4,3,22,1160.0,,15.0
simu5g_00000432,4,3,23,1160.0,,15.0
simu5g_00000432,4,3,24,1128.0,,14.0
simu5g_00000432,5,4,0,1160.0,,15.0
simu5g_00000432,5,4,1,1160.0,,15.0
simu5g_00000432,5,4,2,1160.0,,15.0
simu5g_00000432,5,4,3,1160.0,,15.0
simu5g_00000432,5,4,4,1160.0,,15.0
simu5g_00000432,5,4,5,1160.0,,15.0
simu5g_00000432,5,4,6,1160.0,,15.0
simu5g_00000432,5,4,7,1160.0,,15.0
simu5g_00000432,5,4,8,1160.0,,15.0
simu5g_00000432,5,4,9,1160.0,,15.0
simu5g_00000432,5,4,10,1160.0,,15.0
simu5g_00000432,5,4,11,1160.0,,15.0
simu5g_00000432,5,4,12,1160.0,,15.0
simu5g_00000432,5,4,13,1128.0,,14.0
simu5g_00000432,5,4,14,1128.0,,14.0
simu5g_00000432,5,4,15,1160.0,,15.0
simu5g_00000432,5,4,16,808.0,,11.0
simu5g_00000432,5,4,17,1160.0,,15.0
simu5g_00000432,5,4,18,1160.0,,15.0
simu5g_00000432,5,4,19,1160.0,,15.0
simu5g_00000432,5,4,20,1160.0,,15.0
simu5g_00000432,5,4,21,984.0,,13.0
simu5g_00000432,5,4,22,1160.0,,15.0
simu5g_00000432,5,4,23,1128.0,,14.0
simu5g_00000432,5,4,24,1160.0,,15.0
simu5g_00000433,0,0,0,1160.0,,15.0
simu5g_00000433,0,0,1,432.0,,7.0
simu5g_00000433,0,0,2,1160.0,,15.0
simu5g_00000433,0,0,3,888.0,,12.0
simu5g_00000433,0,0,4,1128.0,,14.0
simu5g_00000433,0,0,5,888.0,,12.0
simu5g_00000433,0,0,6,984.0,,13.0
simu5g_00000433,0,0,7,1128.0,,14.0
simu5g_00000433,0,0,8,704.0,,10.0
simu5g_00000433,0,0,9,984.0,,13.0
simu5g_00000433,0,0,10,1128.0,,14.0
simu5g_00000433,0,0,11,1160.0,,15.0
simu5g_00000433,0,0,12,1128.0,,14.0
simu5g_00000433,0,0,13,984.0,,13.0
simu5g_00000433,0,0,14,1128.0,,14.0
simu5g_00000433,0,0,15,1128.0,,14.0
simu5g_00000433,0,0,16,984.0,,13.0
simu5g_00000433,0,0,17,1160.0,,15.0
simu5g_00000433,0,0,18,1128.0,,14.0
simu5g_00000433,0,0,19,984.0,,13.0
simu5g_00000433,0,0,20,1160.0,,15.0
simu5g_00000433,0,0,21,808.0,,11.0
simu5g_00000433,0,0,22,1128.0,,14.0
simu5g_00000433,0,0,23,1160.0,,15.0
simu5g_00000433,0,0,24,984.0,,13.0
simu5g_00000433,15,1,0,1160.0,,15.0
simu5g_00000433,15,1,1,1160.0,,15.0
simu5g_00000433,15,1,2,1160.0,,15.0
simu5g_00000433,15,1,3,1160.0,,15.0
simu5g_00000433,15,1,4,1160.0,,15.0
simu5g_00000433,15,1,5,1160.0,,15.0
simu5g_00000433,15,1,6,1160.0,,15.0
simu5g_00000433,15,1,7,1160.0,,15.0
simu5g_00000433,15,1,8,1160.0,,15.0
simu5g_00000433,15,1,9,1160.0,,15.0
simu5g_00000433,15,1,10,1160.0,,15.0
simu5g_00000433,15,1,11,1160.0,,15.0
simu5g_00000433,15,1,12,1160.0,,15.0
simu5g_00000433,15,1,13,1160.0,,15.0
simu5g_00000433,15,1,14,1160.0,,15.0
simu5g_00000433,15,1,15,1160.0,,15.0
simu5g_00000433,15,1,16,1160.0,,15.0
simu5g_00000433,15,1,17,1160.0,,15.0
simu5g_00000433,15,1,18,1160.0,,15.0
simu5g_00000433,15,1,19,1160.0,,15.0
simu5g_00000433,15,1,20,1160.0,,15.0
simu5g_00000433,15,1,21,1160.0,,15.0
simu5g_00000433,15,1,22,1160.0,,15.0
simu5g_00000433,15,1,23,1160.0,,15.0
simu5g_00000433,15,1,24,1160.0,,15.0
simu5g_00000433,3,2,0,808.0,,11.0
simu5g_00000433,3,2,1,1128.0,,14.0
simu5g_00000433,3,2,2,888.0,,12.0
simu5g_00000433,3,2,3,984.0,,13.0
simu5g_00000433,3,2,4,1128.0,,14.0
simu5g_00000433,3,2,5,984.0,,13.0
simu5g_00000433,3,2,6,984.0,,13.0
simu5g_00000433,3,2,7,888.0,,12.0
simu5g_00000433,3,2,8,432.0,,7.0
simu5g_00000433,3,2,9,368.0,,6.0
simu5g_00000433,3,2,10,984.0,,13.0
simu5g_00000433,3,2,11,888.0,,12.0
simu5g_00000433,3,2,12,984.0,,13.0
simu5g_00000433,3,2,13,984.0,,13.0
simu5g_00000433,3,2,14,1128.0,,14.0
simu5g_00000433,3,2,15,984.0,,13.0
simu5g_00000433,3,2,16,984.0,,13.0
simu5g_00000433,3,2,17,984.0,,13.0
simu5g_00000433,3,2,18,984.0,,13.0
simu5g_00000433,3,2,19,984.0,,13.0
simu5g_00000433,3,2,20,984.0,,13.0
simu5g_00000433,3,2,21,808.0,,11.0
simu5g_00000433,3,2,22,608.0,,9.0
simu5g_00000433,3,2,23,984.0,,13.0
simu5g_00000433,3,2,24,608.0,,9.0
simu5g_00000433,31,3,0,1128.0,,14.0
simu5g_00000433,31,3,1,984.0,,13.0
simu5g_00000433,31,3,2,1160.0,,15.0
simu5g_00000433,31,3,3,1160.0,,15.0
simu5g_00000433,31,3,4,1160.0,,15.0
simu5g_00000433,31,3,5,1160.0,,15.0
simu5g_00000433,31,3,6,1160.0,,15.0
simu5g_00000433,31,3,7,1160.0,,15.0
simu5g_00000433,31,3,8,1160.0,,15.0
simu5g_00000433,31,3,9,1160.0,,15.0
simu5g_00000433,31,3,10,1160.0,,15.0
simu5g_00000433,31,3,11,1128.0,,14.0
simu5g_00000433,31,3,12,704.0,,10.0
simu5g_00000433,31,3,13,1160.0,,15.0
simu5g_00000433,31,3,14,1160.0,,15.0
simu5g_00000433,31,3,15,1160.0,,15.0
simu5g_00000433,31,3,16,1128.0,,14.0
simu5g_00000433,31,3,17,1160.0,,15.0
simu5g_00000433,31,3,18,1160.0,,15.0
simu5g_00000433,31,3,19,1128.0,,14.0
simu5g_00000433,31,3,20,1128.0,,14.0
simu5g_00000433,31,3,21,1160.0,,15.0
simu5g_00000433,31,3,22,1128.0,,14.0
simu5g_00000433,31,3,23,1160.0,,15.0
simu5g_00000433,31,3,24,1160.0,,15.0
simu5g_00000434,1,0,0,1160.0,,15.0
simu5g_00000434,1,0,1,984.0,,13.0
simu5g_00000434,1,0,2,984.0,,13.0
simu5g_00000434,1,0,3,1160.0,,15.0
simu5g_00000434,1,0,4,1128.0,,14.0
simu5g_00000434,1,0,5,1128.0,,14.0
simu5g_00000434,1,0,6,1128.0,,14.0
simu5g_00000434,1,0,7,888.0,,12.0
simu5g_00000434,1,0,8,704.0,,10.0
simu5g_00000434,1,0,9,1128.0,,14.0
simu5g_00000434,1,0,10,1128.0,,14.0
simu5g_00000434,1,0,11,1128.0,,14.0
simu5g_00000434,1,0,12,1128.0,,14.0
simu5g_00000434,1,0,13,1160.0,,15.0
simu5g_00000434,1,0,14,1160.0,,15.0
simu5g_00000434,1,0,15,1160.0,,15.0
simu5g_00000434,1,0,16,1128.0,,14.0
simu5g_00000434,1,0,17,1128.0,,14.0
simu5g_00000434,1,0,18,1128.0,,14.0
simu5g_00000434,1,0,19,1128.0,,14.0
simu5g_00000434,1,0,20,1160.0,,15.0
simu5g_00000434,1,0,21,608.0,,9.0
simu5g_00000434,1,0,22,1160.0,,15.0
simu5g_00000434,1,0,23,984.0,,13.0
simu5g_00000434,1,0,24,1128.0,,14.0
simu5g_00000434,2,1,0,1128.0,,14.0
simu5g_00000434,2,1,1,1160.0,,15.0
simu5g_00000434,2,1,2,1128.0,,14.0
simu5g_00000434,2,1,3,1160.0,,15.0
simu5g_00000434,2,1,4,1128.0,,14.0
simu5g_00000434,2,1,5,1128.0,,14.0
simu5g_00000434,2,1,6,1128.0,,14.0
simu5g_00000434,2,1,7,808.0,,11.0
simu5g_00000434,2,1,8,1160.0,,15.0
simu5g_00000434,2,1,9,1160.0,,15.0
simu5g_00000434,2,1,10,1160.0,,15.0
simu5g_00000434,2,1,11,888.0,,12.0
simu5g_00000434,2,1,12,1128.0,,14.0
simu5g_00000434,2,1,13,1160.0,,15.0
simu5g_00000434,2,1,14,1160.0,,15.0
simu5g_00000434,2,1,15,1160.0,,15.0
simu5g_00000434,2,1,16,984.0,,13.0
simu5g_00000434,2,1,17,1128.0,,14.0
simu5g_00000434,2,1,18,1128.0,,14.0
simu5g_00000434,2,1,19,1160.0,,15.0
simu5g_00000434,2,1,20,1160.0,,15.0
simu5g_00000434,2,1,21,1128.0,,14.0
simu5g_00000434,2,1,22,984.0,,13.0
simu5g_00000434,2,1,23,1160.0,,15.0
simu5g_00000434,2,1,24,984.0,,13.0
simu5g_00000434,4,2,0,1160.0,,15.0
simu5g_00000434,4,2,1,984.0,,13.0
simu5g_00000434,4,2,2,1160.0,,15.0
simu5g_00000434,4,2,3,608.0,,9.0
simu5g_00000434,4,2,4,1160.0,,15.0
simu5g_00000434,4,2,5,1160.0,,15.0
simu5g_00000434,4,2,6,1160.0,,15.0
simu5g_00000434,4,2,7,808.0,,11.0
simu5g_00000434,4,2,8,984.0,,13.0
simu5g_00000434,4,2,9,1160.0,,15.0
simu5g_00000434,4,2,10,1128.0,,14.0
simu5g_00000434,4,2,11,1160.0,,15.0
simu5g_00000434,4,2,12,1160.0,,15.0
simu5g_00000434,4,2,13,1128.0,,14.0
simu5g_00000434,4,2,14,1160.0,,15.0
simu5g_00000434,4,2,15,984.0,,13.0
simu5g_00000434,4,2,16,1128.0,,14.0
simu5g_00000434,4,2,17,1128.0,,14.0
simu5g_00000434,4,2,18,1160.0,,15.0
simu5g_00000434,4,2,19,1160.0,,15.0
simu5g_00000434,4,2,20,1128.0,,14.0
simu5g_00000434,4,2,21,1128.0,,14.0
simu5g_00000434,4,2,22,1160.0,,15.0
simu5g_00000434,4,2,23,1160.0,,15.0
simu5g_00000434,4,2,24,1128.0,,14.0
simu5g_00000434,5,3,0,1160.0,,15.0
simu5g_00000434,5,3,1,1160.0,,15.0
simu5g_00000434,5,3,2,1160.0,,15.0
simu5g_00000434,5,3,3,1160.0,,15.0
simu5g_00000434,5,3,4,1160.0,,15.0
simu5g_00000434,5,3,5,1160.0,,15.0
simu5g_00000434,5,3,6,1160.0,,15.0
simu5g_00000434,5,3,7,1160.0,,15.0
simu5g_00000434,5,3,8,1160.0,,15.0
simu5g_00000434,5,3,9,1160.0,,15.0
simu5g_00000434,5,3,10,1160.0,,15.0
simu5g_00000434,5,3,11,1160.0,,15.0
simu5g_00000434,5,3,12,1160.0,,15.0
simu5g_00000434,5,3,13,1128.0,,14.0
simu5g_00000434,5,3,14,1128.0,,14.0
simu5g_00000434,5,3,15,1160.0,,15.0
simu5g_00000434,5,3,16,808.0,,11.0
simu5g_00000434,5,3,17,1160.0,,15.0
simu5g_00000434,5,3,18,1160.0,,15.0
simu5g_00000434,5,3,19,1160.0,,15.0
simu5g_00000434,5,3,20,1160.0,,15.0
simu5g_00000434,5,3,21,984.0,,13.0
simu5g_00000434,5,3,22,1160.0,,15.0
simu5g_00000434,5,3,23,1128.0,,14.0
simu5g_00000434,5,3,24,1160.0,,15.0
simu5g_00000435,0,0,0,1160.0,,15.0
simu5g_00000435,0,0,1,432.0,,7.0
simu5g_00000435,0,0,2,1160.0,,15.0
simu5g_00000435,0,0,3,888.0,,12.0
simu5g_00000435,0,0,4,1128.0,,14.0
simu5g_00000435,0,0,5,888.0,,12.0
simu5g_00000435,0,0,6,984.0,,13.0
simu5g_00000435,0,0,7,1128.0,,14.0
simu5g_00000435,0,0,8,704.0,,10.0
simu5g_00000435,0,0,9,984.0,,13.0
simu5g_00000435,0,0,10,1128.0,,14.0
simu5g_00000435,0,0,11,1160.0,,15.0
simu5g_00000435,0,0,12,1128.0,,14.0
simu5g_00000435,0,0,13,984.0,,13.0
simu5g_00000435,0,0,14,1128.0,,14.0
simu5g_00000435,0,0,15,1128.0,,14.0
simu5g_00000435,0,0,16,984.0,,13.0
simu5g_00000435,0,0,17,1160.0,,15.0
simu5g_00000435,0,0,18,1128.0,,14.0
simu5g_00000435,0,0,19,984.0,,13.0
simu5g_00000435,0,0,20,1160.0,,15.0
simu5g_00000435,0,0,21,808.0,,11.0
simu5g_00000435,0,0,22,1128.0,,14.0
simu5g_00000435,0,0,23,1160.0,,15.0
simu5g_00000435,0,0,24,984.0,,13.0
simu5g_00000435,15,1,0,1160.0,,15.0
simu5g_00000435,15,1,1,1160.0,,15.0
simu5g_00000435,15,1,2,1160.0,,15.0
simu5g_00000435,15,1,3,1160.0,,15.0
simu5g_00000435,15,1,4,1160.0,,15.0
simu5g_00000435,15,1,5,1160.0,,15.0
simu5g_00000435,15,1,6,1160.0,,15.0
simu5g_00000435,15,1,7,1160.0,,15.0
simu5g_00000435,15,1,8,1160.0,,15.0
simu5g_00000435,15,1,9,1160.0,,15.0
simu5g_00000435,15,1,10,1160.0,,15.0
simu5g_00000435,15,1,11,1160.0,,15.0
simu5g_00000435,15,1,12,1160.0,,15.0
simu5g_00000435,15,1,13,1160.0,,15.0
simu5g_00000435,15,1,14,1160.0,,15.0
simu5g_00000435,15,1,15,1160.0,,15.0
simu5g_00000435,15,1,16,1160.0,,15.0
simu5g_00000435,15,1,17,1160.0,,15.0
simu5g_00000435,15,1,18,1160.0,,15.0
simu5g_00000435,15,1,19,1160.0,,15.0
simu5g_00000435,15,1,20,1160.0,,15.0
simu5g_00000435,15,1,21,1160.0,,15.0
simu5g_00000435,15,1,22,1160.0,,15.0
simu5g_00000435,15,1,23,1160.0,,15.0
simu5g_00000435,15,1,24,1160.0,,15.0
simu5g_00000435,3,2,0,808.0,,11.0
simu5g_00000435,3,2,1,1128.0,,14.0
simu5g_00000435,3,2,2,888.0,,12.0
simu5g_00000435,3,2,3,984.0,,13.0
simu5g_00000435,3,2,4,1128.0,,14.0
simu5g_00000435,3,2,5,984.0,,13.0
simu5g_00000435,3,2,6,984.0,,13.0
simu5g_00000435,3,2,7,888.0,,12.0
simu5g_00000435,3,2,8,432.0,,7.0
simu5g_00000435,3,2,9,368.0,,6.0
simu5g_00000435,3,2,10,984.0,,13.0
simu5g_00000435,3,2,11,888.0,,12.0
simu5g_00000435,3,2,12,984.0,,13.0
simu5g_00000435,3,2,13,984.0,,13.0
simu5g_00000435,3,2,14,1128.0,,14.0
simu5g_00000435,3,2,15,984.0,,13.0
simu5g_00000435,3,2,16,984.0,,13.0
simu5g_00000435,3,2,17,984.0,,13.0
simu5g_00000435,3,2,18,984.0,,13.0
simu5g_00000435,3,2,19,984.0,,13.0
simu5g_00000435,3,2,20,984.0,,13.0
simu5g_00000435,3,2,21,808.0,,11.0
simu5g_00000435,3,2,22,608.0,,9.0
simu5g_00000435,3,2,23,984.0,,13.0
simu5g_00000435,3,2,24,608.0,,9.0
simu5g_00000435,31,3,0,1128.0,,14.0
simu5g_00000435,31,3,1,984.0,,13.0
simu5g_00000435,31,3,2,1160.0,,15.0
simu5g_00000435,31,3,3,1160.0,,15.0
simu5g_00000435,31,3,4,1160.0,,15.0
simu5g_00000435,31,3,5,1160.0,,15.0
simu5g_00000435,31,3,6,1160.0,,15.0
simu5g_00000435,31,3,7,1160.0,,15.0
simu5g_00000435,31,3,8,1160.0,,15.0
simu5g_00000435,31,3,9,1160.0,,15.0
simu5g_00000435,31,3,10,1160.0,,15.0
simu5g_00000435,31,3,11,1128.0,,14.0
simu5g_00000435,31,3,12,704.0,,10.0
simu5g_00000435,31,3,13,1160.0,,15.0
simu5g_00000435,31,3,14,1160.0,,15.0
simu5g_00000435,31,3,15,1160.0,,15.0
simu5g_00000435,31,3,16,1128.0,,14.0
simu5g_00000435,31,3,17,1160.0,,15.0
simu5g_00000435,31,3,18,1160.0,,15.0
simu5g_00000435,31,3,19,1128.0,,14.0
simu5g_00000435,31,3,20,1128.0,,14.0
simu5g_00000435,31,3,21,1160.0,,15.0
simu5g_00000435,31,3,22,1128.0,,14.0
simu5g_00000435,31,3,23,1160.0,,15.0
simu5g_00000435,31,3,24,1160.0,,15.0
simu5g_00000436,1,0,0,1160.0,,15.0
simu5g_00000436,1,0,1,984.0,,13.0
simu5g_00000436,1,0,2,984.0,,13.0
simu5g_00000436,1,0,3,1160.0,,15.0
simu5g_00000436,1,0,4,1128.0,,14.0
simu5g_00000436,1,0,5,1128.0,,14.0
simu5g_00000436,1,0,6,1128.0,,14.0
simu5g_00000436,1,0,7,888.0,,12.0
simu5g_00000436,1,0,8,704.0,,10.0
simu5g_00000436,1,0,9,1128.0,,14.0
simu5g_00000436,1,0,10,1128.0,,14.0
simu5g_00000436,1,0,11,1128.0,,14.0
simu5g_00000436,1,0,12,1128.0,,14.0
simu5g_00000436,1,0,13,1160.0,,15.0
simu5g_00000436,1,0,14,1160.0,,15.0
simu5g_00000436,1,0,15,1160.0,,15.0
simu5g_00000436,1,0,16,1128.0,,14.0
simu5g_00000436,1,0,17,1128.0,,14.0
simu5g_00000436,1,0,18,1128.0,,14.0
simu5g_00000436,1,0,19,1128.0,,14.0
simu5g_00000436,1,0,20,1160.0,,15.0
simu5g_00000436,1,0,21,608.0,,9.0
simu5g_00000436,1,0,22,1128.0,,14.0
simu5g_00000436,1,0,23,984.0,,13.0
simu5g_00000436,1,0,24,1128.0,,14.0
simu5g_00000436,2,1,0,1128.0,,14.0
simu5g_00000436,2,1,1,1160.0,,15.0
simu5g_00000436,2,1,2,1128.0,,14.0
simu5g_00000436,2,1,3,1160.0,,15.0
simu5g_00000436,2,1,4,1128.0,,14.0
simu5g_00000436,2,1,5,1128.0,,14.0
simu5g_00000436,2,1,6,1128.0,,14.0
simu5g_00000436,2,1,7,808.0,,11.0
simu5g_00000436,2,1,8,1160.0,,15.0
simu5g_00000436,2,1,9,1160.0,,15.0
simu5g_00000436,2,1,10,1160.0,,15.0
simu5g_00000436,2,1,11,888.0,,12.0
simu5g_00000436,2,1,12,1128.0,,14.0
simu5g_00000436,2,1,13,1160.0,,15.0
simu5g_00000436,2,1,14,1160.0,,15.0
simu5g_00000436,2,1,15,1160.0,,15.0
simu5g_00000436,2,1,16,984.0,,13.0
simu5g_00000436,2,1,17,1128.0,,14.0
simu5g_00000436,2,1,18,1128.0,,14.0
simu5g_00000436,2,1,19,1160.0,,15.0
simu5g_00000436,2,1,20,1160.0,,15.0
simu5g_00000436,2,1,21,1128.0,,14.0
simu5g_00000436,2,1,22,984.0,,13.0
simu5g_00000436,2,1,23,1160.0,,15.0
simu5g_00000436,2,1,24,984.0,,13.0
simu5g_00000436,4,2,0,1160.0,,15.0
simu5g_00000436,4,2,1,984.0,,13.0
simu5g_00000436,4,2,2,1160.0,,15.0
simu5g_00000436,4,2,3,608.0,,9.0
simu5g_00000436,4,2,4,1160.0,,15.0
simu5g_00000436,4,2,5,1160.0,,15.0
simu5g_00000436,4,2,6,1160.0,,15.0
simu5g_00000436,4,2,7,808.0,,11.0
simu5g_00000436,4,2,8,984.0,,13.0
simu5g_00000436,4,2,9,1160.0,,15.0
simu5g_00000436,4,2,10,1128.0,,14.0
simu5g_00000436,4,2,11,1160.0,,15.0
simu5g_00000436,4,2,12,1160.0,,15.0
simu5g_00000436,4,2,13,1128.0,,14.0
simu5g_00000436,4,2,14,1160.0,,15.0
simu5g_00000436,4,2,15,984.0,,13.0
simu5g_00000436,4,2,16,1128.0,,14.0
simu5g_00000436,4,2,17,1128.0,,14.0
simu5g_00000436,4,2,18,1160.0,,15.0
simu5g_00000436,4,2,19,1160.0,,15.0
simu5g_00000436,4,2,20,1128.0,,14.0
simu5g_00000436,4,2,21,1128.0,,14.0
simu5g_00000436,4,2,22,1160.0,,15.0
simu5g_00000436,4,2,23,1160.0,,15.0
simu5g_00000436,4,2,24,1128.0,,14.0
simu5g_00000436,5,3,0,1160.0,,15.0
simu5g_00000436,5,3,1,1160.0,,15.0
simu5g_00000436,5,3,2,1160.0,,15.0
simu5g_00000436,5,3,3,1160.0,,15.0
simu5g_00000436,5,3,4,1160.0,,15.0
simu5g_00000436,5,3,5,1160.0,,15.0
simu5g_00000436,5,3,6,1160.0,,15.0
simu5g_00000436,5,3,7,1160.0,,15.0
simu5g_00000436,5,3,8,1160.0,,15.0
simu5g_00000436,5,3,9,1160.0,,15.0
simu5g_00000436,5,3,10,1160.0,,15.0
simu5g_00000436,5,3,11,1160.0,,15.0
simu5g_00000436,5,3,12,1160.0,,15.0
simu5g_00000436,5,3,13,1128.0,,14.0
simu5g_00000436,5,3,14,1128.0,,14.0
simu5g_00000436,5,3,15,1160.0,,15.0
simu5g_00000436,5,3,16,808.0,,11.0
simu5g_00000436,5,3,17,1160.0,,15.0
simu5g_00000436,5,3,18,1160.0,,15.0
simu5g_00000436,5,3,19,1160.0,,15.0
simu5g_00000436,5,3,20,1160.0,,15.0
simu5g_00000436,5,3,21,984.0,,13.0
simu5g_00000436,5,3,22,1160.0,,15.0
simu5g_00000436,5,3,23,1128.0,,14.0
simu5g_00000436,5,3,24,1160.0,,15.0
simu5g_00000437,0,0,0,1160.0,,15.0
simu5g_00000437,0,0,1,432.0,,7.0
simu5g_00000437,0,0,2,1160.0,,15.0
simu5g_00000437,0,0,3,888.0,,12.0
simu5g_00000437,0,0,4,1128.0,,14.0
simu5g_00000437,0,0,5,888.0,,12.0
simu5g_00000437,0,0,6,984.0,,13.0
simu5g_00000437,0,0,7,1128.0,,14.0
simu5g_00000437,0,0,8,704.0,,10.0
simu5g_00000437,0,0,9,984.0,,13.0
simu5g_00000437,0,0,10,1128.0,,14.0
simu5g_00000437,0,0,11,1160.0,,15.0
simu5g_00000437,0,0,12,1128.0,,14.0
simu5g_00000437,0,0,13,984.0,,13.0
simu5g_00000437,0,0,14,1128.0,,14.0
simu5g_00000437,0,0,15,1128.0,,14.0
simu5g_00000437,0,0,16,984.0,,13.0
simu5g_00000437,0,0,17,1160.0,,15.0
simu5g_00000437,0,0,18,1128.0,,14.0
simu5g_00000437,0,0,19,984.0,,13.0
simu5g_00000437,0,0,20,1160.0,,15.0
simu5g_00000437,0,0,21,808.0,,11.0
simu5g_00000437,0,0,22,1128.0,,14.0
simu5g_00000437,0,0,23,1160.0,,15.0
simu5g_00000437,0,0,24,984.0,,13.0
simu5g_00000437,15,1,0,1160.0,,15.0
simu5g_00000437,15,1,1,1160.0,,15.0
simu5g_00000437,15,1,2,1160.0,,15.0
simu5g_00000437,15,1,3,1160.0,,15.0
simu5g_00000437,15,1,4,1160.0,,15.0
simu5g_00000437,15,1,5,1160.0,,15.0
simu5g_00000437,15,1,6,1160.0,,15.0
simu5g_00000437,15,1,7,1160.0,,15.0
simu5g_00000437,15,1,8,1160.0,,15.0
simu5g_00000437,15,1,9,1160.0,,15.0
simu5g_00000437,15,1,10,1160.0,,15.0
simu5g_00000437,15,1,11,1160.0,,15.0
simu5g_00000437,15,1,12,1160.0,,15.0
simu5g_00000437,15,1,13,1160.0,,15.0
simu5g_00000437,15,1,14,1160.0,,15.0
simu5g_00000437,15,1,15,1160.0,,15.0
simu5g_00000437,15,1,16,1160.0,,15.0
simu5g_00000437,15,1,17,1160.0,,15.0
simu5g_00000437,15,1,18,1160.0,,15.0
simu5g_00000437,15,1,19,1160.0,,15.0
simu5g_00000437,15,1,20,1160.0,,15.0
simu5g_00000437,15,1,21,1160.0,,15.0
simu5g_00000437,15,1,22,1160.0,,15.0
simu5g_00000437,15,1,23,1160.0,,15.0
simu5g_00000437,15,1,24,1160.0,,15.0
simu5g_00000437,3,2,0,808.0,,11.0
simu5g_00000437,3,2,1,1128.0,,14.0
simu5g_00000437,3,2,2,888.0,,12.0
simu5g_00000437,3,2,3,984.0,,13.0
simu5g_00000437,3,2,4,1128.0,,14.0
simu5g_00000437,3,2,5,984.0,,13.0
simu5g_00000437,3,2,6,984.0,,13.0
simu5g_00000437,3,2,7,888.0,,12.0
simu5g_00000437,3,2,8,432.0,,7.0
simu5g_00000437,3,2,9,368.0,,6.0
simu5g_00000437,3,2,10,984.0,,13.0
simu5g_00000437,3,2,11,888.0,,12.0
simu5g_00000437,3,2,12,984.0,,13.0
simu5g_00000437,3,2,13,984.0,,13.0
simu5g_00000437,3,2,14,1128.0,,14.0
simu5g_00000437,3,2,15,984.0,,13.0
simu5g_00000437,3,2,16,984.0,,13.0
simu5g_00000437,3,2,17,984.0,,13.0
simu5g_00000437,3,2,18,984.0,,13.0
simu5g_00000437,3,2,19,984.0,,13.0
simu5g_00000437,3,2,20,984.0,,13.0
simu5g_00000437,3,2,21,808.0,,11.0
simu5g_00000437,3,2,22,608.0,,9.0
simu5g_00000437,3,2,23,984.0,,13.0
simu5g_00000437,3,2,24,608.0,,9.0
simu5g_00000437,31,3,0,1160.0,,15.0
simu5g_00000437,31,3,1,1160.0,,15.0
simu5g_00000437,31,3,2,1160.0,,15.0
simu5g_00000437,31,3,3,1160.0,,15.0
simu5g_00000437,31,3,4,1160.0,,15.0
simu5g_00000437,31,3,5,1160.0,,15.0
simu5g_00000437,31,3,6,1160.0,,15.0
simu5g_00000437,31,3,7,1160.0,,15.0
simu5g_00000437,31,3,8,1160.0,,15.0
simu5g_00000437,31,3,9,1160.0,,15.0
simu5g_00000437,31,3,10,1160.0,,15.0
simu5g_00000437,31,3,11,1160.0,,15.0
simu5g_00000437,31,3,12,984.0,,13.0
simu5g_00000437,31,3,13,1160.0,,15.0
simu5g_00000437,31,3,14,1160.0,,15.0
simu5g_00000437,31,3,15,1160.0,,15.0
simu5g_00000437,31,3,16,1160.0,,15.0
simu5g_00000437,31,3,17,1160.0,,15.0
simu5g_00000437,31,3,18,1160.0,,15.0
simu5g_00000437,31,3,19,1160.0,,15.0
simu5g_00000437,31,3,20,1160.0,,15.0
simu5g_00000437,31,3,21,1160.0,,15.0
simu5g_00000437,31,3,22,1160.0,,15.0
simu5g_00000437,31,3,23,1160.0,,15.0
simu5g_00000437,31,3,24,1160.0,,15.0
simu5g_00000438,1,0,0,1160.0,,15.0
simu5g_00000438,1,0,1,1128.0,,14.0
simu5g_00000438,1,0,2,1128.0,,14.0
simu5g_00000438,1,0,3,1160.0,,15.0
simu5g_00000438,1,0,4,1128.0,,14.0
simu5g_00000438,1,0,5,1160.0,,15.0
simu5g_00000438,1,0,6,1160.0,,15.0
simu5g_00000438,1,0,7,984.0,,13.0
simu5g_00000438,1,0,8,888.0,,12.0
simu5g_00000438,1,0,9,1160.0,,15.0
simu5g_00000438,1,0,10,1160.0,,15.0
simu5g_00000438,1,0,11,1160.0,,15.0
simu5g_00000438,1,0,12,1160.0,,15.0
simu5g_00000438,1,0,13,1160.0,,15.0
simu5g_00000438,1,0,14,1160.0,,15.0
simu5g_00000438,1,0,15,1160.0,,15.0
simu5g_00000438,1,0,16,1160.0,,15.0
simu5g_00000438,1,0,17,1160.0,,15.0
simu5g_00000438,1,0,18,1160.0,,15.0
simu5g_00000438,1,0,19,1160.0,,15.0
simu5g_00000438,1,0,20,1160.0,,15.0
simu5g_00000438,1,0,21,808.0,,11.0
simu5g_00000438,1,0,22,1160.0,,15.0
simu5g_00000438,1,0,23,1128.0,,14.0
simu5g_00000438,1,0,24,1160.0,,15.0
simu5g_00000438,2,1,0,1128.0,,14.0
simu5g_00000438,2,1,1,1160.0,,15.0
simu5g_00000438,2,1,2,1128.0,,14.0
simu5g_00000438,2,1,3,1160.0,,15.0
simu5g_00000438,2,1,4,1128.0,,14.0
simu5g_00000438,2,1,5,1128.0,,14.0
simu5g_00000438,2,1,6,1128.0,,14.0
simu5g_00000438,2,1,7,808.0,,11.0
simu5g_00000438,2,1,8,1160.0,,15.0
simu5g_00000438,2,1,9,1160.0,,15.0
simu5g_00000438,2,1,10,1160.0,,15.0
simu5g_00000438,2,1,11,888.0,,12.0
simu5g_00000438,2,1,12,1128.0,,14.0
simu5g_00000438,2,1,13,1160.0,,15.0
simu5g_00000438,2,1,14,1160.0,,15.0
simu5g_00000438,2,1,15,1160.0,,15.0
simu5g_00000438,2,1,16,984.0,,13.0
simu5g_00000438,2,1,17,1128.0,,14.0
simu5g_00000438,2,1,18,1128.0,,14.0
simu5g_00000438,2,1,19,1160.0,,15.0
simu5g_00000438,2,1,20,1160.0,,15.0
simu5g_00000438,2,1,21,1128.0,,14.0
simu5g_00000438,2,1,22,984.0,,13.0
simu5g_00000438,2,1,23,1160.0,,15.0
simu5g_00000438,2,1,24,984.0,,13.0
simu5g_00000438,4,2,0,1160.0,,15.0
simu5g_00000438,4,2,1,984.0,,13.0
simu5g_00000438,4,2,2,1160.0,,15.0
simu5g_00000438,4,2,3,608.0,,9.0
simu5g_00000438,4,2,4,1160.0,,15.0
simu5g_00000438,4,2,5,1160.0,,15.0
simu5g_00000438,4,2,6,1160.0,,15.0
simu5g_00000438,4,2,7,808.0,,11.0
simu5g_00000438,4,2,8,984.0,,13.0
simu5g_00000438,4,2,9,1160.0,,15.0
simu5g_00000438,4,2,10,1128.0,,14.0
simu5g_00000438,4,2,11,1160.0,,15.0
simu5g_00000438,4,2,12,1160.0,,15.0
simu5g_00000438,4,2,13,1128.0,,14.0
simu5g_00000438,4,2,14,1160.0,,15.0
simu5g_00000438,4,2,15,984.0,,13.0
simu5g_00000438,4,2,16,1128.0,,14.0
simu5g_00000438,4,2,17,1128.0,,14.0
simu5g_00000438,4,2,18,1160.0,,15.0
simu5g_00000438,4,2,19,1160.0,,15.0
simu5g_00000438,4,2,20,1128.0,,14.0
simu5g_00000438,4,2,21,1128.0,,14.0
simu5g_00000438,4,2,22,1160.0,,15.0
simu5g_00000438,4,2,23,1160.0,,15.0
simu5g_00000438,4,2,24,1128.0,,14.0
simu5g_00000438,5,3,0,1160.0,,15.0
simu5g_00000438,5,3,1,1160.0,,15.0
simu5g_00000438,5,3,2,1160.0,,15.0
simu5g_00000438,5,3,3,1160.0,,15.0
simu5g_00000438,5,3,4,1160.0,,15.0
simu5g_00000438,5,3,5,1160.0,,15.0
simu5g_00000438,5,3,6,1160.0,,15.0
simu5g_00000438,5,3,7,1160.0,,15.0
simu5g_00000438,5,3,8,1160.0,,15.0
simu5g_00000438,5,3,9,1160.0,,15.0
simu5g_00000438,5,3,10,1160.0,,15.0
simu5g_00000438,5,3,11,1160.0,,15.0
simu5g_00000438,5,3,12,1160.0,,15.0
simu5g_00000438,5,3,13,1128.0,,14.0
simu5g_00000438,5,3,14,1128.0,,14.0
simu5g_00000438,5,3,15,1160.0,,15.0
simu5g_00000438,5,3,16,808.0,,11.0
simu5g_00000438,5,3,17,1160.0,,15.0
simu5g_00000438,5,3,18,1160.0,,15.0
simu5g_00000438,5,3,19,1160.0,,15.0
simu5g_00000438,5,3,20,1160.0,,15.0
simu5g_00000438,5,3,21,984.0,,13.0
simu5g_00000438,5,3,22,1160.0,,15.0
simu5g_00000438,5,3,23,1128.0,,14.0
simu5g_00000438,5,3,24,1160.0,,15.0
simu5g_00000439,0,0,0,1160.0,,15.0
simu5g_00000439,0,0,1,808.0,,11.0
simu5g_00000439,0,0,2,1160.0,,15.0
simu5g_00000439,0,0,3,1128.0,,14.0
simu5g_00000439,0,0,4,1160.0,,15.0
simu5g_00000439,0,0,5,1128.0,,14.0
simu5g_00000439,0,0,6,1160.0,,15.0
simu5g_00000439,0,0,7,1160.0,,15.0
simu5g_00000439,0,0,8,984.0,,13.0
simu5g_00000439,0,0,9,1160.0,,15.0
simu5g_00000439,0,0,10,1160.0,,15.0
simu5g_00000439,0,0,11,1160.0,,15.0
simu5g_00000439,0,0,12,1160.0,,15.0
simu5g_00000439,0,0,13,1160.0,,15.0
simu5g_00000439,0,0,14,1160.0,,15.0
simu5g_00000439,0,0,15,1160.0,,15.0
simu5g_00000439,0,0,16,1160.0,,15.0
simu5g_00000439,0,0,17,1160.0,,15.0
simu5g_00000439,0,0,18,1160.0,,15.0
simu5g_00000439,0,0,19,1160.0,,15.0
simu5g_00000439,0,0,20,1160.0,,15.0
simu5g_00000439,0,0,21,1128.0,,14.0
simu5g_00000439,0,0,22,1160.0,,15.0
simu5g_00000439,0,0,23,1160.0,,15.0
simu5g_00000439,0,0,24,1128.0,,14.0
simu5g_00000439,15,1,0,1160.0,,15.0
simu5g_00000439,15,1,1,1160.0,,15.0
simu5g_00000439,15,1,2,1160.0,,15.0
simu5g_00000439,15,1,3,1160.0,,15.0
simu5g_00000439,15,1,4,1160.0,,15.0
simu5g_00000439,15,1,5,1160.0,,15.0
simu5g_00000439,15,1,6,1160.0,,15.0
simu5g_00000439,15,1,7,1160.0,,15.0
simu5g_00000439,15,1,8,1160.0,,15.0
simu5g_00000439,15,1,9,1160.0,,15.0
simu5g_00000439,15,1,10,1160.0,,15.0
simu5g_00000439,15,1,11,1160.0,,15.0
simu5g_00000439,15,1,12,1160.0,,15.0
simu5g_00000439,15,1,13,1160.0,,15.0
simu5g_00000439,15,1,14,1160.0,,15.0
simu5g_00000439,15,1,15,1160.0,,15.0
simu5g_00000439,15,1,16,1160.0,,15.0
simu5g_00000439,15,1,17,1160.0,,15.0
simu5g_00000439,15,1,18,1160.0,,15.0
simu5g_00000439,15,1,19,1160.0,,15.0
simu5g_00000439,15,1,20,1160.0,,15.0
simu5g_00000439,15,1,21,1160.0,,15.0
simu5g_00000439,15,1,22,1160.0,,15.0
simu5g_00000439,15,1,23,1160.0,,15.0
simu5g_00000439,15,1,24,1160.0,,15.0
simu5g_00000439,3,2,0,808.0,,11.0
simu5g_00000439,3,2,1,1128.0,,14.0
simu5g_00000439,3,2,2,888.0,,12.0
simu5g_00000439,3,2,3,984.0,,13.0
simu5g_00000439,3,2,4,1128.0,,14.0
simu5g_00000439,3,2,5,984.0,,13.0
simu5g_00000439,3,2,6,984.0,,13.0
simu5g_00000439,3,2,7,888.0,,12.0
simu5g_00000439,3,2,8,432.0,,7.0
simu5g_00000439,3,2,9,368.0,,6.0
simu5g_00000439,3,2,10,984.0,,13.0
simu5g_00000439,3,2,11,888.0,,12.0
simu5g_00000439,3,2,12,984.0,,13.0
simu5g_00000439,3,2,13,984.0,,13.0
simu5g_00000439,3,2,14,1128.0,,14.0
simu5g_00000439,3,2,15,984.0,,13.0
simu5g_00000439,3,2,16,984.0,,13.0
simu5g_00000439,3,2,17,984.0,,13.0
simu5g_00000439,3,2,18,984.0,,13.0
simu5g_00000439,3,2,19,984.0,,13.0
simu5g_00000439,3,2,20,984.0,,13.0
simu5g_00000439,3,2,21,808.0,,11.0
simu5g_00000439,3,2,22,608.0,,9.0
simu5g_00000439,3,2,23,984.0,,13.0
simu5g_00000439,3,2,24,608.0,,9.0
simu5g_00000439,31,3,0,1160.0,,15.0
simu5g_00000439,31,3,1,1160.0,,15.0
simu5g_00000439,31,3,2,1160.0,,15.0
simu5g_00000439,31,3,3,1160.0,,15.0
simu5g_00000439,31,3,4,1160.0,,15.0
simu5g_00000439,31,3,5,1160.0,,15.0
simu5g_00000439,31,3,6,1160.0,,15.0
simu5g_00000439,31,3,7,1160.0,,15.0
simu5g_00000439,31,3,8,1160.0,,15.0
simu5g_00000439,31,3,9,1160.0,,15.0
simu5g_00000439,31,3,10,1160.0,,15.0
simu5g_00000439,31,3,11,1160.0,,15.0
simu5g_00000439,31,3,12,984.0,,13.0
simu5g_00000439,31,3,13,1160.0,,15.0
simu5g_00000439,31,3,14,1160.0,,15.0
simu5g_00000439,31,3,15,1160.0,,15.0
simu5g_00000439,31,3,16,1160.0,,15.0
simu5g_00000439,31,3,17,1160.0,,15.0
simu5g_00000439,31,3,18,1160.0,,15.0
simu5g_00000439,31,3,19,1160.0,,15.0
simu5g_00000439,31,3,20,1160.0,,15.0
simu5g_00000439,31,3,21,1160.0,,15.0
simu5g_00000439,31,3,22,1160.0,,15.0
simu5g_00000439,31,3,23,1160.0,,15.0
simu5g_00000439,31,3,24,1160.0,,15.0
simu5g_00000440,1,0,0,1160.0,,15.0
simu5g_00000440,1,0,1,1128.0,,14.0
simu5g_00000440,1,0,2,1128.0,,14.0
simu5g_00000440,1,0,3,1160.0,,15.0
simu5g_00000440,1,0,4,1128.0,,14.0
simu5g_00000440,1,0,5,1160.0,,15.0
simu5g_00000440,1,0,6,1160.0,,15.0
simu5g_00000440,1,0,7,984.0,,13.0
simu5g_00000440,1,0,8,888.0,,12.0
simu5g_00000440,1,0,9,1160.0,,15.0
simu5g_00000440,1,0,10,1160.0,,15.0
simu5g_00000440,1,0,11,1160.0,,15.0
simu5g_00000440,1,0,12,1160.0,,15.0
simu5g_00000440,1,0,13,1160.0,,15.0
simu5g_00000440,1,0,14,1160.0,,15.0
simu5g_00000440,1,0,15,1160.0,,15.0
simu5g_00000440,1,0,16,1160.0,,15.0
simu5g_00000440,1,0,17,1160.0,,15.0
simu5g_00000440,1,0,18,1160.0,,15.0
simu5g_00000440,1,0,19,1160.0,,15.0
simu5g_00000440,1,0,20,1160.0,,15.0
simu5g_00000440,1,0,21,808.0,,11.0
simu5g_00000440,1,0,22,1160.0,,15.0
simu5g_00000440,1,0,23,1128.0,,14.0
simu5g_00000440,1,0,24,1160.0,,15.0
simu5g_00000440,2,1,0,888.0,,12.0
simu5g_00000440,2,1,1,1128.0,,14.0
simu5g_00000440,2,1,2,888.0,,12.0
simu5g_00000440,2,1,3,1128.0,,14.0
simu5g_00000440,2,1,4,888.0,,12.0
simu5g_00000440,2,1,5,704.0,,10.0
simu5g_00000440,2,1,6,888.0,,12.0
simu5g_00000440,2,1,7,368.0,,6.0
simu5g_00000440,2,1,8,1128.0,,14.0
simu5g_00000440,2,1,9,984.0,,13.0
simu5g_00000440,2,1,10,984.0,,13.0
simu5g_00000440,2,1,11,528.0,,8.0
simu5g_00000440,2,1,12,808.0,,11.0
simu5g_00000440,2,1,13,984.0,,13.0
simu5g_00000440,2,1,14,984.0,,13.0
simu5g_00000440,2,1,15,984.0,,13.0
simu5g_00000440,2,1,16,608.0,,9.0
simu5g_00000440,2,1,17,808.0,,11.0
simu5g_00000440,2,1,18,808.0,,11.0
simu5g_00000440,2,1,19,984.0,,13.0
simu5g_00000440,2,1,20,984.0,,13.0
simu5g_00000440,2,1,21,808.0,,11.0
simu5g_00000440,2,1,22,608.0,,9.0
simu5g_00000440,2,1,23,984.0,,13.0
simu5g_00000440,2,1,24,608.0,,9.0
simu5g_00000440,4,2,0,1160.0,,15.0
simu5g_00000440,4,2,1,984.0,,13.0
simu5g_00000440,4,2,2,1160.0,,15.0
simu5g_00000440,4,2,3,608.0,,9.0
simu5g_00000440,4,2,4,1160.0,,15.0
simu5g_00000440,4,2,5,1160.0,,15.0
simu5g_00000440,4,2,6,1160.0,,15.0
simu5g_00000440,4,2,7,808.0,,11.0
simu5g_00000440,4,2,8,984.0,,13.0
simu5g_00000440,4,2,9,1160.0,,15.0
simu5g_00000440,4,2,10,1128.0,,14.0
simu5g_00000440,4,2,11,1160.0,,15.0
simu5g_00000440,4,2,12,1160.0,,15.0
simu5g_00000440,4,2,13,1128.0,,14.0
simu5g_00000440,4,2,14,1160.0,,15.0
simu5g_00000440,4,2,15,984.0,,13.0
simu5g_00000440,4,2,16,1128.0,,14.0
simu5g_00000440,4,2,17,1128.0,,14.0
simu5g_00000440,4,2,18,1160.0,,15.0
simu5g_00000440,4,2,19,1160.0,,15.0
simu5g_00000440,4,2,20,1128.0,,14.0
simu5g_00000440,4,2,21,1128.0,,14.0
simu5g_00000440,4,2,22,1160.0,,15.0
simu5g_00000440,4,2,23,1160.0,,15.0
simu5g_00000440,4,2,24,1128.0,,14.0
simu5g_00000440,5,3,0,1160.0,,15.0
simu5g_00000440,5,3,1,1160.0,,15.0
simu5g_00000440,5,3,2,1160.0,,15.0
simu5g_00000440,5,3,3,1160.0,,15.0
simu5g_00000440,5,3,4,1160.0,,15.0
simu5g_00000440,5,3,5,1160.0,,15.0
simu5g_00000440,5,3,6,1160.0,,15.0
simu5g_00000440,5,3,7,1160.0,,15.0
simu5g_00000440,5,3,8,1160.0,,15.0
simu5g_00000440,5,3,9,1160.0,,15.0
simu5g_00000440,5,3,10,1160.0,,15.0
simu5g_00000440,5,3,11,1160.0,,15.0
simu5g_00000440,5,3,12,1160.0,,15.0
simu5g_00000440,5,3,13,1128.0,,14.0
simu5g_00000440,5,3,14,1128.0,,14.0
simu5g_00000440,5,3,15,1160.0,,15.0
simu5g_00000440,5,3,16,808.0,,11.0
simu5g_00000440,5,3,17,1160.0,,15.0
simu5g_00000440,5,3,18,1160.0,,15.0
simu5g_00000440,5,3,19,1160.0,,15.0
simu5g_00000440,5,3,20,1160.0,,15.0
simu5g_00000440,5,3,21,984.0,,13.0
simu5g_00000440,5,3,22,1160.0,,15.0
simu5g_00000440,5,3,23,1128.0,,14.0
simu5g_00000440,5,3,24,1160.0,,15.0
simu5g_00000441,0,0,0,1160.0,,15.0
simu5g_00000441,0,0,1,808.0,,11.0
simu5g_00000441,0,0,2,1160.0,,15.0
simu5g_00000441,0,0,3,1128.0,,14.0
simu5g_00000441,0,0,4,1160.0,,15.0
simu5g_00000441,0,0,5,1128.0,,14.0
simu5g_00000441,0,0,6,1160.0,,15.0
simu5g_00000441,0,0,7,1160.0,,15.0
simu5g_00000441,0,0,8,984.0,,13.0
simu5g_00000441,0,0,9,1160.0,,15.0
simu5g_00000441,0,0,10,1160.0,,15.0
simu5g_00000441,0,0,11,1160.0,,15.0
simu5g_00000441,0,0,12,1160.0,,15.0
simu5g_00000441,0,0,13,1160.0,,15.0
simu5g_00000441,0,0,14,1160.0,,15.0
simu5g_00000441,0,0,15,1160.0,,15.0
simu5g_00000441,0,0,16,1160.0,,15.0
simu5g_00000441,0,0,17,1160.0,,15.0
simu5g_00000441,0,0,18,1160.0,,15.0
simu5g_00000441,0,0,19,1160.0,,15.0
simu5g_00000441,0,0,20,1160.0,,15.0
simu5g_00000441,0,0,21,1128.0,,14.0
simu5g_00000441,0,0,22,1160.0,,15.0
simu5g_00000441,0,0,23,1160.0,,15.0
simu5g_00000441,0,0,24,1128.0,,14.0
simu5g_00000441,15,1,0,1160.0,,15.0
simu5g_00000441,15,1,1,1160.0,,15.0
simu5g_00000441,15,1,2,1160.0,,15.0
simu5g_00000441,15,1,3,1160.0,,15.0
simu5g_00000441,15,1,4,1160.0,,15.0
simu5g_00000441,15,1,5,1160.0,,15.0
simu5g_00000441,15,1,6,1160.0,,15.0
simu5g_00000441,15,1,7,1160.0,,15.0
simu5g_00000441,15,1,8,1160.0,,15.0
simu5g_00000441,15,1,9,1160.0,,15.0
simu5g_00000441,15,1,10,1160.0,,15.0
simu5g_00000441,15,1,11,1160.0,,15.0
simu5g_00000441,15,1,12,1160.0,,15.0
simu5g_00000441,15,1,13,1160.0,,15.0
simu5g_00000441,15,1,14,1160.0,,15.0
simu5g_00000441,15,1,15,1160.0,,15.0
simu5g_00000441,15,1,16,1160.0,,15.0
simu5g_00000441,15,1,17,1160.0,,15.0
simu5g_00000441,15,1,18,1160.0,,15.0
simu5g_00000441,15,1,19,1160.0,,15.0
simu5g_00000441,15,1,20,1160.0,,15.0
simu5g_00000441,15,1,21,1160.0,,15.0
simu5g_00000441,15,1,22,1160.0,,15.0
simu5g_00000441,15,1,23,1160.0,,15.0
simu5g_00000441,15,1,24,1160.0,,15.0
simu5g_00000441,3,2,0,888.0,,12.0
simu5g_00000441,3,2,1,1128.0,,14.0
simu5g_00000441,3,2,2,984.0,,13.0
simu5g_00000441,3,2,3,984.0,,13.0
simu5g_00000441,3,2,4,1128.0,,14.0
simu5g_00000441,3,2,5,1128.0,,14.0
simu5g_00000441,3,2,6,1128.0,,14.0
simu5g_00000441,3,2,7,984.0,,13.0
simu5g_00000441,3,2,8,528.0,,8.0
simu5g_00000441,3,2,9,528.0,,8.0
simu5g_00000441,3,2,10,984.0,,13.0
simu5g_00000441,3,2,11,984.0,,13.0
simu5g_00000441,3,2,12,984.0,,13.0
simu5g_00000441,3,2,13,1128.0,,14.0
simu5g_00000441,3,2,14,1128.0,,14.0
simu5g_00000441,3,2,15,984.0,,13.0
simu5g_00000441,3,2,16,1128.0,,14.0
simu5g_00000441,3,2,17,984.0,,13.0
simu5g_00000441,3,2,18,984.0,,13.0
simu5g_00000441,3,2,19,984.0,,13.0
simu5g_00000441,3,2,20,1128.0,,14.0
simu5g_00000441,3,2,21,888.0,,12.0
simu5g_00000441,3,2,22,808.0,,11.0
simu5g_00000441,3,2,23,1128.0,,14.0
simu5g_00000441,3,2,24,808.0,,11.0
simu5g_00000441,31,3,0,1160.0,,15.0
simu5g_00000441,31,3,1,1160.0,,15.0
simu5g_00000441,31,3,2,1160.0,,15.0
simu5g_00000441,31,3,3,1160.0,,15.0
simu5g_00000441,31,3,4,1160.0,,15.0
simu5g_00000441,31,3,5,1160.0,,15.0
simu5g_00000441,31,3,6,1160.0,,15.0
simu5g_00000441,31,3,7,1160.0,,15.0
simu5g_00000441,31,3,8,1160.0,,15.0
simu5g_00000441,31,3,9,1160.0,,15.0
simu5g_00000441,31,3,10,1160.0,,15.0
simu5g_00000441,31,3,11,1160.0,,15.0
simu5g_00000441,31,3,12,984.0,,13.0
simu5g_00000441,31,3,13,1160.0,,15.0
simu5g_00000441,31,3,14,1160.0,,15.0
simu5g_00000441,31,3,15,1160.0,,15.0
simu5g_00000441,31,3,16,1160.0,,15.0
simu5g_00000441,31,3,17,1160.0,,15.0
simu5g_00000441,31,3,18,1160.0,,15.0
simu5g_00000441,31,3,19,1160.0,,15.0
simu5g_00000441,31,3,20,1160.0,,15.0
simu5g_00000441,31,3,21,1160.0,,15.0
simu5g_00000441,31,3,22,1160.0,,15.0
simu5g_00000441,31,3,23,1160.0,,15.0
simu5g_00000441,31,3,24,1160.0,,15.0
simu5g_00000442,1,0,0,1160.0,,15.0
simu5g_00000442,1,0,1,1128.0,,14.0
simu5g_00000442,1,0,2,1128.0,,14.0
simu5g_00000442,1,0,3,1160.0,,15.0
simu5g_00000442,1,0,4,1128.0,,14.0
simu5g_00000442,1,0,5,1160.0,,15.0
simu5g_00000442,1,0,6,1160.0,,15.0
simu5g_00000442,1,0,7,984.0,,13.0
simu5g_00000442,1,0,8,888.0,,12.0
simu5g_00000442,1,0,9,1160.0,,15.0
simu5g_00000442,1,0,10,1160.0,,15.0
simu5g_00000442,1,0,11,1160.0,,15.0
simu5g_00000442,1,0,12,1160.0,,15.0
simu5g_00000442,1,0,13,1160.0,,15.0
simu5g_00000442,1,0,14,1160.0,,15.0
simu5g_00000442,1,0,15,1160.0,,15.0
simu5g_00000442,1,0,16,1160.0,,15.0
simu5g_00000442,1,0,17,1160.0,,15.0
simu5g_00000442,1,0,18,1160.0,,15.0
simu5g_00000442,1,0,19,1160.0,,15.0
simu5g_00000442,1,0,20,1160.0,,15.0
simu5g_00000442,1,0,21,808.0,,11.0
simu5g_00000442,1,0,22,1160.0,,15.0
simu5g_00000442,1,0,23,1128.0,,14.0
simu5g_00000442,1,0,24,1160.0,,15.0
simu5g_00000442,2,1,0,888.0,,12.0
simu5g_00000442,2,1,1,1128.0,,14.0
simu5g_00000442,2,1,2,888.0,,12.0
simu5g_00000442,2,1,3,1128.0,,14.0
simu5g_00000442,2,1,4,888.0,,12.0
simu5g_00000442,2,1,5,704.0,,10.0
simu5g_00000442,2,1,6,888.0,,12.0
simu5g_00000442,2,1,7,368.0,,6.0
simu5g_00000442,2,1,8,1128.0,,14.0
simu5g_00000442,2,1,9,984.0,,13.0
simu5g_00000442,2,1,10,984.0,,13.0
simu5g_00000442,2,1,11,528.0,,8.0
simu5g_00000442,2,1,12,808.0,,11.0
simu5g_00000442,2,1,13,984.0,,13.0
simu5g_00000442,2,1,14,984.0,,13.0
simu5g_00000442,2,1,15,984.0,,13.0
simu5g_00000442,2,1,16,608.0,,9.0
simu5g_00000442,2,1,17,808.0,,11.0
simu5g_00000442,2,1,18,808.0,,11.0
simu5g_00000442,2,1,19,984.0,,13.0
simu5g_00000442,2,1,20,984.0,,13.0
simu5g_00000442,2,1,21,808.0,,11.0
simu5g_00000442,2,1,22,608.0,,9.0
simu5g_00000442,2,1,23,984.0,,13.0
simu5g_00000442,2,1,24,608.0,,9.0
simu5g_00000442,4,2,0,1160.0,,15.0
simu5g_00000442,4,2,1,984.0,,13.0
simu5g_00000442,4,2,2,1160.0,,15.0
simu5g_00000442,4,2,3,608.0,,9.0
simu5g_00000442,4,2,4,1160.0,,15.0
simu5g_00000442,4,2,5,1160.0,,15.0
simu5g_00000442,4,2,6,1160.0,,15.0
simu5g_00000442,4,2,7,808.0,,11.0
simu5g_00000442,4,2,8,984.0,,13.0
simu5g_00000442,4,2,9,1160.0,,15.0
simu5g_00000442,4,2,10,1128.0,,14.0
simu5g_00000442,4,2,11,1160.0,,15.0
simu5g_00000442,4,2,12,1160.0,,15.0
simu5g_00000442,4,2,13,1128.0,,14.0
simu5g_00000442,4,2,14,1160.0,,15.0
simu5g_00000442,4,2,15,984.0,,13.0
simu5g_00000442,4,2,16,1128.0,,14.0
simu5g_00000442,4,2,17,1128.0,,14.0
simu5g_00000442,4,2,18,1160.0,,15.0
simu5g_00000442,4,2,19,1160.0,,15.0
simu5g_00000442,4,2,20,1128.0,,14.0
simu5g_00000442,4,2,21,1128.0,,14.0
simu5g_00000442,4,2,22,1160.0,,15.0
simu5g_00000442,4,2,23,1160.0,,15.0
simu5g_00000442,4,2,24,1128.0,,14.0
simu5g_00000442,5,3,0,1160.0,,15.0
simu5g_00000442,5,3,1,1160.0,,15.0
simu5g_00000442,5,3,2,1160.0,,15.0
simu5g_00000442,5,3,3,1160.0,,15.0
simu5g_00000442,5,3,4,1160.0,,15.0
simu5g_00000442,5,3,5,1160.0,,15.0
simu5g_00000442,5,3,6,1160.0,,15.0
simu5g_00000442,5,3,7,1160.0,,15.0
simu5g_00000442,5,3,8,1160.0,,15.0
simu5g_00000442,5,3,9,1160.0,,15.0
simu5g_00000442,5,3,10,1160.0,,15.0
simu5g_00000442,5,3,11,1160.0,,15.0
simu5g_00000442,5,3,12,1160.0,,15.0
simu5g_00000442,5,3,13,1128.0,,14.0
simu5g_00000442,5,3,14,1128.0,,14.0
simu5g_00000442,5,3,15,1160.0,,15.0
simu5g_00000442,5,3,16,808.0,,11.0
simu5g_00000442,5,3,17,1160.0,,15.0
simu5g_00000442,5,3,18,1160.0,,15.0
simu5g_00000442,5,3,19,1160.0,,15.0
simu5g_00000442,5,3,20,1160.0,,15.0
simu5g_00000442,5,3,21,984.0,,13.0
simu5g_00000442,5,3,22,1160.0,,15.0
simu5g_00000442,5,3,23,1128.0,,14.0
simu5g_00000442,5,3,24,1160.0,,15.0
simu5g_00000443,0,0,0,1160.0,,15.0
simu5g_00000443,0,0,1,808.0,,11.0
simu5g_00000443,0,0,2,1160.0,,15.0
simu5g_00000443,0,0,3,1128.0,,14.0
simu5g_00000443,0,0,4,1160.0,,15.0
simu5g_00000443,0,0,5,1128.0,,14.0
simu5g_00000443,0,0,6,1160.0,,15.0
simu5g_00000443,0,0,7,1160.0,,15.0
simu5g_00000443,0,0,8,984.0,,13.0
simu5g_00000443,0,0,9,1160.0,,15.0
simu5g_00000443,0,0,10,1160.0,,15.0
simu5g_00000443,0,0,11,1160.0,,15.0
simu5g_00000443,0,0,12,1160.0,,15.0
simu5g_00000443,0,0,13,1160.0,,15.0
simu5g_00000443,0,0,14,1160.0,,15.0
simu5g_00000443,0,0,15,1160.0,,15.0
simu5g_00000443,0,0,16,1160.0,,15.0
simu5g_00000443,0,0,17,1160.0,,15.0
simu5g_00000443,0,0,18,1160.0,,15.0
simu5g_00000443,0,0,19,1160.0,,15.0
simu5g_00000443,0,0,20,1160.0,,15.0
simu5g_00000443,0,0,21,1128.0,,14.0
simu5g_00000443,0,0,22,1160.0,,15.0
simu5g_00000443,0,0,23,1160.0,,15.0
simu5g_00000443,0,0,24,1128.0,,14.0
simu5g_00000443,15,1,0,1160.0,,15.0
simu5g_00000443,15,1,1,1160.0,,15.0
simu5g_00000443,15,1,2,1160.0,,15.0
simu5g_00000443,15,1,3,1160.0,,15.0
simu5g_00000443,15,1,4,1160.0,,15.0
simu5g_00000443,15,1,5,1160.0,,15.0
simu5g_00000443,15,1,6,1160.0,,15.0
simu5g_00000443,15,1,7,1160.0,,15.0
simu5g_00000443,15,1,8,1160.0,,15.0
simu5g_00000443,15,1,9,1160.0,,15.0
simu5g_00000443,15,1,10,1160.0,,15.0
simu5g_00000443,15,1,11,1160.0,,15.0
simu5g_00000443,15,1,12,1160.0,,15.0
simu5g_00000443,15,1,13,1160.0,,15.0
simu5g_00000443,15,1,14,1160.0,,15.0
simu5g_00000443,15,1,15,1160.0,,15.0
simu5g_00000443,15,1,16,1160.0,,15.0
simu5g_00000443,15,1,17,1160.0,,15.0
simu5g_00000443,15,1,18,1160.0,,15.0
simu5g_00000443,15,1,19,1160.0,,15.0
simu5g_00000443,15,1,20,1160.0,,15.0
simu5g_00000443,15,1,21,1160.0,,15.0
simu5g_00000443,15,1,22,1160.0,,15.0
simu5g_00000443,15,1,23,1160.0,,15.0
simu5g_00000443,15,1,24,1160.0,,15.0
simu5g_00000443,3,2,0,888.0,,12.0
simu5g_00000443,3,2,1,1128.0,,14.0
simu5g_00000443,3,2,2,984.0,,13.0
simu5g_00000443,3,2,3,984.0,,13.0
simu5g_00000443,3,2,4,1128.0,,14.0
simu5g_00000443,3,2,5,1128.0,,14.0
simu5g_00000443,3,2,6,1128.0,,14.0
simu5g_00000443,3,2,7,984.0,,13.0
simu5g_00000443,3,2,8,528.0,,8.0
simu5g_00000443,3,2,9,528.0,,8.0
simu5g_00000443,3,2,10,984.0,,13.0
simu5g_00000443,3,2,11,984.0,,13.0
simu5g_00000443,3,2,12,984.0,,13.0
simu5g_00000443,3,2,13,1128.0,,14.0
simu5g_00000443,3,2,14,1128.0,,14.0
simu5g_00000443,3,2,15,984.0,,13.0
simu5g_00000443,3,2,16,1128.0,,14.0
simu5g_00000443,3,2,17,984.0,,13.0
simu5g_00000443,3,2,18,984.0,,13.0
simu5g_00000443,3,2,19,984.0,,13.0
simu5g_00000443,3,2,20,1128.0,,14.0
simu5g_00000443,3,2,21,888.0,,12.0
simu5g_00000443,3,2,22,808.0,,11.0
simu5g_00000443,3,2,23,1128.0,,14.0
simu5g_00000443,3,2,24,808.0,,11.0
simu5g_00000443,31,3,0,1160.0,,15.0
simu5g_00000443,31,3,1,1160.0,,15.0
simu5g_00000443,31,3,2,1160.0,,15.0
simu5g_00000443,31,3,3,1160.0,,15.0
simu5g_00000443,31,3,4,1160.0,,15.0
simu5g_00000443,31,3,5,1160.0,,15.0
simu5g_00000443,31,3,6,1160.0,,15.0
simu5g_00000443,31,3,7,1160.0,,15.0
simu5g_00000443,31,3,8,1160.0,,15.0
simu5g_00000443,31,3,9,1160.0,,15.0
simu5g_00000443,31,3,10,1160.0,,15.0
simu5g_00000443,31,3,11,1160.0,,15.0
simu5g_00000443,31,3,12,1128.0,,14.0
simu5g_00000443,31,3,13,1160.0,,15.0
simu5g_00000443,31,3,14,1160.0,,15.0
simu5g_00000443,31,3,15,1160.0,,15.0
simu5g_00000443,31,3,16,1160.0,,15.0
simu5g_00000443,31,3,17,1160.0,,15.0
simu5g_00000443,31,3,18,1160.0,,15.0
simu5g_00000443,31,3,19,1160.0,,15.0
simu5g_00000443,31,3,20,1160.0,,15.0
simu5g_00000443,31,3,21,1160.0,,15.0
simu5g_00000443,31,3,22,1160.0,,15.0
simu5g_00000443,31,3,23,1160.0,,15.0
simu5g_00000443,31,3,24,1160.0,,15.0
simu5g_00000444,1,0,0,1160.0,,15.0
simu5g_00000444,1,0,1,1128.0,,14.0
simu5g_00000444,1,0,2,1128.0,,14.0
simu5g_00000444,1,0,3,1160.0,,15.0
simu5g_00000444,1,0,4,1128.0,,14.0
simu5g_00000444,1,0,5,1160.0,,15.0
simu5g_00000444,1,0,6,1160.0,,15.0
simu5g_00000444,1,0,7,984.0,,13.0
simu5g_00000444,1,0,8,888.0,,12.0
simu5g_00000444,1,0,9,1160.0,,15.0
simu5g_00000444,1,0,10,1160.0,,15.0
simu5g_00000444,1,0,11,1160.0,,15.0
simu5g_00000444,1,0,12,1160.0,,15.0
simu5g_00000444,1,0,13,1160.0,,15.0
simu5g_00000444,1,0,14,1160.0,,15.0
simu5g_00000444,1,0,15,1160.0,,15.0
simu5g_00000444,1,0,16,1160.0,,15.0
simu5g_00000444,1,0,17,1160.0,,15.0
simu5g_00000444,1,0,18,1160.0,,15.0
simu5g_00000444,1,0,19,1160.0,,15.0
simu5g_00000444,1,0,20,1160.0,,15.0
simu5g_00000444,1,0,21,808.0,,11.0
simu5g_00000444,1,0,22,1160.0,,15.0
simu5g_00000444,1,0,23,1128.0,,14.0
simu5g_00000444,1,0,24,1160.0,,15.0
simu5g_00000444,2,1,0,888.0,,12.0
simu5g_00000444,2,1,1,1128.0,,14.0
simu5g_00000444,2,1,2,888.0,,12.0
simu5g_00000444,2,1,3,1128.0,,14.0
simu5g_00000444,2,1,4,888.0,,12.0
simu5g_00000444,2,1,5,704.0,,10.0
simu5g_00000444,2,1,6,888.0,,12.0
simu5g_00000444,2,1,7,368.0,,6.0
simu5g_00000444,2,1,8,1128.0,,14.0
simu5g_00000444,2,1,9,984.0,,13.0
simu5g_00000444,2,1,10,984.0,,13.0
simu5g_00000444,2,1,11,528.0,,8.0
simu5g_00000444,2,1,12,808.0,,11.0
simu5g_00000444,2,1,13,984.0,,13.0
simu5g_00000444,2,1,14,984.0,,13.0
simu5g_00000444,2,1,15,984.0,,13.0
simu5g_00000444,2,1,16,608.0,,9.0
simu5g_00000444,2,1,17,808.0,,11.0
simu5g_00000444,2,1,18,808.0,,11.0
simu5g_00000444,2,1,19,984.0,,13.0
simu5g_00000444,2,1,20,984.0,,13.0
simu5g_00000444,2,1,21,808.0,,11.0
simu5g_00000444,2,1,22,608.0,,9.0
simu5g_00000444,2,1,23,984.0,,13.0
simu5g_00000444,2,1,24,608.0,,9.0
simu5g_00000444,4,2,0,1160.0,,15.0
simu5g_00000444,4,2,1,984.0,,13.0
simu5g_00000444,4,2,2,1160.0,,15.0
simu5g_00000444,4,2,3,608.0,,9.0
simu5g_00000444,4,2,4,1160.0,,15.0
simu5g_00000444,4,2,5,1160.0,,15.0
simu5g_00000444,4,2,6,1160.0,,15.0
simu5g_00000444,4,2,7,808.0,,11.0
simu5g_00000444,4,2,8,984.0,,13.0
simu5g_00000444,4,2,9,1160.0,,15.0
simu5g_00000444,4,2,10,1128.0,,14.0
simu5g_00000444,4,2,11,1160.0,,15.0
simu5g_00000444,4,2,12,1160.0,,15.0
simu5g_00000444,4,2,13,1128.0,,14.0
simu5g_00000444,4,2,14,1160.0,,15.0
simu5g_00000444,4,2,15,984.0,,13.0
simu5g_00000444,4,2,16,1128.0,,14.0
simu5g_00000444,4,2,17,1128.0,,14.0
simu5g_00000444,4,2,18,1160.0,,15.0
simu5g_00000444,4,2,19,1160.0,,15.0
simu5g_00000444,4,2,20,1128.0,,14.0
simu5g_00000444,4,2,21,1128.0,,14.0
simu5g_00000444,4,2,22,1160.0,,15.0
simu5g_00000444,4,2,23,1160.0,,15.0
simu5g_00000444,4,2,24,1128.0,,14.0
simu5g_00000444,5,3,0,1160.0,,15.0
simu5g_00000444,5,3,1,1160.0,,15.0
simu5g_00000444,5,3,2,1160.0,,15.0
simu5g_00000444,5,3,3,1160.0,,15.0
simu5g_00000444,5,3,4,1160.0,,15.0
simu5g_00000444,5,3,5,1160.0,,15.0
simu5g_00000444,5,3,6,1160.0,,15.0
simu5g_00000444,5,3,7,1160.0,,15.0
simu5g_00000444,5,3,8,1160.0,,15.0
simu5g_00000444,5,3,9,1160.0,,15.0
simu5g_00000444,5,3,10,1160.0,,15.0
simu5g_00000444,5,3,11,1160.0,,15.0
simu5g_00000444,5,3,12,1160.0,,15.0
simu5g_00000444,5,3,13,1128.0,,14.0
simu5g_00000444,5,3,14,1128.0,,14.0
simu5g_00000444,5,3,15,1160.0,,15.0
simu5g_00000444,5,3,16,808.0,,11.0
simu5g_00000444,5,3,17,1160.0,,15.0
simu5g_00000444,5,3,18,1160.0,,15.0
simu5g_00000444,5,3,19,1160.0,,15.0
simu5g_00000444,5,3,20,1160.0,,15.0
simu5g_00000444,5,3,21,1128.0,,14.0
simu5g_00000444,5,3,22,1160.0,,15.0
simu5g_00000444,5,3,23,1128.0,,14.0
simu5g_00000444,5,3,24,1160.0,,15.0
simu5g_00000445,0,0,0,1160.0,,15.0
simu5g_00000445,0,0,1,808.0,,11.0
simu5g_00000445,0,0,2,1160.0,,15.0
simu5g_00000445,0,0,3,1128.0,,14.0
simu5g_00000445,0,0,4,1160.0,,15.0
simu5g_00000445,0,0,5,1128.0,,14.0
simu5g_00000445,0,0,6,1160.0,,15.0
simu5g_00000445,0,0,7,1160.0,,15.0
simu5g_00000445,0,0,8,984.0,,13.0
simu5g_00000445,0,0,9,1160.0,,15.0
simu5g_00000445,0,0,10,1160.0,,15.0
simu5g_00000445,0,0,11,1160.0,,15.0
simu5g_00000445,0,0,12,1160.0,,15.0
simu5g_00000445,0,0,13,1160.0,,15.0
simu5g_00000445,0,0,14,1160.0,,15.0
simu5g_00000445,0,0,15,1160.0,,15.0
simu5g_00000445,0,0,16,1160.0,,15.0
simu5g_00000445,0,0,17,1160.0,,15.0
simu5g_00000445,0,0,18,1160.0,,15.0
simu5g_00000445,0,0,19,1160.0,,15.0
simu5g_00000445,0,0,20,1160.0,,15.0
simu5g_00000445,0,0,21,1128.0,,14.0
simu5g_00000445,0,0,22,1160.0,,15.0
simu5g_00000445,0,0,23,1160.0,,15.0
simu5g_00000445,0,0,24,1128.0,,14.0
simu5g_00000445,15,1,0,1160.0,,15.0
simu5g_00000445,15,1,1,1160.0,,15.0
simu5g_00000445,15,1,2,1160.0,,15.0
simu5g_00000445,15,1,3,1160.0,,15.0
simu5g_00000445,15,1,4,1160.0,,15.0
simu5g_00000445,15,1,5,1160.0,,15.0
simu5g_00000445,15,1,6,1160.0,,15.0
simu5g_00000445,15,1,7,1160.0,,15.0
simu5g_00000445,15,1,8,1160.0,,15.0
simu5g_00000445,15,1,9,1160.0,,15.0
simu5g_00000445,15,1,10,1160.0,,15.0
simu5g_00000445,15,1,11,1160.0,,15.0
simu5g_00000445,15,1,12,1160.0,,15.0
simu5g_00000445,15,1,13,1160.0,,15.0
simu5g_00000445,15,1,14,1160.0,,15.0
simu5g_00000445,15,1,15,1160.0,,15.0
simu5g_00000445,15,1,16,1160.0,,15.0
simu5g_00000445,15,1,17,1160.0,,15.0
simu5g_00000445,15,1,18,1160.0,,15.0
simu5g_00000445,15,1,19,1160.0,,15.0
simu5g_00000445,15,1,20,1160.0,,15.0
simu5g_00000445,15,1,21,1160.0,,15.0
simu5g_00000445,15,1,22,1160.0,,15.0
simu5g_00000445,15,1,23,1160.0,,15.0
simu5g_00000445,15,1,24,1160.0,,15.0
simu5g_00000445,3,2,0,888.0,,12.0
simu5g_00000445,3,2,1,1128.0,,14.0
simu5g_00000445,3,2,2,984.0,,13.0
simu5g_00000445,3,2,3,984.0,,13.0
simu5g_00000445,3,2,4,1128.0,,14.0
simu5g_00000445,3,2,5,1128.0,,14.0
simu5g_00000445,3,2,6,1128.0,,14.0
simu5g_00000445,3,2,7,984.0,,13.0
simu5g_00000445,3,2,8,528.0,,8.0
simu5g_00000445,3,2,9,528.0,,8.0
simu5g_00000445,3,2,10,984.0,,13.0
simu5g_00000445,3,2,11,984.0,,13.0
simu5g_00000445,3,2,12,984.0,,13.0
simu5g_00000445,3,2,13,1128.0,,14.0
simu5g_00000445,3,2,14,1128.0,,14.0
simu5g_00000445,3,2,15,984.0,,13.0
simu5g_00000445,3,2,16,1128.0,,14.0
simu5g_00000445,3,2,17,984.0,,13.0
simu5g_00000445,3,2,18,984.0,,13.0
simu5g_00000445,3,2,19,984.0,,13.0
simu5g_00000445,3,2,20,1128.0,,14.0
simu5g_00000445,3,2,21,888.0,,12.0
simu5g_00000445,3,2,22,808.0,,11.0
simu5g_00000445,3,2,23,1128.0,,14.0
simu5g_00000445,3,2,24,808.0,,11.0
simu5g_00000445,31,3,0,1160.0,,15.0
simu5g_00000445,31,3,1,1160.0,,15.0
simu5g_00000445,31,3,2,1160.0,,15.0
simu5g_00000445,31,3,3,1160.0,,15.0
simu5g_00000445,31,3,4,1160.0,,15.0
simu5g_00000445,31,3,5,1160.0,,15.0
simu5g_00000445,31,3,6,1160.0,,15.0
simu5g_00000445,31,3,7,1160.0,,15.0
simu5g_00000445,31,3,8,1160.0,,15.0
simu5g_00000445,31,3,9,1160.0,,15.0
simu5g_00000445,31,3,10,1160.0,,15.0
simu5g_00000445,31,3,11,1160.0,,15.0
simu5g_00000445,31,3,12,1128.0,,14.0
simu5g_00000445,31,3,13,1160.0,,15.0
simu5g_00000445,31,3,14,1160.0,,15.0
simu5g_00000445,31,3,15,1160.0,,15.0
simu5g_00000445,31,3,16,1160.0,,15.0
simu5g_00000445,31,3,17,1160.0,,15.0
simu5g_00000445,31,3,18,1160.0,,15.0
simu5g_00000445,31,3,19,1160.0,,15.0
simu5g_00000445,31,3,20,1160.0,,15.0
simu5g_00000445,31,3,21,1160.0,,15.0
simu5g_00000445,31,3,22,1160.0,,15.0
simu5g_00000445,31,3,23,1160.0,,15.0
simu5g_00000445,31,3,24,1160.0,,15.0
simu5g_00000446,1,0,0,1160.0,,15.0
simu5g_00000446,1,0,1,1128.0,,14.0
simu5g_00000446,1,0,2,1128.0,,14.0
simu5g_00000446,1,0,3,1160.0,,15.0
simu5g_00000446,1,0,4,1128.0,,14.0
simu5g_00000446,1,0,5,1160.0,,15.0
simu5g_00000446,1,0,6,1160.0,,15.0
simu5g_00000446,1,0,7,984.0,,13.0
simu5g_00000446,1,0,8,888.0,,12.0
simu5g_00000446,1,0,9,1160.0,,15.0
simu5g_00000446,1,0,10,1160.0,,15.0
simu5g_00000446,1,0,11,1160.0,,15.0
simu5g_00000446,1,0,12,1160.0,,15.0
simu5g_00000446,1,0,13,1160.0,,15.0
simu5g_00000446,1,0,14,1160.0,,15.0
simu5g_00000446,1,0,15,1160.0,,15.0
simu5g_00000446,1,0,16,1160.0,,15.0
simu5g_00000446,1,0,17,1160.0,,15.0
simu5g_00000446,1,0,18,1160.0,,15.0
simu5g_00000446,1,0,19,1160.0,,15.0
simu5g_00000446,1,0,20,1160.0,,15.0
simu5g_00000446,1,0,21,808.0,,11.0
simu5g_00000446,1,0,22,1160.0,,15.0
simu5g_00000446,1,0,23,1128.0,,14.0
simu5g_00000446,1,0,24,1160.0,,15.0
simu5g_00000446,2,1,0,984.0,,13.0
simu5g_00000446,2,1,1,1128.0,,14.0
simu5g_00000446,2,1,2,888.0,,12.0
simu5g_00000446,2,1,3,1128.0,,14.0
simu5g_00000446,2,1,4,888.0,,12.0
simu5g_00000446,2,1,5,808.0,,11.0
simu5g_00000446,2,1,6,984.0,,13.0
simu5g_00000446,2,1,7,368.0,,6.0
simu5g_00000446,2,1,8,1128.0,,14.0
simu5g_00000446,2,1,9,984.0,,13.0
simu5g_00000446,2,1,10,984.0,,13.0
simu5g_00000446,2,1,11,528.0,,8.0
simu5g_00000446,2,1,12,808.0,,11.0
simu5g_00000446,2,1,13,984.0,,13.0
simu5g_00000446,2,1,14,984.0,,13.0
simu5g_00000446,2,1,15,984.0,,13.0
simu5g_00000446,2,1,16,608.0,,9.0
simu5g_00000446,2,1,17,888.0,,12.0
simu5g_00000446,2,1,18,888.0,,12.0
simu5g_00000446,2,1,19,984.0,,13.0
simu5g_00000446,2,1,20,984.0,,13.0
simu5g_00000446,2,1,21,808.0,,11.0
simu5g_00000446,2,1,22,704.0,,10.0
simu5g_00000446,2,1,23,984.0,,13.0
simu5g_00000446,2,1,24,608.0,,9.0
simu5g_00000446,4,2,0,1160.0,,15.0
simu5g_00000446,4,2,1,984.0,,13.0
simu5g_00000446,4,2,2,1160.0,,15.0
simu5g_00000446,4,2,3,608.0,,9.0
simu5g_00000446,4,2,4,1160.0,,15.0
simu5g_00000446,4,2,5,1160.0,,15.0
simu5g_00000446,4,2,6,1160.0,,15.0
simu5g_00000446,4,2,7,808.0,,11.0
simu5g_00000446,4,2,8,984.0,,13.0
simu5g_00000446,4,2,9,1160.0,,15.0
simu5g_00000446,4,2,10,1128.0,,14.0
simu5g_00000446,4,2,11,1160.0,,15.0
simu5g_00000446,4,2,12,1160.0,,15.0
simu5g_00000446,4,2,13,1128.0,,14.0
simu5g_00000446,4,2,14,1160.0,,15.0
simu5g_00000446,4,2,15,984.0,,13.0
simu5g_00000446,4,2,16,1128.0,,14.0
simu5g_00000446,4,2,17,1128.0,,14.0
simu5g_00000446,4,2,18,1160.0,,15.0
simu5g_00000446,4,2,19,1160.0,,15.0
simu5g_00000446,4,2,20,1128.0,,14.0
simu5g_00000446,4,2,21,1128.0,,14.0
simu5g_00000446,4,2,22,1160.0,,15.0
simu5g_00000446,4,2,23,1160.0,,15.0
simu5g_00000446,4,2,24,1128.0,,14.0
simu5g_00000446,5,3,0,1160.0,,15.0
simu5g_00000446,5,3,1,1160.0,,15.0
simu5g_00000446,5,3,2,1160.0,,15.0
simu5g_00000446,5,3,3,1160.0,,15.0
simu5g_00000446,5,3,4,1160.0,,15.0
simu5g_00000446,5,3,5,1160.0,,15.0
simu5g_00000446,5,3,6,1160.0,,15.0
simu5g_00000446,5,3,7,1160.0,,15.0
simu5g_00000446,5,3,8,1160.0,,15.0
simu5g_00000446,5,3,9,1160.0,,15.0
simu5g_00000446,5,3,10,1160.0,,15.0
simu5g_00000446,5,3,11,1160.0,,15.0
simu5g_00000446,5,3,12,1160.0,,15.0
simu5g_00000446,5,3,13,1128.0,,14.0
simu5g_00000446,5,3,14,1128.0,,14.0
simu5g_00000446,5,3,15,1160.0,,15.0
simu5g_00000446,5,3,16,808.0,,11.0
simu5g_00000446,5,3,17,1160.0,,15.0
simu5g_00000446,5,3,18,1160.0,,15.0
simu5g_00000446,5,3,19,1160.0,,15.0
simu5g_00000446,5,3,20,1160.0,,15.0
simu5g_00000446,5,3,21,1128.0,,14.0
simu5g_00000446,5,3,22,1160.0,,15.0
simu5g_00000446,5,3,23,1128.0,,14.0
simu5g_00000446,5,3,24,1160.0,,15.0
simu5g_00000447,0,0,0,1160.0,,15.0
simu5g_00000447,0,0,1,608.0,,9.0
simu5g_00000447,0,0,2,1160.0,,15.0
simu5g_00000447,0,0,3,984.0,,13.0
simu5g_00000447,0,0,4,1160.0,,15.0
simu5g_00000447,0,0,5,984.0,,13.0
simu5g_00000447,0,0,6,1128.0,,14.0
simu5g_00000447,0,0,7,1160.0,,15.0
simu5g_00000447,0,0,8,888.0,,12.0
simu5g_00000447,0,0,9,1128.0,,14.0
simu5g_00000447,0,0,10,1160.0,,15.0
simu5g_00000447,0,0,11,1160.0,,15.0
simu5g_00000447,0,0,12,1128.0,,14.0
simu5g_00000447,0,0,13,1128.0,,14.0
simu5g_00000447,0,0,14,1128.0,,14.0
simu5g_00000447,0,0,15,1160.0,,15.0
simu5g_00000447,0,0,16,1128.0,,14.0
simu5g_00000447,0,0,17,1160.0,,15.0
simu5g_00000447,0,0,18,1160.0,,15.0
simu5g_00000447,0,0,19,1128.0,,14.0
simu5g_00000447,0,0,20,1160.0,,15.0
simu5g_00000447,0,0,21,888.0,,12.0
simu5g_00000447,0,0,22,1160.0,,15.0
simu5g_00000447,0,0,23,1160.0,,15.0
simu5g_00000447,0,0,24,1128.0,,14.0
simu5g_00000447,15,1,0,1160.0,,15.0
simu5g_00000447,15,1,1,1160.0,,15.0
simu5g_00000447,15,1,2,1160.0,,15.0
simu5g_00000447,15,1,3,1160.0,,15.0
simu5g_00000447,15,1,4,1160.0,,15.0
simu5g_00000447,15,1,5,1160.0,,15.0
simu5g_00000447,15,1,6,1160.0,,15.0
simu5g_00000447,15,1,7,1160.0,,15.0
simu5g_00000447,15,1,8,1160.0,,15.0
simu5g_00000447,15,1,9,1160.0,,15.0
simu5g_00000447,15,1,10,1160.0,,15.0
simu5g_00000447,15,1,11,1160.0,,15.0
simu5g_00000447,15,1,12,1160.0,,15.0
simu5g_00000447,15,1,13,1160.0,,15.0
simu5g_00000447,15,1,14,1160.0,,15.0
simu5g_00000447,15,1,15,1160.0,,15.0
simu5g_00000447,15,1,16,1160.0,,15.0
simu5g_00000447,15,1,17,1160.0,,15.0
simu5g_00000447,15,1,18,1160.0,,15.0
simu5g_00000447,15,1,19,1160.0,,15.0
simu5g_00000447,15,1,20,1160.0,,15.0
simu5g_00000447,15,1,21,1160.0,,15.0
simu5g_00000447,15,1,22,1160.0,,15.0
simu5g_00000447,15,1,23,1160.0,,15.0
simu5g_00000447,15,1,24,1160.0,,15.0
simu5g_00000447,3,2,0,888.0,,12.0
simu5g_00000447,3,2,1,1128.0,,14.0
simu5g_00000447,3,2,2,984.0,,13.0
simu5g_00000447,3,2,3,984.0,,13.0
simu5g_00000447,3,2,4,1128.0,,14.0
simu5g_00000447,3,2,5,1128.0,,14.0
simu5g_00000447,3,2,6,1128.0,,14.0
simu5g_00000447,3,2,7,984.0,,13.0
simu5g_00000447,3,2,8,528.0,,8.0
simu5g_00000447,3,2,9,528.0,,8.0
simu5g_00000447,3,2,10,984.0,,13.0
simu5g_00000447,3,2,11,984.0,,13.0
simu5g_00000447,3,2,12,984.0,,13.0
simu5g_00000447,3,2,13,1128.0,,14.0
simu5g_00000447,3,2,14,1128.0,,14.0
simu5g_00000447,3,2,15,984.0,,13.0
simu5g_00000447,3,2,16,1128.0,,14.0
simu5g_00000447,3,2,17,984.0,,13.0
simu5g_00000447,3,2,18,984.0,,13.0
simu5g_00000447,3,2,19,984.0,,13.0
simu5g_00000447,3,2,20,1128.0,,14.0
simu5g_00000447,3,2,21,888.0,,12.0
simu5g_00000447,3,2,22,808.0,,11.0
simu5g_00000447,3,2,23,1128.0,,14.0
simu5g_00000447,3,2,24,808.0,,11.0
simu5g_00000447,31,3,0,1160.0,,15.0
simu5g_00000447,31,3,1,1160.0,,15.0
simu5g_00000447,31,3,2,1160.0,,15.0
simu5g_00000447,31,3,3,1160.0,,15.0
simu5g_00000447,31,3,4,1160.0,,15.0
simu5g_00000447,31,3,5,1160.0,,15.0
simu5g_00000447,31,3,6,1160.0,,15.0
simu5g_00000447,31,3,7,1160.0,,15.0
simu5g_00000447,31,3,8,1160.0,,15.0
simu5g_00000447,31,3,9,1160.0,,15.0
simu5g_00000447,31,3,10,1160.0,,15.0
simu5g_00000447,31,3,11,1160.0,,15.0
simu5g_00000447,31,3,12,984.0,,13.0
simu5g_00000447,31,3,13,1160.0,,15.0
simu5g_00000447,31,3,14,1160.0,,15.0
simu5g_00000447,31,3,15,1160.0,,15.0
simu5g_00000447,31,3,16,1160.0,,15.0
simu5g_00000447,31,3,17,1160.0,,15.0
simu5g_00000447,31,3,18,1160.0,,15.0
simu5g_00000447,31,3,19,1160.0,,15.0
simu5g_00000447,31,3,20,1160.0,,15.0
simu5g_00000447,31,3,21,1160.0,,15.0
simu5g_00000447,31,3,22,1160.0,,15.0
simu5g_00000447,31,3,23,1160.0,,15.0
simu5g_00000447,31,3,24,1160.0,,15.0
simu5g_00000448,1,0,0,1160.0,,15.0
simu5g_00000448,1,0,1,1128.0,,14.0
simu5g_00000448,1,0,2,1128.0,,14.0
simu5g_00000448,1,0,3,1160.0,,15.0
simu5g_00000448,1,0,4,1128.0,,14.0
simu5g_00000448,1,0,5,1160.0,,15.0
simu5g_00000448,1,0,6,1160.0,,15.0
simu5g_00000448,1,0,7,984.0,,13.0
simu5g_00000448,1,0,8,888.0,,12.0
simu5g_00000448,1,0,9,1160.0,,15.0
simu5g_00000448,1,0,10,1160.0,,15.0
simu5g_00000448,1,0,11,1160.0,,15.0
simu5g_00000448,1,0,12,1160.0,,15.0
simu5g_00000448,1,0,13,1160.0,,15.0
simu5g_00000448,1,0,14,1160.0,,15.0
simu5g_00000448,1,0,15,1160.0,,15.0
simu5g_00000448,1,0,16,1160.0,,15.0
simu5g_00000448,1,0,17,1160.0,,15.0
simu5g_00000448,1,0,18,1160.0,,15.0
simu5g_00000448,1,0,19,1160.0,,15.0
simu5g_00000448,1,0,20,1160.0,,15.0
simu5g_00000448,1,0,21,808.0,,11.0
simu5g_00000448,1,0,22,1160.0,,15.0
simu5g_00000448,1,0,23,1128.0,,14.0
simu5g_00000448,1,0,24,1160.0,,15.0
simu5g_00000448,2,1,0,984.0,,13.0
simu5g_00000448,2,1,1,1128.0,,14.0
simu5g_00000448,2,1,2,888.0,,12.0
simu5g_00000448,2,1,3,1128.0,,14.0
simu5g_00000448,2,1,4,888.0,,12.0
simu5g_00000448,2,1,5,808.0,,11.0
simu5g_00000448,2,1,6,984.0,,13.0
simu5g_00000448,2,1,7,368.0,,6.0
simu5g_00000448,2,1,8,1128.0,,14.0
simu5g_00000448,2,1,9,984.0,,13.0
simu5g_00000448,2,1,10,984.0,,13.0
simu5g_00000448,2,1,11,528.0,,8.0
simu5g_00000448,2,1,12,808.0,,11.0
simu5g_00000448,2,1,13,984.0,,13.0
simu5g_00000448,2,1,14,984.0,,13.0
simu5g_00000448,2,1,15,984.0,,13.0
simu5g_00000448,2,1,16,608.0,,9.0
simu5g_00000448,2,1,17,888.0,,12.0
simu5g_00000448,2,1,18,888.0,,12.0
simu5g_00000448,2,1,19,984.0,,13.0
simu5g_00000448,2,1,20,984.0,,13.0
simu5g_00000448,2,1,21,808.0,,11.0
simu5g_00000448,2,1,22,704.0,,10.0
simu5g_00000448,2,1,23,984.0,,13.0
simu5g_00000448,2,1,24,608.0,,9.0
simu5g_00000448,4,2,0,888.0,,12.0
simu5g_00000448,4,2,1,528.0,,8.0
simu5g_00000448,4,2,2,984.0,,13.0
simu5g_00000448,4,2,3,224.0,,4.0
simu5g_00000448,4,2,4,808.0,,11.0
simu5g_00000448,4,2,5,984.0,,13.0
simu5g_00000448,4,2,6,984.0,,13.0
simu5g_00000448,4,2,7,368.0,,6.0
simu5g_00000448,4,2,8,528.0,,8.0
simu5g_00000448,4,2,9,808.0,,11.0
simu5g_00000448,4,2,10,808.0,,11.0
simu5g_00000448,4,2,11,888.0,,12.0
simu5g_00000448,4,2,12,984.0,,13.0
simu5g_00000448,4,2,13,808.0,,11.0
simu5g_00000448,4,2,14,984.0,,13.0
simu5g_00000448,4,2,15,608.0,,9.0
simu5g_00000448,4,2,16,608.0,,9.0
simu5g_00000448,4,2,17,704.0,,10.0
simu5g_00000448,4,2,18,984.0,,13.0
simu5g_00000448,4,2,19,984.0,,13.0
simu5g_00000448,4,2,20,808.0,,11.0
simu5g_00000448,4,2,21,608.0,,9.0
simu5g_00000448,4,2,22,984.0,,13.0
simu5g_00000448,4,2,23,888.0,,12.0
simu5g_00000448,4,2,24,608.0,,9.0
simu5g_00000448,5,3,0,1160.0,,15.0
simu5g_00000448,5,3,1,1160.0,,15.0
simu5g_00000448,5,3,2,1160.0,,15.0
simu5g_00000448,5,3,3,1160.0,,15.0
simu5g_00000448,5,3,4,1160.0,,15.0
simu5g_00000448,5,3,5,1160.0,,15.0
simu5g_00000448,5,3,6,1160.0,,15.0
simu5g_00000448,5,3,7,1160.0,,15.0
simu5g_00000448,5,3,8,1160.0,,15.0
simu5g_00000448,5,3,9,1160.0,,15.0
simu5g_00000448,5,3,10,1160.0,,15.0
simu5g_00000448,5,3,11,1160.0,,15.0
simu5g_00000448,5,3,12,1160.0,,15.0
simu5g_00000448,5,3,13,1128.0,,14.0
simu5g_00000448,5,3,14,1128.0,,14.0
simu5g_00000448,5,3,15,1160.0,,15.0
simu5g_00000448,5,3,16,808.0,,11.0
simu5g_00000448,5,3,17,1160.0,,15.0
simu5g_00000448,5,3,18,1160.0,,15.0
simu5g_00000448,5,3,19,1160.0,,15.0
simu5g_00000448,5,3,20,1160.0,,15.0
simu5g_00000448,5,3,21,1128.0,,14.0
simu5g_00000448,5,3,22,1160.0,,15.0
simu5g_00000448,5,3,23,1128.0,,14.0
simu5g_00000448,5,3,24,1160.0,,15.0
simu5g_00000449,0,0,0,1160.0,,15.0
simu5g_00000449,0,0,1,608.0,,9.0
simu5g_00000449,0,0,2,1160.0,,15.0
simu5g_00000449,0,0,3,984.0,,13.0
simu5g_00000449,0,0,4,1160.0,,15.0
simu5g_00000449,0,0,5,984.0,,13.0
simu5g_00000449,0,0,6,1128.0,,14.0
simu5g_00000449,0,0,7,1160.0,,15.0
simu5g_00000449,0,0,8,888.0,,12.0
simu5g_00000449,0,0,9,1128.0,,14.0
simu5g_00000449,0,0,10,1160.0,,15.0
simu5g_00000449,0,0,11,1160.0,,15.0
simu5g_00000449,0,0,12,1128.0,,14.0
simu5g_00000449,0,0,13,1128.0,,14.0
simu5g_00000449,0,0,14,1128.0,,14.0
simu5g_00000449,0,0,15,1160.0,,15.0
simu5g_00000449,0,0,16,1128.0,,14.0
simu5g_00000449,0,0,17,1160.0,,15.0
simu5g_00000449,0,0,18,1160.0,,15.0
simu5g_00000449,0,0,19,1128.0,,14.0
simu5g_00000449,0,0,20,1160.0,,15.0
simu5g_00000449,0,0,21,888.0,,12.0
simu5g_00000449,0,0,22,1160.0,,15.0
simu5g_00000449,0,0,23,1160.0,,15.0
simu5g_00000449,0,0,24,1128.0,,14.0
simu5g_00000449,15,1,0,1160.0,,15.0
simu5g_00000449,15,1,1,1160.0,,15.0
simu5g_00000449,15,1,2,1160.0,,15.0
simu5g_00000449,15,1,3,1160.0,,15.0
simu5g_00000449,15,1,4,1160.0,,15.0
simu5g_00000449,15,1,5,1160.0,,15.0
simu5g_00000449,15,1,6,1160.0,,15.0
simu5g_00000449,15,1,7,1160.0,,15.0
simu5g_00000449,15,1,8,1160.0,,15.0
simu5g_00000449,15,1,9,1160.0,,15.0
simu5g_00000449,15,1,10,1160.0,,15.0
simu5g_00000449,15,1,11,1160.0,,15.0
simu5g_00000449,15,1,12,1160.0,,15.0
simu5g_00000449,15,1,13,1160.0,,15.0
simu5g_00000449,15,1,14,1160.0,,15.0
simu5g_00000449,15,1,15,1160.0,,15.0
simu5g_00000449,15,1,16,1160.0,,15.0
simu5g_00000449,15,1,17,1160.0,,15.0
simu5g_00000449,15,1,18,1160.0,,15.0
simu5g_00000449,15,1,19,1160.0,,15.0
simu5g_00000449,15,1,20,1160.0,,15.0
simu5g_00000449,15,1,21,1160.0,,15.0
simu5g_00000449,15,1,22,1160.0,,15.0
simu5g_00000449,15,1,23,1160.0,,15.0
simu5g_00000449,15,1,24,1160.0,,15.0
simu5g_00000449,3,2,0,704.0,,10.0
simu5g_00000449,3,2,1,1128.0,,14.0
simu5g_00000449,3,2,2,808.0,,11.0
simu5g_00000449,3,2,3,888.0,,12.0
simu5g_00000449,3,2,4,984.0,,13.0
simu5g_00000449,3,2,5,984.0,,13.0
simu5g_00000449,3,2,6,984.0,,13.0
simu5g_00000449,3,2,7,888.0,,12.0
simu5g_00000449,3,2,8,368.0,,6.0
simu5g_00000449,3,2,9,368.0,,6.0
simu5g_00000449,3,2,10,984.0,,13.0
simu5g_00000449,3,2,11,808.0,,11.0
simu5g_00000449,3,2,12,984.0,,13.0
simu5g_00000449,3,2,13,984.0,,13.0
simu5g_00000449,3,2,14,1128.0,,14.0
simu5g_00000449,3,2,15,984.0,,13.0
simu5g_00000449,3,2,16,984.0,,13.0
simu5g_00000449,3,2,17,984.0,,13.0
simu5g_00000449,3,2,18,984.0,,13.0
simu5g_00000449,3,2,19,984.0,,13.0
simu5g_00000449,3,2,20,984.0,,13.0
simu5g_00000449,3,2,21,808.0,,11.0
simu5g_00000449,3,2,22,608.0,,9.0
simu5g_00000449,3,2,23,984.0,,13.0
simu5g_00000449,3,2,24,608.0,,9.0
simu5g_00000449,31,3,0,1160.0,,15.0
simu5g_00000449,31,3,1,1160.0,,15.0
simu5g_00000449,31,3,2,1160.0,,15.0
simu5g_00000449,31,3,3,1160.0,,15.0
simu5g_00000449,31,3,4,1160.0,,15.0
simu5g_00000449,31,3,5,1160.0,,15.0
simu5g_00000449,31,3,6,1160.0,,15.0
simu5g_00000449,31,3,7,1160.0,,15.0
simu5g_00000449,31,3,8,1160.0,,15.0
simu5g_00000449,31,3,9,1160.0,,15.0
simu5g_00000449,31,3,10,1160.0,,15.0
simu5g_00000449,31,3,11,1160.0,,15.0
simu5g_00000449,31,3,12,1160.0,,15.0
simu5g_00000449,31,3,13,1160.0,,15.0
simu5g_00000449,31,3,14,1160.0,,15.0
simu5g_00000449,31,3,15,1160.0,,15.0
simu5g_00000449,31,3,16,1160.0,,15.0
simu5g_00000449,31,3,17,1160.0,,15.0
simu5g_00000449,31,3,18,1160.0,,15.0
simu5g_00000449,31,3,19,1160.0,,15.0
simu5g_00000449,31,3,20,1160.0,,15.0
simu5g_00000449,31,3,21,1160.0,,15.0
simu5g_00000449,31,3,22,1160.0,,15.0
simu5g_00000449,31,3,23,1160.0,,15.0
simu5g_00000449,31,3,24,1160.0,,15.0
simu5g_00000450,1,0,0,1160.0,,15.0
simu5g_00000450,1,0,1,1128.0,,14.0
simu5g_00000450,1,0,2,1128.0,,14.0
simu5g_00000450,1,0,3,1160.0,,15.0
simu5g_00000450,1,0,4,1128.0,,14.0
simu5g_00000450,1,0,5,1160.0,,15.0
simu5g_00000450,1,0,6,1160.0,,15.0
simu5g_00000450,1,0,7,984.0,,13.0
simu5g_00000450,1,0,8,888.0,,12.0
simu5g_00000450,1,0,9,1160.0,,15.0
simu5g_00000450,1,0,10,1160.0,,15.0
simu5g_00000450,1,0,11,1160.0,,15.0
simu5g_00000450,1,0,12,1160.0,,15.0
simu5g_00000450,1,0,13,1160.0,,15.0
simu5g_00000450,1,0,14,1160.0,,15.0
simu5g_00000450,1,0,15,1160.0,,15.0
simu5g_00000450,1,0,16,1160.0,,15.0
simu5g_00000450,1,0,17,1160.0,,15.0
simu5g_00000450,1,0,18,1160.0,,15.0
simu5g_00000450,1,0,19,1160.0,,15.0
simu5g_00000450,1,0,20,1160.0,,15.0
simu5g_00000450,1,0,21,808.0,,11.0
simu5g_00000450,1,0,22,1160.0,,15.0
simu5g_00000450,1,0,23,1128.0,,14.0
simu5g_00000450,1,0,24,1160.0,,15.0
simu5g_00000450,2,1,0,984.0,,13.0
simu5g_00000450,2,1,1,1128.0,,14.0
simu5g_00000450,2,1,2,888.0,,12.0
simu5g_00000450,2,1,3,1128.0,,14.0
simu5g_00000450,2,1,4,888.0,,12.0
simu5g_00000450,2,1,5,808.0,,11.0
simu5g_00000450,2,1,6,984.0,,13.0
simu5g_00000450,2,1,7,368.0,,6.0
simu5g_00000450,2,1,8,1128.0,,14.0
simu5g_00000450,2,1,9,984.0,,13.0
simu5g_00000450,2,1,10,984.0,,13.0
simu5g_00000450,2,1,11,528.0,,8.0
simu5g_00000450,2,1,12,808.0,,11.0
simu5g_00000450,2,1,13,984.0,,13.0
simu5g_00000450,2,1,14,984.0,,13.0
simu5g_00000450,2,1,15,984.0,,13.0
simu5g_00000450,2,1,16,608.0,,9.0
simu5g_00000450,2,1,17,888.0,,12.0
simu5g_00000450,2,1,18,888.0,,12.0
simu5g_00000450,2,1,19,984.0,,13.0
simu5g_00000450,2,1,20,984.0,,13.0
simu5g_00000450,2,1,21,808.0,,11.0
simu5g_00000450,2,1,22,704.0,,10.0
simu5g_00000450,2,1,23,984.0,,13.0
simu5g_00000450,2,1,24,608.0,,9.0
simu5g_00000450,4,2,0,888.0,,12.0
simu5g_00000450,4,2,1,528.0,,8.0
simu5g_00000450,4,2,2,984.0,,13.0
simu5g_00000450,4,2,3,224.0,,4.0
simu5g_00000450,4,2,4,808.0,,11.0
simu5g_00000450,4,2,5,984.0,,13.0
simu5g_00000450,4,2,6,984.0,,13.0
simu5g_00000450,4,2,7,368.0,,6.0
simu5g_00000450,4,2,8,528.0,,8.0
simu5g_00000450,4,2,9,808.0,,11.0
simu5g_00000450,4,2,10,808.0,,11.0
simu5g_00000450,4,2,11,888.0,,12.0
simu5g_00000450,4,2,12,984.0,,13.0
simu5g_00000450,4,2,13,808.0,,11.0
simu5g_00000450,4,2,14,984.0,,13.0
simu5g_00000450,4,2,15,608.0,,9.0
simu5g_00000450,4,2,16,608.0,,9.0
simu5g_00000450,4,2,17,704.0,,10.0
simu5g_00000450,4,2,18,984.0,,13.0
simu5g_00000450,4,2,19,984.0,,13.0
simu5g_00000450,4,2,20,808.0,,11.0
simu5g_00000450,4,2,21,608.0,,9.0
simu5g_00000450,4,2,22,984.0,,13.0
simu5g_00000450,4,2,23,888.0,,12.0
simu5g_00000450,4,2,24,608.0,,9.0
simu5g_00000450,5,3,0,1160.0,,15.0
simu5g_00000450,5,3,1,1160.0,,15.0
simu5g_00000450,5,3,2,1160.0,,15.0
simu5g_00000450,5,3,3,1160.0,,15.0
simu5g_00000450,5,3,4,1160.0,,15.0
simu5g_00000450,5,3,5,1160.0,,15.0
simu5g_00000450,5,3,6,1160.0,,15.0
simu5g_00000450,5,3,7,1160.0,,15.0
simu5g_00000450,5,3,8,1160.0,,15.0
simu5g_00000450,5,3,9,1160.0,,15.0
simu5g_00000450,5,3,10,1160.0,,15.0
simu5g_00000450,5,3,11,1160.0,,15.0
simu5g_00000450,5,3,12,1160.0,,15.0
simu5g_00000450,5,3,13,1128.0,,14.0
simu5g_00000450,5,3,14,1128.0,,14.0
simu5g_00000450,5,3,15,1160.0,,15.0
simu5g_00000450,5,3,16,808.0,,11.0
simu5g_00000450,5,3,17,1160.0,,15.0
simu5g_00000450,5,3,18,1160.0,,15.0
simu5g_00000450,5,3,19,1160.0,,15.0
simu5g_00000450,5,3,20,1160.0,,15.0
simu5g_00000450,5,3,21,1128.0,,14.0
simu5g_00000450,5,3,22,1160.0,,15.0
simu5g_00000450,5,3,23,1128.0,,14.0
simu5g_00000450,5,3,24,1160.0,,15.0
simu5g_00000451,0,0,0,1160.0,,15.0
simu5g_00000451,0,0,1,608.0,,9.0
simu5g_00000451,0,0,2,1160.0,,15.0
simu5g_00000451,0,0,3,984.0,,13.0
simu5g_00000451,0,0,4,1160.0,,15.0
simu5g_00000451,0,0,5,984.0,,13.0
simu5g_00000451,0,0,6,1128.0,,14.0
simu5g_00000451,0,0,7,1160.0,,15.0
simu5g_00000451,0,0,8,888.0,,12.0
simu5g_00000451,0,0,9,1128.0,,14.0
simu5g_00000451,0,0,10,1160.0,,15.0
simu5g_00000451,0,0,11,1160.0,,15.0
simu5g_00000451,0,0,12,1128.0,,14.0
simu5g_00000451,0,0,13,1128.0,,14.0
simu5g_00000451,0,0,14,1128.0,,14.0
simu5g_00000451,0,0,15,1160.0,,15.0
simu5g_00000451,0,0,16,1128.0,,14.0
simu5g_00000451,0,0,17,1160.0,,15.0
simu5g_00000451,0,0,18,1160.0,,15.0
simu5g_00000451,0,0,19,1128.0,,14.0
simu5g_00000451,0,0,20,1160.0,,15.0
simu5g_00000451,0,0,21,984.0,,13.0
simu5g_00000451,0,0,22,1160.0,,15.0
simu5g_00000451,0,0,23,1160.0,,15.0
simu5g_00000451,0,0,24,1128.0,,14.0
simu5g_00000451,15,1,0,1160.0,,15.0
simu5g_00000451,15,1,1,1160.0,,15.0
simu5g_00000451,15,1,2,1160.0,,15.0
simu5g_00000451,15,1,3,1160.0,,15.0
simu5g_00000451,15,1,4,1160.0,,15.0
simu5g_00000451,15,1,5,1160.0,,15.0
simu5g_00000451,15,1,6,1160.0,,15.0
simu5g_00000451,15,1,7,1160.0,,15.0
simu5g_00000451,15,1,8,1160.0,,15.0
simu5g_00000451,15,1,9,1160.0,,15.0
simu5g_00000451,15,1,10,1160.0,,15.0
simu5g_00000451,15,1,11,1160.0,,15.0
simu5g_00000451,15,1,12,1160.0,,15.0
simu5g_00000451,15,1,13,1160.0,,15.0
simu5g_00000451,15,1,14,1160.0,,15.0
simu5g_00000451,15,1,15,1160.0,,15.0
simu5g_00000451,15,1,16,1160.0,,15.0
simu5g_00000451,15,1,17,1160.0,,15.0
simu5g_00000451,15,1,18,1160.0,,15.0
simu5g_00000451,15,1,19,1160.0,,15.0
simu5g_00000451,15,1,20,1160.0,,15.0
simu5g_00000451,15,1,21,1160.0,,15.0
simu5g_00000451,15,1,22,1160.0,,15.0
simu5g_00000451,15,1,23,1160.0,,15.0
simu5g_00000451,15,1,24,1160.0,,15.0
simu5g_00000451,3,2,0,704.0,,10.0
simu5g_00000451,3,2,1,1128.0,,14.0
simu5g_00000451,3,2,2,808.0,,11.0
simu5g_00000451,3,2,3,888.0,,12.0
simu5g_00000451,3,2,4,984.0,,13.0
simu5g_00000451,3,2,5,984.0,,13.0
simu5g_00000451,3,2,6,984.0,,13.0
simu5g_00000451,3,2,7,888.0,,12.0
simu5g_00000451,3,2,8,368.0,,6.0
simu5g_00000451,3,2,9,368.0,,6.0
simu5g_00000451,3,2,10,984.0,,13.0
simu5g_00000451,3,2,11,808.0,,11.0
simu5g_00000451,3,2,12,984.0,,13.0
simu5g_00000451,3,2,13,984.0,,13.0
simu5g_00000451,3,2,14,1128.0,,14.0
simu5g_00000451,3,2,15,984.0,,13.0
simu5g_00000451,3,2,16,984.0,,13.0
simu5g_00000451,3,2,17,984.0,,13.0
simu5g_00000451,3,2,18,984.0,,13.0
simu5g_00000451,3,2,19,984.0,,13.0
simu5g_00000451,3,2,20,984.0,,13.0
simu5g_00000451,3,2,21,808.0,,11.0
simu5g_00000451,3,2,22,608.0,,9.0
simu5g_00000451,3,2,23,984.0,,13.0
simu5g_00000451,3,2,24,608.0,,9.0
simu5g_00000451,31,3,0,1160.0,,15.0
simu5g_00000451,31,3,1,1160.0,,15.0
simu5g_00000451,31,3,2,1160.0,,15.0
simu5g_00000451,31,3,3,1160.0,,15.0
simu5g_00000451,31,3,4,1160.0,,15.0
simu5g_00000451,31,3,5,1160.0,,15.0
simu5g_00000451,31,3,6,1160.0,,15.0
simu5g_00000451,31,3,7,1160.0,,15.0
simu5g_00000451,31,3,8,1160.0,,15.0
simu5g_00000451,31,3,9,1160.0,,15.0
simu5g_00000451,31,3,10,1160.0,,15.0
simu5g_00000451,31,3,11,1160.0,,15.0
simu5g_00000451,31,3,12,1160.0,,15.0
simu5g_00000451,31,3,13,1160.0,,15.0
simu5g_00000451,31,3,14,1160.0,,15.0
simu5g_00000451,31,3,15,1160.0,,15.0
simu5g_00000451,31,3,16,1160.0,,15.0
simu5g_00000451,31,3,17,1160.0,,15.0
simu5g_00000451,31,3,18,1160.0,,15.0
simu5g_00000451,31,3,19,1160.0,,15.0
simu5g_00000451,31,3,20,1160.0,,15.0
simu5g_00000451,31,3,21,1160.0,,15.0
simu5g_00000451,31,3,22,1160.0,,15.0
simu5g_00000451,31,3,23,1160.0,,15.0
simu5g_00000451,31,3,24,1160.0,,15.0
simu5g_00000452,1,0,0,1160.0,,15.0
simu5g_00000452,1,0,1,1128.0,,14.0
simu5g_00000452,1,0,2,1128.0,,14.0
simu5g_00000452,1,0,3,1160.0,,15.0
simu5g_00000452,1,0,4,1128.0,,14.0
simu5g_00000452,1,0,5,1160.0,,15.0
simu5g_00000452,1,0,6,1160.0,,15.0
simu5g_00000452,1,0,7,984.0,,13.0
simu5g_00000452,1,0,8,888.0,,12.0
simu5g_00000452,1,0,9,1160.0,,15.0
simu5g_00000452,1,0,10,1160.0,,15.0
simu5g_00000452,1,0,11,1160.0,,15.0
simu5g_00000452,1,0,12,1160.0,,15.0
simu5g_00000452,1,0,13,1160.0,,15.0
simu5g_00000452,1,0,14,1160.0,,15.0
simu5g_00000452,1,0,15,1160.0,,15.0
simu5g_00000452,1,0,16,1160.0,,15.0
simu5g_00000452,1,0,17,1160.0,,15.0
simu5g_00000452,1,0,18,1160.0,,15.0
simu5g_00000452,1,0,19,1160.0,,15.0
simu5g_00000452,1,0,20,1160.0,,15.0
simu5g_00000452,1,0,21,808.0,,11.0
simu5g_00000452,1,0,22,1160.0,,15.0
simu5g_00000452,1,0,23,1128.0,,14.0
simu5g_00000452,1,0,24,1160.0,,15.0
simu5g_00000452,2,1,0,984.0,,13.0
simu5g_00000452,2,1,1,1160.0,,15.0
simu5g_00000452,2,1,2,984.0,,13.0
simu5g_00000452,2,1,3,1160.0,,15.0
simu5g_00000452,2,1,4,984.0,,13.0
simu5g_00000452,2,1,5,888.0,,12.0
simu5g_00000452,2,1,6,1128.0,,14.0
simu5g_00000452,2,1,7,608.0,,9.0
simu5g_00000452,2,1,8,1160.0,,15.0
simu5g_00000452,2,1,9,1128.0,,14.0
simu5g_00000452,2,1,10,1128.0,,14.0
simu5g_00000452,2,1,11,704.0,,10.0
simu5g_00000452,2,1,12,984.0,,13.0
simu5g_00000452,2,1,13,1128.0,,14.0
simu5g_00000452,2,1,14,1128.0,,14.0
simu5g_00000452,2,1,15,1128.0,,14.0
simu5g_00000452,2,1,16,808.0,,11.0
simu5g_00000452,2,1,17,984.0,,13.0
simu5g_00000452,2,1,18,984.0,,13.0
simu5g_00000452,2,1,19,1128.0,,14.0
simu5g_00000452,2,1,20,1128.0,,14.0
simu5g_00000452,2,1,21,984.0,,13.0
simu5g_00000452,2,1,22,888.0,,12.0
simu5g_00000452,2,1,23,1128.0,,14.0
simu5g_00000452,2,1,24,808.0,,11.0
simu5g_00000452,4,2,0,888.0,,12.0
simu5g_00000452,4,2,1,528.0,,8.0
simu5g_00000452,4,2,2,984.0,,13.0
simu5g_00000452,4,2,3,224.0,,4.0
simu5g_00000452,4,2,4,808.0,,11.0
simu5g_00000452,4,2,5,984.0,,13.0
simu5g_00000452,4,2,6,984.0,,13.0
simu5g_00000452,4,2,7,368.0,,6.0
simu5g_00000452,4,2,8,528.0,,8.0
simu5g_00000452,4,2,9,808.0,,11.0
simu5g_00000452,4,2,10,808.0,,11.0
simu5g_00000452,4,2,11,888.0,,12.0
simu5g_00000452,4,2,12,984.0,,13.0
simu5g_00000452,4,2,13,808.0,,11.0
simu5g_00000452,4,2,14,984.0,,13.0
simu5g_00000452,4,2,15,608.0,,9.0
simu5g_00000452,4,2,16,608.0,,9.0
simu5g_00000452,4,2,17,704.0,,10.0
simu5g_00000452,4,2,18,984.0,,13.0
simu5g_00000452,4,2,19,984.0,,13.0
simu5g_00000452,4,2,20,808.0,,11.0
simu5g_00000452,4,2,21,608.0,,9.0
simu5g_00000452,4,2,22,984.0,,13.0
simu5g_00000452,4,2,23,888.0,,12.0
simu5g_00000452,4,2,24,608.0,,9.0
simu5g_00000452,5,3,0,1160.0,,15.0
simu5g_00000452,5,3,1,1160.0,,15.0
simu5g_00000452,5,3,2,1160.0,,15.0
simu5g_00000452,5,3,3,1160.0,,15.0
simu5g_00000452,5,3,4,1160.0,,15.0
simu5g_00000452,5,3,5,1160.0,,15.0
simu5g_00000452,5,3,6,1160.0,,15.0
simu5g_00000452,5,3,7,1160.0,,15.0
simu5g_00000452,5,3,8,1160.0,,15.0
simu5g_00000452,5,3,9,1160.0,,15.0
simu5g_00000452,5,3,10,1160.0,,15.0
simu5g_00000452,5,3,11,1160.0,,15.0
simu5g_00000452,5,3,12,1160.0,,15.0
simu5g_00000452,5,3,13,1128.0,,14.0
simu5g_00000452,5,3,14,1128.0,,14.0
simu5g_00000452,5,3,15,1160.0,,15.0
simu5g_00000452,5,3,16,808.0,,11.0
simu5g_00000452,5,3,17,1160.0,,15.0
simu5g_00000452,5,3,18,1160.0,,15.0
simu5g_00000452,5,3,19,1160.0,,15.0
simu5g_00000452,5,3,20,1160.0,,15.0
simu5g_00000452,5,3,21,1128.0,,14.0
simu5g_00000452,5,3,22,1160.0,,15.0
simu5g_00000452,5,3,23,1128.0,,14.0
simu5g_00000452,5,3,24,1160.0,,15.0
simu5g_00000453,0,0,0,1160.0,,15.0
simu5g_00000453,0,0,1,608.0,,9.0
simu5g_00000453,0,0,2,1160.0,,15.0
simu5g_00000453,0,0,3,984.0,,13.0
simu5g_00000453,0,0,4,1160.0,,15.0
simu5g_00000453,0,0,5,984.0,,13.0
simu5g_00000453,0,0,6,1128.0,,14.0
simu5g_00000453,0,0,7,1160.0,,15.0
simu5g_00000453,0,0,8,888.0,,12.0
simu5g_00000453,0,0,9,1128.0,,14.0
simu5g_00000453,0,0,10,1160.0,,15.0
simu5g_00000453,0,0,11,1160.0,,15.0
simu5g_00000453,0,0,12,1160.0,,15.0
simu5g_00000453,0,0,13,1128.0,,14.0
simu5g_00000453,0,0,14,1128.0,,14.0
simu5g_00000453,0,0,15,1160.0,,15.0
simu5g_00000453,0,0,16,1128.0,,14.0
simu5g_00000453,0,0,17,1160.0,,15.0
simu5g_00000453,0,0,18,1160.0,,15.0
simu5g_00000453,0,0,19,1128.0,,14.0
simu5g_00000453,0,0,20,1160.0,,15.0
simu5g_00000453,0,0,21,984.0,,13.0
simu5g_00000453,0,0,22,1160.0,,15.0
simu5g_00000453,0,0,23,1160.0,,15.0
simu5g_00000453,0,0,24,1128.0,,14.0
simu5g_00000453,1,1,0,1128.0,,14.0
simu5g_00000453,1,1,1,984.0,,13.0
simu5g_00000453,1,1,2,984.0,,13.0
simu5g_00000453,1,1,3,1160.0,,15.0
simu5g_00000453,1,1,4,984.0,,13.0
simu5g_00000453,1,1,5,1128.0,,14.0
simu5g_00000453,1,1,6,1128.0,,14.0
simu5g_00000453,1,1,7,808.0,,11.0
simu5g_00000453,1,1,8,608.0,,9.0
simu5g_00000453,1,1,9,1128.0,,14.0
simu5g_00000453,1,1,10,1128.0,,14.0
simu5g_00000453,1,1,11,1128.0,,14.0
simu5g_00000453,1,1,12,984.0,,13.0
simu5g_00000453,1,1,13,1160.0,,15.0
simu5g_00000453,1,1,14,1128.0,,14.0
simu5g_00000453,1,1,15,1128.0,,14.0
simu5g_00000453,1,1,16,1128.0,,14.0
simu5g_00000453,1,1,17,984.0,,13.0
simu5g_00000453,1,1,18,1128.0,,14.0
simu5g_00000453,1,1,19,1128.0,,14.0
simu5g_00000453,1,1,20,1128.0,,14.0
simu5g_00000453,1,1,21,608.0,,9.0
simu5g_00000453,1,1,22,1128.0,,14.0
simu5g_00000453,1,1,23,984.0,,13.0
simu5g_00000453,1,1,24,1128.0,,14.0
simu5g_00000453,15,2,0,1160.0,,15.0
simu5g_00000453,15,2,1,1160.0,,15.0
simu5g_00000453,15,2,2,1160.0,,15.0
simu5g_00000453,15,2,3,1160.0,,15.0
simu5g_00000453,15,2,4,1160.0,,15.0
simu5g_00000453,15,2,5,984.0,,13.0
simu5g_00000453,15,2,6,1160.0,,15.0
simu5g_00000453,15,2,7,1160.0,,15.0
simu5g_00000453,15,2,8,1160.0,,15.0
simu5g_00000453,15,2,9,1160.0,,15.0
simu5g_00000453,15,2,10,1160.0,,15.0
simu5g_00000453,15,2,11,1160.0,,15.0
simu5g_00000453,15,2,12,1128.0,,14.0
simu5g_00000453,15,2,13,1160.0,,15.0
simu5g_00000453,15,2,14,1160.0,,15.0
simu5g_00000453,15,2,15,1160.0,,15.0
simu5g_00000453,15,2,16,1160.0,,15.0
simu5g_00000453,15,2,17,1160.0,,15.0
simu5g_00000453,15,2,18,1160.0,,15.0
simu5g_00000453,15,2,19,1160.0,,15.0
simu5g_00000453,15,2,20,1160.0,,15.0
simu5g_00000453,15,2,21,1160.0,,15.0
simu5g_00000453,15,2,22,1160.0,,15.0
simu5g_00000453,15,2,23,1160.0,,15.0
simu5g_00000453,15,2,24,1160.0,,15.0
simu5g_00000453,31,3,0,1160.0,,15.0
simu5g_00000453,31,3,1,1160.0,,15.0
simu5g_00000453,31,3,2,1160.0,,15.0
simu5g_00000453,31,3,3,1160.0,,15.0
simu5g_00000453,31,3,4,1160.0,,15.0
simu5g_00000453,31,3,5,1160.0,,15.0
simu5g_00000453,31,3,6,1160.0,,15.0
simu5g_00000453,31,3,7,1160.0,,15.0
simu5g_00000453,31,3,8,1160.0,,15.0
simu5g_00000453,31,3,9,1160.0,,15.0
simu5g_00000453,31,3,10,1160.0,,15.0
simu5g_00000453,31,3,11,1160.0,,15.0
simu5g_00000453,31,3,12,1160.0,,15.0
simu5g_00000453,31,3,13,1160.0,,15.0
simu5g_00000453,31,3,14,1160.0,,15.0
simu5g_00000453,31,3,15,1160.0,,15.0
simu5g_00000453,31,3,16,1160.0,,15.0
simu5g_00000453,31,3,17,1160.0,,15.0
simu5g_00000453,31,3,18,1160.0,,15.0
simu5g_00000453,31,3,19,1160.0,,15.0
simu5g_00000453,31,3,20,1160.0,,15.0
simu5g_00000453,31,3,21,1160.0,,15.0
simu5g_00000453,31,3,22,1160.0,,15.0
simu5g_00000453,31,3,23,1160.0,,15.0
simu5g_00000453,31,3,24,1160.0,,15.0
simu5g_00000454,2,0,0,984.0,,13.0
simu5g_00000454,2,0,1,1160.0,,15.0
simu5g_00000454,2,0,2,984.0,,13.0
simu5g_00000454,2,0,3,1160.0,,15.0
simu5g_00000454,2,0,4,984.0,,13.0
simu5g_00000454,2,0,5,888.0,,12.0
simu5g_00000454,2,0,6,1128.0,,14.0
simu5g_00000454,2,0,7,608.0,,9.0
simu5g_00000454,2,0,8,1160.0,,15.0
simu5g_00000454,2,0,9,1128.0,,14.0
simu5g_00000454,2,0,10,1128.0,,14.0
simu5g_00000454,2,0,11,704.0,,10.0
simu5g_00000454,2,0,12,984.0,,13.0
simu5g_00000454,2,0,13,1128.0,,14.0
simu5g_00000454,2,0,14,1128.0,,14.0
simu5g_00000454,2,0,15,1128.0,,14.0
simu5g_00000454,2,0,16,808.0,,11.0
simu5g_00000454,2,0,17,984.0,,13.0
simu5g_00000454,2,0,18,984.0,,13.0
simu5g_00000454,2,0,19,1128.0,,14.0
simu5g_00000454,2,0,20,1128.0,,14.0
simu5g_00000454,2,0,21,984.0,,13.0
simu5g_00000454,2,0,22,888.0,,12.0
simu5g_00000454,2,0,23,1128.0,,14.0
simu5g_00000454,2,0,24,808.0,,11.0
simu5g_00000454,3,1,0,934.800000,,13.0
simu5g_00000454,3,1,1,1125.200000,,15.0
simu5g_00000454,3,1,2,934.800000,,13.0
simu5g_00000454,3,1,3,1094.160000,,14.0
simu5g_00000454,3,1,4,1094.160000,,14.0
simu5g_00000454,3,1,5,1094.160000,,14.0
simu5g_00000454,3,1,6,1094.160000,,14.0
simu5g_00000454,3,1,7,1094.160000,,14.0
simu5g_00000454,3,1,8,595.840000,,9.0
simu5g_00000454,3,1,9,595.840000,,9.0
simu5g_00000454,3,1,10,1094.160000,,14.0
simu5g_00000454,3,1,11,934.800000,,13.0
simu5g_00000454,3,1,12,1094.160000,,14.0
simu5g_00000454,3,1,13,1094.160000,,14.0
simu5g_00000454,3,1,14,1125.200000,,15.0
simu5g_00000454,3,1,15,1094.160000,,14.0
simu5g_00000454,3,1,16,1094.160000,,14.0
simu5g_00000454,3,1,17,1094.160000,,14.0
simu5g_00000454,3,1,18,1094.160000,,14.0
simu5g_00000454,3,1,19,1094.160000,,14.0
simu5g_00000454,3,1,20,1094.160000,,14.0
simu5g_00000454,3,1,21,934.800000,,13.0
simu5g_00000454,3,1,22,870.240000,,12.0
simu5g_00000454,3,1,23,1094.160000,,14.0
simu5g_00000454,3,1,24,870.240000,,12.0
simu5g_00000454,4,2,0,745.920000,,12.0
simu5g_00000454,4,2,1,443.520000,,8.0
simu5g_00000454,4,2,2,708.480000,,13.0
simu5g_00000454,4,2,3,188.160000,,4.0
simu5g_00000454,4,2,4,678.720000,,11.0
simu5g_00000454,4,2,5,708.480000,,13.0
simu5g_00000454,4,2,6,708.480000,,13.0
simu5g_00000454,4,2,7,309.120000,,6.0
simu5g_00000454,4,2,8,443.520000,,8.0
simu5g_00000454,4,2,9,678.720000,,11.0
simu5g_00000454,4,2,10,678.720000,,11.0
simu5g_00000454,4,2,11,745.920000,,12.0
simu5g_00000454,4,2,12,708.480000,,13.0
simu5g_00000454,4,2,13,678.720000,,11.0
simu5g_00000454,4,2,14,708.480000,,13.0
simu5g_00000454,4,2,15,510.720000,,9.0
simu5g_00000454,4,2,16,510.720000,,9.0
simu5g_00000454,4,2,17,591.360000,,10.0
simu5g_00000454,4,2,18,708.480000,,13.0
simu5g_00000454,4,2,19,708.480000,,13.0
simu5g_00000454,4,2,20,678.720000,,11.0
simu5g_00000454,4,2,21,510.720000,,9.0
simu5g_00000454,4,2,22,708.480000,,13.0
simu5g_00000454,4,2,23,745.920000,,12.0
simu5g_00000454,4,2,24,510.720000,,9.0
simu5g_00000454,5,3,0,1160.0,,15.0
simu5g_00000454,5,3,1,1128.0,,14.0
simu5g_00000454,5,3,2,1160.0,,15.0
simu5g_00000454,5,3,3,1128.0,,14.0
simu5g_00000454,5,3,4,1160.0,,15.0
simu5g_00000454,5,3,5,1128.0,,14.0
simu5g_00000454,5,3,6,1160.0,,15.0
simu5g_00000454,5,3,7,1128.0,,14.0
simu5g_00000454,5,3,8,1128.0,,14.0
simu5g_00000454,5,3,9,1160.0,,15.0
simu5g_00000454,5,3,10,1160.0,,15.0
simu5g_00000454,5,3,11,1160.0,,15.0
simu5g_00000454,5,3,12,1160.0,,15.0
simu5g_00000454,5,3,13,1128.0,,14.0
simu5g_00000454,5,3,14,984.0,,13.0
simu5g_00000454,5,3,15,1128.0,,14.0
simu5g_00000454,5,3,16,608.0,,9.0
simu5g_00000454,5,3,17,1160.0,,15.0
simu5g_00000454,5,3,18,1160.0,,15.0
simu5g_00000454,5,3,19,1160.0,,15.0
simu5g_00000454,5,3,20,1128.0,,14.0
simu5g_00000454,5,3,21,984.0,,13.0
simu5g_00000454,5,3,22,1160.0,,15.0
simu5g_00000454,5,3,23,1128.0,,14.0
simu5g_00000454,5,3,24,1128.0,,14.0
simu5g_00000455,0,0,0,1160.0,,15.0
simu5g_00000455,0,0,1,608.0,,9.0
simu5g_00000455,0,0,2,1160.0,,15.0
simu5g_00000455,0,0,3,984.0,,13.0
simu5g_00000455,0,0,4,1160.0,,15.0
simu5g_00000455,0,0,5,984.0,,13.0
simu5g_00000455,0,0,6,1128.0,,14.0
simu5g_00000455,0,0,7,1160.0,,15.0
simu5g_00000455,0,0,8,888.0,,12.0
simu5g_00000455,0,0,9,1128.0,,14.0
simu5g_00000455,0,0,10,1160.0,,15.0
simu5g_00000455,0,0,11,1160.0,,15.0
simu5g_00000455,0,0,12,1128.0,,14.0
simu5g_00000455,0,0,13,1128.0,,14.0
simu5g_00000455,0,0,14,1128.0,,14.0
simu5g_00000455,0,0,15,1160.0,,15.0
simu5g_00000455,0,0,16,1128.0,,14.0
simu5g_00000455,0,0,17,1160.0,,15.0
simu5g_00000455,0,0,18,1160.0,,15.0
simu5g_00000455,0,0,19,1128.0,,14.0
simu5g_00000455,0,0,20,1160.0,,15.0
simu5g_00000455,0,0,21,888.0,,12.0
simu5g_00000455,0,0,22,1160.0,,15.0
simu5g_00000455,0,0,23,1160.0,,15.0
simu5g_00000455,0,0,24,984.0,,13.0
simu5g_00000455,1,1,0,1128.0,,14.0
simu5g_00000455,1,1,1,984.0,,13.0
simu5g_00000455,1,1,2,984.0,,13.0
simu5g_00000455,1,1,3,1160.0,,15.0
simu5g_00000455,1,1,4,984.0,,13.0
simu5g_00000455,1,1,5,1128.0,,14.0
simu5g_00000455,1,1,6,1128.0,,14.0
simu5g_00000455,1,1,7,808.0,,11.0
simu5g_00000455,1,1,8,608.0,,9.0
simu5g_00000455,1,1,9,1128.0,,14.0
simu5g_00000455,1,1,10,1128.0,,14.0
simu5g_00000455,1,1,11,1128.0,,14.0
simu5g_00000455,1,1,12,984.0,,13.0
simu5g_00000455,1,1,13,1160.0,,15.0
simu5g_00000455,1,1,14,1128.0,,14.0
simu5g_00000455,1,1,15,1128.0,,14.0
simu5g_00000455,1,1,16,1128.0,,14.0
simu5g_00000455,1,1,17,984.0,,13.0
simu5g_00000455,1,1,18,1128.0,,14.0
simu5g_00000455,1,1,19,1128.0,,14.0
simu5g_00000455,1,1,20,1128.0,,14.0
simu5g_00000455,1,1,21,608.0,,9.0
simu5g_00000455,1,1,22,1128.0,,14.0
simu5g_00000455,1,1,23,984.0,,13.0
simu5g_00000455,1,1,24,1128.0,,14.0
simu5g_00000455,15,2,0,1160.0,,15.0
simu5g_00000455,15,2,1,1160.0,,15.0
simu5g_00000455,15,2,2,1160.0,,15.0
simu5g_00000455,15,2,3,1160.0,,15.0
simu5g_00000455,15,2,4,1160.0,,15.0
simu5g_00000455,15,2,5,984.0,,13.0
simu5g_00000455,15,2,6,1160.0,,15.0
simu5g_00000455,15,2,7,1160.0,,15.0
simu5g_00000455,15,2,8,1160.0,,15.0
simu5g_00000455,15,2,9,1160.0,,15.0
simu5g_00000455,15,2,10,1160.0,,15.0
simu5g_00000455,15,2,11,1160.0,,15.0
simu5g_00000455,15,2,12,1128.0,,14.0
simu5g_00000455,15,2,13,1160.0,,15.0
simu5g_00000455,15,2,14,1160.0,,15.0
simu5g_00000455,15,2,15,1160.0,,15.0
simu5g_00000455,15,2,16,1160.0,,15.0
simu5g_00000455,15,2,17,1160.0,,15.0
simu5g_00000455,15,2,18,1160.0,,15.0
simu5g_00000455,15,2,19,1160.0,,15.0
simu5g_00000455,15,2,20,1160.0,,15.0
simu5g_00000455,15,2,21,1160.0,,15.0
simu5g_00000455,15,2,22,1160.0,,15.0
simu5g_00000455,15,2,23,1160.0,,15.0
simu5g_00000455,15,2,24,1160.0,,15.0
simu5g_00000455,31,3,0,1160.0,,15.0
simu5g_00000455,31,3,1,1160.0,,15.0
simu5g_00000455,31,3,2,1160.0,,15.0
simu5g_00000455,31,3,3,1160.0,,15.0
simu5g_00000455,31,3,4,1160.0,,15.0
simu5g_00000455,31,3,5,1160.0,,15.0
simu5g_00000455,31,3,6,1160.0,,15.0
simu5g_00000455,31,3,7,1160.0,,15.0
simu5g_00000455,31,3,8,1160.0,,15.0
simu5g_00000455,31,3,9,1160.0,,15.0
simu5g_00000455,31,3,10,1160.0,,15.0
simu5g_00000455,31,3,11,1160.0,,15.0
simu5g_00000455,31,3,12,984.0,,13.0
simu5g_00000455,31,3,13,1160.0,,15.0
simu5g_00000455,31,3,14,1160.0,,15.0
simu5g_00000455,31,3,15,1160.0,,15.0
simu5g_00000455,31,3,16,1160.0,,15.0
simu5g_00000455,31,3,17,1160.0,,15.0
simu5g_00000455,31,3,18,1160.0,,15.0
simu5g_00000455,31,3,19,1160.0,,15.0
simu5g_00000455,31,3,20,1160.0,,15.0
simu5g_00000455,31,3,21,1160.0,,15.0
simu5g_00000455,31,3,22,1160.0,,15.0
simu5g_00000455,31,3,23,1160.0,,15.0
simu5g_00000455,31,3,24,1160.0,,15.0
simu5g_00000456,2,0,0,984.0,,13.0
simu5g_00000456,2,0,1,1160.0,,15.0
simu5g_00000456,2,0,2,984.0,,13.0
simu5g_00000456,2,0,3,1160.0,,15.0
simu5g_00000456,2,0,4,984.0,,13.0
simu5g_00000456,2,0,5,888.0,,12.0
simu5g_00000456,2,0,6,1128.0,,14.0
simu5g_00000456,2,0,7,608.0,,9.0
simu5g_00000456,2,0,8,1160.0,,15.0
simu5g_00000456,2,0,9,1128.0,,14.0
simu5g_00000456,2,0,10,1128.0,,14.0
simu5g_00000456,2,0,11,704.0,,10.0
simu5g_00000456,2,0,12,984.0,,13.0
simu5g_00000456,2,0,13,1128.0,,14.0
simu5g_00000456,2,0,14,1128.0,,14.0
simu5g_00000456,2,0,15,1128.0,,14.0
simu5g_00000456,2,0,16,808.0,,11.0
simu5g_00000456,2,0,17,984.0,,13.0
simu5g_00000456,2,0,18,984.0,,13.0
simu5g_00000456,2,0,19,1128.0,,14.0
simu5g_00000456,2,0,20,1128.0,,14.0
simu5g_00000456,2,0,21,984.0,,13.0
simu5g_00000456,2,0,22,888.0,,12.0
simu5g_00000456,2,0,23,1128.0,,14.0
simu5g_00000456,2,0,24,808.0,,11.0
simu5g_00000456,3,1,0,934.800000,,13.0
simu5g_00000456,3,1,1,1125.200000,,15.0
simu5g_00000456,3,1,2,934.800000,,13.0
simu5g_00000456,3,1,3,1094.160000,,14.0
simu5g_00000456,3,1,4,1094.160000,,14.0
simu5g_00000456,3,1,5,1094.160000,,14.0
simu5g_00000456,3,1,6,1094.160000,,14.0
simu5g_00000456,3,1,7,1094.160000,,14.0
simu5g_00000456,3,1,8,595.840000,,9.0
simu5g_00000456,3,1,9,595.840000,,9.0
simu5g_00000456,3,1,10,1094.160000,,14.0
simu5g_00000456,3,1,11,934.800000,,13.0
simu5g_00000456,3,1,12,1094.160000,,14.0
simu5g_00000456,3,1,13,1094.160000,,14.0
simu5g_00000456,3,1,14,1125.200000,,15.0
simu5g_00000456,3,1,15,1094.160000,,14.0
simu5g_00000456,3,1,16,1094.160000,,14.0
simu5g_00000456,3,1,17,1094.160000,,14.0
simu5g_00000456,3,1,18,1094.160000,,14.0
simu5g_00000456,3,1,19,1094.160000,,14.0
simu5g_00000456,3,1,20,1094.160000,,14.0
simu5g_00000456,3,1,21,934.800000,,13.0
simu5g_00000456,3,1,22,870.240000,,12.0
simu5g_00000456,3,1,23,1094.160000,,14.0
simu5g_00000456,3,1,24,870.240000,,12.0
simu5g_00000456,4,2,0,745.920000,,12.0
simu5g_00000456,4,2,1,510.720000,,9.0
simu5g_00000456,4,2,2,708.480000,,13.0
simu5g_00000456,4,2,3,188.160000,,4.0
simu5g_00000456,4,2,4,678.720000,,11.0
simu5g_00000456,4,2,5,708.480000,,13.0
simu5g_00000456,4,2,6,708.480000,,13.0
simu5g_00000456,4,2,7,309.120000,,6.0
simu5g_00000456,4,2,8,443.520000,,8.0
simu5g_00000456,4,2,9,678.720000,,11.0
simu5g_00000456,4,2,10,678.720000,,11.0
simu5g_00000456,4,2,11,745.920000,,12.0
simu5g_00000456,4,2,12,708.480000,,13.0
simu5g_00000456,4,2,13,678.720000,,11.0
simu5g_00000456,4,2,14,708.480000,,13.0
simu5g_00000456,4,2,15,510.720000,,9.0
simu5g_00000456,4,2,16,510.720000,,9.0
simu5g_00000456,4,2,17,591.360000,,10.0
simu5g_00000456,4,2,18,708.480000,,13.0
simu5g_00000456,4,2,19,708.480000,,13.0
simu5g_00000456,4,2,20,678.720000,,11.0
simu5g_00000456,4,2,21,510.720000,,9.0
simu5g_00000456,4,2,22,708.480000,,13.0
simu5g_00000456,4,2,23,745.920000,,12.0
simu5g_00000456,4,2,24,510.720000,,9.0
simu5g_00000456,5,3,0,1160.0,,15.0
simu5g_00000456,5,3,1,1128.0,,14.0
simu5g_00000456,5,3,2,1160.0,,15.0
simu5g_00000456,5,3,3,1128.0,,14.0
simu5g_00000456,5,3,4,1160.0,,15.0
simu5g_00000456,5,3,5,1128.0,,14.0
simu5g_00000456,5,3,6,1160.0,,15.0
simu5g_00000456,5,3,7,1128.0,,14.0
simu5g_00000456,5,3,8,1128.0,,14.0
simu5g_00000456,5,3,9,1160.0,,15.0
simu5g_00000456,5,3,10,1160.0,,15.0
simu5g_00000456,5,3,11,1160.0,,15.0
simu5g_00000456,5,3,12,1160.0,,15.0
simu5g_00000456,5,3,13,1128.0,,14.0
simu5g_00000456,5,3,14,984.0,,13.0
simu5g_00000456,5,3,15,1128.0,,14.0
simu5g_00000456,5,3,16,608.0,,9.0
simu5g_00000456,5,3,17,1160.0,,15.0
simu5g_00000456,5,3,18,1160.0,,15.0
simu5g_00000456,5,3,19,1160.0,,15.0
simu5g_00000456,5,3,20,1128.0,,14.0
simu5g_00000456,5,3,21,984.0,,13.0
simu5g_00000456,5,3,22,1160.0,,15.0
simu5g_00000456,5,3,23,1128.0,,14.0
simu5g_00000456,5,3,24,1128.0,,14.0
simu5g_00000457,0,0,0,1160.0,,15.0
simu5g_00000457,0,0,1,608.0,,9.0
simu5g_00000457,0,0,2,1160.0,,15.0
simu5g_00000457,0,0,3,984.0,,13.0
simu5g_00000457,0,0,4,1160.0,,15.0
simu5g_00000457,0,0,5,984.0,,13.0
simu5g_00000457,0,0,6,1128.0,,14.0
simu5g_00000457,0,0,7,1160.0,,15.0
simu5g_00000457,0,0,8,888.0,,12.0
simu5g_00000457,0,0,9,1128.0,,14.0
simu5g_00000457,0,0,10,1160.0,,15.0
simu5g_00000457,0,0,11,1160.0,,15.0
simu5g_00000457,0,0,12,1128.0,,14.0
simu5g_00000457,0,0,13,1128.0,,14.0
simu5g_00000457,0,0,14,1128.0,,14.0
simu5g_00000457,0,0,15,1160.0,,15.0
simu5g_00000457,0,0,16,1128.0,,14.0
simu5g_00000457,0,0,17,1160.0,,15.0
simu5g_00000457,0,0,18,1160.0,,15.0
simu5g_00000457,0,0,19,1128.0,,14.0
simu5g_00000457,0,0,20,1160.0,,15.0
simu5g_00000457,0,0,21,888.0,,12.0
simu5g_00000457,0,0,22,1160.0,,15.0
simu5g_00000457,0,0,23,1160.0,,15.0
simu5g_00000457,0,0,24,984.0,,13.0
simu5g_00000457,1,1,0,1128.0,,14.0
simu5g_00000457,1,1,1,984.0,,13.0
simu5g_00000457,1,1,2,984.0,,13.0
simu5g_00000457,1,1,3,1160.0,,15.0
simu5g_00000457,1,1,4,984.0,,13.0
simu5g_00000457,1,1,5,1128.0,,14.0
simu5g_00000457,1,1,6,1128.0,,14.0
simu5g_00000457,1,1,7,808.0,,11.0
simu5g_00000457,1,1,8,608.0,,9.0
simu5g_00000457,1,1,9,1128.0,,14.0
simu5g_00000457,1,1,10,1128.0,,14.0
simu5g_00000457,1,1,11,1128.0,,14.0
simu5g_00000457,1,1,12,1128.0,,14.0
simu5g_00000457,1,1,13,1160.0,,15.0
simu5g_00000457,1,1,14,1128.0,,14.0
simu5g_00000457,1,1,15,1128.0,,14.0
simu5g_00000457,1,1,16,1128.0,,14.0
simu5g_00000457,1,1,17,1128.0,,14.0
simu5g_00000457,1,1,18,1128.0,,14.0
simu5g_00000457,1,1,19,1128.0,,14.0
simu5g_00000457,1,1,20,1128.0,,14.0
simu5g_00000457,1,1,21,608.0,,9.0
simu5g_00000457,1,1,22,1128.0,,14.0
simu5g_00000457,1,1,23,984.0,,13.0
simu5g_00000457,1,1,24,1128.0,,14.0
simu5g_00000457,15,2,0,1160.0,,15.0
simu5g_00000457,15,2,1,1160.0,,15.0
simu5g_00000457,15,2,2,1160.0,,15.0
simu5g_00000457,15,2,3,1160.0,,15.0
simu5g_00000457,15,2,4,1160.0,,15.0
simu5g_00000457,15,2,5,984.0,,13.0
simu5g_00000457,15,2,6,1160.0,,15.0
simu5g_00000457,15,2,7,1160.0,,15.0
simu5g_00000457,15,2,8,1160.0,,15.0
simu5g_00000457,15,2,9,1160.0,,15.0
simu5g_00000457,15,2,10,1160.0,,15.0
simu5g_00000457,15,2,11,1160.0,,15.0
simu5g_00000457,15,2,12,1128.0,,14.0
simu5g_00000457,15,2,13,1160.0,,15.0
simu5g_00000457,15,2,14,1160.0,,15.0
simu5g_00000457,15,2,15,1160.0,,15.0
simu5g_00000457,15,2,16,1160.0,,15.0
simu5g_00000457,15,2,17,1160.0,,15.0
simu5g_00000457,15,2,18,1160.0,,15.0
simu5g_00000457,15,2,19,1160.0,,15.0
simu5g_00000457,15,2,20,1160.0,,15.0
simu5g_00000457,15,2,21,1160.0,,15.0
simu5g_00000457,15,2,22,1160.0,,15.0
simu5g_00000457,15,2,23,1160.0,,15.0
simu5g_00000457,15,2,24,1160.0,,15.0
simu5g_00000457,31,3,0,1160.0,,15.0
simu5g_00000457,31,3,1,1160.0,,15.0
simu5g_00000457,31,3,2,1160.0,,15.0
simu5g_00000457,31,3,3,1160.0,,15.0
simu5g_00000457,31,3,4,1160.0,,15.0
simu5g_00000457,31,3,5,1160.0,,15.0
simu5g_00000457,31,3,6,1160.0,,15.0
simu5g_00000457,31,3,7,1160.0,,15.0
simu5g_00000457,31,3,8,1160.0,,15.0
simu5g_00000457,31,3,9,1160.0,,15.0
simu5g_00000457,31,3,10,1160.0,,15.0
simu5g_00000457,31,3,11,1160.0,,15.0
simu5g_00000457,31,3,12,984.0,,13.0
simu5g_00000457,31,3,13,1160.0,,15.0
simu5g_00000457,31,3,14,1160.0,,15.0
simu5g_00000457,31,3,15,1160.0,,15.0
simu5g_00000457,31,3,16,1160.0,,15.0
simu5g_00000457,31,3,17,1160.0,,15.0
simu5g_00000457,31,3,18,1160.0,,15.0
simu5g_00000457,31,3,19,1160.0,,15.0
simu5g_00000457,31,3,20,1160.0,,15.0
simu5g_00000457,31,3,21,1160.0,,15.0
simu5g_00000457,31,3,22,1160.0,,15.0
simu5g_00000457,31,3,23,1160.0,,15.0
simu5g_00000457,31,3,24,1160.0,,15.0
simu5g_00000458,2,0,0,1160.0,,15.0
simu5g_00000458,2,0,1,1160.0,,15.0
simu5g_00000458,2,0,2,1160.0,,15.0
simu5g_00000458,2,0,3,1160.0,,15.0
simu5g_00000458,2,0,4,1160.0,,15.0
simu5g_00000458,2,0,5,1128.0,,14.0
simu5g_00000458,2,0,6,1160.0,,15.0
simu5g_00000458,2,0,7,984.0,,13.0
simu5g_00000458,2,0,8,1160.0,,15.0
simu5g_00000458,2,0,9,1160.0,,15.0
simu5g_00000458,2,0,10,1160.0,,15.0
simu5g_00000458,2,0,11,984.0,,13.0
simu5g_00000458,2,0,12,1128.0,,14.0
simu5g_00000458,2,0,13,1160.0,,15.0
simu5g_00000458,2,0,14,1160.0,,15.0
simu5g_00000458,2,0,15,1160.0,,15.0
simu5g_00000458,2,0,16,1128.0,,14.0
simu5g_00000458,2,0,17,1160.0,,15.0
simu5g_00000458,2,0,18,1160.0,,15.0
simu5g_00000458,2,0,19,1160.0,,15.0
simu5g_00000458,2,0,20,1160.0,,15.0
simu5g_00000458,2,0,21,1160.0,,15.0
simu5g_00000458,2,0,22,1128.0,,14.0
simu5g_00000458,2,0,23,1160.0,,15.0
simu5g_00000458,2,0,24,1128.0,,14.0
simu5g_00000458,3,1,0,1094.160000,,14.0
simu5g_00000458,3,1,1,1125.200000,,15.0
simu5g_00000458,3,1,2,1125.200000,,15.0
simu5g_00000458,3,1,3,1125.200000,,15.0
simu5g_00000458,3,1,4,1125.200000,,15.0
simu5g_00000458,3,1,5,1125.200000,,15.0
simu5g_00000458,3,1,6,1125.200000,,15.0
simu5g_00000458,3,1,7,1125.200000,,15.0
simu5g_00000458,3,1,8,934.800000,,13.0
simu5g_00000458,3,1,9,870.240000,,12.0
simu5g_00000458,3,1,10,1125.200000,,15.0
simu5g_00000458,3,1,11,1125.200000,,15.0
simu5g_00000458,3,1,12,1125.200000,,15.0
simu5g_00000458,3,1,13,1125.200000,,15.0
simu5g_00000458,3,1,14,1125.200000,,15.0
simu5g_00000458,3,1,15,1125.200000,,15.0
simu5g_00000458,3,1,16,1125.200000,,15.0
simu5g_00000458,3,1,17,1125.200000,,15.0
simu5g_00000458,3,1,18,1125.200000,,15.0
simu5g_00000458,3,1,19,1125.200000,,15.0
simu5g_00000458,3,1,20,1125.200000,,15.0
simu5g_00000458,3,1,21,1094.160000,,14.0
simu5g_00000458,3,1,22,1094.160000,,14.0
simu5g_00000458,3,1,23,1125.200000,,15.0
simu5g_00000458,3,1,24,1094.160000,,14.0
simu5g_00000458,4,2,0,745.920000,,12.0
simu5g_00000458,4,2,1,510.720000,,9.0
simu5g_00000458,4,2,2,708.480000,,13.0
simu5g_00000458,4,2,3,188.160000,,4.0
simu5g_00000458,4,2,4,678.720000,,11.0
simu5g_00000458,4,2,5,708.480000,,13.0
simu5g_00000458,4,2,6,708.480000,,13.0
simu5g_00000458,4,2,7,309.120000,,6.0
simu5g_00000458,4,2,8,443.520000,,8.0
simu5g_00000458,4,2,9,678.720000,,11.0
simu5g_00000458,4,2,10,678.720000,,11.0
simu5g_00000458,4,2,11,745.920000,,12.0
simu5g_00000458,4,2,12,708.480000,,13.0
simu5g_00000458,4,2,13,678.720000,,11.0
simu5g_00000458,4,2,14,708.480000,,13.0
simu5g_00000458,4,2,15,510.720000,,9.0
simu5g_00000458,4,2,16,510.720000,,9.0
simu5g_00000458,4,2,17,591.360000,,10.0
simu5g_00000458,4,2,18,708.480000,,13.0
simu5g_00000458,4,2,19,708.480000,,13.0
simu5g_00000458,4,2,20,678.720000,,11.0
simu5g_00000458,4,2,21,510.720000,,9.0
simu5g_00000458,4,2,22,708.480000,,13.0
simu5g_00000458,4,2,23,745.920000,,12.0
simu5g_00000458,4,2,24,510.720000,,9.0
simu5g_00000458,5,3,0,1160.0,,15.0
simu5g_00000458,5,3,1,1128.0,,14.0
simu5g_00000458,5,3,2,1160.0,,15.0
simu5g_00000458,5,3,3,1128.0,,14.0
simu5g_00000458,5,3,4,1160.0,,15.0
simu5g_00000458,5,3,5,1128.0,,14.0
simu5g_00000458,5,3,6,1160.0,,15.0
simu5g_00000458,5,3,7,1128.0,,14.0
simu5g_00000458,5,3,8,1128.0,,14.0
simu5g_00000458,5,3,9,1160.0,,15.0
simu5g_00000458,5,3,10,1160.0,,15.0
simu5g_00000458,5,3,11,1160.0,,15.0
simu5g_00000458,5,3,12,1160.0,,15.0
simu5g_00000458,5,3,13,1128.0,,14.0
simu5g_00000458,5,3,14,984.0,,13.0
simu5g_00000458,5,3,15,1128.0,,14.0
simu5g_00000458,5,3,16,608.0,,9.0
simu5g_00000458,5,3,17,1160.0,,15.0
simu5g_00000458,5,3,18,1160.0,,15.0
simu5g_00000458,5,3,19,1160.0,,15.0
simu5g_00000458,5,3,20,1128.0,,14.0
simu5g_00000458,5,3,21,984.0,,13.0
simu5g_00000458,5,3,22,1160.0,,15.0
simu5g_00000458,5,3,23,1128.0,,14.0
simu5g_00000458,5,3,24,1128.0,,14.0
simu5g_00000459,0,0,0,1160.0,,15.0
simu5g_00000459,0,0,1,608.0,,9.0
simu5g_00000459,0,0,2,1160.0,,15.0
simu5g_00000459,0,0,3,984.0,,13.0
simu5g_00000459,0,0,4,1160.0,,15.0
simu5g_00000459,0,0,5,984.0,,13.0
simu5g_00000459,0,0,6,1128.0,,14.0
simu5g_00000459,0,0,7,1160.0,,15.0
simu5g_00000459,0,0,8,888.0,,12.0
simu5g_00000459,0,0,9,1128.0,,14.0
simu5g_00000459,0,0,10,1160.0,,15.0
simu5g_00000459,0,0,11,1160.0,,15.0
simu5g_00000459,0,0,12,1128.0,,14.0
simu5g_00000459,0,0,13,1128.0,,14.0
simu5g_00000459,0,0,14,1128.0,,14.0
simu5g_00000459,0,0,15,1160.0,,15.0
simu5g_00000459,0,0,16,1128.0,,14.0
simu5g_00000459,0,0,17,1160.0,,15.0
simu5g_00000459,0,0,18,1160.0,,15.0
simu5g_00000459,0,0,19,1128.0,,14.0
simu5g_00000459,0,0,20,1160.0,,15.0
simu5g_00000459,0,0,21,888.0,,12.0
simu5g_00000459,0,0,22,1160.0,,15.0
simu5g_00000459,0,0,23,1160.0,,15.0
simu5g_00000459,0,0,24,984.0,,13.0
simu5g_00000459,1,1,0,1128.0,,14.0
simu5g_00000459,1,1,1,984.0,,13.0
simu5g_00000459,1,1,2,984.0,,13.0
simu5g_00000459,1,1,3,1160.0,,15.0
simu5g_00000459,1,1,4,984.0,,13.0
simu5g_00000459,1,1,5,1128.0,,14.0
simu5g_00000459,1,1,6,1128.0,,14.0
simu5g_00000459,1,1,7,808.0,,11.0
simu5g_00000459,1,1,8,608.0,,9.0
simu5g_00000459,1,1,9,1128.0,,14.0
simu5g_00000459,1,1,10,1128.0,,14.0
simu5g_00000459,1,1,11,1128.0,,14.0
simu5g_00000459,1,1,12,1128.0,,14.0
simu5g_00000459,1,1,13,1160.0,,15.0
simu5g_00000459,1,1,14,1128.0,,14.0
simu5g_00000459,1,1,15,1128.0,,14.0
simu5g_00000459,1,1,16,1128.0,,14.0
simu5g_00000459,1,1,17,1128.0,,14.0
simu5g_00000459,1,1,18,1128.0,,14.0
simu5g_00000459,1,1,19,1128.0,,14.0
simu5g_00000459,1,1,20,1160.0,,15.0
simu5g_00000459,1,1,21,608.0,,9.0
simu5g_00000459,1,1,22,1128.0,,14.0
simu5g_00000459,1,1,23,984.0,,13.0
simu5g_00000459,1,1,24,1128.0,,14.0
simu5g_00000459,15,2,0,1160.0,,15.0
simu5g_00000459,15,2,1,1160.0,,15.0
simu5g_00000459,15,2,2,1160.0,,15.0
simu5g_00000459,15,2,3,1160.0,,15.0
simu5g_00000459,15,2,4,1160.0,,15.0
simu5g_00000459,15,2,5,984.0,,13.0
simu5g_00000459,15,2,6,1160.0,,15.0
simu5g_00000459,15,2,7,1160.0,,15.0
simu5g_00000459,15,2,8,1160.0,,15.0
simu5g_00000459,15,2,9,1160.0,,15.0
simu5g_00000459,15,2,10,1160.0,,15.0
simu5g_00000459,15,2,11,1160.0,,15.0
simu5g_00000459,15,2,12,1128.0,,14.0
simu5g_00000459,15,2,13,1160.0,,15.0
simu5g_00000459,15,2,14,1160.0,,15.0
simu5g_00000459,15,2,15,1160.0,,15.0
simu5g_00000459,15,2,16,1160.0,,15.0
simu5g_00000459,15,2,17,1160.0,,15.0
simu5g_00000459,15,2,18,1160.0,,15.0
simu5g_00000459,15,2,19,1160.0,,15.0
simu5g_00000459,15,2,20,1160.0,,15.0
simu5g_00000459,15,2,21,1160.0,,15.0
simu5g_00000459,15,2,22,1160.0,,15.0
simu5g_00000459,15,2,23,1160.0,,15.0
simu5g_00000459,15,2,24,1160.0,,15.0
simu5g_00000459,31,3,0,1160.0,,15.0
simu5g_00000459,31,3,1,1160.0,,15.0
simu5g_00000459,31,3,2,1160.0,,15.0
simu5g_00000459,31,3,3,1160.0,,15.0
simu5g_00000459,31,3,4,1160.0,,15.0
simu5g_00000459,31,3,5,1160.0,,15.0
simu5g_00000459,31,3,6,1160.0,,15.0
simu5g_00000459,31,3,7,1160.0,,15.0
simu5g_00000459,31,3,8,1160.0,,15.0
simu5g_00000459,31,3,9,1160.0,,15.0
simu5g_00000459,31,3,10,1160.0,,15.0
simu5g_00000459,31,3,11,1160.0,,15.0
simu5g_00000459,31,3,12,984.0,,13.0
simu5g_00000459,31,3,13,1160.0,,15.0
simu5g_00000459,31,3,14,1160.0,,15.0
simu5g_00000459,31,3,15,1160.0,,15.0
simu5g_00000459,31,3,16,1160.0,,15.0
simu5g_00000459,31,3,17,1160.0,,15.0
simu5g_00000459,31,3,18,1160.0,,15.0
simu5g_00000459,31,3,19,1160.0,,15.0
simu5g_00000459,31,3,20,1160.0,,15.0
simu5g_00000459,31,3,21,1160.0,,15.0
simu5g_00000459,31,3,22,1160.0,,15.0
simu5g_00000459,31,3,23,1160.0,,15.0
simu5g_00000459,31,3,24,1160.0,,15.0
simu5g_00000460,2,0,0,1160.0,,15.0
simu5g_00000460,2,0,1,1160.0,,15.0
simu5g_00000460,2,0,2,1160.0,,15.0
simu5g_00000460,2,0,3,1160.0,,15.0
simu5g_00000460,2,0,4,1160.0,,15.0
simu5g_00000460,2,0,5,1128.0,,14.0
simu5g_00000460,2,0,6,1160.0,,15.0
simu5g_00000460,2,0,7,984.0,,13.0
simu5g_00000460,2,0,8,1160.0,,15.0
simu5g_00000460,2,0,9,1160.0,,15.0
simu5g_00000460,2,0,10,1160.0,,15.0
simu5g_00000460,2,0,11,984.0,,13.0
simu5g_00000460,2,0,12,1128.0,,14.0
simu5g_00000460,2,0,13,1160.0,,15.0
simu5g_00000460,2,0,14,1160.0,,15.0
simu5g_00000460,2,0,15,1160.0,,15.0
simu5g_00000460,2,0,16,1128.0,,14.0
simu5g_00000460,2,0,17,1160.0,,15.0
simu5g_00000460,2,0,18,1160.0,,15.0
simu5g_00000460,2,0,19,1160.0,,15.0
simu5g_00000460,2,0,20,1160.0,,15.0
simu5g_00000460,2,0,21,1160.0,,15.0
simu5g_00000460,2,0,22,1128.0,,14.0
simu5g_00000460,2,0,23,1160.0,,15.0
simu5g_00000460,2,0,24,1128.0,,14.0
simu5g_00000460,3,1,0,1094.160000,,14.0
simu5g_00000460,3,1,1,1125.200000,,15.0
simu5g_00000460,3,1,2,1125.200000,,15.0
simu5g_00000460,3,1,3,1125.200000,,15.0
simu5g_00000460,3,1,4,1125.200000,,15.0
simu5g_00000460,3,1,5,1125.200000,,15.0
simu5g_00000460,3,1,6,1125.200000,,15.0
simu5g_00000460,3,1,7,1125.200000,,15.0
simu5g_00000460,3,1,8,934.800000,,13.0
simu5g_00000460,3,1,9,870.240000,,12.0
simu5g_00000460,3,1,10,1125.200000,,15.0
simu5g_00000460,3,1,11,1125.200000,,15.0
simu5g_00000460,3,1,12,1125.200000,,15.0
simu5g_00000460,3,1,13,1125.200000,,15.0
simu5g_00000460,3,1,14,1125.200000,,15.0
simu5g_00000460,3,1,15,1125.200000,,15.0
simu5g_00000460,3,1,16,1125.200000,,15.0
simu5g_00000460,3,1,17,1125.200000,,15.0
simu5g_00000460,3,1,18,1125.200000,,15.0
simu5g_00000460,3,1,19,1125.200000,,15.0
simu5g_00000460,3,1,20,1125.200000,,15.0
simu5g_00000460,3,1,21,1094.160000,,14.0
simu5g_00000460,3,1,22,1094.160000,,14.0
simu5g_00000460,3,1,23,1125.200000,,15.0
simu5g_00000460,3,1,24,1094.160000,,14.0
simu5g_00000460,4,2,0,745.920000,,12.0
simu5g_00000460,4,2,1,510.720000,,9.0
simu5g_00000460,4,2,2,708.480000,,13.0
simu5g_00000460,4,2,3,188.160000,,4.0
simu5g_00000460,4,2,4,678.720000,,11.0
simu5g_00000460,4,2,5,708.480000,,13.0
simu5g_00000460,4,2,6,708.480000,,13.0
simu5g_00000460,4,2,7,309.120000,,6.0
simu5g_00000460,4,2,8,443.520000,,8.0
simu5g_00000460,4,2,9,678.720000,,11.0
simu5g_00000460,4,2,10,678.720000,,11.0
simu5g_00000460,4,2,11,745.920000,,12.0
simu5g_00000460,4,2,12,708.480000,,13.0
simu5g_00000460,4,2,13,678.720000,,11.0
simu5g_00000460,4,2,14,708.480000,,13.0
simu5g_00000460,4,2,15,510.720000,,9.0
simu5g_00000460,4,2,16,510.720000,,9.0
simu5g_00000460,4,2,17,591.360000,,10.0
simu5g_00000460,4,2,18,708.480000,,13.0
simu5g_00000460,4,2,19,708.480000,,13.0
simu5g_00000460,4,2,20,678.720000,,11.0
simu5g_00000460,4,2,21,510.720000,,9.0
simu5g_00000460,4,2,22,708.480000,,13.0
simu5g_00000460,4,2,23,745.920000,,12.0
simu5g_00000460,4,2,24,510.720000,,9.0
simu5g_00000460,5,3,0,1160.0,,15.0
simu5g_00000460,5,3,1,1128.0,,14.0
simu5g_00000460,5,3,2,1160.0,,15.0
simu5g_00000460,5,3,3,1128.0,,14.0
simu5g_00000460,5,3,4,1160.0,,15.0
simu5g_00000460,5,3,5,1128.0,,14.0
simu5g_00000460,5,3,6,1160.0,,15.0
simu5g_00000460,5,3,7,1128.0,,14.0
simu5g_00000460,5,3,8,1128.0,,14.0
simu5g_00000460,5,3,9,1160.0,,15.0
simu5g_00000460,5,3,10,1160.0,,15.0
simu5g_00000460,5,3,11,1160.0,,15.0
simu5g_00000460,5,3,12,1160.0,,15.0
simu5g_00000460,5,3,13,1128.0,,14.0
simu5g_00000460,5,3,14,984.0,,13.0
simu5g_00000460,5,3,15,1128.0,,14.0
simu5g_00000460,5,3,16,608.0,,9.0
simu5g_00000460,5,3,17,1160.0,,15.0
simu5g_00000460,5,3,18,1160.0,,15.0
simu5g_00000460,5,3,19,1160.0,,15.0
simu5g_00000460,5,3,20,1128.0,,14.0
simu5g_00000460,5,3,21,984.0,,13.0
simu5g_00000460,5,3,22,1160.0,,15.0
simu5g_00000460,5,3,23,1128.0,,14.0
simu5g_00000460,5,3,24,1128.0,,14.0
simu5g_00000461,0,0,0,1160.0,,15.0
simu5g_00000461,0,0,1,608.0,,9.0
simu5g_00000461,0,0,2,1160.0,,15.0
simu5g_00000461,0,0,3,984.0,,13.0
simu5g_00000461,0,0,4,1160.0,,15.0
simu5g_00000461,0,0,5,984.0,,13.0
simu5g_00000461,0,0,6,1128.0,,14.0
simu5g_00000461,0,0,7,1160.0,,15.0
simu5g_00000461,0,0,8,888.0,,12.0
simu5g_00000461,0,0,9,1128.0,,14.0
simu5g_00000461,0,0,10,1160.0,,15.0
simu5g_00000461,0,0,11,1160.0,,15.0
simu5g_00000461,0,0,12,1128.0,,14.0
simu5g_00000461,0,0,13,1128.0,,14.0
simu5g_00000461,0,0,14,1128.0,,14.0
simu5g_00000461,0,0,15,1160.0,,15.0
simu5g_00000461,0,0,16,1128.0,,14.0
simu5g_00000461,0,0,17,1160.0,,15.0
simu5g_00000461,0,0,18,1160.0,,15.0
simu5g_00000461,0,0,19,1128.0,,14.0
simu5g_00000461,0,0,20,1160.0,,15.0
simu5g_00000461,0,0,21,888.0,,12.0
simu5g_00000461,0,0,22,1160.0,,15.0
simu5g_00000461,0,0,23,1160.0,,15.0
simu5g_00000461,0,0,24,984.0,,13.0
simu5g_00000461,1,1,0,1160.0,,15.0
simu5g_00000461,1,1,1,1128.0,,14.0
simu5g_00000461,1,1,2,1128.0,,14.0
simu5g_00000461,1,1,3,1160.0,,15.0
simu5g_00000461,1,1,4,1128.0,,14.0
simu5g_00000461,1,1,5,1160.0,,15.0
simu5g_00000461,1,1,6,1160.0,,15.0
simu5g_00000461,1,1,7,984.0,,13.0
simu5g_00000461,1,1,8,888.0,,12.0
simu5g_00000461,1,1,9,1160.0,,15.0
simu5g_00000461,1,1,10,1160.0,,15.0
simu5g_00000461,1,1,11,1160.0,,15.0
simu5g_00000461,1,1,12,1128.0,,14.0
simu5g_00000461,1,1,13,1160.0,,15.0
simu5g_00000461,1,1,14,1160.0,,15.0
simu5g_00000461,1,1,15,1160.0,,15.0
simu5g_00000461,1,1,16,1160.0,,15.0
simu5g_00000461,1,1,17,1128.0,,14.0
simu5g_00000461,1,1,18,1160.0,,15.0
simu5g_00000461,1,1,19,1160.0,,15.0
simu5g_00000461,1,1,20,1160.0,,15.0
simu5g_00000461,1,1,21,808.0,,11.0
simu5g_00000461,1,1,22,1160.0,,15.0
simu5g_00000461,1,1,23,1128.0,,14.0
simu5g_00000461,1,1,24,1160.0,,15.0
simu5g_00000461,15,2,0,1160.0,,15.0
simu5g_00000461,15,2,1,1160.0,,15.0
simu5g_00000461,15,2,2,1160.0,,15.0
simu5g_00000461,15,2,3,1160.0,,15.0
simu5g_00000461,15,2,4,1128.0,,14.0
simu5g_00000461,15,2,5,984.0,,13.0
simu5g_00000461,15,2,6,1160.0,,15.0
simu5g_00000461,15,2,7,1160.0,,15.0
simu5g_00000461,15,2,8,1160.0,,15.0
simu5g_00000461,15,2,9,1160.0,,15.0
simu5g_00000461,15,2,10,1160.0,,15.0
simu5g_00000461,15,2,11,1160.0,,15.0
simu5g_00000461,15,2,12,1128.0,,14.0
simu5g_00000461,15,2,13,1160.0,,15.0
simu5g_00000461,15,2,14,1160.0,,15.0
simu5g_00000461,15,2,15,1160.0,,15.0
simu5g_00000461,15,2,16,1160.0,,15.0
simu5g_00000461,15,2,17,1160.0,,15.0
simu5g_00000461,15,2,18,1160.0,,15.0
simu5g_00000461,15,2,19,1160.0,,15.0
simu5g_00000461,15,2,20,1160.0,,15.0
simu5g_00000461,15,2,21,1160.0,,15.0
simu5g_00000461,15,2,22,1160.0,,15.0
simu5g_00000461,15,2,23,1160.0,,15.0
simu5g_00000461,15,2,24,1160.0,,15.0
simu5g_00000461,31,3,0,1160.0,,15.0
simu5g_00000461,31,3,1,1160.0,,15.0
simu5g_00000461,31,3,2,1160.0,,15.0
simu5g_00000461,31,3,3,1160.0,,15.0
simu5g_00000461,31,3,4,1160.0,,15.0
simu5g_00000461,31,3,5,1160.0,,15.0
simu5g_00000461,31,3,6,1160.0,,15.0
simu5g_00000461,31,3,7,1160.0,,15.0
simu5g_00000461,31,3,8,1160.0,,15.0
simu5g_00000461,31,3,9,1160.0,,15.0
simu5g_00000461,31,3,10,1160.0,,15.0
simu5g_00000461,31,3,11,1160.0,,15.0
simu5g_00000461,31,3,12,1128.0,,14.0
simu5g_00000461,31,3,13,1160.0,,15.0
simu5g_00000461,31,3,14,1160.0,,15.0
simu5g_00000461,31,3,15,1160.0,,15.0
simu5g_00000461,31,3,16,1160.0,,15.0
simu5g_00000461,31,3,17,1160.0,,15.0
simu5g_00000461,31,3,18,1160.0,,15.0
simu5g_00000461,31,3,19,1160.0,,15.0
simu5g_00000461,31,3,20,1160.0,,15.0
simu5g_00000461,31,3,21,1160.0,,15.0
simu5g_00000461,31,3,22,1160.0,,15.0
simu5g_00000461,31,3,23,1160.0,,15.0
simu5g_00000461,31,3,24,1160.0,,15.0
simu5g_00000462,2,0,0,1160.0,,15.0
simu5g_00000462,2,0,1,1160.0,,15.0
simu5g_00000462,2,0,2,1160.0,,15.0
simu5g_00000462,2,0,3,1160.0,,15.0
simu5g_00000462,2,0,4,1160.0,,15.0
simu5g_00000462,2,0,5,1128.0,,14.0
simu5g_00000462,2,0,6,1160.0,,15.0
simu5g_00000462,2,0,7,984.0,,13.0
simu5g_00000462,2,0,8,1160.0,,15.0
simu5g_00000462,2,0,9,1160.0,,15.0
simu5g_00000462,2,0,10,1160.0,,15.0
simu5g_00000462,2,0,11,984.0,,13.0
simu5g_00000462,2,0,12,1128.0,,14.0
simu5g_00000462,2,0,13,1160.0,,15.0
simu5g_00000462,2,0,14,1160.0,,15.0
simu5g_00000462,2,0,15,1160.0,,15.0
simu5g_00000462,2,0,16,1128.0,,14.0
simu5g_00000462,2,0,17,1160.0,,15.0
simu5g_00000462,2,0,18,1160.0,,15.0
simu5g_00000462,2,0,19,1160.0,,15.0
simu5g_00000462,2,0,20,1160.0,,15.0
simu5g_00000462,2,0,21,1160.0,,15.0
simu5g_00000462,2,0,22,1128.0,,14.0
simu5g_00000462,2,0,23,1160.0,,15.0
simu5g_00000462,2,0,24,1128.0,,14.0
simu5g_00000462,3,1,0,1094.160000,,14.0
simu5g_00000462,3,1,1,1125.200000,,15.0
simu5g_00000462,3,1,2,1125.200000,,15.0
simu5g_00000462,3,1,3,1125.200000,,15.0
simu5g_00000462,3,1,4,1125.200000,,15.0
simu5g_00000462,3,1,5,1125.200000,,15.0
simu5g_00000462,3,1,6,1125.200000,,15.0
simu5g_00000462,3,1,7,1125.200000,,15.0
simu5g_00000462,3,1,8,934.800000,,13.0
simu5g_00000462,3,1,9,870.240000,,12.0
simu5g_00000462,3,1,10,1125.200000,,15.0
simu5g_00000462,3,1,11,1125.200000,,15.0
simu5g_00000462,3,1,12,1125.200000,,15.0
simu5g_00000462,3,1,13,1125.200000,,15.0
simu5g_00000462,3,1,14,1125.200000,,15.0
simu5g_00000462,3,1,15,1125.200000,,15.0
simu5g_00000462,3,1,16,1125.200000,,15.0
simu5g_00000462,3,1,17,1125.200000,,15.0
simu5g_00000462,3,1,18,1125.200000,,15.0
simu5g_00000462,3,1,19,1125.200000,,15.0
simu5g_00000462,3,1,20,1125.200000,,15.0
simu5g_00000462,3,1,21,1094.160000,,14.0
simu5g_00000462,3,1,22,1094.160000,,14.0
simu5g_00000462,3,1,23,1125.200000,,15.0
simu5g_00000462,3,1,24,1094.160000,,14.0
simu5g_00000462,4,2,0,708.480000,,13.0
simu5g_00000462,4,2,1,591.360000,,10.0
simu5g_00000462,4,2,2,857.280000,,14.0
simu5g_00000462,4,2,3,309.120000,,6.0
simu5g_00000462,4,2,4,708.480000,,13.0
simu5g_00000462,4,2,5,857.280000,,14.0
simu5g_00000462,4,2,6,708.480000,,13.0
simu5g_00000462,4,2,7,309.120000,,6.0
simu5g_00000462,4,2,8,510.720000,,9.0
simu5g_00000462,4,2,9,708.480000,,13.0
simu5g_00000462,4,2,10,745.920000,,12.0
simu5g_00000462,4,2,11,708.480000,,13.0
simu5g_00000462,4,2,12,857.280000,,14.0
simu5g_00000462,4,2,13,745.920000,,12.0
simu5g_00000462,4,2,14,857.280000,,14.0
simu5g_00000462,4,2,15,591.360000,,10.0
simu5g_00000462,4,2,16,678.720000,,11.0
simu5g_00000462,4,2,17,745.920000,,12.0
simu5g_00000462,4,2,18,857.280000,,14.0
simu5g_00000462,4,2,19,708.480000,,13.0
simu5g_00000462,4,2,20,745.920000,,12.0
simu5g_00000462,4,2,21,591.360000,,10.0
simu5g_00000462,4,2,22,857.280000,,14.0
simu5g_00000462,4,2,23,708.480000,,13.0
simu5g_00000462,4,2,24,678.720000,,11.0
simu5g_00000462,5,3,0,1160.0,,15.0
simu5g_00000462,5,3,1,1128.0,,14.0
simu5g_00000462,5,3,2,1160.0,,15.0
simu5g_00000462,5,3,3,1128.0,,14.0
simu5g_00000462,5,3,4,1160.0,,15.0
simu5g_00000462,5,3,5,1128.0,,14.0
simu5g_00000462,5,3,6,1160.0,,15.0
simu5g_00000462,5,3,7,1128.0,,14.0
simu5g_00000462,5,3,8,1128.0,,14.0
simu5g_00000462,5,3,9,1160.0,,15.0
simu5g_00000462,5,3,10,1160.0,,15.0
simu5g_00000462,5,3,11,1160.0,,15.0
simu5g_00000462,5,3,12,1160.0,,15.0
simu5g_00000462,5,3,13,1128.0,,14.0
simu5g_00000462,5,3,14,984.0,,13.0
simu5g_00000462,5,3,15,1128.0,,14.0
simu5g_00000462,5,3,16,608.0,,9.0
simu5g_00000462,5,3,17,1160.0,,15.0
simu5g_00000462,5,3,18,1160.0,,15.0
simu5g_00000462,5,3,19,1160.0,,15.0
simu5g_00000462,5,3,20,1128.0,,14.0
simu5g_00000462,5,3,21,984.0,,13.0
simu5g_00000462,5,3,22,1160.0,,15.0
simu5g_00000462,5,3,23,1128.0,,14.0
simu5g_00000462,5,3,24,1128.0,,14.0
simu5g_00000463,0,0,0,1160.0,,15.0
simu5g_00000463,0,0,1,608.0,,9.0
simu5g_00000463,0,0,2,1160.0,,15.0
simu5g_00000463,0,0,3,984.0,,13.0
simu5g_00000463,0,0,4,1160.0,,15.0
simu5g_00000463,0,0,5,984.0,,13.0
simu5g_00000463,0,0,6,1128.0,,14.0
simu5g_00000463,0,0,7,1160.0,,15.0
simu5g_00000463,0,0,8,888.0,,12.0
simu5g_00000463,0,0,9,1128.0,,14.0
simu5g_00000463,0,0,10,1160.0,,15.0
simu5g_00000463,0,0,11,1160.0,,15.0
simu5g_00000463,0,0,12,1128.0,,14.0
simu5g_00000463,0,0,13,1128.0,,14.0
simu5g_00000463,0,0,14,1128.0,,14.0
simu5g_00000463,0,0,15,1160.0,,15.0
simu5g_00000463,0,0,16,1128.0,,14.0
simu5g_00000463,0,0,17,1160.0,,15.0
simu5g_00000463,0,0,18,1160.0,,15.0
simu5g_00000463,0,0,19,1128.0,,14.0
simu5g_00000463,0,0,20,1160.0,,15.0
simu5g_00000463,0,0,21,888.0,,12.0
simu5g_00000463,0,0,22,1160.0,,15.0
simu5g_00000463,0,0,23,1160.0,,15.0
simu5g_00000463,0,0,24,984.0,,13.0
simu5g_00000463,1,1,0,1160.0,,15.0
simu5g_00000463,1,1,1,1128.0,,14.0
simu5g_00000463,1,1,2,1128.0,,14.0
simu5g_00000463,1,1,3,1160.0,,15.0
simu5g_00000463,1,1,4,1128.0,,14.0
simu5g_00000463,1,1,5,1160.0,,15.0
simu5g_00000463,1,1,6,1160.0,,15.0
simu5g_00000463,1,1,7,984.0,,13.0
simu5g_00000463,1,1,8,888.0,,12.0
simu5g_00000463,1,1,9,1160.0,,15.0
simu5g_00000463,1,1,10,1160.0,,15.0
simu5g_00000463,1,1,11,1160.0,,15.0
simu5g_00000463,1,1,12,1128.0,,14.0
simu5g_00000463,1,1,13,1160.0,,15.0
simu5g_00000463,1,1,14,1160.0,,15.0
simu5g_00000463,1,1,15,1160.0,,15.0
simu5g_00000463,1,1,16,1160.0,,15.0
simu5g_00000463,1,1,17,1128.0,,14.0
simu5g_00000463,1,1,18,1160.0,,15.0
simu5g_00000463,1,1,19,1160.0,,15.0
simu5g_00000463,1,1,20,1160.0,,15.0
simu5g_00000463,1,1,21,808.0,,11.0
simu5g_00000463,1,1,22,1160.0,,15.0
simu5g_00000463,1,1,23,1128.0,,14.0
simu5g_00000463,1,1,24,1160.0,,15.0
simu5g_00000463,15,2,0,1160.0,,15.0
simu5g_00000463,15,2,1,1160.0,,15.0
simu5g_00000463,15,2,2,1160.0,,15.0
simu5g_00000463,15,2,3,1160.0,,15.0
simu5g_00000463,15,2,4,1128.0,,14.0
simu5g_00000463,15,2,5,984.0,,13.0
simu5g_00000463,15,2,6,1160.0,,15.0
simu5g_00000463,15,2,7,1160.0,,15.0
simu5g_00000463,15,2,8,1160.0,,15.0
simu5g_00000463,15,2,9,1160.0,,15.0
simu5g_00000463,15,2,10,1160.0,,15.0
simu5g_00000463,15,2,11,1160.0,,15.0
simu5g_00000463,15,2,12,1128.0,,14.0
simu5g_00000463,15,2,13,1160.0,,15.0
simu5g_00000463,15,2,14,1160.0,,15.0
simu5g_00000463,15,2,15,1160.0,,15.0
simu5g_00000463,15,2,16,1160.0,,15.0
simu5g_00000463,15,2,17,1160.0,,15.0
simu5g_00000463,15,2,18,1160.0,,15.0
simu5g_00000463,15,2,19,1160.0,,15.0
simu5g_00000463,15,2,20,1160.0,,15.0
simu5g_00000463,15,2,21,1160.0,,15.0
simu5g_00000463,15,2,22,1160.0,,15.0
simu5g_00000463,15,2,23,1160.0,,15.0
simu5g_00000463,15,2,24,1160.0,,15.0
simu5g_00000463,31,3,0,1160.0,,15.0
simu5g_00000463,31,3,1,1160.0,,15.0
simu5g_00000463,31,3,2,1160.0,,15.0
simu5g_00000463,31,3,3,1160.0,,15.0
simu5g_00000463,31,3,4,1160.0,,15.0
simu5g_00000463,31,3,5,1160.0,,15.0
simu5g_00000463,31,3,6,1160.0,,15.0
simu5g_00000463,31,3,7,1160.0,,15.0
simu5g_00000463,31,3,8,1160.0,,15.0
simu5g_00000463,31,3,9,1160.0,,15.0
simu5g_00000463,31,3,10,1160.0,,15.0
simu5g_00000463,31,3,11,1160.0,,15.0
simu5g_00000463,31,3,12,1128.0,,14.0
simu5g_00000463,31,3,13,1160.0,,15.0
simu5g_00000463,31,3,14,1160.0,,15.0
simu5g_00000463,31,3,15,1160.0,,15.0
simu5g_00000463,31,3,16,1160.0,,15.0
simu5g_00000463,31,3,17,1160.0,,15.0
simu5g_00000463,31,3,18,1160.0,,15.0
simu5g_00000463,31,3,19,1160.0,,15.0
simu5g_00000463,31,3,20,1160.0,,15.0
simu5g_00000463,31,3,21,1160.0,,15.0
simu5g_00000463,31,3,22,1160.0,,15.0
simu5g_00000463,31,3,23,1160.0,,15.0
simu5g_00000463,31,3,24,1160.0,,15.0
simu5g_00000464,2,0,0,1160.0,,15.0
simu5g_00000464,2,0,1,1160.0,,15.0
simu5g_00000464,2,0,2,1160.0,,15.0
simu5g_00000464,2,0,3,1160.0,,15.0
simu5g_00000464,2,0,4,1160.0,,15.0
simu5g_00000464,2,0,5,1160.0,,15.0
simu5g_00000464,2,0,6,1160.0,,15.0
simu5g_00000464,2,0,7,984.0,,13.0
simu5g_00000464,2,0,8,1160.0,,15.0
simu5g_00000464,2,0,9,1160.0,,15.0
simu5g_00000464,2,0,10,1160.0,,15.0
simu5g_00000464,2,0,11,1128.0,,14.0
simu5g_00000464,2,0,12,1160.0,,15.0
simu5g_00000464,2,0,13,1160.0,,15.0
simu5g_00000464,2,0,14,1160.0,,15.0
simu5g_00000464,2,0,15,1160.0,,15.0
simu5g_00000464,2,0,16,1128.0,,14.0
simu5g_00000464,2,0,17,1160.0,,15.0
simu5g_00000464,2,0,18,1160.0,,15.0
simu5g_00000464,2,0,19,1160.0,,15.0
simu5g_00000464,2,0,20,1160.0,,15.0
simu5g_00000464,2,0,21,1160.0,,15.0
simu5g_00000464,2,0,22,1160.0,,15.0
simu5g_00000464,2,0,23,1160.0,,15.0
simu5g_00000464,2,0,24,1128.0,,14.0
simu5g_00000464,3,1,0,1094.160000,,14.0
simu5g_00000464,3,1,1,1125.200000,,15.0
simu5g_00000464,3,1,2,1125.200000,,15.0
simu5g_00000464,3,1,3,1125.200000,,15.0
simu5g_00000464,3,1,4,1125.200000,,15.0
simu5g_00000464,3,1,5,1125.200000,,15.0
simu5g_00000464,3,1,6,1125.200000,,15.0
simu5g_00000464,3,1,7,1125.200000,,15.0
simu5g_00000464,3,1,8,934.800000,,13.0
simu5g_00000464,3,1,9,870.240000,,12.0
simu5g_00000464,3,1,10,1125.200000,,15.0
simu5g_00000464,3,1,11,1125.200000,,15.0
simu5g_00000464,3,1,12,1125.200000,,15.0
simu5g_00000464,3,1,13,1125.200000,,15.0
simu5g_00000464,3,1,14,1125.200000,,15.0
simu5g_00000464,3,1,15,1125.200000,,15.0
simu5g_00000464,3,1,16,1125.200000,,15.0
simu5g_00000464,3,1,17,1125.200000,,15.0
simu5g_00000464,3,1,18,1125.200000,,15.0
simu5g_00000464,3,1,19,1125.200000,,15.0
simu5g_00000464,3,1,20,1125.200000,,15.0
simu5g_00000464,3,1,21,1094.160000,,14.0
simu5g_00000464,3,1,22,1094.160000,,14.0
simu5g_00000464,3,1,23,1125.200000,,15.0
simu5g_00000464,3,1,24,1094.160000,,14.0
simu5g_00000464,4,2,0,708.480000,,13.0
simu5g_00000464,4,2,1,591.360000,,10.0
simu5g_00000464,4,2,2,857.280000,,14.0
simu5g_00000464,4,2,3,309.120000,,6.0
simu5g_00000464,4,2,4,708.480000,,13.0
simu5g_00000464,4,2,5,857.280000,,14.0
simu5g_00000464,4,2,6,708.480000,,13.0
simu5g_00000464,4,2,7,309.120000,,6.0
simu5g_00000464,4,2,8,510.720000,,9.0
simu5g_00000464,4,2,9,708.480000,,13.0
simu5g_00000464,4,2,10,745.920000,,12.0
simu5g_00000464,4,2,11,708.480000,,13.0
simu5g_00000464,4,2,12,857.280000,,14.0
simu5g_00000464,4,2,13,745.920000,,12.0
simu5g_00000464,4,2,14,857.280000,,14.0
simu5g_00000464,4,2,15,591.360000,,10.0
simu5g_00000464,4,2,16,678.720000,,11.0
simu5g_00000464,4,2,17,745.920000,,12.0
simu5g_00000464,4,2,18,857.280000,,14.0
simu5g_00000464,4,2,19,708.480000,,13.0
simu5g_00000464,4,2,20,745.920000,,12.0
simu5g_00000464,4,2,21,591.360000,,10.0
simu5g_00000464,4,2,22,857.280000,,14.0
simu5g_00000464,4,2,23,708.480000,,13.0
simu5g_00000464,4,2,24,678.720000,,11.0
simu5g_00000464,5,3,0,1160.0,,15.0
simu5g_00000464,5,3,1,1128.0,,14.0
simu5g_00000464,5,3,2,1160.0,,15.0
simu5g_00000464,5,3,3,1128.0,,14.0
simu5g_00000464,5,3,4,1160.0,,15.0
simu5g_00000464,5,3,5,1128.0,,14.0
simu5g_00000464,5,3,6,1160.0,,15.0
simu5g_00000464,5,3,7,1128.0,,14.0
simu5g_00000464,5,3,8,1128.0,,14.0
simu5g_00000464,5,3,9,1160.0,,15.0
simu5g_00000464,5,3,10,1160.0,,15.0
simu5g_00000464,5,3,11,1160.0,,15.0
simu5g_00000464,5,3,12,1160.0,,15.0
simu5g_00000464,5,3,13,1128.0,,14.0
simu5g_00000464,5,3,14,984.0,,13.0
simu5g_00000464,5,3,15,1128.0,,14.0
simu5g_00000464,5,3,16,608.0,,9.0
simu5g_00000464,5,3,17,1160.0,,15.0
simu5g_00000464,5,3,18,1160.0,,15.0
simu5g_00000464,5,3,19,1160.0,,15.0
simu5g_00000464,5,3,20,1128.0,,14.0
simu5g_00000464,5,3,21,984.0,,13.0
simu5g_00000464,5,3,22,1160.0,,15.0
simu5g_00000464,5,3,23,1128.0,,14.0
simu5g_00000464,5,3,24,1128.0,,14.0
simu5g_00000465,0,0,0,1160.0,,15.0
simu5g_00000465,0,0,1,608.0,,9.0
simu5g_00000465,0,0,2,1160.0,,15.0
simu5g_00000465,0,0,3,984.0,,13.0
simu5g_00000465,0,0,4,1160.0,,15.0
simu5g_00000465,0,0,5,984.0,,13.0
simu5g_00000465,0,0,6,1128.0,,14.0
simu5g_00000465,0,0,7,1160.0,,15.0
simu5g_00000465,0,0,8,888.0,,12.0
simu5g_00000465,0,0,9,1128.0,,14.0
simu5g_00000465,0,0,10,1160.0,,15.0
simu5g_00000465,0,0,11,1160.0,,15.0
simu5g_00000465,0,0,12,1128.0,,14.0
simu5g_00000465,0,0,13,1128.0,,14.0
simu5g_00000465,0,0,14,1128.0,,14.0
simu5g_00000465,0,0,15,1160.0,,15.0
simu5g_00000465,0,0,16,1128.0,,14.0
simu5g_00000465,0,0,17,1160.0,,15.0
simu5g_00000465,0,0,18,1160.0,,15.0
simu5g_00000465,0,0,19,1128.0,,14.0
simu5g_00000465,0,0,20,1160.0,,15.0
simu5g_00000465,0,0,21,888.0,,12.0
simu5g_00000465,0,0,22,1160.0,,15.0
simu5g_00000465,0,0,23,1160.0,,15.0
simu5g_00000465,0,0,24,984.0,,13.0
simu5g_00000465,1,1,0,1160.0,,15.0
simu5g_00000465,1,1,1,1128.0,,14.0
simu5g_00000465,1,1,2,1128.0,,14.0
simu5g_00000465,1,1,3,1160.0,,15.0
simu5g_00000465,1,1,4,1128.0,,14.0
simu5g_00000465,1,1,5,1160.0,,15.0
simu5g_00000465,1,1,6,1160.0,,15.0
simu5g_00000465,1,1,7,984.0,,13.0
simu5g_00000465,1,1,8,888.0,,12.0
simu5g_00000465,1,1,9,1160.0,,15.0
simu5g_00000465,1,1,10,1160.0,,15.0
simu5g_00000465,1,1,11,1160.0,,15.0
simu5g_00000465,1,1,12,1128.0,,14.0
simu5g_00000465,1,1,13,1160.0,,15.0
simu5g_00000465,1,1,14,1160.0,,15.0
simu5g_00000465,1,1,15,1160.0,,15.0
simu5g_00000465,1,1,16,1160.0,,15.0
simu5g_00000465,1,1,17,1128.0,,14.0
simu5g_00000465,1,1,18,1160.0,,15.0
simu5g_00000465,1,1,19,1160.0,,15.0
simu5g_00000465,1,1,20,1160.0,,15.0
simu5g_00000465,1,1,21,808.0,,11.0
simu5g_00000465,1,1,22,1160.0,,15.0
simu5g_00000465,1,1,23,1128.0,,14.0
simu5g_00000465,1,1,24,1160.0,,15.0
simu5g_00000465,15,2,0,1160.0,,15.0
simu5g_00000465,15,2,1,1160.0,,15.0
simu5g_00000465,15,2,2,1160.0,,15.0
simu5g_00000465,15,2,3,1160.0,,15.0
simu5g_00000465,15,2,4,1128.0,,14.0
simu5g_00000465,15,2,5,984.0,,13.0
simu5g_00000465,15,2,6,1160.0,,15.0
simu5g_00000465,15,2,7,1160.0,,15.0
simu5g_00000465,15,2,8,1160.0,,15.0
simu5g_00000465,15,2,9,1160.0,,15.0
simu5g_00000465,15,2,10,1160.0,,15.0
simu5g_00000465,15,2,11,1160.0,,15.0
simu5g_00000465,15,2,12,1128.0,,14.0
simu5g_00000465,15,2,13,1160.0,,15.0
simu5g_00000465,15,2,14,1160.0,,15.0
simu5g_00000465,15,2,15,1160.0,,15.0
simu5g_00000465,15,2,16,1160.0,,15.0
simu5g_00000465,15,2,17,1160.0,,15.0
simu5g_00000465,15,2,18,1160.0,,15.0
simu5g_00000465,15,2,19,1160.0,,15.0
simu5g_00000465,15,2,20,1160.0,,15.0
simu5g_00000465,15,2,21,1160.0,,15.0
simu5g_00000465,15,2,22,1160.0,,15.0
simu5g_00000465,15,2,23,1160.0,,15.0
simu5g_00000465,15,2,24,1160.0,,15.0
simu5g_00000465,31,3,0,1160.0,,15.0
simu5g_00000465,31,3,1,1160.0,,15.0
simu5g_00000465,31,3,2,1160.0,,15.0
simu5g_00000465,31,3,3,1160.0,,15.0
simu5g_00000465,31,3,4,1160.0,,15.0
simu5g_00000465,31,3,5,1160.0,,15.0
simu5g_00000465,31,3,6,1160.0,,15.0
simu5g_00000465,31,3,7,1160.0,,15.0
simu5g_00000465,31,3,8,1160.0,,15.0
simu5g_00000465,31,3,9,1160.0,,15.0
simu5g_00000465,31,3,10,1160.0,,15.0
simu5g_00000465,31,3,11,1160.0,,15.0
simu5g_00000465,31,3,12,1128.0,,14.0
simu5g_00000465,31,3,13,1160.0,,15.0
simu5g_00000465,31,3,14,1160.0,,15.0
simu5g_00000465,31,3,15,1160.0,,15.0
simu5g_00000465,31,3,16,1160.0,,15.0
simu5g_00000465,31,3,17,1160.0,,15.0
simu5g_00000465,31,3,18,1160.0,,15.0
simu5g_00000465,31,3,19,1160.0,,15.0
simu5g_00000465,31,3,20,1160.0,,15.0
simu5g_00000465,31,3,21,1160.0,,15.0
simu5g_00000465,31,3,22,1160.0,,15.0
simu5g_00000465,31,3,23,1160.0,,15.0
simu5g_00000465,31,3,24,1160.0,,15.0
simu5g_00000466,2,0,0,1160.0,,15.0
simu5g_00000466,2,0,1,1160.0,,15.0
simu5g_00000466,2,0,2,1160.0,,15.0
simu5g_00000466,2,0,3,1160.0,,15.0
simu5g_00000466,2,0,4,1160.0,,15.0
simu5g_00000466,2,0,5,1160.0,,15.0
simu5g_00000466,2,0,6,1160.0,,15.0
simu5g_00000466,2,0,7,984.0,,13.0
simu5g_00000466,2,0,8,1160.0,,15.0
simu5g_00000466,2,0,9,1160.0,,15.0
simu5g_00000466,2,0,10,1160.0,,15.0
simu5g_00000466,2,0,11,1128.0,,14.0
simu5g_00000466,2,0,12,1160.0,,15.0
simu5g_00000466,2,0,13,1160.0,,15.0
simu5g_00000466,2,0,14,1160.0,,15.0
simu5g_00000466,2,0,15,1160.0,,15.0
simu5g_00000466,2,0,16,1128.0,,14.0
simu5g_00000466,2,0,17,1160.0,,15.0
simu5g_00000466,2,0,18,1160.0,,15.0
simu5g_00000466,2,0,19,1160.0,,15.0
simu5g_00000466,2,0,20,1160.0,,15.0
simu5g_00000466,2,0,21,1160.0,,15.0
simu5g_00000466,2,0,22,1160.0,,15.0
simu5g_00000466,2,0,23,1160.0,,15.0
simu5g_00000466,2,0,24,1128.0,,14.0
simu5g_00000466,3,1,0,934.800000,,13.0
simu5g_00000466,3,1,1,1125.200000,,15.0
simu5g_00000466,3,1,2,1094.160000,,14.0
simu5g_00000466,3,1,3,1094.160000,,14.0
simu5g_00000466,3,1,4,1125.200000,,15.0
simu5g_00000466,3,1,5,1125.200000,,15.0
simu5g_00000466,3,1,6,1125.200000,,15.0
simu5g_00000466,3,1,7,1094.160000,,14.0
simu5g_00000466,3,1,8,791.840000,,11.0
simu5g_00000466,3,1,9,689.920000,,10.0
simu5g_00000466,3,1,10,1094.160000,,14.0
simu5g_00000466,3,1,11,1094.160000,,14.0
simu5g_00000466,3,1,12,1094.160000,,14.0
simu5g_00000466,3,1,13,1125.200000,,15.0
simu5g_00000466,3,1,14,1125.200000,,15.0
simu5g_00000466,3,1,15,1094.160000,,14.0
simu5g_00000466,3,1,16,1125.200000,,15.0
simu5g_00000466,3,1,17,1094.160000,,14.0
simu5g_00000466,3,1,18,1094.160000,,14.0
simu5g_00000466,3,1,19,1094.160000,,14.0
simu5g_00000466,3,1,20,1125.200000,,15.0
simu5g_00000466,3,1,21,934.800000,,13.0
simu5g_00000466,3,1,22,934.800000,,13.0
simu5g_00000466,3,1,23,1125.200000,,15.0
simu5g_00000466,3,1,24,934.800000,,13.0
simu5g_00000466,4,2,0,708.480000,,13.0
simu5g_00000466,4,2,1,591.360000,,10.0
simu5g_00000466,4,2,2,857.280000,,14.0
simu5g_00000466,4,2,3,309.120000,,6.0
simu5g_00000466,4,2,4,708.480000,,13.0
simu5g_00000466,4,2,5,857.280000,,14.0
simu5g_00000466,4,2,6,708.480000,,13.0
simu5g_00000466,4,2,7,309.120000,,6.0
simu5g_00000466,4,2,8,510.720000,,9.0
simu5g_00000466,4,2,9,708.480000,,13.0
simu5g_00000466,4,2,10,745.920000,,12.0
simu5g_00000466,4,2,11,708.480000,,13.0
simu5g_00000466,4,2,12,857.280000,,14.0
simu5g_00000466,4,2,13,745.920000,,12.0
simu5g_00000466,4,2,14,857.280000,,14.0
simu5g_00000466,4,2,15,591.360000,,10.0
simu5g_00000466,4,2,16,678.720000,,11.0
simu5g_00000466,4,2,17,745.920000,,12.0
simu5g_00000466,4,2,18,857.280000,,14.0
simu5g_00000466,4,2,19,708.480000,,13.0
simu5g_00000466,4,2,20,745.920000,,12.0
simu5g_00000466,4,2,21,591.360000,,10.0
simu5g_00000466,4,2,22,857.280000,,14.0
simu5g_00000466,4,2,23,708.480000,,13.0
simu5g_00000466,4,2,24,678.720000,,11.0
simu5g_00000466,5,3,0,1160.0,,15.0
simu5g_00000466,5,3,1,1128.0,,14.0
simu5g_00000466,5,3,2,1160.0,,15.0
simu5g_00000466,5,3,3,1128.0,,14.0
simu5g_00000466,5,3,4,1160.0,,15.0
simu5g_00000466,5,3,5,1128.0,,14.0
simu5g_00000466,5,3,6,1160.0,,15.0
simu5g_00000466,5,3,7,1128.0,,14.0
simu5g_00000466,5,3,8,1128.0,,14.0
simu5g_00000466,5,3,9,1160.0,,15.0
simu5g_00000466,5,3,10,1160.0,,15.0
simu5g_00000466,5,3,11,1160.0,,15.0
simu5g_00000466,5,3,12,1160.0,,15.0
simu5g_00000466,5,3,13,1128.0,,14.0
simu5g_00000466,5,3,14,984.0,,13.0
simu5g_00000466,5,3,15,1128.0,,14.0
simu5g_00000466,5,3,16,608.0,,9.0
simu5g_00000466,5,3,17,1160.0,,15.0
simu5g_00000466,5,3,18,1160.0,,15.0
simu5g_00000466,5,3,19,1160.0,,15.0
simu5g_00000466,5,3,20,1128.0,,14.0
simu5g_00000466,5,3,21,984.0,,13.0
simu5g_00000466,5,3,22,1160.0,,15.0
simu5g_00000466,5,3,23,1128.0,,14.0
simu5g_00000466,5,3,24,1128.0,,14.0
simu5g_00000467,0,0,0,1160.0,,15.0
simu5g_00000467,0,0,1,608.0,,9.0
simu5g_00000467,0,0,2,1160.0,,15.0
simu5g_00000467,0,0,3,984.0,,13.0
simu5g_00000467,0,0,4,1160.0,,15.0
simu5g_00000467,0,0,5,984.0,,13.0
simu5g_00000467,0,0,6,1128.0,,14.0
simu5g_00000467,0,0,7,1160.0,,15.0
simu5g_00000467,0,0,8,888.0,,12.0
simu5g_00000467,0,0,9,1128.0,,14.0
simu5g_00000467,0,0,10,1160.0,,15.0
simu5g_00000467,0,0,11,1160.0,,15.0
simu5g_00000467,0,0,12,1128.0,,14.0
simu5g_00000467,0,0,13,1128.0,,14.0
simu5g_00000467,0,0,14,1128.0,,14.0
simu5g_00000467,0,0,15,1160.0,,15.0
simu5g_00000467,0,0,16,1128.0,,14.0
simu5g_00000467,0,0,17,1160.0,,15.0
simu5g_00000467,0,0,18,1160.0,,15.0
simu5g_00000467,0,0,19,1128.0,,14.0
simu5g_00000467,0,0,20,1160.0,,15.0
simu5g_00000467,0,0,21,888.0,,12.0
simu5g_00000467,0,0,22,1160.0,,15.0
simu5g_00000467,0,0,23,1160.0,,15.0
simu5g_00000467,0,0,24,984.0,,13.0
simu5g_00000467,1,1,0,1160.0,,15.0
simu5g_00000467,1,1,1,1128.0,,14.0
simu5g_00000467,1,1,2,1128.0,,14.0
simu5g_00000467,1,1,3,1160.0,,15.0
simu5g_00000467,1,1,4,1128.0,,14.0
simu5g_00000467,1,1,5,1160.0,,15.0
simu5g_00000467,1,1,6,1160.0,,15.0
simu5g_00000467,1,1,7,984.0,,13.0
simu5g_00000467,1,1,8,888.0,,12.0
simu5g_00000467,1,1,9,1160.0,,15.0
simu5g_00000467,1,1,10,1160.0,,15.0
simu5g_00000467,1,1,11,1160.0,,15.0
simu5g_00000467,1,1,12,1128.0,,14.0
simu5g_00000467,1,1,13,1160.0,,15.0
simu5g_00000467,1,1,14,1160.0,,15.0
simu5g_00000467,1,1,15,1160.0,,15.0
simu5g_00000467,1,1,16,1160.0,,15.0
simu5g_00000467,1,1,17,1128.0,,14.0
simu5g_00000467,1,1,18,1160.0,,15.0
simu5g_00000467,1,1,19,1160.0,,15.0
simu5g_00000467,1,1,20,1160.0,,15.0
simu5g_00000467,1,1,21,808.0,,11.0
simu5g_00000467,1,1,22,1160.0,,15.0
simu5g_00000467,1,1,23,1128.0,,14.0
simu5g_00000467,1,1,24,1160.0,,15.0
simu5g_00000467,15,2,0,1160.0,,15.0
simu5g_00000467,15,2,1,1160.0,,15.0
simu5g_00000467,15,2,2,1160.0,,15.0
simu5g_00000467,15,2,3,1160.0,,15.0
simu5g_00000467,15,2,4,1128.0,,14.0
simu5g_00000467,15,2,5,984.0,,13.0
simu5g_00000467,15,2,6,1160.0,,15.0
simu5g_00000467,15,2,7,1160.0,,15.0
simu5g_00000467,15,2,8,1160.0,,15.0
simu5g_00000467,15,2,9,1160.0,,15.0
simu5g_00000467,15,2,10,1160.0,,15.0
simu5g_00000467,15,2,11,1160.0,,15.0
simu5g_00000467,15,2,12,1128.0,,14.0
simu5g_00000467,15,2,13,1160.0,,15.0
simu5g_00000467,15,2,14,1160.0,,15.0
simu5g_00000467,15,2,15,1160.0,,15.0
simu5g_00000467,15,2,16,1160.0,,15.0
simu5g_00000467,15,2,17,1160.0,,15.0
simu5g_00000467,15,2,18,1160.0,,15.0
simu5g_00000467,15,2,19,1160.0,,15.0
simu5g_00000467,15,2,20,1160.0,,15.0
simu5g_00000467,15,2,21,1160.0,,15.0
simu5g_00000467,15,2,22,1160.0,,15.0
simu5g_00000467,15,2,23,1160.0,,15.0
simu5g_00000467,15,2,24,1160.0,,15.0
simu5g_00000467,31,3,0,1160.0,,15.0
simu5g_00000467,31,3,1,1160.0,,15.0
simu5g_00000467,31,3,2,1160.0,,15.0
simu5g_00000467,31,3,3,1160.0,,15.0
simu5g_00000467,31,3,4,1160.0,,15.0
simu5g_00000467,31,3,5,1160.0,,15.0
simu5g_00000467,31,3,6,1160.0,,15.0
simu5g_00000467,31,3,7,1160.0,,15.0
simu5g_00000467,31,3,8,1160.0,,15.0
simu5g_00000467,31,3,9,1160.0,,15.0
simu5g_00000467,31,3,10,1160.0,,15.0
simu5g_00000467,31,3,11,1160.0,,15.0
simu5g_00000467,31,3,12,984.0,,13.0
simu5g_00000467,31,3,13,1160.0,,15.0
simu5g_00000467,31,3,14,1160.0,,15.0
simu5g_00000467,31,3,15,1160.0,,15.0
simu5g_00000467,31,3,16,1160.0,,15.0
simu5g_00000467,31,3,17,1160.0,,15.0
simu5g_00000467,31,3,18,1160.0,,15.0
simu5g_00000467,31,3,19,1160.0,,15.0
simu5g_00000467,31,3,20,1160.0,,15.0
simu5g_00000467,31,3,21,1160.0,,15.0
simu5g_00000467,31,3,22,1160.0,,15.0
simu5g_00000467,31,3,23,1160.0,,15.0
simu5g_00000467,31,3,24,1160.0,,15.0
simu5g_00000468,2,0,0,1160.0,,15.0
simu5g_00000468,2,0,1,1160.0,,15.0
simu5g_00000468,2,0,2,1160.0,,15.0
simu5g_00000468,2,0,3,1160.0,,15.0
simu5g_00000468,2,0,4,1160.0,,15.0
simu5g_00000468,2,0,5,1160.0,,15.0
simu5g_00000468,2,0,6,1160.0,,15.0
simu5g_00000468,2,0,7,984.0,,13.0
simu5g_00000468,2,0,8,1160.0,,15.0
simu5g_00000468,2,0,9,1160.0,,15.0
simu5g_00000468,2,0,10,1160.0,,15.0
simu5g_00000468,2,0,11,1128.0,,14.0
simu5g_00000468,2,0,12,1160.0,,15.0
simu5g_00000468,2,0,13,1160.0,,15.0
simu5g_00000468,2,0,14,1160.0,,15.0
simu5g_00000468,2,0,15,1160.0,,15.0
simu5g_00000468,2,0,16,1128.0,,14.0
simu5g_00000468,2,0,17,1160.0,,15.0
simu5g_00000468,2,0,18,1160.0,,15.0
simu5g_00000468,2,0,19,1160.0,,15.0
simu5g_00000468,2,0,20,1160.0,,15.0
simu5g_00000468,2,0,21,1160.0,,15.0
simu5g_00000468,2,0,22,1160.0,,15.0
simu5g_00000468,2,0,23,1160.0,,15.0
simu5g_00000468,2,0,24,1128.0,,14.0
simu5g_00000468,3,1,0,934.800000,,13.0
simu5g_00000468,3,1,1,1125.200000,,15.0
simu5g_00000468,3,1,2,1094.160000,,14.0
simu5g_00000468,3,1,3,1094.160000,,14.0
simu5g_00000468,3,1,4,1125.200000,,15.0
simu5g_00000468,3,1,5,1125.200000,,15.0
simu5g_00000468,3,1,6,1125.200000,,15.0
simu5g_00000468,3,1,7,1094.160000,,14.0
simu5g_00000468,3,1,8,791.840000,,11.0
simu5g_00000468,3,1,9,689.920000,,10.0
simu5g_00000468,3,1,10,1094.160000,,14.0
simu5g_00000468,3,1,11,1094.160000,,14.0
simu5g_00000468,3,1,12,1094.160000,,14.0
simu5g_00000468,3,1,13,1125.200000,,15.0
simu5g_00000468,3,1,14,1125.200000,,15.0
simu5g_00000468,3,1,15,1094.160000,,14.0
simu5g_00000468,3,1,16,1125.200000,,15.0
simu5g_00000468,3,1,17,1094.160000,,14.0
simu5g_00000468,3,1,18,1094.160000,,14.0
simu5g_00000468,3,1,19,1094.160000,,14.0
simu5g_00000468,3,1,20,1125.200000,,15.0
simu5g_00000468,3,1,21,934.800000,,13.0
simu5g_00000468,3,1,22,934.800000,,13.0
simu5g_00000468,3,1,23,1125.200000,,15.0
simu5g_00000468,3,1,24,934.800000,,13.0
simu5g_00000468,4,2,0,708.480000,,13.0
simu5g_00000468,4,2,1,591.360000,,10.0
simu5g_00000468,4,2,2,857.280000,,14.0
simu5g_00000468,4,2,3,309.120000,,6.0
simu5g_00000468,4,2,4,708.480000,,13.0
simu5g_00000468,4,2,5,857.280000,,14.0
simu5g_00000468,4,2,6,857.280000,,14.0
simu5g_00000468,4,2,7,309.120000,,6.0
simu5g_00000468,4,2,8,510.720000,,9.0
simu5g_00000468,4,2,9,708.480000,,13.0
simu5g_00000468,4,2,10,745.920000,,12.0
simu5g_00000468,4,2,11,708.480000,,13.0
simu5g_00000468,4,2,12,857.280000,,14.0
simu5g_00000468,4,2,13,745.920000,,12.0
simu5g_00000468,4,2,14,857.280000,,14.0
simu5g_00000468,4,2,15,591.360000,,10.0
simu5g_00000468,4,2,16,678.720000,,11.0
simu5g_00000468,4,2,17,745.920000,,12.0
simu5g_00000468,4,2,18,857.280000,,14.0
simu5g_00000468,4,2,19,708.480000,,13.0
simu5g_00000468,4,2,20,745.920000,,12.0
simu5g_00000468,4,2,21,591.360000,,10.0
simu5g_00000468,4,2,22,857.280000,,14.0
simu5g_00000468,4,2,23,708.480000,,13.0
simu5g_00000468,4,2,24,678.720000,,11.0
simu5g_00000468,5,3,0,1160.0,,15.0
simu5g_00000468,5,3,1,1128.0,,14.0
simu5g_00000468,5,3,2,1160.0,,15.0
simu5g_00000468,5,3,3,1128.0,,14.0
simu5g_00000468,5,3,4,1160.0,,15.0
simu5g_00000468,5,3,5,1128.0,,14.0
simu5g_00000468,5,3,6,1160.0,,15.0
simu5g_00000468,5,3,7,1128.0,,14.0
simu5g_00000468,5,3,8,1128.0,,14.0
simu5g_00000468,5,3,9,1160.0,,15.0
simu5g_00000468,5,3,10,1160.0,,15.0
simu5g_00000468,5,3,11,1160.0,,15.0
simu5g_00000468,5,3,12,1160.0,,15.0
simu5g_00000468,5,3,13,1128.0,,14.0
simu5g_00000468,5,3,14,984.0,,13.0
simu5g_00000468,5,3,15,1128.0,,14.0
simu5g_00000468,5,3,16,608.0,,9.0
simu5g_00000468,5,3,17,1160.0,,15.0
simu5g_00000468,5,3,18,1160.0,,15.0
simu5g_00000468,5,3,19,1160.0,,15.0
simu5g_00000468,5,3,20,1128.0,,14.0
simu5g_00000468,5,3,21,984.0,,13.0
simu5g_00000468,5,3,22,1160.0,,15.0
simu5g_00000468,5,3,23,1128.0,,14.0
simu5g_00000468,5,3,24,1128.0,,14.0
simu5g_00000469,0,0,0,1160.0,,15.0
simu5g_00000469,0,0,1,608.0,,9.0
simu5g_00000469,0,0,2,1160.0,,15.0
simu5g_00000469,0,0,3,984.0,,13.0
simu5g_00000469,0,0,4,1160.0,,15.0
simu5g_00000469,0,0,5,984.0,,13.0
simu5g_00000469,0,0,6,1128.0,,14.0
simu5g_00000469,0,0,7,1160.0,,15.0
simu5g_00000469,0,0,8,888.0,,12.0
simu5g_00000469,0,0,9,1128.0,,14.0
simu5g_00000469,0,0,10,1160.0,,15.0
simu5g_00000469,0,0,11,1160.0,,15.0
simu5g_00000469,0,0,12,1128.0,,14.0
simu5g_00000469,0,0,13,1128.0,,14.0
simu5g_00000469,0,0,14,1128.0,,14.0
simu5g_00000469,0,0,15,1160.0,,15.0
simu5g_00000469,0,0,16,1128.0,,14.0
simu5g_00000469,0,0,17,1160.0,,15.0
simu5g_00000469,0,0,18,1160.0,,15.0
simu5g_00000469,0,0,19,1128.0,,14.0
simu5g_00000469,0,0,20,1160.0,,15.0
simu5g_00000469,0,0,21,888.0,,12.0
simu5g_00000469,0,0,22,1160.0,,15.0
simu5g_00000469,0,0,23,1160.0,,15.0
simu5g_00000469,0,0,24,984.0,,13.0
simu5g_00000469,1,1,0,1128.0,,14.0
simu5g_00000469,1,1,1,888.0,,12.0
simu5g_00000469,1,1,2,888.0,,12.0
simu5g_00000469,1,1,3,1128.0,,14.0
simu5g_00000469,1,1,4,888.0,,12.0
simu5g_00000469,1,1,5,1128.0,,14.0
simu5g_00000469,1,1,6,984.0,,13.0
simu5g_00000469,1,1,7,608.0,,9.0
simu5g_00000469,1,1,8,528.0,,8.0
simu5g_00000469,1,1,9,984.0,,13.0
simu5g_00000469,1,1,10,984.0,,13.0
simu5g_00000469,1,1,11,984.0,,13.0
simu5g_00000469,1,1,12,984.0,,13.0
simu5g_00000469,1,1,13,1128.0,,14.0
simu5g_00000469,1,1,14,1128.0,,14.0
simu5g_00000469,1,1,15,1128.0,,14.0
simu5g_00000469,1,1,16,984.0,,13.0
simu5g_00000469,1,1,17,984.0,,13.0
simu5g_00000469,1,1,18,984.0,,13.0
simu5g_00000469,1,1,19,984.0,,13.0
simu5g_00000469,1,1,20,1128.0,,14.0
simu5g_00000469,1,1,21,432.0,,7.0
simu5g_00000469,1,1,22,1128.0,,14.0
simu5g_00000469,1,1,23,808.0,,11.0
simu5g_00000469,1,1,24,984.0,,13.0
simu5g_00000469,15,2,0,1160.0,,15.0
simu5g_00000469,15,2,1,1160.0,,15.0
simu5g_00000469,15,2,2,1160.0,,15.0
simu5g_00000469,15,2,3,1160.0,,15.0
simu5g_00000469,15,2,4,1160.0,,15.0
simu5g_00000469,15,2,5,1160.0,,15.0
simu5g_00000469,15,2,6,1160.0,,15.0
simu5g_00000469,15,2,7,1160.0,,15.0
simu5g_00000469,15,2,8,1160.0,,15.0
simu5g_00000469,15,2,9,1160.0,,15.0
simu5g_00000469,15,2,10,1160.0,,15.0
simu5g_00000469,15,2,11,1160.0,,15.0
simu5g_00000469,15,2,12,1160.0,,15.0
simu5g_00000469,15,2,13,1160.0,,15.0
simu5g_00000469,15,2,14,1160.0,,15.0
simu5g_00000469,15,2,15,1160.0,,15.0
simu5g_00000469,15,2,16,1160.0,,15.0
simu5g_00000469,15,2,17,1160.0,,15.0
simu5g_00000469,15,2,18,1160.0,,15.0
simu5g_00000469,15,2,19,1160.0,,15.0
simu5g_00000469,15,2,20,1160.0,,15.0
simu5g_00000469,15,2,21,1160.0,,15.0
simu5g_00000469,15,2,22,1160.0,,15.0
simu5g_00000469,15,2,23,1160.0,,15.0
simu5g_00000469,15,2,24,1160.0,,15.0
simu5g_00000469,31,3,0,1160.0,,15.0
simu5g_00000469,31,3,1,1160.0,,15.0
simu5g_00000469,31,3,2,1160.0,,15.0
simu5g_00000469,31,3,3,1160.0,,15.0
simu5g_00000469,31,3,4,1160.0,,15.0
simu5g_00000469,31,3,5,1160.0,,15.0
simu5g_00000469,31,3,6,1160.0,,15.0
simu5g_00000469,31,3,7,1160.0,,15.0
simu5g_00000469,31,3,8,1160.0,,15.0
simu5g_00000469,31,3,9,1160.0,,15.0
simu5g_00000469,31,3,10,1160.0,,15.0
simu5g_00000469,31,3,11,1160.0,,15.0
simu5g_00000469,31,3,12,984.0,,13.0
simu5g_00000469,31,3,13,1160.0,,15.0
simu5g_00000469,31,3,14,1160.0,,15.0
simu5g_00000469,31,3,15,1160.0,,15.0
simu5g_00000469,31,3,16,1160.0,,15.0
simu5g_00000469,31,3,17,1160.0,,15.0
simu5g_00000469,31,3,18,1160.0,,15.0
simu5g_00000469,31,3,19,1160.0,,15.0
simu5g_00000469,31,3,20,1160.0,,15.0
simu5g_00000469,31,3,21,1160.0,,15.0
simu5g_00000469,31,3,22,1160.0,,15.0
simu5g_00000469,31,3,23,1160.0,,15.0
simu5g_00000469,31,3,24,1160.0,,15.0
simu5g_00000470,2,0,0,1160.0,,15.0
simu5g_00000470,2,0,1,1160.0,,15.0
simu5g_00000470,2,0,2,1160.0,,15.0
simu5g_00000470,2,0,3,1160.0,,15.0
simu5g_00000470,2,0,4,1160.0,,15.0
simu5g_00000470,2,0,5,1128.0,,14.0
simu5g_00000470,2,0,6,1160.0,,15.0
simu5g_00000470,2,0,7,984.0,,13.0
simu5g_00000470,2,0,8,1160.0,,15.0
simu5g_00000470,2,0,9,1160.0,,15.0
simu5g_00000470,2,0,10,1160.0,,15.0
simu5g_00000470,2,0,11,1128.0,,14.0
simu5g_00000470,2,0,12,1160.0,,15.0
simu5g_00000470,2,0,13,1160.0,,15.0
simu5g_00000470,2,0,14,1160.0,,15.0
simu5g_00000470,2,0,15,1160.0,,15.0
simu5g_00000470,2,0,16,1128.0,,14.0
simu5g_00000470,2,0,17,1160.0,,15.0
simu5g_00000470,2,0,18,1160.0,,15.0
simu5g_00000470,2,0,19,1160.0,,15.0
simu5g_00000470,2,0,20,1160.0,,15.0
simu5g_00000470,2,0,21,1160.0,,15.0
simu5g_00000470,2,0,22,1128.0,,14.0
simu5g_00000470,2,0,23,1160.0,,15.0
simu5g_00000470,2,0,24,1128.0,,14.0
simu5g_00000470,3,1,0,934.800000,,13.0
simu5g_00000470,3,1,1,1125.200000,,15.0
simu5g_00000470,3,1,2,1094.160000,,14.0
simu5g_00000470,3,1,3,1094.160000,,14.0
simu5g_00000470,3,1,4,1125.200000,,15.0
simu5g_00000470,3,1,5,1125.200000,,15.0
simu5g_00000470,3,1,6,1125.200000,,15.0
simu5g_00000470,3,1,7,1094.160000,,14.0
simu5g_00000470,3,1,8,791.840000,,11.0
simu5g_00000470,3,1,9,689.920000,,10.0
simu5g_00000470,3,1,10,1094.160000,,14.0
simu5g_00000470,3,1,11,1094.160000,,14.0
simu5g_00000470,3,1,12,1094.160000,,14.0
simu5g_00000470,3,1,13,1125.200000,,15.0
simu5g_00000470,3,1,14,1125.200000,,15.0
simu5g_00000470,3,1,15,1094.160000,,14.0
simu5g_00000470,3,1,16,1125.200000,,15.0
simu5g_00000470,3,1,17,1094.160000,,14.0
simu5g_00000470,3,1,18,1094.160000,,14.0
simu5g_00000470,3,1,19,1094.160000,,14.0
simu5g_00000470,3,1,20,1125.200000,,15.0
simu5g_00000470,3,1,21,934.800000,,13.0
simu5g_00000470,3,1,22,934.800000,,13.0
simu5g_00000470,3,1,23,1125.200000,,15.0
simu5g_00000470,3,1,24,934.800000,,13.0
simu5g_00000470,4,2,0,708.480000,,13.0
simu5g_00000470,4,2,1,591.360000,,10.0
simu5g_00000470,4,2,2,857.280000,,14.0
simu5g_00000470,4,2,3,309.120000,,6.0
simu5g_00000470,4,2,4,708.480000,,13.0
simu5g_00000470,4,2,5,857.280000,,14.0
simu5g_00000470,4,2,6,857.280000,,14.0
simu5g_00000470,4,2,7,309.120000,,6.0
simu5g_00000470,4,2,8,510.720000,,9.0
simu5g_00000470,4,2,9,708.480000,,13.0
simu5g_00000470,4,2,10,745.920000,,12.0
simu5g_00000470,4,2,11,708.480000,,13.0
simu5g_00000470,4,2,12,857.280000,,14.0
simu5g_00000470,4,2,13,745.920000,,12.0
simu5g_00000470,4,2,14,857.280000,,14.0
simu5g_00000470,4,2,15,591.360000,,10.0
simu5g_00000470,4,2,16,678.720000,,11.0
simu5g_00000470,4,2,17,745.920000,,12.0
simu5g_00000470,4,2,18,857.280000,,14.0
simu5g_00000470,4,2,19,708.480000,,13.0
simu5g_00000470,4,2,20,745.920000,,12.0
simu5g_00000470,4,2,21,591.360000,,10.0
simu5g_00000470,4,2,22,857.280000,,14.0
simu5g_00000470,4,2,23,708.480000,,13.0
simu5g_00000470,4,2,24,678.720000,,11.0
simu5g_00000470,5,3,0,1160.0,,15.0
simu5g_00000470,5,3,1,1128.0,,14.0
simu5g_00000470,5,3,2,1160.0,,15.0
simu5g_00000470,5,3,3,1128.0,,14.0
simu5g_00000470,5,3,4,1160.0,,15.0
simu5g_00000470,5,3,5,1128.0,,14.0
simu5g_00000470,5,3,6,1160.0,,15.0
simu5g_00000470,5,3,7,1128.0,,14.0
simu5g_00000470,5,3,8,1160.0,,15.0
simu5g_00000470,5,3,9,1160.0,,15.0
simu5g_00000470,5,3,10,1160.0,,15.0
simu5g_00000470,5,3,11,1160.0,,15.0
simu5g_00000470,5,3,12,1160.0,,15.0
simu5g_00000470,5,3,13,1128.0,,14.0
simu5g_00000470,5,3,14,984.0,,13.0
simu5g_00000470,5,3,15,1128.0,,14.0
simu5g_00000470,5,3,16,608.0,,9.0
simu5g_00000470,5,3,17,1160.0,,15.0
simu5g_00000470,5,3,18,1160.0,,15.0
simu5g_00000470,5,3,19,1160.0,,15.0
simu5g_00000470,5,3,20,1128.0,,14.0
simu5g_00000470,5,3,21,984.0,,13.0
simu5g_00000470,5,3,22,1160.0,,15.0
simu5g_00000470,5,3,23,1128.0,,14.0
simu5g_00000470,5,3,24,1128.0,,14.0
simu5g_00000471,0,0,0,1160.0,,15.0
simu5g_00000471,0,0,1,808.0,,11.0
simu5g_00000471,0,0,2,1160.0,,15.0
simu5g_00000471,0,0,3,1128.0,,14.0
simu5g_00000471,0,0,4,1160.0,,15.0
simu5g_00000471,0,0,5,1128.0,,14.0
simu5g_00000471,0,0,6,1160.0,,15.0
simu5g_00000471,0,0,7,1160.0,,15.0
simu5g_00000471,0,0,8,984.0,,13.0
simu5g_00000471,0,0,9,1160.0,,15.0
simu5g_00000471,0,0,10,1160.0,,15.0
simu5g_00000471,0,0,11,1160.0,,15.0
simu5g_00000471,0,0,12,1160.0,,15.0
simu5g_00000471,0,0,13,1160.0,,15.0
simu5g_00000471,0,0,14,1160.0,,15.0
simu5g_00000471,0,0,15,1160.0,,15.0
simu5g_00000471,0,0,16,1160.0,,15.0
simu5g_00000471,0,0,17,1160.0,,15.0
simu5g_00000471,0,0,18,1160.0,,15.0
simu5g_00000471,0,0,19,1160.0,,15.0
simu5g_00000471,0,0,20,1160.0,,15.0
simu5g_00000471,0,0,21,1128.0,,14.0
simu5g_00000471,0,0,22,1160.0,,15.0
simu5g_00000471,0,0,23,1160.0,,15.0
simu5g_00000471,0,0,24,1128.0,,14.0
simu5g_00000471,1,1,0,1128.0,,14.0
simu5g_00000471,1,1,1,888.0,,12.0
simu5g_00000471,1,1,2,888.0,,12.0
simu5g_00000471,1,1,3,1128.0,,14.0
simu5g_00000471,1,1,4,984.0,,13.0
simu5g_00000471,1,1,5,1128.0,,14.0
simu5g_00000471,1,1,6,984.0,,13.0
simu5g_00000471,1,1,7,608.0,,9.0
simu5g_00000471,1,1,8,528.0,,8.0
simu5g_00000471,1,1,9,984.0,,13.0
simu5g_00000471,1,1,10,984.0,,13.0
simu5g_00000471,1,1,11,984.0,,13.0
simu5g_00000471,1,1,12,984.0,,13.0
simu5g_00000471,1,1,13,1128.0,,14.0
simu5g_00000471,1,1,14,1128.0,,14.0
simu5g_00000471,1,1,15,1128.0,,14.0
simu5g_00000471,1,1,16,984.0,,13.0
simu5g_00000471,1,1,17,984.0,,13.0
simu5g_00000471,1,1,18,984.0,,13.0
simu5g_00000471,1,1,19,984.0,,13.0
simu5g_00000471,1,1,20,1128.0,,14.0
simu5g_00000471,1,1,21,432.0,,7.0
simu5g_00000471,1,1,22,1128.0,,14.0
simu5g_00000471,1,1,23,808.0,,11.0
simu5g_00000471,1,1,24,984.0,,13.0
simu5g_00000471,15,2,0,1160.0,,15.0
simu5g_00000471,15,2,1,1160.0,,15.0
simu5g_00000471,15,2,2,1160.0,,15.0
simu5g_00000471,15,2,3,1160.0,,15.0
simu5g_00000471,15,2,4,1160.0,,15.0
simu5g_00000471,15,2,5,1160.0,,15.0
simu5g_00000471,15,2,6,1160.0,,15.0
simu5g_00000471,15,2,7,1160.0,,15.0
simu5g_00000471,15,2,8,1160.0,,15.0
simu5g_00000471,15,2,9,1160.0,,15.0
simu5g_00000471,15,2,10,1160.0,,15.0
simu5g_00000471,15,2,11,1160.0,,15.0
simu5g_00000471,15,2,12,1160.0,,15.0
simu5g_00000471,15,2,13,1160.0,,15.0
simu5g_00000471,15,2,14,1160.0,,15.0
simu5g_00000471,15,2,15,1160.0,,15.0
simu5g_00000471,15,2,16,1160.0,,15.0
simu5g_00000471,15,2,17,1160.0,,15.0
simu5g_00000471,15,2,18,1160.0,,15.0
simu5g_00000471,15,2,19,1160.0,,15.0
simu5g_00000471,15,2,20,1160.0,,15.0
simu5g_00000471,15,2,21,1160.0,,15.0
simu5g_00000471,15,2,22,1160.0,,15.0
simu5g_00000471,15,2,23,1160.0,,15.0
simu5g_00000471,15,2,24,1160.0,,15.0
simu5g_00000471,31,3,0,1160.0,,15.0
simu5g_00000471,31,3,1,1160.0,,15.0
simu5g_00000471,31,3,2,1160.0,,15.0
simu5g_00000471,31,3,3,1160.0,,15.0
simu5g_00000471,31,3,4,1160.0,,15.0
simu5g_00000471,31,3,5,1160.0,,15.0
simu5g_00000471,31,3,6,1160.0,,15.0
simu5g_00000471,31,3,7,1160.0,,15.0
simu5g_00000471,31,3,8,1160.0,,15.0
simu5g_00000471,31,3,9,1160.0,,15.0
simu5g_00000471,31,3,10,1160.0,,15.0
simu5g_00000471,31,3,11,1160.0,,15.0
simu5g_00000471,31,3,12,984.0,,13.0
simu5g_00000471,31,3,13,1160.0,,15.0
simu5g_00000471,31,3,14,1160.0,,15.0
simu5g_00000471,31,3,15,1160.0,,15.0
simu5g_00000471,31,3,16,1160.0,,15.0
simu5g_00000471,31,3,17,1160.0,,15.0
simu5g_00000471,31,3,18,1160.0,,15.0
simu5g_00000471,31,3,19,1160.0,,15.0
simu5g_00000471,31,3,20,1160.0,,15.0
simu5g_00000471,31,3,21,1160.0,,15.0
simu5g_00000471,31,3,22,1160.0,,15.0
simu5g_00000471,31,3,23,1160.0,,15.0
simu5g_00000471,31,3,24,1160.0,,15.0
simu5g_00000472,2,0,0,1160.0,,15.0
simu5g_00000472,2,0,1,1160.0,,15.0
simu5g_00000472,2,0,2,1160.0,,15.0
simu5g_00000472,2,0,3,1160.0,,15.0
simu5g_00000472,2,0,4,1160.0,,15.0
simu5g_00000472,2,0,5,1128.0,,14.0
simu5g_00000472,2,0,6,1160.0,,15.0
simu5g_00000472,2,0,7,984.0,,13.0
simu5g_00000472,2,0,8,1160.0,,15.0
simu5g_00000472,2,0,9,1160.0,,15.0
simu5g_00000472,2,0,10,1160.0,,15.0
simu5g_00000472,2,0,11,1128.0,,14.0
simu5g_00000472,2,0,12,1160.0,,15.0
simu5g_00000472,2,0,13,1160.0,,15.0
simu5g_00000472,2,0,14,1160.0,,15.0
simu5g_00000472,2,0,15,1160.0,,15.0
simu5g_00000472,2,0,16,1128.0,,14.0
simu5g_00000472,2,0,17,1160.0,,15.0
simu5g_00000472,2,0,18,1160.0,,15.0
simu5g_00000472,2,0,19,1160.0,,15.0
simu5g_00000472,2,0,20,1160.0,,15.0
simu5g_00000472,2,0,21,1160.0,,15.0
simu5g_00000472,2,0,22,1128.0,,14.0
simu5g_00000472,2,0,23,1160.0,,15.0
simu5g_00000472,2,0,24,1128.0,,14.0
simu5g_00000472,3,1,0,934.800000,,13.0
simu5g_00000472,3,1,1,1125.200000,,15.0
simu5g_00000472,3,1,2,1094.160000,,14.0
simu5g_00000472,3,1,3,1094.160000,,14.0
simu5g_00000472,3,1,4,1125.200000,,15.0
simu5g_00000472,3,1,5,1125.200000,,15.0
simu5g_00000472,3,1,6,1125.200000,,15.0
simu5g_00000472,3,1,7,1094.160000,,14.0
simu5g_00000472,3,1,8,791.840000,,11.0
simu5g_00000472,3,1,9,689.920000,,10.0
simu5g_00000472,3,1,10,1094.160000,,14.0
simu5g_00000472,3,1,11,1094.160000,,14.0
simu5g_00000472,3,1,12,1094.160000,,14.0
simu5g_00000472,3,1,13,1125.200000,,15.0
simu5g_00000472,3,1,14,1125.200000,,15.0
simu5g_00000472,3,1,15,1094.160000,,14.0
simu5g_00000472,3,1,16,1125.200000,,15.0
simu5g_00000472,3,1,17,1094.160000,,14.0
simu5g_00000472,3,1,18,1094.160000,,14.0
simu5g_00000472,3,1,19,1094.160000,,14.0
simu5g_00000472,3,1,20,1125.200000,,15.0
simu5g_00000472,3,1,21,934.800000,,13.0
simu5g_00000472,3,1,22,934.800000,,13.0
simu5g_00000472,3,1,23,1125.200000,,15.0
simu5g_00000472,3,1,24,934.800000,,13.0
simu5g_00000472,4,2,0,708.480000,,13.0
simu5g_00000472,4,2,1,591.360000,,10.0
simu5g_00000472,4,2,2,857.280000,,14.0
simu5g_00000472,4,2,3,309.120000,,6.0
simu5g_00000472,4,2,4,708.480000,,13.0
simu5g_00000472,4,2,5,857.280000,,14.0
simu5g_00000472,4,2,6,857.280000,,14.0
simu5g_00000472,4,2,7,309.120000,,6.0
simu5g_00000472,4,2,8,510.720000,,9.0
simu5g_00000472,4,2,9,708.480000,,13.0
simu5g_00000472,4,2,10,745.920000,,12.0
simu5g_00000472,4,2,11,708.480000,,13.0
simu5g_00000472,4,2,12,857.280000,,14.0
simu5g_00000472,4,2,13,745.920000,,12.0
simu5g_00000472,4,2,14,857.280000,,14.0
simu5g_00000472,4,2,15,591.360000,,10.0
simu5g_00000472,4,2,16,678.720000,,11.0
simu5g_00000472,4,2,17,745.920000,,12.0
simu5g_00000472,4,2,18,857.280000,,14.0
simu5g_00000472,4,2,19,708.480000,,13.0
simu5g_00000472,4,2,20,745.920000,,12.0
simu5g_00000472,4,2,21,591.360000,,10.0
simu5g_00000472,4,2,22,857.280000,,14.0
simu5g_00000472,4,2,23,708.480000,,13.0
simu5g_00000472,4,2,24,678.720000,,11.0
simu5g_00000472,5,3,0,1160.0,,15.0
simu5g_00000472,5,3,1,1128.0,,14.0
simu5g_00000472,5,3,2,1160.0,,15.0
simu5g_00000472,5,3,3,1128.0,,14.0
simu5g_00000472,5,3,4,1160.0,,15.0
simu5g_00000472,5,3,5,1128.0,,14.0
simu5g_00000472,5,3,6,1160.0,,15.0
simu5g_00000472,5,3,7,1128.0,,14.0
simu5g_00000472,5,3,8,1160.0,,15.0
simu5g_00000472,5,3,9,1160.0,,15.0
simu5g_00000472,5,3,10,1160.0,,15.0
simu5g_00000472,5,3,11,1160.0,,15.0
simu5g_00000472,5,3,12,1160.0,,15.0
simu5g_00000472,5,3,13,1128.0,,14.0
simu5g_00000472,5,3,14,984.0,,13.0
simu5g_00000472,5,3,15,1128.0,,14.0
simu5g_00000472,5,3,16,608.0,,9.0
simu5g_00000472,5,3,17,1160.0,,15.0
simu5g_00000472,5,3,18,1160.0,,15.0
simu5g_00000472,5,3,19,1160.0,,15.0
simu5g_00000472,5,3,20,1128.0,,14.0
simu5g_00000472,5,3,21,984.0,,13.0
simu5g_00000472,5,3,22,1160.0,,15.0
simu5g_00000472,5,3,23,1128.0,,14.0
simu5g_00000472,5,3,24,1128.0,,14.0
simu5g_00000473,0,0,0,1160.0,,15.0
simu5g_00000473,0,0,1,808.0,,11.0
simu5g_00000473,0,0,2,1160.0,,15.0
simu5g_00000473,0,0,3,1128.0,,14.0
simu5g_00000473,0,0,4,1160.0,,15.0
simu5g_00000473,0,0,5,1128.0,,14.0
simu5g_00000473,0,0,6,1160.0,,15.0
simu5g_00000473,0,0,7,1160.0,,15.0
simu5g_00000473,0,0,8,984.0,,13.0
simu5g_00000473,0,0,9,1160.0,,15.0
simu5g_00000473,0,0,10,1160.0,,15.0
simu5g_00000473,0,0,11,1160.0,,15.0
simu5g_00000473,0,0,12,1160.0,,15.0
simu5g_00000473,0,0,13,1160.0,,15.0
simu5g_00000473,0,0,14,1160.0,,15.0
simu5g_00000473,0,0,15,1160.0,,15.0
simu5g_00000473,0,0,16,1160.0,,15.0
simu5g_00000473,0,0,17,1160.0,,15.0
simu5g_00000473,0,0,18,1160.0,,15.0
simu5g_00000473,0,0,19,1160.0,,15.0
simu5g_00000473,0,0,20,1160.0,,15.0
simu5g_00000473,0,0,21,1128.0,,14.0
simu5g_00000473,0,0,22,1160.0,,15.0
simu5g_00000473,0,0,23,1160.0,,15.0
simu5g_00000473,0,0,24,1128.0,,14.0
simu5g_00000473,1,1,0,1128.0,,14.0
simu5g_00000473,1,1,1,888.0,,12.0
simu5g_00000473,1,1,2,888.0,,12.0
simu5g_00000473,1,1,3,1128.0,,14.0
simu5g_00000473,1,1,4,984.0,,13.0
simu5g_00000473,1,1,5,1128.0,,14.0
simu5g_00000473,1,1,6,984.0,,13.0
simu5g_00000473,1,1,7,608.0,,9.0
simu5g_00000473,1,1,8,528.0,,8.0
simu5g_00000473,1,1,9,984.0,,13.0
simu5g_00000473,1,1,10,984.0,,13.0
simu5g_00000473,1,1,11,984.0,,13.0
simu5g_00000473,1,1,12,984.0,,13.0
simu5g_00000473,1,1,13,1128.0,,14.0
simu5g_00000473,1,1,14,1128.0,,14.0
simu5g_00000473,1,1,15,1128.0,,14.0
simu5g_00000473,1,1,16,984.0,,13.0
simu5g_00000473,1,1,17,984.0,,13.0
simu5g_00000473,1,1,18,984.0,,13.0
simu5g_00000473,1,1,19,984.0,,13.0
simu5g_00000473,1,1,20,1128.0,,14.0
simu5g_00000473,1,1,21,432.0,,7.0
simu5g_00000473,1,1,22,1128.0,,14.0
simu5g_00000473,1,1,23,808.0,,11.0
simu5g_00000473,1,1,24,984.0,,13.0
simu5g_00000473,15,2,0,1160.0,,15.0
simu5g_00000473,15,2,1,1160.0,,15.0
simu5g_00000473,15,2,2,1160.0,,15.0
simu5g_00000473,15,2,3,1160.0,,15.0
simu5g_00000473,15,2,4,1160.0,,15.0
simu5g_00000473,15,2,5,1128.0,,14.0
simu5g_00000473,15,2,6,1160.0,,15.0
simu5g_00000473,15,2,7,1160.0,,15.0
simu5g_00000473,15,2,8,1160.0,,15.0
simu5g_00000473,15,2,9,1160.0,,15.0
simu5g_00000473,15,2,10,1160.0,,15.0
simu5g_00000473,15,2,11,1160.0,,15.0
simu5g_00000473,15,2,12,1160.0,,15.0
simu5g_00000473,15,2,13,1160.0,,15.0
simu5g_00000473,15,2,14,1160.0,,15.0
simu5g_00000473,15,2,15,1160.0,,15.0
simu5g_00000473,15,2,16,1160.0,,15.0
simu5g_00000473,15,2,17,1160.0,,15.0
simu5g_00000473,15,2,18,1160.0,,15.0
simu5g_00000473,15,2,19,1160.0,,15.0
simu5g_00000473,15,2,20,1160.0,,15.0
simu5g_00000473,15,2,21,1160.0,,15.0
simu5g_00000473,15,2,22,1160.0,,15.0
simu5g_00000473,15,2,23,1160.0,,15.0
simu5g_00000473,15,2,24,1160.0,,15.0
simu5g_00000473,2,3,0,1160.0,,15.0
simu5g_00000473,2,3,1,1160.0,,15.0
simu5g_00000473,2,3,2,1160.0,,15.0
simu5g_00000473,2,3,3,1160.0,,15.0
simu5g_00000473,2,3,4,1160.0,,15.0
simu5g_00000473,2,3,5,1128.0,,14.0
simu5g_00000473,2,3,6,1160.0,,15.0
simu5g_00000473,2,3,7,984.0,,13.0
simu5g_00000473,2,3,8,1160.0,,15.0
simu5g_00000473,2,3,9,1160.0,,15.0
simu5g_00000473,2,3,10,1160.0,,15.0
simu5g_00000473,2,3,11,984.0,,13.0
simu5g_00000473,2,3,12,1128.0,,14.0
simu5g_00000473,2,3,13,1160.0,,15.0
simu5g_00000473,2,3,14,1160.0,,15.0
simu5g_00000473,2,3,15,1160.0,,15.0
simu5g_00000473,2,3,16,1128.0,,14.0
simu5g_00000473,2,3,17,1160.0,,15.0
simu5g_00000473,2,3,18,1160.0,,15.0
simu5g_00000473,2,3,19,1160.0,,15.0
simu5g_00000473,2,3,20,1160.0,,15.0
simu5g_00000473,2,3,21,1160.0,,15.0
simu5g_00000473,2,3,22,1128.0,,14.0
simu5g_00000473,2,3,23,1160.0,,15.0
simu5g_00000473,2,3,24,1128.0,,14.0
simu5g_00000473,31,4,0,1128.0,,14.0
simu5g_00000473,31,4,1,1128.0,,14.0
simu5g_00000473,31,4,2,1160.0,,15.0
simu5g_00000473,31,4,3,1160.0,,15.0
simu5g_00000473,31,4,4,1160.0,,15.0
simu5g_00000473,31,4,5,1160.0,,15.0
simu5g_00000473,31,4,6,1160.0,,15.0
simu5g_00000473,31,4,7,1160.0,,15.0
simu5g_00000473,31,4,8,1160.0,,15.0
simu5g_00000473,31,4,9,1160.0,,15.0
simu5g_00000473,31,4,10,1160.0,,15.0
simu5g_00000473,31,4,11,1160.0,,15.0
simu5g_00000473,31,4,12,888.0,,12.0
simu5g_00000473,31,4,13,1160.0,,15.0
simu5g_00000473,31,4,14,1160.0,,15.0
simu5g_00000473,31,4,15,1160.0,,15.0
simu5g_00000473,31,4,16,1160.0,,15.0
simu5g_00000473,31,4,17,1160.0,,15.0
simu5g_00000473,31,4,18,1160.0,,15.0
simu5g_00000473,31,4,19,1160.0,,15.0
simu5g_00000473,31,4,20,1128.0,,14.0
simu5g_00000473,31,4,21,1160.0,,15.0
simu5g_00000473,31,4,22,1160.0,,15.0
simu5g_00000473,31,4,23,1160.0,,15.0
simu5g_00000473,31,4,24,1160.0,,15.0
simu5g_00000474,3,0,0,1160.0,,15.0
simu5g_00000474,3,0,1,1160.0,,15.0
simu5g_00000474,3,0,2,1160.0,,15.0
simu5g_00000474,3,0,3,1160.0,,15.0
simu5g_00000474,3,0,4,1160.0,,15.0
simu5g_00000474,3,0,5,1160.0,,15.0
simu5g_00000474,3,0,6,1160.0,,15.0
simu5g_00000474,3,0,7,1160.0,,15.0
simu5g_00000474,3,0,8,984.0,,13.0
simu5g_00000474,3,0,9,984.0,,13.0
simu5g_00000474,3,0,10,1160.0,,15.0
simu5g_00000474,3,0,11,1160.0,,15.0
simu5g_00000474,3,0,12,1160.0,,15.0
simu5g_00000474,3,0,13,1160.0,,15.0
simu5g_00000474,3,0,14,1160.0,,15.0
simu5g_00000474,3,0,15,1160.0,,15.0
simu5g_00000474,3,0,16,1160.0,,15.0
simu5g_00000474,3,0,17,1160.0,,15.0
simu5g_00000474,3,0,18,1160.0,,15.0
simu5g_00000474,3,0,19,1160.0,,15.0
simu5g_00000474,3,0,20,1160.0,,15.0
simu5g_00000474,3,0,21,1160.0,,15.0
simu5g_00000474,3,0,22,1128.0,,14.0
simu5g_00000474,3,0,23,1160.0,,15.0
simu5g_00000474,3,0,24,1128.0,,14.0
simu5g_00000474,4,1,0,984.0,,13.0
simu5g_00000474,4,1,1,704.0,,10.0
simu5g_00000474,4,1,2,1128.0,,14.0
simu5g_00000474,4,1,3,368.0,,6.0
simu5g_00000474,4,1,4,984.0,,13.0
simu5g_00000474,4,1,5,1128.0,,14.0
simu5g_00000474,4,1,6,1128.0,,14.0
simu5g_00000474,4,1,7,368.0,,6.0
simu5g_00000474,4,1,8,608.0,,9.0
simu5g_00000474,4,1,9,984.0,,13.0
simu5g_00000474,4,1,10,888.0,,12.0
simu5g_00000474,4,1,11,984.0,,13.0
simu5g_00000474,4,1,12,1128.0,,14.0
simu5g_00000474,4,1,13,888.0,,12.0
simu5g_00000474,4,1,14,1128.0,,14.0
simu5g_00000474,4,1,15,704.0,,10.0
simu5g_00000474,4,1,16,808.0,,11.0
simu5g_00000474,4,1,17,888.0,,12.0
simu5g_00000474,4,1,18,1128.0,,14.0
simu5g_00000474,4,1,19,984.0,,13.0
simu5g_00000474,4,1,20,888.0,,12.0
simu5g_00000474,4,1,21,704.0,,10.0
simu5g_00000474,4,1,22,1128.0,,14.0
simu5g_00000474,4,1,23,984.0,,13.0
simu5g_00000474,4,1,24,808.0,,11.0
simu5g_00000474,5,2,0,1128.0,,14.0
simu5g_00000474,5,2,1,1128.0,,14.0
simu5g_00000474,5,2,2,1128.0,,14.0
simu5g_00000474,5,2,3,984.0,,13.0
simu5g_00000474,5,2,4,1160.0,,15.0
simu5g_00000474,5,2,5,1128.0,,14.0
simu5g_00000474,5,2,6,1128.0,,14.0
simu5g_00000474,5,2,7,1128.0,,14.0
simu5g_00000474,5,2,8,1128.0,,14.0
simu5g_00000474,5,2,9,1160.0,,15.0
simu5g_00000474,5,2,10,1160.0,,15.0
simu5g_00000474,5,2,11,1128.0,,14.0
simu5g_00000474,5,2,12,1128.0,,14.0
simu5g_00000474,5,2,13,984.0,,13.0
simu5g_00000474,5,2,14,984.0,,13.0
simu5g_00000474,5,2,15,984.0,,13.0
simu5g_00000474,5,2,16,528.0,,8.0
simu5g_00000474,5,2,17,1160.0,,15.0
simu5g_00000474,5,2,18,1160.0,,15.0
simu5g_00000474,5,2,19,1128.0,,14.0
simu5g_00000474,5,2,20,1128.0,,14.0
simu5g_00000474,5,2,21,888.0,,12.0
simu5g_00000474,5,2,22,1160.0,,15.0
simu5g_00000474,5,2,23,984.0,,13.0
simu5g_00000474,5,2,24,1128.0,,14.0
simu5g_00000475,0,0,0,1160.0,,15.0
simu5g_00000475,0,0,1,808.0,,11.0
simu5g_00000475,0,0,2,1160.0,,15.0
simu5g_00000475,0,0,3,1128.0,,14.0
simu5g_00000475,0,0,4,1160.0,,15.0
simu5g_00000475,0,0,5,1128.0,,14.0
simu5g_00000475,0,0,6,1160.0,,15.0
simu5g_00000475,0,0,7,1160.0,,15.0
simu5g_00000475,0,0,8,984.0,,13.0
simu5g_00000475,0,0,9,1160.0,,15.0
simu5g_00000475,0,0,10,1160.0,,15.0
simu5g_00000475,0,0,11,1160.0,,15.0
simu5g_00000475,0,0,12,1160.0,,15.0
simu5g_00000475,0,0,13,1160.0,,15.0
simu5g_00000475,0,0,14,1160.0,,15.0
simu5g_00000475,0,0,15,1160.0,,15.0
simu5g_00000475,0,0,16,1160.0,,15.0
simu5g_00000475,0,0,17,1160.0,,15.0
simu5g_00000475,0,0,18,1160.0,,15.0
simu5g_00000475,0,0,19,1160.0,,15.0
simu5g_00000475,0,0,20,1160.0,,15.0
simu5g_00000475,0,0,21,1128.0,,14.0
simu5g_00000475,0,0,22,1160.0,,15.0
simu5g_00000475,0,0,23,1160.0,,15.0
simu5g_00000475,0,0,24,1128.0,,14.0
simu5g_00000475,1,1,0,1128.0,,14.0
simu5g_00000475,1,1,1,888.0,,12.0
simu5g_00000475,1,1,2,888.0,,12.0
simu5g_00000475,1,1,3,1128.0,,14.0
simu5g_00000475,1,1,4,984.0,,13.0
simu5g_00000475,1,1,5,1128.0,,14.0
simu5g_00000475,1,1,6,984.0,,13.0
simu5g_00000475,1,1,7,608.0,,9.0
simu5g_00000475,1,1,8,528.0,,8.0
simu5g_00000475,1,1,9,984.0,,13.0
simu5g_00000475,1,1,10,984.0,,13.0
simu5g_00000475,1,1,11,984.0,,13.0
simu5g_00000475,1,1,12,984.0,,13.0
simu5g_00000475,1,1,13,1128.0,,14.0
simu5g_00000475,1,1,14,1128.0,,14.0
simu5g_00000475,1,1,15,1128.0,,14.0
simu5g_00000475,1,1,16,984.0,,13.0
simu5g_00000475,1,1,17,984.0,,13.0
simu5g_00000475,1,1,18,984.0,,13.0
simu5g_00000475,1,1,19,1128.0,,14.0
simu5g_00000475,1,1,20,1128.0,,14.0
simu5g_00000475,1,1,21,432.0,,7.0
simu5g_00000475,1,1,22,1128.0,,14.0
simu5g_00000475,1,1,23,808.0,,11.0
simu5g_00000475,1,1,24,984.0,,13.0
simu5g_00000475,15,2,0,1160.0,,15.0
simu5g_00000475,15,2,1,1160.0,,15.0
simu5g_00000475,15,2,2,1160.0,,15.0
simu5g_00000475,15,2,3,1160.0,,15.0
simu5g_00000475,15,2,4,1160.0,,15.0
simu5g_00000475,15,2,5,1128.0,,14.0
simu5g_00000475,15,2,6,1160.0,,15.0
simu5g_00000475,15,2,7,1160.0,,15.0
simu5g_00000475,15,2,8,1160.0,,15.0
simu5g_00000475,15,2,9,1160.0,,15.0
simu5g_00000475,15,2,10,1160.0,,15.0
simu5g_00000475,15,2,11,1160.0,,15.0
simu5g_00000475,15,2,12,1160.0,,15.0
simu5g_00000475,15,2,13,1160.0,,15.0
simu5g_00000475,15,2,14,1160.0,,15.0
simu5g_00000475,15,2,15,1160.0,,15.0
simu5g_00000475,15,2,16,1160.0,,15.0
simu5g_00000475,15,2,17,1160.0,,15.0
simu5g_00000475,15,2,18,1160.0,,15.0
simu5g_00000475,15,2,19,1160.0,,15.0
simu5g_00000475,15,2,20,1160.0,,15.0
simu5g_00000475,15,2,21,1160.0,,15.0
simu5g_00000475,15,2,22,1160.0,,15.0
simu5g_00000475,15,2,23,1160.0,,15.0
simu5g_00000475,15,2,24,1160.0,,15.0
simu5g_00000475,2,3,0,1128.0,,14.0
simu5g_00000475,2,3,1,1160.0,,15.0
simu5g_00000475,2,3,2,1128.0,,14.0
simu5g_00000475,2,3,3,1160.0,,15.0
simu5g_00000475,2,3,4,1128.0,,14.0
simu5g_00000475,2,3,5,1128.0,,14.0
simu5g_00000475,2,3,6,1128.0,,14.0
simu5g_00000475,2,3,7,808.0,,11.0
simu5g_00000475,2,3,8,1160.0,,15.0
simu5g_00000475,2,3,9,1160.0,,15.0
simu5g_00000475,2,3,10,1160.0,,15.0
simu5g_00000475,2,3,11,888.0,,12.0
simu5g_00000475,2,3,12,1128.0,,14.0
simu5g_00000475,2,3,13,1160.0,,15.0
simu5g_00000475,2,3,14,1160.0,,15.0
simu5g_00000475,2,3,15,1160.0,,15.0
simu5g_00000475,2,3,16,984.0,,13.0
simu5g_00000475,2,3,17,1128.0,,14.0
simu5g_00000475,2,3,18,1128.0,,14.0
simu5g_00000475,2,3,19,1160.0,,15.0
simu5g_00000475,2,3,20,1160.0,,15.0
simu5g_00000475,2,3,21,1128.0,,14.0
simu5g_00000475,2,3,22,984.0,,13.0
simu5g_00000475,2,3,23,1160.0,,15.0
simu5g_00000475,2,3,24,984.0,,13.0
simu5g_00000475,31,4,0,1128.0,,14.0
simu5g_00000475,31,4,1,1128.0,,14.0
simu5g_00000475,31,4,2,1160.0,,15.0
simu5g_00000475,31,4,3,1160.0,,15.0
simu5g_00000475,31,4,4,1160.0,,15.0
simu5g_00000475,31,4,5,1160.0,,15.0
simu5g_00000475,31,4,6,1160.0,,15.0
simu5g_00000475,31,4,7,1160.0,,15.0
simu5g_00000475,31,4,8,1160.0,,15.0
simu5g_00000475,31,4,9,1160.0,,15.0
simu5g_00000475,31,4,10,1160.0,,15.0
simu5g_00000475,31,4,11,1160.0,,15.0
simu5g_00000475,31,4,12,808.0,,11.0
simu5g_00000475,31,4,13,1160.0,,15.0
simu5g_00000475,31,4,14,1160.0,,15.0
simu5g_00000475,31,4,15,1160.0,,15.0
simu5g_00000475,31,4,16,1160.0,,15.0
simu5g_00000475,31,4,17,1160.0,,15.0
simu5g_00000475,31,4,18,1160.0,,15.0
simu5g_00000475,31,4,19,1160.0,,15.0
simu5g_00000475,31,4,20,1128.0,,14.0
simu5g_00000475,31,4,21,1160.0,,15.0
simu5g_00000475,31,4,22,1160.0,,15.0
simu5g_00000475,31,4,23,1160.0,,15.0
simu5g_00000475,31,4,24,1160.0,,15.0
simu5g_00000476,3,0,0,1160.0,,15.0
simu5g_00000476,3,0,1,1160.0,,15.0
simu5g_00000476,3,0,2,1160.0,,15.0
simu5g_00000476,3,0,3,1160.0,,15.0
simu5g_00000476,3,0,4,1160.0,,15.0
simu5g_00000476,3,0,5,1160.0,,15.0
simu5g_00000476,3,0,6,1160.0,,15.0
simu5g_00000476,3,0,7,1160.0,,15.0
simu5g_00000476,3,0,8,984.0,,13.0
simu5g_00000476,3,0,9,984.0,,13.0
simu5g_00000476,3,0,10,1160.0,,15.0
simu5g_00000476,3,0,11,1160.0,,15.0
simu5g_00000476,3,0,12,1160.0,,15.0
simu5g_00000476,3,0,13,1160.0,,15.0
simu5g_00000476,3,0,14,1160.0,,15.0
simu5g_00000476,3,0,15,1160.0,,15.0
simu5g_00000476,3,0,16,1160.0,,15.0
simu5g_00000476,3,0,17,1160.0,,15.0
simu5g_00000476,3,0,18,1160.0,,15.0
simu5g_00000476,3,0,19,1160.0,,15.0
simu5g_00000476,3,0,20,1160.0,,15.0
simu5g_00000476,3,0,21,1160.0,,15.0
simu5g_00000476,3,0,22,1128.0,,14.0
simu5g_00000476,3,0,23,1160.0,,15.0
simu5g_00000476,3,0,24,1128.0,,14.0
simu5g_00000476,4,1,0,888.0,,12.0
simu5g_00000476,4,1,1,608.0,,9.0
simu5g_00000476,4,1,2,984.0,,13.0
simu5g_00000476,4,1,3,224.0,,4.0
simu5g_00000476,4,1,4,888.0,,12.0
simu5g_00000476,4,1,5,984.0,,13.0
simu5g_00000476,4,1,6,984.0,,13.0
simu5g_00000476,4,1,7,368.0,,6.0
simu5g_00000476,4,1,8,528.0,,8.0
simu5g_00000476,4,1,9,888.0,,12.0
simu5g_00000476,4,1,10,808.0,,11.0
simu5g_00000476,4,1,11,984.0,,13.0
simu5g_00000476,4,1,12,984.0,,13.0
simu5g_00000476,4,1,13,808.0,,11.0
simu5g_00000476,4,1,14,984.0,,13.0
simu5g_00000476,4,1,15,608.0,,9.0
simu5g_00000476,4,1,16,608.0,,9.0
simu5g_00000476,4,1,17,704.0,,10.0
simu5g_00000476,4,1,18,1128.0,,14.0
simu5g_00000476,4,1,19,984.0,,13.0
simu5g_00000476,4,1,20,808.0,,11.0
simu5g_00000476,4,1,21,608.0,,9.0
simu5g_00000476,4,1,22,984.0,,13.0
simu5g_00000476,4,1,23,984.0,,13.0
simu5g_00000476,4,1,24,608.0,,9.0
simu5g_00000476,5,2,0,1128.0,,14.0
simu5g_00000476,5,2,1,1128.0,,14.0
simu5g_00000476,5,2,2,1128.0,,14.0
simu5g_00000476,5,2,3,984.0,,13.0
simu5g_00000476,5,2,4,1160.0,,15.0
simu5g_00000476,5,2,5,1128.0,,14.0
simu5g_00000476,5,2,6,1128.0,,14.0
simu5g_00000476,5,2,7,1128.0,,14.0
simu5g_00000476,5,2,8,1128.0,,14.0
simu5g_00000476,5,2,9,1160.0,,15.0
simu5g_00000476,5,2,10,1160.0,,15.0
simu5g_00000476,5,2,11,1128.0,,14.0
simu5g_00000476,5,2,12,1128.0,,14.0
simu5g_00000476,5,2,13,984.0,,13.0
simu5g_00000476,5,2,14,984.0,,13.0
simu5g_00000476,5,2,15,984.0,,13.0
simu5g_00000476,5,2,16,528.0,,8.0
simu5g_00000476,5,2,17,1160.0,,15.0
simu5g_00000476,5,2,18,1160.0,,15.0
simu5g_00000476,5,2,19,1128.0,,14.0
simu5g_00000476,5,2,20,1128.0,,14.0
simu5g_00000476,5,2,21,888.0,,12.0
simu5g_00000476,5,2,22,1160.0,,15.0
simu5g_00000476,5,2,23,984.0,,13.0
simu5g_00000476,5,2,24,1128.0,,14.0
simu5g_00000477,0,0,0,1160.0,,15.0
simu5g_00000477,0,0,1,808.0,,11.0
simu5g_00000477,0,0,2,1160.0,,15.0
simu5g_00000477,0,0,3,1128.0,,14.0
simu5g_00000477,0,0,4,1160.0,,15.0
simu5g_00000477,0,0,5,1128.0,,14.0
simu5g_00000477,0,0,6,1160.0,,15.0
simu5g_00000477,0,0,7,1160.0,,15.0
simu5g_00000477,0,0,8,984.0,,13.0
simu5g_00000477,0,0,9,1160.0,,15.0
simu5g_00000477,0,0,10,1160.0,,15.0
simu5g_00000477,0,0,11,1160.0,,15.0
simu5g_00000477,0,0,12,1160.0,,15.0
simu5g_00000477,0,0,13,1160.0,,15.0
simu5g_00000477,0,0,14,1160.0,,15.0
simu5g_00000477,0,0,15,1160.0,,15.0
simu5g_00000477,0,0,16,1160.0,,15.0
simu5g_00000477,0,0,17,1160.0,,15.0
simu5g_00000477,0,0,18,1160.0,,15.0
simu5g_00000477,0,0,19,1160.0,,15.0
simu5g_00000477,0,0,20,1160.0,,15.0
simu5g_00000477,0,0,21,1128.0,,14.0
simu5g_00000477,0,0,22,1160.0,,15.0
simu5g_00000477,0,0,23,1160.0,,15.0
simu5g_00000477,0,0,24,1128.0,,14.0
simu5g_00000477,1,1,0,1160.0,,15.0
simu5g_00000477,1,1,1,1160.0,,15.0
simu5g_00000477,1,1,2,1160.0,,15.0
simu5g_00000477,1,1,3,1160.0,,15.0
simu5g_00000477,1,1,4,1160.0,,15.0
simu5g_00000477,1,1,5,1160.0,,15.0
simu5g_00000477,1,1,6,1160.0,,15.0
simu5g_00000477,1,1,7,1128.0,,14.0
simu5g_00000477,1,1,8,1128.0,,14.0
simu5g_00000477,1,1,9,1160.0,,15.0
simu5g_00000477,1,1,10,1160.0,,15.0
simu5g_00000477,1,1,11,1160.0,,15.0
simu5g_00000477,1,1,12,1160.0,,15.0
simu5g_00000477,1,1,13,1160.0,,15.0
simu5g_00000477,1,1,14,1160.0,,15.0
simu5g_00000477,1,1,15,1160.0,,15.0
simu5g_00000477,1,1,16,1160.0,,15.0
simu5g_00000477,1,1,17,1160.0,,15.0
simu5g_00000477,1,1,18,1160.0,,15.0
simu5g_00000477,1,1,19,1160.0,,15.0
simu5g_00000477,1,1,20,1160.0,,15.0
simu5g_00000477,1,1,21,984.0,,13.0
simu5g_00000477,1,1,22,1160.0,,15.0
simu5g_00000477,1,1,23,1160.0,,15.0
simu5g_00000477,1,1,24,1160.0,,15.0
simu5g_00000477,15,2,0,1160.0,,15.0
simu5g_00000477,15,2,1,1160.0,,15.0
simu5g_00000477,15,2,2,1160.0,,15.0
simu5g_00000477,15,2,3,1160.0,,15.0
simu5g_00000477,15,2,4,1160.0,,15.0
simu5g_00000477,15,2,5,1128.0,,14.0
simu5g_00000477,15,2,6,1160.0,,15.0
simu5g_00000477,15,2,7,1160.0,,15.0
simu5g_00000477,15,2,8,1160.0,,15.0
simu5g_00000477,15,2,9,1160.0,,15.0
simu5g_00000477,15,2,10,1160.0,,15.0
simu5g_00000477,15,2,11,1160.0,,15.0
simu5g_00000477,15,2,12,1160.0,,15.0
simu5g_00000477,15,2,13,1160.0,,15.0
simu5g_00000477,15,2,14,1160.0,,15.0
simu5g_00000477,15,2,15,1160.0,,15.0
simu5g_00000477,15,2,16,1160.0,,15.0
simu5g_00000477,15,2,17,1160.0,,15.0
simu5g_00000477,15,2,18,1160.0,,15.0
simu5g_00000477,15,2,19,1160.0,,15.0
simu5g_00000477,15,2,20,1160.0,,15.0
simu5g_00000477,15,2,21,1160.0,,15.0
simu5g_00000477,15,2,22,1160.0,,15.0
simu5g_00000477,15,2,23,1160.0,,15.0
simu5g_00000477,15,2,24,1160.0,,15.0
simu5g_00000477,2,3,0,1128.0,,14.0
simu5g_00000477,2,3,1,1160.0,,15.0
simu5g_00000477,2,3,2,1128.0,,14.0
simu5g_00000477,2,3,3,1160.0,,15.0
simu5g_00000477,2,3,4,1128.0,,14.0
simu5g_00000477,2,3,5,1128.0,,14.0
simu5g_00000477,2,3,6,1128.0,,14.0
simu5g_00000477,2,3,7,808.0,,11.0
simu5g_00000477,2,3,8,1160.0,,15.0
simu5g_00000477,2,3,9,1160.0,,15.0
simu5g_00000477,2,3,10,1160.0,,15.0
simu5g_00000477,2,3,11,888.0,,12.0
simu5g_00000477,2,3,12,1128.0,,14.0
simu5g_00000477,2,3,13,1160.0,,15.0
simu5g_00000477,2,3,14,1160.0,,15.0
simu5g_00000477,2,3,15,1160.0,,15.0
simu5g_00000477,2,3,16,984.0,,13.0
simu5g_00000477,2,3,17,1128.0,,14.0
simu5g_00000477,2,3,18,1128.0,,14.0
simu5g_00000477,2,3,19,1160.0,,15.0
simu5g_00000477,2,3,20,1160.0,,15.0
simu5g_00000477,2,3,21,1128.0,,14.0
simu5g_00000477,2,3,22,984.0,,13.0
simu5g_00000477,2,3,23,1160.0,,15.0
simu5g_00000477,2,3,24,984.0,,13.0
simu5g_00000477,31,4,0,1128.0,,14.0
simu5g_00000477,31,4,1,1128.0,,14.0
simu5g_00000477,31,4,2,1160.0,,15.0
simu5g_00000477,31,4,3,1160.0,,15.0
simu5g_00000477,31,4,4,1160.0,,15.0
simu5g_00000477,31,4,5,1160.0,,15.0
simu5g_00000477,31,4,6,1160.0,,15.0
simu5g_00000477,31,4,7,1160.0,,15.0
simu5g_00000477,31,4,8,1160.0,,15.0
simu5g_00000477,31,4,9,1160.0,,15.0
simu5g_00000477,31,4,10,1160.0,,15.0
simu5g_00000477,31,4,11,1160.0,,15.0
simu5g_00000477,31,4,12,808.0,,11.0
simu5g_00000477,31,4,13,1160.0,,15.0
simu5g_00000477,31,4,14,1160.0,,15.0
simu5g_00000477,31,4,15,1160.0,,15.0
simu5g_00000477,31,4,16,1160.0,,15.0
simu5g_00000477,31,4,17,1160.0,,15.0
simu5g_00000477,31,4,18,1160.0,,15.0
simu5g_00000477,31,4,19,1160.0,,15.0
simu5g_00000477,31,4,20,1128.0,,14.0
simu5g_00000477,31,4,21,1160.0,,15.0
simu5g_00000477,31,4,22,1160.0,,15.0
simu5g_00000477,31,4,23,1160.0,,15.0
simu5g_00000477,31,4,24,1160.0,,15.0
simu5g_00000478,3,0,0,1160.0,,15.0
simu5g_00000478,3,0,1,1160.0,,15.0
simu5g_00000478,3,0,2,1160.0,,15.0
simu5g_00000478,3,0,3,1160.0,,15.0
simu5g_00000478,3,0,4,1160.0,,15.0
simu5g_00000478,3,0,5,1160.0,,15.0
simu5g_00000478,3,0,6,1160.0,,15.0
simu5g_00000478,3,0,7,1160.0,,15.0
simu5g_00000478,3,0,8,984.0,,13.0
simu5g_00000478,3,0,9,984.0,,13.0
simu5g_00000478,3,0,10,1160.0,,15.0
simu5g_00000478,3,0,11,1160.0,,15.0
simu5g_00000478,3,0,12,1160.0,,15.0
simu5g_00000478,3,0,13,1160.0,,15.0
simu5g_00000478,3,0,14,1160.0,,15.0
simu5g_00000478,3,0,15,1160.0,,15.0
simu5g_00000478,3,0,16,1160.0,,15.0
simu5g_00000478,3,0,17,1160.0,,15.0
simu5g_00000478,3,0,18,1160.0,,15.0
simu5g_00000478,3,0,19,1160.0,,15.0
simu5g_00000478,3,0,20,1160.0,,15.0
simu5g_00000478,3,0,21,1160.0,,15.0
simu5g_00000478,3,0,22,1128.0,,14.0
simu5g_00000478,3,0,23,1160.0,,15.0
simu5g_00000478,3,0,24,1128.0,,14.0
simu5g_00000478,4,1,0,888.0,,12.0
simu5g_00000478,4,1,1,608.0,,9.0
simu5g_00000478,4,1,2,984.0,,13.0
simu5g_00000478,4,1,3,224.0,,4.0
simu5g_00000478,4,1,4,888.0,,12.0
simu5g_00000478,4,1,5,984.0,,13.0
simu5g_00000478,4,1,6,984.0,,13.0
simu5g_00000478,4,1,7,368.0,,6.0
simu5g_00000478,4,1,8,528.0,,8.0
simu5g_00000478,4,1,9,888.0,,12.0
simu5g_00000478,4,1,10,808.0,,11.0
simu5g_00000478,4,1,11,984.0,,13.0
simu5g_00000478,4,1,12,984.0,,13.0
simu5g_00000478,4,1,13,808.0,,11.0
simu5g_00000478,4,1,14,984.0,,13.0
simu5g_00000478,4,1,15,608.0,,9.0
simu5g_00000478,4,1,16,608.0,,9.0
simu5g_00000478,4,1,17,704.0,,10.0
simu5g_00000478,4,1,18,1128.0,,14.0
simu5g_00000478,4,1,19,984.0,,13.0
simu5g_00000478,4,1,20,808.0,,11.0
simu5g_00000478,4,1,21,608.0,,9.0
simu5g_00000478,4,1,22,984.0,,13.0
simu5g_00000478,4,1,23,984.0,,13.0
simu5g_00000478,4,1,24,704.0,,10.0
simu5g_00000478,5,2,0,1128.0,,14.0
simu5g_00000478,5,2,1,1128.0,,14.0
simu5g_00000478,5,2,2,1128.0,,14.0
simu5g_00000478,5,2,3,984.0,,13.0
simu5g_00000478,5,2,4,1160.0,,15.0
simu5g_00000478,5,2,5,1128.0,,14.0
simu5g_00000478,5,2,6,1128.0,,14.0
simu5g_00000478,5,2,7,1128.0,,14.0
simu5g_00000478,5,2,8,1128.0,,14.0
simu5g_00000478,5,2,9,1160.0,,15.0
simu5g_00000478,5,2,10,1160.0,,15.0
simu5g_00000478,5,2,11,1128.0,,14.0
simu5g_00000478,5,2,12,1128.0,,14.0
simu5g_00000478,5,2,13,984.0,,13.0
simu5g_00000478,5,2,14,984.0,,13.0
simu5g_00000478,5,2,15,984.0,,13.0
simu5g_00000478,5,2,16,528.0,,8.0
simu5g_00000478,5,2,17,1160.0,,15.0
simu5g_00000478,5,2,18,1160.0,,15.0
simu5g_00000478,5,2,19,1128.0,,14.0
simu5g_00000478,5,2,20,1128.0,,14.0
simu5g_00000478,5,2,21,888.0,,12.0
simu5g_00000478,5,2,22,1160.0,,15.0
simu5g_00000478,5,2,23,984.0,,13.0
simu5g_00000478,5,2,24,1128.0,,14.0
simu5g_00000479,0,0,0,1160.0,,15.0
simu5g_00000479,0,0,1,888.0,,12.0
simu5g_00000479,0,0,2,1160.0,,15.0
simu5g_00000479,0,0,3,1128.0,,14.0
simu5g_00000479,0,0,4,1160.0,,15.0
simu5g_00000479,0,0,5,1128.0,,14.0
simu5g_00000479,0,0,6,1160.0,,15.0
simu5g_00000479,0,0,7,1160.0,,15.0
simu5g_00000479,0,0,8,1128.0,,14.0
simu5g_00000479,0,0,9,1160.0,,15.0
simu5g_00000479,0,0,10,1160.0,,15.0
simu5g_00000479,0,0,11,1160.0,,15.0
simu5g_00000479,0,0,12,1160.0,,15.0
simu5g_00000479,0,0,13,1160.0,,15.0
simu5g_00000479,0,0,14,1160.0,,15.0
simu5g_00000479,0,0,15,1160.0,,15.0
simu5g_00000479,0,0,16,1160.0,,15.0
simu5g_00000479,0,0,17,1160.0,,15.0
simu5g_00000479,0,0,18,1160.0,,15.0
simu5g_00000479,0,0,19,1160.0,,15.0
simu5g_00000479,0,0,20,1160.0,,15.0
simu5g_00000479,0,0,21,1128.0,,14.0
simu5g_00000479,0,0,22,1160.0,,15.0
simu5g_00000479,0,0,23,1160.0,,15.0
simu5g_00000479,0,0,24,1160.0,,15.0
simu5g_00000479,1,1,0,1160.0,,15.0
simu5g_00000479,1,1,1,1160.0,,15.0
simu5g_00000479,1,1,2,1160.0,,15.0
simu5g_00000479,1,1,3,1160.0,,15.0
simu5g_00000479,1,1,4,1160.0,,15.0
simu5g_00000479,1,1,5,1160.0,,15.0
simu5g_00000479,1,1,6,1160.0,,15.0
simu5g_00000479,1,1,7,1128.0,,14.0
simu5g_00000479,1,1,8,1128.0,,14.0
simu5g_00000479,1,1,9,1160.0,,15.0
simu5g_00000479,1,1,10,1160.0,,15.0
simu5g_00000479,1,1,11,1160.0,,15.0
simu5g_00000479,1,1,12,1160.0,,15.0
simu5g_00000479,1,1,13,1160.0,,15.0
simu5g_00000479,1,1,14,1160.0,,15.0
simu5g_00000479,1,1,15,1160.0,,15.0
simu5g_00000479,1,1,16,1160.0,,15.0
simu5g_00000479,1,1,17,1160.0,,15.0
simu5g_00000479,1,1,18,1160.0,,15.0
simu5g_00000479,1,1,19,1160.0,,15.0
simu5g_00000479,1,1,20,1160.0,,15.0
simu5g_00000479,1,1,21,984.0,,13.0
simu5g_00000479,1,1,22,1160.0,,15.0
simu5g_00000479,1,1,23,1160.0,,15.0
simu5g_00000479,1,1,24,1160.0,,15.0
simu5g_00000479,15,2,0,1160.0,,15.0
simu5g_00000479,15,2,1,1160.0,,15.0
simu5g_00000479,15,2,2,1160.0,,15.0
simu5g_00000479,15,2,3,1160.0,,15.0
simu5g_00000479,15,2,4,1160.0,,15.0
simu5g_00000479,15,2,5,1128.0,,14.0
simu5g_00000479,15,2,6,1160.0,,15.0
simu5g_00000479,15,2,7,1160.0,,15.0
simu5g_00000479,15,2,8,1160.0,,15.0
simu5g_00000479,15,2,9,1160.0,,15.0
simu5g_00000479,15,2,10,1160.0,,15.0
simu5g_00000479,15,2,11,1160.0,,15.0
simu5g_00000479,15,2,12,1160.0,,15.0
simu5g_00000479,15,2,13,1160.0,,15.0
simu5g_00000479,15,2,14,1160.0,,15.0
simu5g_00000479,15,2,15,1160.0,,15.0
simu5g_00000479,15,2,16,1160.0,,15.0
simu5g_00000479,15,2,17,1160.0,,15.0
simu5g_00000479,15,2,18,1160.0,,15.0
simu5g_00000479,15,2,19,1160.0,,15.0
simu5g_00000479,15,2,20,1160.0,,15.0
simu5g_00000479,15,2,21,1160.0,,15.0
simu5g_00000479,15,2,22,1160.0,,15.0
simu5g_00000479,15,2,23,1160.0,,15.0
simu5g_00000479,15,2,24,1160.0,,15.0
simu5g_00000479,2,3,0,1128.0,,14.0
simu5g_00000479,2,3,1,1160.0,,15.0
simu5g_00000479,2,3,2,1128.0,,14.0
simu5g_00000479,2,3,3,1160.0,,15.0
simu5g_00000479,2,3,4,1128.0,,14.0
simu5g_00000479,2,3,5,1128.0,,14.0
simu5g_00000479,2,3,6,1128.0,,14.0
simu5g_00000479,2,3,7,808.0,,11.0
simu5g_00000479,2,3,8,1160.0,,15.0
simu5g_00000479,2,3,9,1160.0,,15.0
simu5g_00000479,2,3,10,1160.0,,15.0
simu5g_00000479,2,3,11,984.0,,13.0
simu5g_00000479,2,3,12,1128.0,,14.0
simu5g_00000479,2,3,13,1160.0,,15.0
simu5g_00000479,2,3,14,1160.0,,15.0
simu5g_00000479,2,3,15,1160.0,,15.0
simu5g_00000479,2,3,16,984.0,,13.0
simu5g_00000479,2,3,17,1128.0,,14.0
simu5g_00000479,2,3,18,1128.0,,14.0
simu5g_00000479,2,3,19,1160.0,,15.0
simu5g_00000479,2,3,20,1160.0,,15.0
simu5g_00000479,2,3,21,1128.0,,14.0
simu5g_00000479,2,3,22,984.0,,13.0
simu5g_00000479,2,3,23,1160.0,,15.0
simu5g_00000479,2,3,24,984.0,,13.0
simu5g_00000479,31,4,0,1160.0,,15.0
simu5g_00000479,31,4,1,1128.0,,14.0
simu5g_00000479,31,4,2,1160.0,,15.0
simu5g_00000479,31,4,3,1160.0,,15.0
simu5g_00000479,31,4,4,1160.0,,15.0
simu5g_00000479,31,4,5,1160.0,,15.0
simu5g_00000479,31,4,6,1160.0,,15.0
simu5g_00000479,31,4,7,1160.0,,15.0
simu5g_00000479,31,4,8,1160.0,,15.0
simu5g_00000479,31,4,9,1160.0,,15.0
simu5g_00000479,31,4,10,1160.0,,15.0
simu5g_00000479,31,4,11,1160.0,,15.0
simu5g_00000479,31,4,12,888.0,,12.0
simu5g_00000479,31,4,13,1160.0,,15.0
simu5g_00000479,31,4,14,1160.0,,15.0
simu5g_00000479,31,4,15,1160.0,,15.0
simu5g_00000479,31,4,16,1160.0,,15.0
simu5g_00000479,31,4,17,1160.0,,15.0
simu5g_00000479,31,4,18,1160.0,,15.0
simu5g_00000479,31,4,19,1160.0,,15.0
simu5g_00000479,31,4,20,1128.0,,14.0
simu5g_00000479,31,4,21,1160.0,,15.0
simu5g_00000479,31,4,22,1160.0,,15.0
simu5g_00000479,31,4,23,1160.0,,15.0
simu5g_00000479,31,4,24,1160.0,,15.0
simu5g_00000480,3,0,0,1128.0,,14.0
simu5g_00000480,3,0,1,1160.0,,15.0
simu5g_00000480,3,0,2,1128.0,,14.0
simu5g_00000480,3,0,3,1160.0,,15.0
simu5g_00000480,3,0,4,1160.0,,15.0
simu5g_00000480,3,0,5,1160.0,,15.0
simu5g_00000480,3,0,6,1160.0,,15.0
simu5g_00000480,3,0,7,1160.0,,15.0
simu5g_00000480,3,0,8,888.0,,12.0
simu5g_00000480,3,0,9,888.0,,12.0
simu5g_00000480,3,0,10,1160.0,,15.0
simu5g_00000480,3,0,11,1128.0,,14.0
simu5g_00000480,3,0,12,1160.0,,15.0
simu5g_00000480,3,0,13,1160.0,,15.0
simu5g_00000480,3,0,14,1160.0,,15.0
simu5g_00000480,3,0,15,1160.0,,15.0
simu5g_00000480,3,0,16,1160.0,,15.0
simu5g_00000480,3,0,17,1160.0,,15.0
simu5g_00000480,3,0,18,1160.0,,15.0
simu5g_00000480,3,0,19,1160.0,,15.0
simu5g_00000480,3,0,20,1160.0,,15.0
simu5g_00000480,3,0,21,1128.0,,14.0
simu5g_00000480,3,0,22,1128.0,,14.0
simu5g_00000480,3,0,23,1160.0,,15.0
simu5g_00000480,3,0,24,1128.0,,14.0
simu5g_00000480,4,1,0,888.0,,12.0
simu5g_00000480,4,1,1,608.0,,9.0
simu5g_00000480,4,1,2,984.0,,13.0
simu5g_00000480,4,1,3,224.0,,4.0
simu5g_00000480,4,1,4,888.0,,12.0
simu5g_00000480,4,1,5,984.0,,13.0
simu5g_00000480,4,1,6,984.0,,13.0
simu5g_00000480,4,1,7,368.0,,6.0
simu5g_00000480,4,1,8,528.0,,8.0
simu5g_00000480,4,1,9,888.0,,12.0
simu5g_00000480,4,1,10,808.0,,11.0
simu5g_00000480,4,1,11,984.0,,13.0
simu5g_00000480,4,1,12,984.0,,13.0
simu5g_00000480,4,1,13,808.0,,11.0
simu5g_00000480,4,1,14,984.0,,13.0
simu5g_00000480,4,1,15,608.0,,9.0
simu5g_00000480,4,1,16,608.0,,9.0
simu5g_00000480,4,1,17,704.0,,10.0
simu5g_00000480,4,1,18,1128.0,,14.0
simu5g_00000480,4,1,19,984.0,,13.0
simu5g_00000480,4,1,20,808.0,,11.0
simu5g_00000480,4,1,21,608.0,,9.0
simu5g_00000480,4,1,22,984.0,,13.0
simu5g_00000480,4,1,23,984.0,,13.0
simu5g_00000480,4,1,24,704.0,,10.0
simu5g_00000480,5,2,0,1128.0,,14.0
simu5g_00000480,5,2,1,1128.0,,14.0
simu5g_00000480,5,2,2,1128.0,,14.0
simu5g_00000480,5,2,3,984.0,,13.0
simu5g_00000480,5,2,4,1160.0,,15.0
simu5g_00000480,5,2,5,1128.0,,14.0
simu5g_00000480,5,2,6,1128.0,,14.0
simu5g_00000480,5,2,7,1128.0,,14.0
simu5g_00000480,5,2,8,1128.0,,14.0
simu5g_00000480,5,2,9,1160.0,,15.0
simu5g_00000480,5,2,10,1160.0,,15.0
simu5g_00000480,5,2,11,1128.0,,14.0
simu5g_00000480,5,2,12,1128.0,,14.0
simu5g_00000480,5,2,13,984.0,,13.0
simu5g_00000480,5,2,14,984.0,,13.0
simu5g_00000480,5,2,15,984.0,,13.0
simu5g_00000480,5,2,16,528.0,,8.0
simu5g_00000480,5,2,17,1160.0,,15.0
simu5g_00000480,5,2,18,1160.0,,15.0
simu5g_00000480,5,2,19,1128.0,,14.0
simu5g_00000480,5,2,20,1128.0,,14.0
simu5g_00000480,5,2,21,888.0,,12.0
simu5g_00000480,5,2,22,1160.0,,15.0
simu5g_00000480,5,2,23,984.0,,13.0
simu5g_00000480,5,2,24,1128.0,,14.0
simu5g_00000481,0,0,0,1160.0,,15.0
simu5g_00000481,0,0,1,888.0,,12.0
simu5g_00000481,0,0,2,1160.0,,15.0
simu5g_00000481,0,0,3,1128.0,,14.0
simu5g_00000481,0,0,4,1160.0,,15.0
simu5g_00000481,0,0,5,1128.0,,14.0
simu5g_00000481,0,0,6,1160.0,,15.0
simu5g_00000481,0,0,7,1160.0,,15.0
simu5g_00000481,0,0,8,1128.0,,14.0
simu5g_00000481,0,0,9,1160.0,,15.0
simu5g_00000481,0,0,10,1160.0,,15.0
simu5g_00000481,0,0,11,1160.0,,15.0
simu5g_00000481,0,0,12,1160.0,,15.0
simu5g_00000481,0,0,13,1160.0,,15.0
simu5g_00000481,0,0,14,1160.0,,15.0
simu5g_00000481,0,0,15,1160.0,,15.0
simu5g_00000481,0,0,16,1160.0,,15.0
simu5g_00000481,0,0,17,1160.0,,15.0
simu5g_00000481,0,0,18,1160.0,,15.0
simu5g_00000481,0,0,19,1160.0,,15.0
simu5g_00000481,0,0,20,1160.0,,15.0
simu5g_00000481,0,0,21,1128.0,,14.0
simu5g_00000481,0,0,22,1160.0,,15.0
simu5g_00000481,0,0,23,1160.0,,15.0
simu5g_00000481,0,0,24,1160.0,,15.0
simu5g_00000481,1,1,0,1160.0,,15.0
simu5g_00000481,1,1,1,1160.0,,15.0
simu5g_00000481,1,1,2,1160.0,,15.0
simu5g_00000481,1,1,3,1160.0,,15.0
simu5g_00000481,1,1,4,1160.0,,15.0
simu5g_00000481,1,1,5,1160.0,,15.0
simu5g_00000481,1,1,6,1160.0,,15.0
simu5g_00000481,1,1,7,1128.0,,14.0
simu5g_00000481,1,1,8,1128.0,,14.0
simu5g_00000481,1,1,9,1160.0,,15.0
simu5g_00000481,1,1,10,1160.0,,15.0
simu5g_00000481,1,1,11,1160.0,,15.0
simu5g_00000481,1,1,12,1160.0,,15.0
simu5g_00000481,1,1,13,1160.0,,15.0
simu5g_00000481,1,1,14,1160.0,,15.0
simu5g_00000481,1,1,15,1160.0,,15.0
simu5g_00000481,1,1,16,1160.0,,15.0
simu5g_00000481,1,1,17,1160.0,,15.0
simu5g_00000481,1,1,18,1160.0,,15.0
simu5g_00000481,1,1,19,1160.0,,15.0
simu5g_00000481,1,1,20,1160.0,,15.0
simu5g_00000481,1,1,21,984.0,,13.0
simu5g_00000481,1,1,22,1160.0,,15.0
simu5g_00000481,1,1,23,1160.0,,15.0
simu5g_00000481,1,1,24,1160.0,,15.0
simu5g_00000481,15,2,0,1160.0,,15.0
simu5g_00000481,15,2,1,1160.0,,15.0
simu5g_00000481,15,2,2,1160.0,,15.0
simu5g_00000481,15,2,3,1160.0,,15.0
simu5g_00000481,15,2,4,1160.0,,15.0
simu5g_00000481,15,2,5,1128.0,,14.0
simu5g_00000481,15,2,6,1160.0,,15.0
simu5g_00000481,15,2,7,1160.0,,15.0
simu5g_00000481,15,2,8,1160.0,,15.0
simu5g_00000481,15,2,9,1160.0,,15.0
simu5g_00000481,15,2,10,1160.0,,15.0
simu5g_00000481,15,2,11,1160.0,,15.0
simu5g_00000481,15,2,12,1160.0,,15.0
simu5g_00000481,15,2,13,1160.0,,15.0
simu5g_00000481,15,2,14,1160.0,,15.0
simu5g_00000481,15,2,15,1160.0,,15.0
simu5g_00000481,15,2,16,1160.0,,15.0
simu5g_00000481,15,2,17,1160.0,,15.0
simu5g_00000481,15,2,18,1160.0,,15.0
simu5g_00000481,15,2,19,1160.0,,15.0
simu5g_00000481,15,2,20,1160.0,,15.0
simu5g_00000481,15,2,21,1160.0,,15.0
simu5g_00000481,15,2,22,1160.0,,15.0
simu5g_00000481,15,2,23,1160.0,,15.0
simu5g_00000481,15,2,24,1160.0,,15.0
simu5g_00000481,2,3,0,1128.0,,14.0
simu5g_00000481,2,3,1,1160.0,,15.0
simu5g_00000481,2,3,2,1128.0,,14.0
simu5g_00000481,2,3,3,1160.0,,15.0
simu5g_00000481,2,3,4,1128.0,,14.0
simu5g_00000481,2,3,5,984.0,,13.0
simu5g_00000481,2,3,6,1128.0,,14.0
simu5g_00000481,2,3,7,608.0,,9.0
simu5g_00000481,2,3,8,1160.0,,15.0
simu5g_00000481,2,3,9,1128.0,,14.0
simu5g_00000481,2,3,10,1128.0,,14.0
simu5g_00000481,2,3,11,888.0,,12.0
simu5g_00000481,2,3,12,984.0,,13.0
simu5g_00000481,2,3,13,1160.0,,15.0
simu5g_00000481,2,3,14,1160.0,,15.0
simu5g_00000481,2,3,15,1160.0,,15.0
simu5g_00000481,2,3,16,984.0,,13.0
simu5g_00000481,2,3,17,1128.0,,14.0
simu5g_00000481,2,3,18,1128.0,,14.0
simu5g_00000481,2,3,19,1160.0,,15.0
simu5g_00000481,2,3,20,1128.0,,14.0
simu5g_00000481,2,3,21,1128.0,,14.0
simu5g_00000481,2,3,22,984.0,,13.0
simu5g_00000481,2,3,23,1160.0,,15.0
simu5g_00000481,2,3,24,984.0,,13.0
simu5g_00000481,31,4,0,1160.0,,15.0
simu5g_00000481,31,4,1,1128.0,,14.0
simu5g_00000481,31,4,2,1160.0,,15.0
simu5g_00000481,31,4,3,1160.0,,15.0
simu5g_00000481,31,4,4,1160.0,,15.0
simu5g_00000481,31,4,5,1160.0,,15.0
simu5g_00000481,31,4,6,1160.0,,15.0
simu5g_00000481,31,4,7,1160.0,,15.0
simu5g_00000481,31,4,8,1160.0,,15.0
simu5g_00000481,31,4,9,1160.0,,15.0
simu5g_00000481,31,4,10,1160.0,,15.0
simu5g_00000481,31,4,11,1160.0,,15.0
simu5g_00000481,31,4,12,888.0,,12.0
simu5g_00000481,31,4,13,1160.0,,15.0
simu5g_00000481,31,4,14,1160.0,,15.0
simu5g_00000481,31,4,15,1160.0,,15.0
simu5g_00000481,31,4,16,1160.0,,15.0
simu5g_00000481,31,4,17,1160.0,,15.0
simu5g_00000481,31,4,18,1160.0,,15.0
simu5g_00000481,31,4,19,1160.0,,15.0
simu5g_00000481,31,4,20,1128.0,,14.0
simu5g_00000481,31,4,21,1160.0,,15.0
simu5g_00000481,31,4,22,1160.0,,15.0
simu5g_00000481,31,4,23,1160.0,,15.0
simu5g_00000481,31,4,24,1160.0,,15.0
simu5g_00000482,3,0,0,1128.0,,14.0
simu5g_00000482,3,0,1,1160.0,,15.0
simu5g_00000482,3,0,2,1128.0,,14.0
simu5g_00000482,3,0,3,1160.0,,15.0
simu5g_00000482,3,0,4,1160.0,,15.0
simu5g_00000482,3,0,5,1160.0,,15.0
simu5g_00000482,3,0,6,1160.0,,15.0
simu5g_00000482,3,0,7,1160.0,,15.0
simu5g_00000482,3,0,8,888.0,,12.0
simu5g_00000482,3,0,9,888.0,,12.0
simu5g_00000482,3,0,10,1160.0,,15.0
simu5g_00000482,3,0,11,1128.0,,14.0
simu5g_00000482,3,0,12,1160.0,,15.0
simu5g_00000482,3,0,13,1160.0,,15.0
simu5g_00000482,3,0,14,1160.0,,15.0
simu5g_00000482,3,0,15,1160.0,,15.0
simu5g_00000482,3,0,16,1160.0,,15.0
simu5g_00000482,3,0,17,1160.0,,15.0
simu5g_00000482,3,0,18,1160.0,,15.0
simu5g_00000482,3,0,19,1160.0,,15.0
simu5g_00000482,3,0,20,1160.0,,15.0
simu5g_00000482,3,0,21,1128.0,,14.0
simu5g_00000482,3,0,22,1128.0,,14.0
simu5g_00000482,3,0,23,1160.0,,15.0
simu5g_00000482,3,0,24,1128.0,,14.0
simu5g_00000482,4,1,0,888.0,,12.0
simu5g_00000482,4,1,1,608.0,,9.0
simu5g_00000482,4,1,2,984.0,,13.0
simu5g_00000482,4,1,3,224.0,,4.0
simu5g_00000482,4,1,4,888.0,,12.0
simu5g_00000482,4,1,5,984.0,,13.0
simu5g_00000482,4,1,6,984.0,,13.0
simu5g_00000482,4,1,7,368.0,,6.0
simu5g_00000482,4,1,8,528.0,,8.0
simu5g_00000482,4,1,9,888.0,,12.0
simu5g_00000482,4,1,10,808.0,,11.0
simu5g_00000482,4,1,11,984.0,,13.0
simu5g_00000482,4,1,12,984.0,,13.0
simu5g_00000482,4,1,13,808.0,,11.0
simu5g_00000482,4,1,14,984.0,,13.0
simu5g_00000482,4,1,15,608.0,,9.0
simu5g_00000482,4,1,16,608.0,,9.0
simu5g_00000482,4,1,17,704.0,,10.0
simu5g_00000482,4,1,18,1128.0,,14.0
simu5g_00000482,4,1,19,984.0,,13.0
simu5g_00000482,4,1,20,808.0,,11.0
simu5g_00000482,4,1,21,608.0,,9.0
simu5g_00000482,4,1,22,984.0,,13.0
simu5g_00000482,4,1,23,984.0,,13.0
simu5g_00000482,4,1,24,704.0,,10.0
simu5g_00000482,5,2,0,1128.0,,14.0
simu5g_00000482,5,2,1,1128.0,,14.0
simu5g_00000482,5,2,2,1128.0,,14.0
simu5g_00000482,5,2,3,984.0,,13.0
simu5g_00000482,5,2,4,1160.0,,15.0
simu5g_00000482,5,2,5,1128.0,,14.0
simu5g_00000482,5,2,6,1128.0,,14.0
simu5g_00000482,5,2,7,1128.0,,14.0
simu5g_00000482,5,2,8,1128.0,,14.0
simu5g_00000482,5,2,9,1160.0,,15.0
simu5g_00000482,5,2,10,1160.0,,15.0
simu5g_00000482,5,2,11,1128.0,,14.0
simu5g_00000482,5,2,12,1128.0,,14.0
simu5g_00000482,5,2,13,984.0,,13.0
simu5g_00000482,5,2,14,984.0,,13.0
simu5g_00000482,5,2,15,984.0,,13.0
simu5g_00000482,5,2,16,528.0,,8.0
simu5g_00000482,5,2,17,1160.0,,15.0
simu5g_00000482,5,2,18,1160.0,,15.0
simu5g_00000482,5,2,19,1128.0,,14.0
simu5g_00000482,5,2,20,1128.0,,14.0
simu5g_00000482,5,2,21,888.0,,12.0
simu5g_00000482,5,2,22,1160.0,,15.0
simu5g_00000482,5,2,23,984.0,,13.0
simu5g_00000482,5,2,24,1128.0,,14.0
simu5g_00000483,0,0,0,1160.0,,15.0
simu5g_00000483,0,0,1,888.0,,12.0
simu5g_00000483,0,0,2,1160.0,,15.0
simu5g_00000483,0,0,3,1128.0,,14.0
simu5g_00000483,0,0,4,1160.0,,15.0
simu5g_00000483,0,0,5,1128.0,,14.0
simu5g_00000483,0,0,6,1160.0,,15.0
simu5g_00000483,0,0,7,1160.0,,15.0
simu5g_00000483,0,0,8,1128.0,,14.0
simu5g_00000483,0,0,9,1160.0,,15.0
simu5g_00000483,0,0,10,1160.0,,15.0
simu5g_00000483,0,0,11,1160.0,,15.0
simu5g_00000483,0,0,12,1160.0,,15.0
simu5g_00000483,0,0,13,1160.0,,15.0
simu5g_00000483,0,0,14,1160.0,,15.0
simu5g_00000483,0,0,15,1160.0,,15.0
simu5g_00000483,0,0,16,1160.0,,15.0
simu5g_00000483,0,0,17,1160.0,,15.0
simu5g_00000483,0,0,18,1160.0,,15.0
simu5g_00000483,0,0,19,1160.0,,15.0
simu5g_00000483,0,0,20,1160.0,,15.0
simu5g_00000483,0,0,21,1128.0,,14.0
simu5g_00000483,0,0,22,1160.0,,15.0
simu5g_00000483,0,0,23,1160.0,,15.0
simu5g_00000483,0,0,24,1160.0,,15.0
simu5g_00000483,1,1,0,1160.0,,15.0
simu5g_00000483,1,1,1,1160.0,,15.0
simu5g_00000483,1,1,2,1160.0,,15.0
simu5g_00000483,1,1,3,1160.0,,15.0
simu5g_00000483,1,1,4,1160.0,,15.0
simu5g_00000483,1,1,5,1160.0,,15.0
simu5g_00000483,1,1,6,1160.0,,15.0
simu5g_00000483,1,1,7,1128.0,,14.0
simu5g_00000483,1,1,8,1128.0,,14.0
simu5g_00000483,1,1,9,1160.0,,15.0
simu5g_00000483,1,1,10,1160.0,,15.0
simu5g_00000483,1,1,11,1160.0,,15.0
simu5g_00000483,1,1,12,1160.0,,15.0
simu5g_00000483,1,1,13,1160.0,,15.0
simu5g_00000483,1,1,14,1160.0,,15.0
simu5g_00000483,1,1,15,1160.0,,15.0
simu5g_00000483,1,1,16,1160.0,,15.0
simu5g_00000483,1,1,17,1160.0,,15.0
simu5g_00000483,1,1,18,1160.0,,15.0
simu5g_00000483,1,1,19,1160.0,,15.0
simu5g_00000483,1,1,20,1160.0,,15.0
simu5g_00000483,1,1,21,984.0,,13.0
simu5g_00000483,1,1,22,1160.0,,15.0
simu5g_00000483,1,1,23,1160.0,,15.0
simu5g_00000483,1,1,24,1160.0,,15.0
simu5g_00000483,15,2,0,1160.0,,15.0
simu5g_00000483,15,2,1,1160.0,,15.0
simu5g_00000483,15,2,2,1160.0,,15.0
simu5g_00000483,15,2,3,1160.0,,15.0
simu5g_00000483,15,2,4,1160.0,,15.0
simu5g_00000483,15,2,5,1128.0,,14.0
simu5g_00000483,15,2,6,1160.0,,15.0
simu5g_00000483,15,2,7,1160.0,,15.0
simu5g_00000483,15,2,8,1160.0,,15.0
simu5g_00000483,15,2,9,1160.0,,15.0
simu5g_00000483,15,2,10,1160.0,,15.0
simu5g_00000483,15,2,11,1160.0,,15.0
simu5g_00000483,15,2,12,1160.0,,15.0
simu5g_00000483,15,2,13,1160.0,,15.0
simu5g_00000483,15,2,14,1160.0,,15.0
simu5g_00000483,15,2,15,1160.0,,15.0
simu5g_00000483,15,2,16,1160.0,,15.0
simu5g_00000483,15,2,17,1160.0,,15.0
simu5g_00000483,15,2,18,1160.0,,15.0
simu5g_00000483,15,2,19,1160.0,,15.0
simu5g_00000483,15,2,20,1160.0,,15.0
simu5g_00000483,15,2,21,1160.0,,15.0
simu5g_00000483,15,2,22,1160.0,,15.0
simu5g_00000483,15,2,23,1160.0,,15.0
simu5g_00000483,15,2,24,1160.0,,15.0
simu5g_00000483,2,3,0,1128.0,,14.0
simu5g_00000483,2,3,1,1160.0,,15.0
simu5g_00000483,2,3,2,1128.0,,14.0
simu5g_00000483,2,3,3,1160.0,,15.0
simu5g_00000483,2,3,4,1128.0,,14.0
simu5g_00000483,2,3,5,984.0,,13.0
simu5g_00000483,2,3,6,1128.0,,14.0
simu5g_00000483,2,3,7,704.0,,10.0
simu5g_00000483,2,3,8,1160.0,,15.0
simu5g_00000483,2,3,9,1160.0,,15.0
simu5g_00000483,2,3,10,1128.0,,14.0
simu5g_00000483,2,3,11,888.0,,12.0
simu5g_00000483,2,3,12,984.0,,13.0
simu5g_00000483,2,3,13,1160.0,,15.0
simu5g_00000483,2,3,14,1160.0,,15.0
simu5g_00000483,2,3,15,1160.0,,15.0
simu5g_00000483,2,3,16,984.0,,13.0
simu5g_00000483,2,3,17,1128.0,,14.0
simu5g_00000483,2,3,18,1128.0,,14.0
simu5g_00000483,2,3,19,1160.0,,15.0
simu5g_00000483,2,3,20,1160.0,,15.0
simu5g_00000483,2,3,21,1128.0,,14.0
simu5g_00000483,2,3,22,984.0,,13.0
simu5g_00000483,2,3,23,1160.0,,15.0
simu5g_00000483,2,3,24,984.0,,13.0
simu5g_00000483,31,4,0,1128.0,,14.0
simu5g_00000483,31,4,1,1128.0,,14.0
simu5g_00000483,31,4,2,1160.0,,15.0
simu5g_00000483,31,4,3,1160.0,,15.0
simu5g_00000483,31,4,4,1160.0,,15.0
simu5g_00000483,31,4,5,1160.0,,15.0
simu5g_00000483,31,4,6,1160.0,,15.0
simu5g_00000483,31,4,7,1160.0,,15.0
simu5g_00000483,31,4,8,1160.0,,15.0
simu5g_00000483,31,4,9,1160.0,,15.0
simu5g_00000483,31,4,10,1160.0,,15.0
simu5g_00000483,31,4,11,1160.0,,15.0
simu5g_00000483,31,4,12,888.0,,12.0
simu5g_00000483,31,4,13,1160.0,,15.0
simu5g_00000483,31,4,14,1160.0,,15.0
simu5g_00000483,31,4,15,1160.0,,15.0
simu5g_00000483,31,4,16,1160.0,,15.0
simu5g_00000483,31,4,17,1160.0,,15.0
simu5g_00000483,31,4,18,1160.0,,15.0
simu5g_00000483,31,4,19,1160.0,,15.0
simu5g_00000483,31,4,20,1128.0,,14.0
simu5g_00000483,31,4,21,1160.0,,15.0
simu5g_00000483,31,4,22,1160.0,,15.0
simu5g_00000483,31,4,23,1160.0,,15.0
simu5g_00000483,31,4,24,1160.0,,15.0
simu5g_00000484,3,0,0,1128.0,,14.0
simu5g_00000484,3,0,1,1160.0,,15.0
simu5g_00000484,3,0,2,1128.0,,14.0
simu5g_00000484,3,0,3,1160.0,,15.0
simu5g_00000484,3,0,4,1160.0,,15.0
simu5g_00000484,3,0,5,1160.0,,15.0
simu5g_00000484,3,0,6,1160.0,,15.0
simu5g_00000484,3,0,7,1160.0,,15.0
simu5g_00000484,3,0,8,888.0,,12.0
simu5g_00000484,3,0,9,888.0,,12.0
simu5g_00000484,3,0,10,1160.0,,15.0
simu5g_00000484,3,0,11,1128.0,,14.0
simu5g_00000484,3,0,12,1160.0,,15.0
simu5g_00000484,3,0,13,1160.0,,15.0
simu5g_00000484,3,0,14,1160.0,,15.0
simu5g_00000484,3,0,15,1160.0,,15.0
simu5g_00000484,3,0,16,1160.0,,15.0
simu5g_00000484,3,0,17,1160.0,,15.0
simu5g_00000484,3,0,18,1160.0,,15.0
simu5g_00000484,3,0,19,1160.0,,15.0
simu5g_00000484,3,0,20,1160.0,,15.0
simu5g_00000484,3,0,21,1128.0,,14.0
simu5g_00000484,3,0,22,1128.0,,14.0
simu5g_00000484,3,0,23,1160.0,,15.0
simu5g_00000484,3,0,24,1128.0,,14.0
simu5g_00000484,4,1,0,888.0,,12.0
simu5g_00000484,4,1,1,608.0,,9.0
simu5g_00000484,4,1,2,984.0,,13.0
simu5g_00000484,4,1,3,224.0,,4.0
simu5g_00000484,4,1,4,888.0,,12.0
simu5g_00000484,4,1,5,984.0,,13.0
simu5g_00000484,4,1,6,984.0,,13.0
simu5g_00000484,4,1,7,368.0,,6.0
simu5g_00000484,4,1,8,608.0,,9.0
simu5g_00000484,4,1,9,888.0,,12.0
simu5g_00000484,4,1,10,808.0,,11.0
simu5g_00000484,4,1,11,984.0,,13.0
simu5g_00000484,4,1,12,984.0,,13.0
simu5g_00000484,4,1,13,808.0,,11.0
simu5g_00000484,4,1,14,984.0,,13.0
simu5g_00000484,4,1,15,608.0,,9.0
simu5g_00000484,4,1,16,608.0,,9.0
simu5g_00000484,4,1,17,704.0,,10.0
simu5g_00000484,4,1,18,1128.0,,14.0
simu5g_00000484,4,1,19,984.0,,13.0
simu5g_00000484,4,1,20,808.0,,11.0
simu5g_00000484,4,1,21,608.0,,9.0
simu5g_00000484,4,1,22,984.0,,13.0
simu5g_00000484,4,1,23,984.0,,13.0
simu5g_00000484,4,1,24,704.0,,10.0
simu5g_00000484,5,2,0,1128.0,,14.0
simu5g_00000484,5,2,1,1128.0,,14.0
simu5g_00000484,5,2,2,1128.0,,14.0
simu5g_00000484,5,2,3,984.0,,13.0
simu5g_00000484,5,2,4,1160.0,,15.0
simu5g_00000484,5,2,5,1128.0,,14.0
simu5g_00000484,5,2,6,1128.0,,14.0
simu5g_00000484,5,2,7,1128.0,,14.0
simu5g_00000484,5,2,8,1128.0,,14.0
simu5g_00000484,5,2,9,1160.0,,15.0
simu5g_00000484,5,2,10,1160.0,,15.0
simu5g_00000484,5,2,11,1128.0,,14.0
simu5g_00000484,5,2,12,1128.0,,14.0
simu5g_00000484,5,2,13,984.0,,13.0
simu5g_00000484,5,2,14,984.0,,13.0
simu5g_00000484,5,2,15,984.0,,13.0
simu5g_00000484,5,2,16,528.0,,8.0
simu5g_00000484,5,2,17,1160.0,,15.0
simu5g_00000484,5,2,18,1160.0,,15.0
simu5g_00000484,5,2,19,1128.0,,14.0
simu5g_00000484,5,2,20,1128.0,,14.0
simu5g_00000484,5,2,21,888.0,,12.0
simu5g_00000484,5,2,22,1160.0,,15.0
simu5g_00000484,5,2,23,984.0,,13.0
simu5g_00000484,5,2,24,1128.0,,14.0
simu5g_00000485,0,0,0,1160.0,,15.0
simu5g_00000485,0,0,1,888.0,,12.0
simu5g_00000485,0,0,2,1160.0,,15.0
simu5g_00000485,0,0,3,1128.0,,14.0
simu5g_00000485,0,0,4,1160.0,,15.0
simu5g_00000485,0,0,5,1128.0,,14.0
simu5g_00000485,0,0,6,1160.0,,15.0
simu5g_00000485,0,0,7,1160.0,,15.0
simu5g_00000485,0,0,8,1128.0,,14.0
simu5g_00000485,0,0,9,1160.0,,15.0
simu5g_00000485,0,0,10,1160.0,,15.0
simu5g_00000485,0,0,11,1160.0,,15.0
simu5g_00000485,0,0,12,1160.0,,15.0
simu5g_00000485,0,0,13,1160.0,,15.0
simu5g_00000485,0,0,14,1160.0,,15.0
simu5g_00000485,0,0,15,1160.0,,15.0
simu5g_00000485,0,0,16,1160.0,,15.0
simu5g_00000485,0,0,17,1160.0,,15.0
simu5g_00000485,0,0,18,1160.0,,15.0
simu5g_00000485,0,0,19,1160.0,,15.0
simu5g_00000485,0,0,20,1160.0,,15.0
simu5g_00000485,0,0,21,1128.0,,14.0
simu5g_00000485,0,0,22,1160.0,,15.0
simu5g_00000485,0,0,23,1160.0,,15.0
simu5g_00000485,0,0,24,1160.0,,15.0
simu5g_00000485,1,1,0,1160.0,,15.0
simu5g_00000485,1,1,1,1128.0,,14.0
simu5g_00000485,1,1,2,1128.0,,14.0
simu5g_00000485,1,1,3,1160.0,,15.0
simu5g_00000485,1,1,4,1128.0,,14.0
simu5g_00000485,1,1,5,1160.0,,15.0
simu5g_00000485,1,1,6,1128.0,,14.0
simu5g_00000485,1,1,7,888.0,,12.0
simu5g_00000485,1,1,8,808.0,,11.0
simu5g_00000485,1,1,9,1160.0,,15.0
simu5g_00000485,1,1,10,1128.0,,14.0
simu5g_00000485,1,1,11,1128.0,,14.0
simu5g_00000485,1,1,12,1128.0,,14.0
simu5g_00000485,1,1,13,1160.0,,15.0
simu5g_00000485,1,1,14,1160.0,,15.0
simu5g_00000485,1,1,15,1160.0,,15.0
simu5g_00000485,1,1,16,1128.0,,14.0
simu5g_00000485,1,1,17,1128.0,,14.0
simu5g_00000485,1,1,18,1128.0,,14.0
simu5g_00000485,1,1,19,1160.0,,15.0
simu5g_00000485,1,1,20,1160.0,,15.0
simu5g_00000485,1,1,21,704.0,,10.0
simu5g_00000485,1,1,22,1160.0,,15.0
simu5g_00000485,1,1,23,984.0,,13.0
simu5g_00000485,1,1,24,1128.0,,14.0
simu5g_00000485,15,2,0,1160.0,,15.0
simu5g_00000485,15,2,1,1160.0,,15.0
simu5g_00000485,15,2,2,1160.0,,15.0
simu5g_00000485,15,2,3,1160.0,,15.0
simu5g_00000485,15,2,4,1160.0,,15.0
simu5g_00000485,15,2,5,1128.0,,14.0
simu5g_00000485,15,2,6,1160.0,,15.0
simu5g_00000485,15,2,7,1160.0,,15.0
simu5g_00000485,15,2,8,1160.0,,15.0
simu5g_00000485,15,2,9,1160.0,,15.0
simu5g_00000485,15,2,10,1160.0,,15.0
simu5g_00000485,15,2,11,1160.0,,15.0
simu5g_00000485,15,2,12,1160.0,,15.0
simu5g_00000485,15,2,13,1160.0,,15.0
simu5g_00000485,15,2,14,1160.0,,15.0
simu5g_00000485,15,2,15,1160.0,,15.0
simu5g_00000485,15,2,16,1160.0,,15.0
simu5g_00000485,15,2,17,1160.0,,15.0
simu5g_00000485,15,2,18,1160.0,,15.0
simu5g_00000485,15,2,19,1160.0,,15.0
simu5g_00000485,15,2,20,1160.0,,15.0
simu5g_00000485,15,2,21,1160.0,,15.0
simu5g_00000485,15,2,22,1160.0,,15.0
simu5g_00000485,15,2,23,1160.0,,15.0
simu5g_00000485,15,2,24,1160.0,,15.0
simu5g_00000485,2,3,0,1128.0,,14.0
simu5g_00000485,2,3,1,1160.0,,15.0
simu5g_00000485,2,3,2,1128.0,,14.0
simu5g_00000485,2,3,3,1160.0,,15.0
simu5g_00000485,2,3,4,1128.0,,14.0
simu5g_00000485,2,3,5,984.0,,13.0
simu5g_00000485,2,3,6,1128.0,,14.0
simu5g_00000485,2,3,7,704.0,,10.0
simu5g_00000485,2,3,8,1160.0,,15.0
simu5g_00000485,2,3,9,1160.0,,15.0
simu5g_00000485,2,3,10,1128.0,,14.0
simu5g_00000485,2,3,11,888.0,,12.0
simu5g_00000485,2,3,12,984.0,,13.0
simu5g_00000485,2,3,13,1160.0,,15.0
simu5g_00000485,2,3,14,1160.0,,15.0
simu5g_00000485,2,3,15,1160.0,,15.0
simu5g_00000485,2,3,16,984.0,,13.0
simu5g_00000485,2,3,17,1128.0,,14.0
simu5g_00000485,2,3,18,1128.0,,14.0
simu5g_00000485,2,3,19,1160.0,,15.0
simu5g_00000485,2,3,20,1160.0,,15.0
simu5g_00000485,2,3,21,1128.0,,14.0
simu5g_00000485,2,3,22,984.0,,13.0
simu5g_00000485,2,3,23,1160.0,,15.0
simu5g_00000485,2,3,24,984.0,,13.0
simu5g_00000485,31,4,0,1160.0,,15.0
simu5g_00000485,31,4,1,1128.0,,14.0
simu5g_00000485,31,4,2,1160.0,,15.0
simu5g_00000485,31,4,3,1160.0,,15.0
simu5g_00000485,31,4,4,1160.0,,15.0
simu5g_00000485,31,4,5,1160.0,,15.0
simu5g_00000485,31,4,6,1160.0,,15.0
simu5g_00000485,31,4,7,1160.0,,15.0
simu5g_00000485,31,4,8,1160.0,,15.0
simu5g_00000485,31,4,9,1160.0,,15.0
simu5g_00000485,31,4,10,1160.0,,15.0
simu5g_00000485,31,4,11,1160.0,,15.0
simu5g_00000485,31,4,12,984.0,,13.0
simu5g_00000485,31,4,13,1160.0,,15.0
simu5g_00000485,31,4,14,1160.0,,15.0
simu5g_00000485,31,4,15,1160.0,,15.0
simu5g_00000485,31,4,16,1160.0,,15.0
simu5g_00000485,31,4,17,1160.0,,15.0
simu5g_00000485,31,4,18,1160.0,,15.0
simu5g_00000485,31,4,19,1160.0,,15.0
simu5g_00000485,31,4,20,1160.0,,15.0
simu5g_00000485,31,4,21,1160.0,,15.0
simu5g_00000485,31,4,22,1160.0,,15.0
simu5g_00000485,31,4,23,1160.0,,15.0
simu5g_00000485,31,4,24,1160.0,,15.0
simu5g_00000486,3,0,0,1128.0,,14.0
simu5g_00000486,3,0,1,1160.0,,15.0
simu5g_00000486,3,0,2,1128.0,,14.0
simu5g_00000486,3,0,3,1160.0,,15.0
simu5g_00000486,3,0,4,1160.0,,15.0
simu5g_00000486,3,0,5,1160.0,,15.0
simu5g_00000486,3,0,6,1160.0,,15.0
simu5g_00000486,3,0,7,1128.0,,14.0
simu5g_00000486,3,0,8,888.0,,12.0
simu5g_00000486,3,0,9,808.0,,11.0
simu5g_00000486,3,0,10,1160.0,,15.0
simu5g_00000486,3,0,11,1128.0,,14.0
simu5g_00000486,3,0,12,1160.0,,15.0
simu5g_00000486,3,0,13,1160.0,,15.0
simu5g_00000486,3,0,14,1160.0,,15.0
simu5g_00000486,3,0,15,1160.0,,15.0
simu5g_00000486,3,0,16,1160.0,,15.0
simu5g_00000486,3,0,17,1160.0,,15.0
simu5g_00000486,3,0,18,1160.0,,15.0
simu5g_00000486,3,0,19,1160.0,,15.0
simu5g_00000486,3,0,20,1160.0,,15.0
simu5g_00000486,3,0,21,1128.0,,14.0
simu5g_00000486,3,0,22,984.0,,13.0
simu5g_00000486,3,0,23,1160.0,,15.0
simu5g_00000486,3,0,24,984.0,,13.0
simu5g_00000486,4,1,0,888.0,,12.0
simu5g_00000486,4,1,1,608.0,,9.0
simu5g_00000486,4,1,2,984.0,,13.0
simu5g_00000486,4,1,3,224.0,,4.0
simu5g_00000486,4,1,4,888.0,,12.0
simu5g_00000486,4,1,5,984.0,,13.0
simu5g_00000486,4,1,6,984.0,,13.0
simu5g_00000486,4,1,7,368.0,,6.0
simu5g_00000486,4,1,8,608.0,,9.0
simu5g_00000486,4,1,9,888.0,,12.0
simu5g_00000486,4,1,10,808.0,,11.0
simu5g_00000486,4,1,11,984.0,,13.0
simu5g_00000486,4,1,12,984.0,,13.0
simu5g_00000486,4,1,13,808.0,,11.0
simu5g_00000486,4,1,14,984.0,,13.0
simu5g_00000486,4,1,15,608.0,,9.0
simu5g_00000486,4,1,16,608.0,,9.0
simu5g_00000486,4,1,17,808.0,,11.0
simu5g_00000486,4,1,18,1128.0,,14.0
simu5g_00000486,4,1,19,984.0,,13.0
simu5g_00000486,4,1,20,808.0,,11.0
simu5g_00000486,4,1,21,608.0,,9.0
simu5g_00000486,4,1,22,984.0,,13.0
simu5g_00000486,4,1,23,984.0,,13.0
simu5g_00000486,4,1,24,704.0,,10.0
simu5g_00000486,5,2,0,1128.0,,14.0
simu5g_00000486,5,2,1,1128.0,,14.0
simu5g_00000486,5,2,2,1128.0,,14.0
simu5g_00000486,5,2,3,984.0,,13.0
simu5g_00000486,5,2,4,1160.0,,15.0
simu5g_00000486,5,2,5,1128.0,,14.0
simu5g_00000486,5,2,6,1128.0,,14.0
simu5g_00000486,5,2,7,1128.0,,14.0
simu5g_00000486,5,2,8,1128.0,,14.0
simu5g_00000486,5,2,9,1160.0,,15.0
simu5g_00000486,5,2,10,1160.0,,15.0
simu5g_00000486,5,2,11,1128.0,,14.0
simu5g_00000486,5,2,12,1128.0,,14.0
simu5g_00000486,5,2,13,984.0,,13.0
simu5g_00000486,5,2,14,984.0,,13.0
simu5g_00000486,5,2,15,984.0,,13.0
simu5g_00000486,5,2,16,528.0,,8.0
simu5g_00000486,5,2,17,1160.0,,15.0
simu5g_00000486,5,2,18,1160.0,,15.0
simu5g_00000486,5,2,19,1128.0,,14.0
simu5g_00000486,5,2,20,1128.0,,14.0
simu5g_00000486,5,2,21,888.0,,12.0
simu5g_00000486,5,2,22,1160.0,,15.0
simu5g_00000486,5,2,23,984.0,,13.0
simu5g_00000486,5,2,24,1128.0,,14.0
simu5g_00000487,0,0,0,1160.0,,15.0
simu5g_00000487,0,0,1,704.0,,10.0
simu5g_00000487,0,0,2,1160.0,,15.0
simu5g_00000487,0,0,3,1128.0,,14.0
simu5g_00000487,0,0,4,1160.0,,15.0
simu5g_00000487,0,0,5,1128.0,,14.0
simu5g_00000487,0,0,6,1128.0,,14.0
simu5g_00000487,0,0,7,1160.0,,15.0
simu5g_00000487,0,0,8,984.0,,13.0
simu5g_00000487,0,0,9,1160.0,,15.0
simu5g_00000487,0,0,10,1160.0,,15.0
simu5g_00000487,0,0,11,1160.0,,15.0
simu5g_00000487,0,0,12,1160.0,,15.0
simu5g_00000487,0,0,13,1160.0,,15.0
simu5g_00000487,0,0,14,1160.0,,15.0
simu5g_00000487,0,0,15,1160.0,,15.0
simu5g_00000487,0,0,16,1128.0,,14.0
simu5g_00000487,0,0,17,1160.0,,15.0
simu5g_00000487,0,0,18,1160.0,,15.0
simu5g_00000487,0,0,19,1128.0,,14.0
simu5g_00000487,0,0,20,1160.0,,15.0
simu5g_00000487,0,0,21,984.0,,13.0
simu5g_00000487,0,0,22,1160.0,,15.0
simu5g_00000487,0,0,23,1160.0,,15.0
simu5g_00000487,0,0,24,1128.0,,14.0
simu5g_00000487,1,1,0,1160.0,,15.0
simu5g_00000487,1,1,1,1128.0,,14.0
simu5g_00000487,1,1,2,1128.0,,14.0
simu5g_00000487,1,1,3,1160.0,,15.0
simu5g_00000487,1,1,4,1128.0,,14.0
simu5g_00000487,1,1,5,1160.0,,15.0
simu5g_00000487,1,1,6,1128.0,,14.0
simu5g_00000487,1,1,7,888.0,,12.0
simu5g_00000487,1,1,8,808.0,,11.0
simu5g_00000487,1,1,9,1160.0,,15.0
simu5g_00000487,1,1,10,1128.0,,14.0
simu5g_00000487,1,1,11,1128.0,,14.0
simu5g_00000487,1,1,12,1128.0,,14.0
simu5g_00000487,1,1,13,1160.0,,15.0
simu5g_00000487,1,1,14,1160.0,,15.0
simu5g_00000487,1,1,15,1160.0,,15.0
simu5g_00000487,1,1,16,1128.0,,14.0
simu5g_00000487,1,1,17,1128.0,,14.0
simu5g_00000487,1,1,18,1128.0,,14.0
simu5g_00000487,1,1,19,1160.0,,15.0
simu5g_00000487,1,1,20,1160.0,,15.0
simu5g_00000487,1,1,21,704.0,,10.0
simu5g_00000487,1,1,22,1160.0,,15.0
simu5g_00000487,1,1,23,984.0,,13.0
simu5g_00000487,1,1,24,1128.0,,14.0
simu5g_00000487,15,2,0,1160.0,,15.0
simu5g_00000487,15,2,1,1160.0,,15.0
simu5g_00000487,15,2,2,1160.0,,15.0
simu5g_00000487,15,2,3,1160.0,,15.0
simu5g_00000487,15,2,4,1160.0,,15.0
simu5g_00000487,15,2,5,1128.0,,14.0
simu5g_00000487,15,2,6,1160.0,,15.0
simu5g_00000487,15,2,7,1160.0,,15.0
simu5g_00000487,15,2,8,1160.0,,15.0
simu5g_00000487,15,2,9,1160.0,,15.0
simu5g_00000487,15,2,10,1160.0,,15.0
simu5g_00000487,15,2,11,1160.0,,15.0
simu5g_00000487,15,2,12,1160.0,,15.0
simu5g_00000487,15,2,13,1160.0,,15.0
simu5g_00000487,15,2,14,1160.0,,15.0
simu5g_00000487,15,2,15,1160.0,,15.0
simu5g_00000487,15,2,16,1160.0,,15.0
simu5g_00000487,15,2,17,1160.0,,15.0
simu5g_00000487,15,2,18,1160.0,,15.0
simu5g_00000487,15,2,19,1160.0,,15.0
simu5g_00000487,15,2,20,1160.0,,15.0
simu5g_00000487,15,2,21,1160.0,,15.0
simu5g_00000487,15,2,22,1160.0,,15.0
simu5g_00000487,15,2,23,1160.0,,15.0
simu5g_00000487,15,2,24,1160.0,,15.0
simu5g_00000487,2,3,0,984.0,,13.0
simu5g_00000487,2,3,1,1160.0,,15.0
simu5g_00000487,2,3,2,984.0,,13.0
simu5g_00000487,2,3,3,1128.0,,14.0
simu5g_00000487,2,3,4,984.0,,13.0
simu5g_00000487,2,3,5,888.0,,12.0
simu5g_00000487,2,3,6,984.0,,13.0
simu5g_00000487,2,3,7,528.0,,8.0
simu5g_00000487,2,3,8,1128.0,,14.0
simu5g_00000487,2,3,9,1128.0,,14.0
simu5g_00000487,2,3,10,1128.0,,14.0
simu5g_00000487,2,3,11,608.0,,9.0
simu5g_00000487,2,3,12,984.0,,13.0
simu5g_00000487,2,3,13,1128.0,,14.0
simu5g_00000487,2,3,14,1128.0,,14.0
simu5g_00000487,2,3,15,1128.0,,14.0
simu5g_00000487,2,3,16,808.0,,11.0
simu5g_00000487,2,3,17,984.0,,13.0
simu5g_00000487,2,3,18,984.0,,13.0
simu5g_00000487,2,3,19,1128.0,,14.0
simu5g_00000487,2,3,20,1128.0,,14.0
simu5g_00000487,2,3,21,984.0,,13.0
simu5g_00000487,2,3,22,888.0,,12.0
simu5g_00000487,2,3,23,1128.0,,14.0
simu5g_00000487,2,3,24,808.0,,11.0
simu5g_00000487,31,4,0,1160.0,,15.0
simu5g_00000487,31,4,1,1128.0,,14.0
simu5g_00000487,31,4,2,1160.0,,15.0
simu5g_00000487,31,4,3,1160.0,,15.0
simu5g_00000487,31,4,4,1160.0,,15.0
simu5g_00000487,31,4,5,1160.0,,15.0
simu5g_00000487,31,4,6,1160.0,,15.0
simu5g_00000487,31,4,7,1160.0,,15.0
simu5g_00000487,31,4,8,1160.0,,15.0
simu5g_00000487,31,4,9,1160.0,,15.0
simu5g_00000487,31,4,10,1160.0,,15.0
simu5g_00000487,31,4,11,1160.0,,15.0
simu5g_00000487,31,4,12,888.0,,12.0
simu5g_00000487,31,4,13,1160.0,,15.0
simu5g_00000487,31,4,14,1160.0,,15.0
simu5g_00000487,31,4,15,1160.0,,15.0
simu5g_00000487,31,4,16,1160.0,,15.0
simu5g_00000487,31,4,17,1160.0,,15.0
simu5g_00000487,31,4,18,1160.0,,15.0
simu5g_00000487,31,4,19,1160.0,,15.0
simu5g_00000487,31,4,20,1160.0,,15.0
simu5g_00000487,31,4,21,1160.0,,15.0
simu5g_00000487,31,4,22,1160.0,,15.0
simu5g_00000487,31,4,23,1160.0,,15.0
simu5g_00000487,31,4,24,1160.0,,15.0
simu5g_00000488,3,0,0,1128.0,,14.0
simu5g_00000488,3,0,1,1160.0,,15.0
simu5g_00000488,3,0,2,1128.0,,14.0
simu5g_00000488,3,0,3,1160.0,,15.0
simu5g_00000488,3,0,4,1160.0,,15.0
simu5g_00000488,3,0,5,1160.0,,15.0
simu5g_00000488,3,0,6,1160.0,,15.0
simu5g_00000488,3,0,7,1128.0,,14.0
simu5g_00000488,3,0,8,888.0,,12.0
simu5g_00000488,3,0,9,808.0,,11.0
simu5g_00000488,3,0,10,1160.0,,15.0
simu5g_00000488,3,0,11,1128.0,,14.0
simu5g_00000488,3,0,12,1160.0,,15.0
simu5g_00000488,3,0,13,1160.0,,15.0
simu5g_00000488,3,0,14,1160.0,,15.0
simu5g_00000488,3,0,15,1160.0,,15.0
simu5g_00000488,3,0,16,1160.0,,15.0
simu5g_00000488,3,0,17,1160.0,,15.0
simu5g_00000488,3,0,18,1160.0,,15.0
simu5g_00000488,3,0,19,1160.0,,15.0
simu5g_00000488,3,0,20,1160.0,,15.0
simu5g_00000488,3,0,21,1128.0,,14.0
simu5g_00000488,3,0,22,984.0,,13.0
simu5g_00000488,3,0,23,1160.0,,15.0
simu5g_00000488,3,0,24,984.0,,13.0
simu5g_00000488,4,1,0,984.0,,13.0
simu5g_00000488,4,1,1,808.0,,11.0
simu5g_00000488,4,1,2,1128.0,,14.0
simu5g_00000488,4,1,3,368.0,,6.0
simu5g_00000488,4,1,4,984.0,,13.0
simu5g_00000488,4,1,5,1128.0,,14.0
simu5g_00000488,4,1,6,1128.0,,14.0
simu5g_00000488,4,1,7,432.0,,7.0
simu5g_00000488,4,1,8,704.0,,10.0
simu5g_00000488,4,1,9,984.0,,13.0
simu5g_00000488,4,1,10,984.0,,13.0
simu5g_00000488,4,1,11,984.0,,13.0
simu5g_00000488,4,1,12,1128.0,,14.0
simu5g_00000488,4,1,13,984.0,,13.0
simu5g_00000488,4,1,14,1128.0,,14.0
simu5g_00000488,4,1,15,808.0,,11.0
simu5g_00000488,4,1,16,808.0,,11.0
simu5g_00000488,4,1,17,888.0,,12.0
simu5g_00000488,4,1,18,1128.0,,14.0
simu5g_00000488,4,1,19,1128.0,,14.0
simu5g_00000488,4,1,20,984.0,,13.0
simu5g_00000488,4,1,21,808.0,,11.0
simu5g_00000488,4,1,22,1128.0,,14.0
simu5g_00000488,4,1,23,1128.0,,14.0
simu5g_00000488,4,1,24,888.0,,12.0
simu5g_00000488,5,2,0,1128.0,,14.0
simu5g_00000488,5,2,1,1128.0,,14.0
simu5g_00000488,5,2,2,1128.0,,14.0
simu5g_00000488,5,2,3,984.0,,13.0
simu5g_00000488,5,2,4,1160.0,,15.0
simu5g_00000488,5,2,5,1128.0,,14.0
simu5g_00000488,5,2,6,1128.0,,14.0
simu5g_00000488,5,2,7,1128.0,,14.0
simu5g_00000488,5,2,8,1128.0,,14.0
simu5g_00000488,5,2,9,1160.0,,15.0
simu5g_00000488,5,2,10,1160.0,,15.0
simu5g_00000488,5,2,11,1128.0,,14.0
simu5g_00000488,5,2,12,1128.0,,14.0
simu5g_00000488,5,2,13,984.0,,13.0
simu5g_00000488,5,2,14,984.0,,13.0
simu5g_00000488,5,2,15,984.0,,13.0
simu5g_00000488,5,2,16,528.0,,8.0
simu5g_00000488,5,2,17,1160.0,,15.0
simu5g_00000488,5,2,18,1160.0,,15.0
simu5g_00000488,5,2,19,1128.0,,14.0
simu5g_00000488,5,2,20,1128.0,,14.0
simu5g_00000488,5,2,21,888.0,,12.0
simu5g_00000488,5,2,22,1160.0,,15.0
simu5g_00000488,5,2,23,984.0,,13.0
simu5g_00000488,5,2,24,1128.0,,14.0
simu5g_00000489,0,0,0,1160.0,,15.0
simu5g_00000489,0,0,1,704.0,,10.0
simu5g_00000489,0,0,2,1160.0,,15.0
simu5g_00000489,0,0,3,1128.0,,14.0
simu5g_00000489,0,0,4,1160.0,,15.0
simu5g_00000489,0,0,5,1128.0,,14.0
simu5g_00000489,0,0,6,1128.0,,14.0
simu5g_00000489,0,0,7,1160.0,,15.0
simu5g_00000489,0,0,8,984.0,,13.0
simu5g_00000489,0,0,9,1160.0,,15.0
simu5g_00000489,0,0,10,1160.0,,15.0
simu5g_00000489,0,0,11,1160.0,,15.0
simu5g_00000489,0,0,12,1160.0,,15.0
simu5g_00000489,0,0,13,1160.0,,15.0
simu5g_00000489,0,0,14,1160.0,,15.0
simu5g_00000489,0,0,15,1160.0,,15.0
simu5g_00000489,0,0,16,1128.0,,14.0
simu5g_00000489,0,0,17,1160.0,,15.0
simu5g_00000489,0,0,18,1160.0,,15.0
simu5g_00000489,0,0,19,1128.0,,14.0
simu5g_00000489,0,0,20,1160.0,,15.0
simu5g_00000489,0,0,21,984.0,,13.0
simu5g_00000489,0,0,22,1160.0,,15.0
simu5g_00000489,0,0,23,1160.0,,15.0
simu5g_00000489,0,0,24,1128.0,,14.0
simu5g_00000489,1,1,0,1160.0,,15.0
simu5g_00000489,1,1,1,1128.0,,14.0
simu5g_00000489,1,1,2,1128.0,,14.0
simu5g_00000489,1,1,3,1160.0,,15.0
simu5g_00000489,1,1,4,1128.0,,14.0
simu5g_00000489,1,1,5,1160.0,,15.0
simu5g_00000489,1,1,6,1128.0,,14.0
simu5g_00000489,1,1,7,888.0,,12.0
simu5g_00000489,1,1,8,808.0,,11.0
simu5g_00000489,1,1,9,1160.0,,15.0
simu5g_00000489,1,1,10,1128.0,,14.0
simu5g_00000489,1,1,11,1128.0,,14.0
simu5g_00000489,1,1,12,1128.0,,14.0
simu5g_00000489,1,1,13,1160.0,,15.0
simu5g_00000489,1,1,14,1160.0,,15.0
simu5g_00000489,1,1,15,1160.0,,15.0
simu5g_00000489,1,1,16,1128.0,,14.0
simu5g_00000489,1,1,17,1128.0,,14.0
simu5g_00000489,1,1,18,1128.0,,14.0
simu5g_00000489,1,1,19,1160.0,,15.0
simu5g_00000489,1,1,20,1160.0,,15.0
simu5g_00000489,1,1,21,704.0,,10.0
simu5g_00000489,1,1,22,1160.0,,15.0
simu5g_00000489,1,1,23,984.0,,13.0
simu5g_00000489,1,1,24,1128.0,,14.0
simu5g_00000489,15,2,0,1160.0,,15.0
simu5g_00000489,15,2,1,1160.0,,15.0
simu5g_00000489,15,2,2,1160.0,,15.0
simu5g_00000489,15,2,3,1160.0,,15.0
simu5g_00000489,15,2,4,1160.0,,15.0
simu5g_00000489,15,2,5,1160.0,,15.0
simu5g_00000489,15,2,6,1160.0,,15.0
simu5g_00000489,15,2,7,1160.0,,15.0
simu5g_00000489,15,2,8,1160.0,,15.0
simu5g_00000489,15,2,9,1160.0,,15.0
simu5g_00000489,15,2,10,1160.0,,15.0
simu5g_00000489,15,2,11,1160.0,,15.0
simu5g_00000489,15,2,12,1160.0,,15.0
simu5g_00000489,15,2,13,1160.0,,15.0
simu5g_00000489,15,2,14,1160.0,,15.0
simu5g_00000489,15,2,15,1160.0,,15.0
simu5g_00000489,15,2,16,1160.0,,15.0
simu5g_00000489,15,2,17,1160.0,,15.0
simu5g_00000489,15,2,18,1160.0,,15.0
simu5g_00000489,15,2,19,1160.0,,15.0
simu5g_00000489,15,2,20,1160.0,,15.0
simu5g_00000489,15,2,21,1160.0,,15.0
simu5g_00000489,15,2,22,1160.0,,15.0
simu5g_00000489,15,2,23,1160.0,,15.0
simu5g_00000489,15,2,24,1160.0,,15.0
simu5g_00000489,2,3,0,984.0,,13.0
simu5g_00000489,2,3,1,1160.0,,15.0
simu5g_00000489,2,3,2,984.0,,13.0
simu5g_00000489,2,3,3,1128.0,,14.0
simu5g_00000489,2,3,4,984.0,,13.0
simu5g_00000489,2,3,5,888.0,,12.0
simu5g_00000489,2,3,6,984.0,,13.0
simu5g_00000489,2,3,7,528.0,,8.0
simu5g_00000489,2,3,8,1128.0,,14.0
simu5g_00000489,2,3,9,1128.0,,14.0
simu5g_00000489,2,3,10,1128.0,,14.0
simu5g_00000489,2,3,11,608.0,,9.0
simu5g_00000489,2,3,12,984.0,,13.0
simu5g_00000489,2,3,13,1128.0,,14.0
simu5g_00000489,2,3,14,1128.0,,14.0
simu5g_00000489,2,3,15,1128.0,,14.0
simu5g_00000489,2,3,16,808.0,,11.0
simu5g_00000489,2,3,17,984.0,,13.0
simu5g_00000489,2,3,18,984.0,,13.0
simu5g_00000489,2,3,19,1128.0,,14.0
simu5g_00000489,2,3,20,1128.0,,14.0
simu5g_00000489,2,3,21,984.0,,13.0
simu5g_00000489,2,3,22,888.0,,12.0
simu5g_00000489,2,3,23,1128.0,,14.0
simu5g_00000489,2,3,24,808.0,,11.0
simu5g_00000489,31,4,0,1160.0,,15.0
simu5g_00000489,31,4,1,1128.0,,14.0
simu5g_00000489,31,4,2,1160.0,,15.0
simu5g_00000489,31,4,3,1160.0,,15.0
simu5g_00000489,31,4,4,1160.0,,15.0
simu5g_00000489,31,4,5,1160.0,,15.0
simu5g_00000489,31,4,6,1160.0,,15.0
simu5g_00000489,31,4,7,1160.0,,15.0
simu5g_00000489,31,4,8,1160.0,,15.0
simu5g_00000489,31,4,9,1160.0,,15.0
simu5g_00000489,31,4,10,1160.0,,15.0
simu5g_00000489,31,4,11,1160.0,,15.0
simu5g_00000489,31,4,12,888.0,,12.0
simu5g_00000489,31,4,13,1160.0,,15.0
simu5g_00000489,31,4,14,1160.0,,15.0
simu5g_00000489,31,4,15,1160.0,,15.0
simu5g_00000489,31,4,16,1160.0,,15.0
simu5g_00000489,31,4,17,1160.0,,15.0
simu5g_00000489,31,4,18,1160.0,,15.0
simu5g_00000489,31,4,19,1160.0,,15.0
simu5g_00000489,31,4,20,1160.0,,15.0
simu5g_00000489,31,4,21,1160.0,,15.0
simu5g_00000489,31,4,22,1160.0,,15.0
simu5g_00000489,31,4,23,1160.0,,15.0
simu5g_00000489,31,4,24,1160.0,,15.0
simu5g_00000490,3,0,0,1128.0,,14.0
simu5g_00000490,3,0,1,1160.0,,15.0
simu5g_00000490,3,0,2,1128.0,,14.0
simu5g_00000490,3,0,3,1160.0,,15.0
simu5g_00000490,3,0,4,1160.0,,15.0
simu5g_00000490,3,0,5,1160.0,,15.0
simu5g_00000490,3,0,6,1160.0,,15.0
simu5g_00000490,3,0,7,1128.0,,14.0
simu5g_00000490,3,0,8,888.0,,12.0
simu5g_00000490,3,0,9,808.0,,11.0
simu5g_00000490,3,0,10,1160.0,,15.0
simu5g_00000490,3,0,11,1128.0,,14.0
simu5g_00000490,3,0,12,1160.0,,15.0
simu5g_00000490,3,0,13,1160.0,,15.0
simu5g_00000490,3,0,14,1160.0,,15.0
simu5g_00000490,3,0,15,1160.0,,15.0
simu5g_00000490,3,0,16,1160.0,,15.0
simu5g_00000490,3,0,17,1160.0,,15.0
simu5g_00000490,3,0,18,1160.0,,15.0
simu5g_00000490,3,0,19,1160.0,,15.0
simu5g_00000490,3,0,20,1160.0,,15.0
simu5g_00000490,3,0,21,1128.0,,14.0
simu5g_00000490,3,0,22,984.0,,13.0
simu5g_00000490,3,0,23,1160.0,,15.0
simu5g_00000490,3,0,24,984.0,,13.0
simu5g_00000490,4,1,0,984.0,,13.0
simu5g_00000490,4,1,1,808.0,,11.0
simu5g_00000490,4,1,2,1128.0,,14.0
simu5g_00000490,4,1,3,368.0,,6.0
simu5g_00000490,4,1,4,984.0,,13.0
simu5g_00000490,4,1,5,1128.0,,14.0
simu5g_00000490,4,1,6,1128.0,,14.0
simu5g_00000490,4,1,7,432.0,,7.0
simu5g_00000490,4,1,8,704.0,,10.0
simu5g_00000490,4,1,9,984.0,,13.0
simu5g_00000490,4,1,10,984.0,,13.0
simu5g_00000490,4,1,11,984.0,,13.0
simu5g_00000490,4,1,12,1128.0,,14.0
simu5g_00000490,4,1,13,984.0,,13.0
simu5g_00000490,4,1,14,1128.0,,14.0
simu5g_00000490,4,1,15,808.0,,11.0
simu5g_00000490,4,1,16,808.0,,11.0
simu5g_00000490,4,1,17,888.0,,12.0
simu5g_00000490,4,1,18,1128.0,,14.0
simu5g_00000490,4,1,19,1128.0,,14.0
simu5g_00000490,4,1,20,984.0,,13.0
simu5g_00000490,4,1,21,808.0,,11.0
simu5g_00000490,4,1,22,1128.0,,14.0
simu5g_00000490,4,1,23,1128.0,,14.0
simu5g_00000490,4,1,24,888.0,,12.0
simu5g_00000490,5,2,0,1128.0,,14.0
simu5g_00000490,5,2,1,1128.0,,14.0
simu5g_00000490,5,2,2,1128.0,,14.0
simu5g_00000490,5,2,3,984.0,,13.0
simu5g_00000490,5,2,4,1160.0,,15.0
simu5g_00000490,5,2,5,1128.0,,14.0
simu5g_00000490,5,2,6,1128.0,,14.0
simu5g_00000490,5,2,7,1128.0,,14.0
simu5g_00000490,5,2,8,1128.0,,14.0
simu5g_00000490,5,2,9,1160.0,,15.0
simu5g_00000490,5,2,10,1160.0,,15.0
simu5g_00000490,5,2,11,1128.0,,14.0
simu5g_00000490,5,2,12,1128.0,,14.0
simu5g_00000490,5,2,13,984.0,,13.0
simu5g_00000490,5,2,14,984.0,,13.0
simu5g_00000490,5,2,15,984.0,,13.0
simu5g_00000490,5,2,16,528.0,,8.0
simu5g_00000490,5,2,17,1160.0,,15.0
simu5g_00000490,5,2,18,1160.0,,15.0
simu5g_00000490,5,2,19,1128.0,,14.0
simu5g_00000490,5,2,20,1128.0,,14.0
simu5g_00000490,5,2,21,888.0,,12.0
simu5g_00000490,5,2,22,1160.0,,15.0
simu5g_00000490,5,2,23,984.0,,13.0
simu5g_00000490,5,2,24,1128.0,,14.0
simu5g_00000490,6,3,0,1160.0,,15.0
simu5g_00000490,6,3,1,1128.0,,14.0
simu5g_00000490,6,3,2,1160.0,,15.0
simu5g_00000490,6,3,3,608.0,,9.0
simu5g_00000490,6,3,4,1128.0,,14.0
simu5g_00000490,6,3,5,1128.0,,14.0
simu5g_00000490,6,3,6,1160.0,,15.0
simu5g_00000490,6,3,7,1128.0,,14.0
simu5g_00000490,6,3,8,1160.0,,15.0
simu5g_00000490,6,3,9,984.0,,13.0
simu5g_00000490,6,3,10,984.0,,13.0
simu5g_00000490,6,3,11,1128.0,,14.0
simu5g_00000490,6,3,12,1160.0,,15.0
simu5g_00000490,6,3,13,1128.0,,14.0
simu5g_00000490,6,3,14,1160.0,,15.0
simu5g_00000490,6,3,15,1160.0,,15.0
simu5g_00000490,6,3,16,888.0,,12.0
simu5g_00000490,6,3,17,1160.0,,15.0
simu5g_00000490,6,3,18,1160.0,,15.0
simu5g_00000490,6,3,19,1128.0,,14.0
simu5g_00000490,6,3,20,1160.0,,15.0
simu5g_00000490,6,3,21,1128.0,,14.0
simu5g_00000490,6,3,22,1160.0,,15.0
simu5g_00000490,6,3,23,1160.0,,15.0
simu5g_00000490,6,3,24,1160.0,,15.0
simu5g_00000491,0,0,0,1160.0,,15.0
simu5g_00000491,0,0,1,704.0,,10.0
simu5g_00000491,0,0,2,1160.0,,15.0
simu5g_00000491,0,0,3,1128.0,,14.0
simu5g_00000491,0,0,4,1160.0,,15.0
simu5g_00000491,0,0,5,1128.0,,14.0
simu5g_00000491,0,0,6,1128.0,,14.0
simu5g_00000491,0,0,7,1160.0,,15.0
simu5g_00000491,0,0,8,984.0,,13.0
simu5g_00000491,0,0,9,1160.0,,15.0
simu5g_00000491,0,0,10,1160.0,,15.0
simu5g_00000491,0,0,11,1160.0,,15.0
simu5g_00000491,0,0,12,1160.0,,15.0
simu5g_00000491,0,0,13,1160.0,,15.0
simu5g_00000491,0,0,14,1160.0,,15.0
simu5g_00000491,0,0,15,1160.0,,15.0
simu5g_00000491,0,0,16,1128.0,,14.0
simu5g_00000491,0,0,17,1160.0,,15.0
simu5g_00000491,0,0,18,1160.0,,15.0
simu5g_00000491,0,0,19,1128.0,,14.0
simu5g_00000491,0,0,20,1160.0,,15.0
simu5g_00000491,0,0,21,984.0,,13.0
simu5g_00000491,0,0,22,1160.0,,15.0
simu5g_00000491,0,0,23,1160.0,,15.0
simu5g_00000491,0,0,24,1128.0,,14.0
simu5g_00000491,1,1,0,1160.0,,15.0
simu5g_00000491,1,1,1,1128.0,,14.0
simu5g_00000491,1,1,2,1128.0,,14.0
simu5g_00000491,1,1,3,1160.0,,15.0
simu5g_00000491,1,1,4,1128.0,,14.0
simu5g_00000491,1,1,5,1160.0,,15.0
simu5g_00000491,1,1,6,1128.0,,14.0
simu5g_00000491,1,1,7,984.0,,13.0
simu5g_00000491,1,1,8,808.0,,11.0
simu5g_00000491,1,1,9,1160.0,,15.0
simu5g_00000491,1,1,10,1128.0,,14.0
simu5g_00000491,1,1,11,1128.0,,14.0
simu5g_00000491,1,1,12,1128.0,,14.0
simu5g_00000491,1,1,13,1160.0,,15.0
simu5g_00000491,1,1,14,1160.0,,15.0
simu5g_00000491,1,1,15,1160.0,,15.0
simu5g_00000491,1,1,16,1128.0,,14.0
simu5g_00000491,1,1,17,1128.0,,14.0
simu5g_00000491,1,1,18,1128.0,,14.0
simu5g_00000491,1,1,19,1160.0,,15.0
simu5g_00000491,1,1,20,1160.0,,15.0
simu5g_00000491,1,1,21,704.0,,10.0
simu5g_00000491,1,1,22,1160.0,,15.0
simu5g_00000491,1,1,23,984.0,,13.0
simu5g_00000491,1,1,24,1160.0,,15.0
simu5g_00000491,15,2,0,1160.0,,15.0
simu5g_00000491,15,2,1,1160.0,,15.0
simu5g_00000491,15,2,2,1160.0,,15.0
simu5g_00000491,15,2,3,1160.0,,15.0
simu5g_00000491,15,2,4,1160.0,,15.0
simu5g_00000491,15,2,5,1160.0,,15.0
simu5g_00000491,15,2,6,1160.0,,15.0
simu5g_00000491,15,2,7,1160.0,,15.0
simu5g_00000491,15,2,8,1160.0,,15.0
simu5g_00000491,15,2,9,1160.0,,15.0
simu5g_00000491,15,2,10,1160.0,,15.0
simu5g_00000491,15,2,11,1160.0,,15.0
simu5g_00000491,15,2,12,1160.0,,15.0
simu5g_00000491,15,2,13,1160.0,,15.0
simu5g_00000491,15,2,14,1160.0,,15.0
simu5g_00000491,15,2,15,1160.0,,15.0
simu5g_00000491,15,2,16,1160.0,,15.0
simu5g_00000491,15,2,17,1160.0,,15.0
simu5g_00000491,15,2,18,1160.0,,15.0
simu5g_00000491,15,2,19,1160.0,,15.0
simu5g_00000491,15,2,20,1160.0,,15.0
simu5g_00000491,15,2,21,1160.0,,15.0
simu5g_00000491,15,2,22,1160.0,,15.0
simu5g_00000491,15,2,23,1160.0,,15.0
simu5g_00000491,15,2,24,1160.0,,15.0
simu5g_00000491,2,3,0,984.0,,13.0
simu5g_00000491,2,3,1,1160.0,,15.0
simu5g_00000491,2,3,2,984.0,,13.0
simu5g_00000491,2,3,3,1128.0,,14.0
simu5g_00000491,2,3,4,984.0,,13.0
simu5g_00000491,2,3,5,888.0,,12.0
simu5g_00000491,2,3,6,984.0,,13.0
simu5g_00000491,2,3,7,528.0,,8.0
simu5g_00000491,2,3,8,1128.0,,14.0
simu5g_00000491,2,3,9,1128.0,,14.0
simu5g_00000491,2,3,10,1128.0,,14.0
simu5g_00000491,2,3,11,608.0,,9.0
simu5g_00000491,2,3,12,984.0,,13.0
simu5g_00000491,2,3,13,1128.0,,14.0
simu5g_00000491,2,3,14,1128.0,,14.0
simu5g_00000491,2,3,15,1128.0,,14.0
simu5g_00000491,2,3,16,808.0,,11.0
simu5g_00000491,2,3,17,984.0,,13.0
simu5g_00000491,2,3,18,984.0,,13.0
simu5g_00000491,2,3,19,1128.0,,14.0
simu5g_00000491,2,3,20,1128.0,,14.0
simu5g_00000491,2,3,21,984.0,,13.0
simu5g_00000491,2,3,22,888.0,,12.0
simu5g_00000491,2,3,23,1128.0,,14.0
simu5g_00000491,2,3,24,808.0,,11.0
simu5g_00000491,31,4,0,1160.0,,15.0
simu5g_00000491,31,4,1,1160.0,,15.0
simu5g_00000491,31,4,2,1160.0,,15.0
simu5g_00000491,31,4,3,1160.0,,15.0
simu5g_00000491,31,4,4,1160.0,,15.0
simu5g_00000491,31,4,5,1160.0,,15.0
simu5g_00000491,31,4,6,1160.0,,15.0
simu5g_00000491,31,4,7,1160.0,,15.0
simu5g_00000491,31,4,8,1160.0,,15.0
simu5g_00000491,31,4,9,1160.0,,15.0
simu5g_00000491,31,4,10,1160.0,,15.0
simu5g_00000491,31,4,11,1160.0,,15.0
simu5g_00000491,31,4,12,984.0,,13.0
simu5g_00000491,31,4,13,1160.0,,15.0
simu5g_00000491,31,4,14,1160.0,,15.0
simu5g_00000491,31,4,15,1160.0,,15.0
simu5g_00000491,31,4,16,1160.0,,15.0
simu5g_00000491,31,4,17,1160.0,,15.0
simu5g_00000491,31,4,18,1160.0,,15.0
simu5g_00000491,31,4,19,1160.0,,15.0
simu5g_00000491,31,4,20,1160.0,,15.0
simu5g_00000491,31,4,21,1160.0,,15.0
simu5g_00000491,31,4,22,1160.0,,15.0
simu5g_00000491,31,4,23,1160.0,,15.0
simu5g_00000491,31,4,24,1160.0,,15.0
simu5g_00000492,3,0,0,1128.0,,14.0
simu5g_00000492,3,0,1,1160.0,,15.0
simu5g_00000492,3,0,2,1128.0,,14.0
simu5g_00000492,3,0,3,1160.0,,15.0
simu5g_00000492,3,0,4,1160.0,,15.0
simu5g_00000492,3,0,5,1160.0,,15.0
simu5g_00000492,3,0,6,1160.0,,15.0
simu5g_00000492,3,0,7,1160.0,,15.0
simu5g_00000492,3,0,8,888.0,,12.0
simu5g_00000492,3,0,9,888.0,,12.0
simu5g_00000492,3,0,10,1160.0,,15.0
simu5g_00000492,3,0,11,1128.0,,14.0
simu5g_00000492,3,0,12,1160.0,,15.0
simu5g_00000492,3,0,13,1160.0,,15.0
simu5g_00000492,3,0,14,1160.0,,15.0
simu5g_00000492,3,0,15,1160.0,,15.0
simu5g_00000492,3,0,16,1160.0,,15.0
simu5g_00000492,3,0,17,1160.0,,15.0
simu5g_00000492,3,0,18,1160.0,,15.0
simu5g_00000492,3,0,19,1160.0,,15.0
simu5g_00000492,3,0,20,1160.0,,15.0
simu5g_00000492,3,0,21,1128.0,,14.0
simu5g_00000492,3,0,22,1128.0,,14.0
simu5g_00000492,3,0,23,1160.0,,15.0
simu5g_00000492,3,0,24,1128.0,,14.0
simu5g_00000492,4,1,0,984.0,,13.0
simu5g_00000492,4,1,1,808.0,,11.0
simu5g_00000492,4,1,2,1128.0,,14.0
simu5g_00000492,4,1,3,368.0,,6.0
simu5g_00000492,4,1,4,984.0,,13.0
simu5g_00000492,4,1,5,1128.0,,14.0
simu5g_00000492,4,1,6,1128.0,,14.0
simu5g_00000492,4,1,7,432.0,,7.0
simu5g_00000492,4,1,8,704.0,,10.0
simu5g_00000492,4,1,9,984.0,,13.0
simu5g_00000492,4,1,10,984.0,,13.0
simu5g_00000492,4,1,11,984.0,,13.0
simu5g_00000492,4,1,12,1128.0,,14.0
simu5g_00000492,4,1,13,984.0,,13.0
simu5g_00000492,4,1,14,1128.0,,14.0
simu5g_00000492,4,1,15,808.0,,11.0
simu5g_00000492,4,1,16,808.0,,11.0
simu5g_00000492,4,1,17,888.0,,12.0
simu5g_00000492,4,1,18,1128.0,,14.0
simu5g_00000492,4,1,19,1128.0,,14.0
simu5g_00000492,4,1,20,984.0,,13.0
simu5g_00000492,4,1,21,808.0,,11.0
simu5g_00000492,4,1,22,1128.0,,14.0
simu5g_00000492,4,1,23,1128.0,,14.0
simu5g_00000492,4,1,24,888.0,,12.0
simu5g_00000492,5,2,0,1128.0,,14.0
simu5g_00000492,5,2,1,1128.0,,14.0
simu5g_00000492,5,2,2,1128.0,,14.0
simu5g_00000492,5,2,3,984.0,,13.0
simu5g_00000492,5,2,4,1160.0,,15.0
simu5g_00000492,5,2,5,1128.0,,14.0
simu5g_00000492,5,2,6,1128.0,,14.0
simu5g_00000492,5,2,7,1128.0,,14.0
simu5g_00000492,5,2,8,1128.0,,14.0
simu5g_00000492,5,2,9,1160.0,,15.0
simu5g_00000492,5,2,10,1160.0,,15.0
simu5g_00000492,5,2,11,1128.0,,14.0
simu5g_00000492,5,2,12,1128.0,,14.0
simu5g_00000492,5,2,13,984.0,,13.0
simu5g_00000492,5,2,14,984.0,,13.0
simu5g_00000492,5,2,15,984.0,,13.0
simu5g_00000492,5,2,16,608.0,,9.0
simu5g_00000492,5,2,17,1160.0,,15.0
simu5g_00000492,5,2,18,1160.0,,15.0
simu5g_00000492,5,2,19,1128.0,,14.0
simu5g_00000492,5,2,20,1128.0,,14.0
simu5g_00000492,5,2,21,888.0,,12.0
simu5g_00000492,5,2,22,1160.0,,15.0
simu5g_00000492,5,2,23,984.0,,13.0
simu5g_00000492,5,2,24,1128.0,,14.0
simu5g_00000492,6,3,0,1160.0,,15.0
simu5g_00000492,6,3,1,1128.0,,14.0
simu5g_00000492,6,3,2,1160.0,,15.0
simu5g_00000492,6,3,3,608.0,,9.0
simu5g_00000492,6,3,4,1128.0,,14.0
simu5g_00000492,6,3,5,1128.0,,14.0
simu5g_00000492,6,3,6,1160.0,,15.0
simu5g_00000492,6,3,7,1128.0,,14.0
simu5g_00000492,6,3,8,1160.0,,15.0
simu5g_00000492,6,3,9,984.0,,13.0
simu5g_00000492,6,3,10,984.0,,13.0
simu5g_00000492,6,3,11,1128.0,,14.0
simu5g_00000492,6,3,12,1160.0,,15.0
simu5g_00000492,6,3,13,1128.0,,14.0
simu5g_00000492,6,3,14,1160.0,,15.0
simu5g_00000492,6,3,15,1160.0,,15.0
simu5g_00000492,6,3,16,888.0,,12.0
simu5g_00000492,6,3,17,1160.0,,15.0
simu5g_00000492,6,3,18,1160.0,,15.0
simu5g_00000492,6,3,19,1128.0,,14.0
simu5g_00000492,6,3,20,1160.0,,15.0
simu5g_00000492,6,3,21,1128.0,,14.0
simu5g_00000492,6,3,22,1160.0,,15.0
simu5g_00000492,6,3,23,1160.0,,15.0
simu5g_00000492,6,3,24,1160.0,,15.0
simu5g_00000493,0,0,0,1160.0,,15.0
simu5g_00000493,0,0,1,888.0,,12.0
simu5g_00000493,0,0,2,1160.0,,15.0
simu5g_00000493,0,0,3,1128.0,,14.0
simu5g_00000493,0,0,4,1160.0,,15.0
simu5g_00000493,0,0,5,1128.0,,14.0
simu5g_00000493,0,0,6,1160.0,,15.0
simu5g_00000493,0,0,7,1160.0,,15.0
simu5g_00000493,0,0,8,1128.0,,14.0
simu5g_00000493,0,0,9,1160.0,,15.0
simu5g_00000493,0,0,10,1160.0,,15.0
simu5g_00000493,0,0,11,1160.0,,15.0
simu5g_00000493,0,0,12,1160.0,,15.0
simu5g_00000493,0,0,13,1160.0,,15.0
simu5g_00000493,0,0,14,1160.0,,15.0
simu5g_00000493,0,0,15,1160.0,,15.0
simu5g_00000493,0,0,16,1160.0,,15.0
simu5g_00000493,0,0,17,1160.0,,15.0
simu5g_00000493,0,0,18,1160.0,,15.0
simu5g_00000493,0,0,19,1160.0,,15.0
simu5g_00000493,0,0,20,1160.0,,15.0
simu5g_00000493,0,0,21,1128.0,,14.0
simu5g_00000493,0,0,22,1160.0,,15.0
simu5g_00000493,0,0,23,1160.0,,15.0
simu5g_00000493,0,0,24,1160.0,,15.0
simu5g_00000493,1,1,0,1160.0,,15.0
simu5g_00000493,1,1,1,1128.0,,14.0
simu5g_00000493,1,1,2,1128.0,,14.0
simu5g_00000493,1,1,3,1160.0,,15.0
simu5g_00000493,1,1,4,1128.0,,14.0
simu5g_00000493,1,1,5,1160.0,,15.0
simu5g_00000493,1,1,6,1160.0,,15.0
simu5g_00000493,1,1,7,984.0,,13.0
simu5g_00000493,1,1,8,984.0,,13.0
simu5g_00000493,1,1,9,1160.0,,15.0
simu5g_00000493,1,1,10,1160.0,,15.0
simu5g_00000493,1,1,11,1160.0,,15.0
simu5g_00000493,1,1,12,1160.0,,15.0
simu5g_00000493,1,1,13,1160.0,,15.0
simu5g_00000493,1,1,14,1160.0,,15.0
simu5g_00000493,1,1,15,1160.0,,15.0
simu5g_00000493,1,1,16,1160.0,,15.0
simu5g_00000493,1,1,17,1160.0,,15.0
simu5g_00000493,1,1,18,1160.0,,15.0
simu5g_00000493,1,1,19,1160.0,,15.0
simu5g_00000493,1,1,20,1160.0,,15.0
simu5g_00000493,1,1,21,808.0,,11.0
simu5g_00000493,1,1,22,1160.0,,15.0
simu5g_00000493,1,1,23,1128.0,,14.0
simu5g_00000493,1,1,24,1160.0,,15.0
simu5g_00000493,15,2,0,1160.0,,15.0
simu5g_00000493,15,2,1,1160.0,,15.0
simu5g_00000493,15,2,2,1160.0,,15.0
simu5g_00000493,15,2,3,1160.0,,15.0
simu5g_00000493,15,2,4,1160.0,,15.0
simu5g_00000493,15,2,5,1128.0,,14.0
simu5g_00000493,15,2,6,1160.0,,15.0
simu5g_00000493,15,2,7,1160.0,,15.0
simu5g_00000493,15,2,8,1160.0,,15.0
simu5g_00000493,15,2,9,1160.0,,15.0
simu5g_00000493,15,2,10,1160.0,,15.0
simu5g_00000493,15,2,11,1160.0,,15.0
simu5g_00000493,15,2,12,1160.0,,15.0
simu5g_00000493,15,2,13,1160.0,,15.0
simu5g_00000493,15,2,14,1160.0,,15.0
simu5g_00000493,15,2,15,1160.0,,15.0
simu5g_00000493,15,2,16,1160.0,,15.0
simu5g_00000493,15,2,17,1160.0,,15.0
simu5g_00000493,15,2,18,1160.0,,15.0
simu5g_00000493,15,2,19,1160.0,,15.0
simu5g_00000493,15,2,20,1160.0,,15.0
simu5g_00000493,15,2,21,1160.0,,15.0
simu5g_00000493,15,2,22,1160.0,,15.0
simu5g_00000493,15,2,23,1160.0,,15.0
simu5g_00000493,15,2,24,1160.0,,15.0
simu5g_00000493,2,3,0,1160.0,,15.0
simu5g_00000493,2,3,1,1160.0,,15.0
simu5g_00000493,2,3,2,1160.0,,15.0
simu5g_00000493,2,3,3,1160.0,,15.0
simu5g_00000493,2,3,4,1160.0,,15.0
simu5g_00000493,2,3,5,1128.0,,14.0
simu5g_00000493,2,3,6,1160.0,,15.0
simu5g_00000493,2,3,7,888.0,,12.0
simu5g_00000493,2,3,8,1160.0,,15.0
simu5g_00000493,2,3,9,1160.0,,15.0
simu5g_00000493,2,3,10,1160.0,,15.0
simu5g_00000493,2,3,11,984.0,,13.0
simu5g_00000493,2,3,12,1128.0,,14.0
simu5g_00000493,2,3,13,1160.0,,15.0
simu5g_00000493,2,3,14,1160.0,,15.0
simu5g_00000493,2,3,15,1160.0,,15.0
simu5g_00000493,2,3,16,1128.0,,14.0
simu5g_00000493,2,3,17,1160.0,,15.0
simu5g_00000493,2,3,18,1160.0,,15.0
simu5g_00000493,2,3,19,1160.0,,15.0
simu5g_00000493,2,3,20,1160.0,,15.0
simu5g_00000493,2,3,21,1160.0,,15.0
simu5g_00000493,2,3,22,1128.0,,14.0
simu5g_00000493,2,3,23,1160.0,,15.0
simu5g_00000493,2,3,24,1128.0,,14.0
simu5g_00000493,31,4,0,1160.0,,15.0
simu5g_00000493,31,4,1,1160.0,,15.0
simu5g_00000493,31,4,2,1160.0,,15.0
simu5g_00000493,31,4,3,1160.0,,15.0
simu5g_00000493,31,4,4,1160.0,,15.0
simu5g_00000493,31,4,5,1160.0,,15.0
simu5g_00000493,31,4,6,1160.0,,15.0
simu5g_00000493,31,4,7,1160.0,,15.0
simu5g_00000493,31,4,8,1160.0,,15.0
simu5g_00000493,31,4,9,1160.0,,15.0
simu5g_00000493,31,4,10,1160.0,,15.0
simu5g_00000493,31,4,11,1160.0,,15.0
simu5g_00000493,31,4,12,984.0,,13.0
simu5g_00000493,31,4,13,1160.0,,15.0
simu5g_00000493,31,4,14,1160.0,,15.0
simu5g_00000493,31,4,15,1160.0,,15.0
simu5g_00000493,31,4,16,1160.0,,15.0
simu5g_00000493,31,4,17,1160.0,,15.0
simu5g_00000493,31,4,18,1160.0,,15.0
simu5g_00000493,31,4,19,1160.0,,15.0
simu5g_00000493,31,4,20,1160.0,,15.0
simu5g_00000493,31,4,21,1160.0,,15.0
simu5g_00000493,31,4,22,1160.0,,15.0
simu5g_00000493,31,4,23,1160.0,,15.0
simu5g_00000493,31,4,24,1160.0,,15.0
simu5g_00000494,3,0,0,1128.0,,14.0
simu5g_00000494,3,0,1,1160.0,,15.0
simu5g_00000494,3,0,2,1128.0,,14.0
simu5g_00000494,3,0,3,1160.0,,15.0
simu5g_00000494,3,0,4,1160.0,,15.0
simu5g_00000494,3,0,5,1160.0,,15.0
simu5g_00000494,3,0,6,1160.0,,15.0
simu5g_00000494,3,0,7,1160.0,,15.0
simu5g_00000494,3,0,8,888.0,,12.0
simu5g_00000494,3,0,9,888.0,,12.0
simu5g_00000494,3,0,10,1160.0,,15.0
simu5g_00000494,3,0,11,1128.0,,14.0
simu5g_00000494,3,0,12,1160.0,,15.0
simu5g_00000494,3,0,13,1160.0,,15.0
simu5g_00000494,3,0,14,1160.0,,15.0
simu5g_00000494,3,0,15,1160.0,,15.0
simu5g_00000494,3,0,16,1160.0,,15.0
simu5g_00000494,3,0,17,1160.0,,15.0
simu5g_00000494,3,0,18,1160.0,,15.0
simu5g_00000494,3,0,19,1160.0,,15.0
simu5g_00000494,3,0,20,1160.0,,15.0
simu5g_00000494,3,0,21,1128.0,,14.0
simu5g_00000494,3,0,22,1128.0,,14.0
simu5g_00000494,3,0,23,1160.0,,15.0
simu5g_00000494,3,0,24,1128.0,,14.0
simu5g_00000494,4,1,0,984.0,,13.0
simu5g_00000494,4,1,1,808.0,,11.0
simu5g_00000494,4,1,2,1128.0,,14.0
simu5g_00000494,4,1,3,368.0,,6.0
simu5g_00000494,4,1,4,984.0,,13.0
simu5g_00000494,4,1,5,1128.0,,14.0
simu5g_00000494,4,1,6,1128.0,,14.0
simu5g_00000494,4,1,7,432.0,,7.0
simu5g_00000494,4,1,8,704.0,,10.0
simu5g_00000494,4,1,9,984.0,,13.0
simu5g_00000494,4,1,10,984.0,,13.0
simu5g_00000494,4,1,11,984.0,,13.0
simu5g_00000494,4,1,12,1128.0,,14.0
simu5g_00000494,4,1,13,984.0,,13.0
simu5g_00000494,4,1,14,1128.0,,14.0
simu5g_00000494,4,1,15,808.0,,11.0
simu5g_00000494,4,1,16,888.0,,12.0
simu5g_00000494,4,1,17,888.0,,12.0
simu5g_00000494,4,1,18,1128.0,,14.0
simu5g_00000494,4,1,19,1128.0,,14.0
simu5g_00000494,4,1,20,984.0,,13.0
simu5g_00000494,4,1,21,808.0,,11.0
simu5g_00000494,4,1,22,1128.0,,14.0
simu5g_00000494,4,1,23,1128.0,,14.0
simu5g_00000494,4,1,24,888.0,,12.0
simu5g_00000494,5,2,0,1128.0,,14.0
simu5g_00000494,5,2,1,1128.0,,14.0
simu5g_00000494,5,2,2,1128.0,,14.0
simu5g_00000494,5,2,3,984.0,,13.0
simu5g_00000494,5,2,4,1160.0,,15.0
simu5g_00000494,5,2,5,1128.0,,14.0
simu5g_00000494,5,2,6,1128.0,,14.0
simu5g_00000494,5,2,7,1128.0,,14.0
simu5g_00000494,5,2,8,1128.0,,14.0
simu5g_00000494,5,2,9,1160.0,,15.0
simu5g_00000494,5,2,10,1160.0,,15.0
simu5g_00000494,5,2,11,1128.0,,14.0
simu5g_00000494,5,2,12,1128.0,,14.0
simu5g_00000494,5,2,13,984.0,,13.0
simu5g_00000494,5,2,14,984.0,,13.0
simu5g_00000494,5,2,15,984.0,,13.0
simu5g_00000494,5,2,16,608.0,,9.0
simu5g_00000494,5,2,17,1160.0,,15.0
simu5g_00000494,5,2,18,1160.0,,15.0
simu5g_00000494,5,2,19,1128.0,,14.0
simu5g_00000494,5,2,20,1128.0,,14.0
simu5g_00000494,5,2,21,888.0,,12.0
simu5g_00000494,5,2,22,1160.0,,15.0
simu5g_00000494,5,2,23,984.0,,13.0
simu5g_00000494,5,2,24,1128.0,,14.0
simu5g_00000494,6,3,0,1160.0,,15.0
simu5g_00000494,6,3,1,1128.0,,14.0
simu5g_00000494,6,3,2,1160.0,,15.0
simu5g_00000494,6,3,3,608.0,,9.0
simu5g_00000494,6,3,4,1128.0,,14.0
simu5g_00000494,6,3,5,1128.0,,14.0
simu5g_00000494,6,3,6,1160.0,,15.0
simu5g_00000494,6,3,7,1128.0,,14.0
simu5g_00000494,6,3,8,1160.0,,15.0
simu5g_00000494,6,3,9,984.0,,13.0
simu5g_00000494,6,3,10,984.0,,13.0
simu5g_00000494,6,3,11,1128.0,,14.0
simu5g_00000494,6,3,12,1160.0,,15.0
simu5g_00000494,6,3,13,1128.0,,14.0
simu5g_00000494,6,3,14,1160.0,,15.0
simu5g_00000494,6,3,15,1160.0,,15.0
simu5g_00000494,6,3,16,888.0,,12.0
simu5g_00000494,6,3,17,1160.0,,15.0
simu5g_00000494,6,3,18,1160.0,,15.0
simu5g_00000494,6,3,19,1128.0,,14.0
simu5g_00000494,6,3,20,1160.0,,15.0
simu5g_00000494,6,3,21,1128.0,,14.0
simu5g_00000494,6,3,22,1160.0,,15.0
simu5g_00000494,6,3,23,1160.0,,15.0
simu5g_00000494,6,3,24,1160.0,,15.0
simu5g_00000495,0,0,0,1160.0,,15.0
simu5g_00000495,0,0,1,888.0,,12.0
simu5g_00000495,0,0,2,1160.0,,15.0
simu5g_00000495,0,0,3,1128.0,,14.0
simu5g_00000495,0,0,4,1160.0,,15.0
simu5g_00000495,0,0,5,1128.0,,14.0
simu5g_00000495,0,0,6,1160.0,,15.0
simu5g_00000495,0,0,7,1160.0,,15.0
simu5g_00000495,0,0,8,1128.0,,14.0
simu5g_00000495,0,0,9,1160.0,,15.0
simu5g_00000495,0,0,10,1160.0,,15.0
simu5g_00000495,0,0,11,1160.0,,15.0
simu5g_00000495,0,0,12,1160.0,,15.0
simu5g_00000495,0,0,13,1160.0,,15.0
simu5g_00000495,0,0,14,1160.0,,15.0
simu5g_00000495,0,0,15,1160.0,,15.0
simu5g_00000495,0,0,16,1160.0,,15.0
simu5g_00000495,0,0,17,1160.0,,15.0
simu5g_00000495,0,0,18,1160.0,,15.0
simu5g_00000495,0,0,19,1160.0,,15.0
simu5g_00000495,0,0,20,1160.0,,15.0
simu5g_00000495,0,0,21,1128.0,,14.0
simu5g_00000495,0,0,22,1160.0,,15.0
simu5g_00000495,0,0,23,1160.0,,15.0
simu5g_00000495,0,0,24,1160.0,,15.0
simu5g_00000495,1,1,0,1160.0,,15.0
simu5g_00000495,1,1,1,1128.0,,14.0
simu5g_00000495,1,1,2,1128.0,,14.0
simu5g_00000495,1,1,3,1160.0,,15.0
simu5g_00000495,1,1,4,1128.0,,14.0
simu5g_00000495,1,1,5,1160.0,,15.0
simu5g_00000495,1,1,6,1160.0,,15.0
simu5g_00000495,1,1,7,984.0,,13.0
simu5g_00000495,1,1,8,984.0,,13.0
simu5g_00000495,1,1,9,1160.0,,15.0
simu5g_00000495,1,1,10,1160.0,,15.0
simu5g_00000495,1,1,11,1160.0,,15.0
simu5g_00000495,1,1,12,1160.0,,15.0
simu5g_00000495,1,1,13,1160.0,,15.0
simu5g_00000495,1,1,14,1160.0,,15.0
simu5g_00000495,1,1,15,1160.0,,15.0
simu5g_00000495,1,1,16,1160.0,,15.0
simu5g_00000495,1,1,17,1160.0,,15.0
simu5g_00000495,1,1,18,1160.0,,15.0
simu5g_00000495,1,1,19,1160.0,,15.0
simu5g_00000495,1,1,20,1160.0,,15.0
simu5g_00000495,1,1,21,888.0,,12.0
simu5g_00000495,1,1,22,1160.0,,15.0
simu5g_00000495,1,1,23,1128.0,,14.0
simu5g_00000495,1,1,24,1160.0,,15.0
simu5g_00000495,15,2,0,1160.0,,15.0
simu5g_00000495,15,2,1,1160.0,,15.0
simu5g_00000495,15,2,2,1160.0,,15.0
simu5g_00000495,15,2,3,1160.0,,15.0
simu5g_00000495,15,2,4,1160.0,,15.0
simu5g_00000495,15,2,5,1128.0,,14.0
simu5g_00000495,15,2,6,1160.0,,15.0
simu5g_00000495,15,2,7,1160.0,,15.0
simu5g_00000495,15,2,8,1160.0,,15.0
simu5g_00000495,15,2,9,1160.0,,15.0
simu5g_00000495,15,2,10,1160.0,,15.0
simu5g_00000495,15,2,11,1160.0,,15.0
simu5g_00000495,15,2,12,1160.0,,15.0
simu5g_00000495,15,2,13,1160.0,,15.0
simu5g_00000495,15,2,14,1160.0,,15.0
simu5g_00000495,15,2,15,1160.0,,15.0
simu5g_00000495,15,2,16,1160.0,,15.0
simu5g_00000495,15,2,17,1160.0,,15.0
simu5g_00000495,15,2,18,1160.0,,15.0
simu5g_00000495,15,2,19,1160.0,,15.0
simu5g_00000495,15,2,20,1160.0,,15.0
simu5g_00000495,15,2,21,1160.0,,15.0
simu5g_00000495,15,2,22,1160.0,,15.0
simu5g_00000495,15,2,23,1160.0,,15.0
simu5g_00000495,15,2,24,1160.0,,15.0
simu5g_00000495,2,3,0,1160.0,,15.0
simu5g_00000495,2,3,1,1160.0,,15.0
simu5g_00000495,2,3,2,1160.0,,15.0
simu5g_00000495,2,3,3,1160.0,,15.0
simu5g_00000495,2,3,4,1160.0,,15.0
simu5g_00000495,2,3,5,1128.0,,14.0
simu5g_00000495,2,3,6,1160.0,,15.0
simu5g_00000495,2,3,7,984.0,,13.0
simu5g_00000495,2,3,8,1160.0,,15.0
simu5g_00000495,2,3,9,1160.0,,15.0
simu5g_00000495,2,3,10,1160.0,,15.0
simu5g_00000495,2,3,11,984.0,,13.0
simu5g_00000495,2,3,12,1128.0,,14.0
simu5g_00000495,2,3,13,1160.0,,15.0
simu5g_00000495,2,3,14,1160.0,,15.0
simu5g_00000495,2,3,15,1160.0,,15.0
simu5g_00000495,2,3,16,1128.0,,14.0
simu5g_00000495,2,3,17,1160.0,,15.0
simu5g_00000495,2,3,18,1160.0,,15.0
simu5g_00000495,2,3,19,1160.0,,15.0
simu5g_00000495,2,3,20,1160.0,,15.0
simu5g_00000495,2,3,21,1160.0,,15.0
simu5g_00000495,2,3,22,1128.0,,14.0
simu5g_00000495,2,3,23,1160.0,,15.0
simu5g_00000495,2,3,24,1128.0,,14.0
simu5g_00000495,31,4,0,1160.0,,15.0
simu5g_00000495,31,4,1,1160.0,,15.0
simu5g_00000495,31,4,2,1160.0,,15.0
simu5g_00000495,31,4,3,1160.0,,15.0
simu5g_00000495,31,4,4,1160.0,,15.0
simu5g_00000495,31,4,5,1160.0,,15.0
simu5g_00000495,31,4,6,1160.0,,15.0
simu5g_00000495,31,4,7,1160.0,,15.0
simu5g_00000495,31,4,8,1160.0,,15.0
simu5g_00000495,31,4,9,1160.0,,15.0
simu5g_00000495,31,4,10,1160.0,,15.0
simu5g_00000495,31,4,11,1160.0,,15.0
simu5g_00000495,31,4,12,984.0,,13.0
simu5g_00000495,31,4,13,1160.0,,15.0
simu5g_00000495,31,4,14,1160.0,,15.0
simu5g_00000495,31,4,15,1160.0,,15.0
simu5g_00000495,31,4,16,1160.0,,15.0
simu5g_00000495,31,4,17,1160.0,,15.0
simu5g_00000495,31,4,18,1160.0,,15.0
simu5g_00000495,31,4,19,1160.0,,15.0
simu5g_00000495,31,4,20,1160.0,,15.0
simu5g_00000495,31,4,21,1160.0,,15.0
simu5g_00000495,31,4,22,1160.0,,15.0
simu5g_00000495,31,4,23,1160.0,,15.0
simu5g_00000495,31,4,24,1160.0,,15.0
simu5g_00000496,3,0,0,1128.0,,14.0
simu5g_00000496,3,0,1,1160.0,,15.0
simu5g_00000496,3,0,2,1128.0,,14.0
simu5g_00000496,3,0,3,1160.0,,15.0
simu5g_00000496,3,0,4,1160.0,,15.0
simu5g_00000496,3,0,5,1160.0,,15.0
simu5g_00000496,3,0,6,1160.0,,15.0
simu5g_00000496,3,0,7,1160.0,,15.0
simu5g_00000496,3,0,8,888.0,,12.0
simu5g_00000496,3,0,9,888.0,,12.0
simu5g_00000496,3,0,10,1160.0,,15.0
simu5g_00000496,3,0,11,1128.0,,14.0
simu5g_00000496,3,0,12,1160.0,,15.0
simu5g_00000496,3,0,13,1160.0,,15.0
simu5g_00000496,3,0,14,1160.0,,15.0
simu5g_00000496,3,0,15,1160.0,,15.0
simu5g_00000496,3,0,16,1160.0,,15.0
simu5g_00000496,3,0,17,1160.0,,15.0
simu5g_00000496,3,0,18,1160.0,,15.0
simu5g_00000496,3,0,19,1160.0,,15.0
simu5g_00000496,3,0,20,1160.0,,15.0
simu5g_00000496,3,0,21,1128.0,,14.0
simu5g_00000496,3,0,22,1128.0,,14.0
simu5g_00000496,3,0,23,1160.0,,15.0
simu5g_00000496,3,0,24,1128.0,,14.0
simu5g_00000496,4,1,0,984.0,,13.0
simu5g_00000496,4,1,1,808.0,,11.0
simu5g_00000496,4,1,2,1128.0,,14.0
simu5g_00000496,4,1,3,368.0,,6.0
simu5g_00000496,4,1,4,984.0,,13.0
simu5g_00000496,4,1,5,1128.0,,14.0
simu5g_00000496,4,1,6,1128.0,,14.0
simu5g_00000496,4,1,7,432.0,,7.0
simu5g_00000496,4,1,8,704.0,,10.0
simu5g_00000496,4,1,9,984.0,,13.0
simu5g_00000496,4,1,10,984.0,,13.0
simu5g_00000496,4,1,11,984.0,,13.0
simu5g_00000496,4,1,12,1128.0,,14.0
simu5g_00000496,4,1,13,984.0,,13.0
simu5g_00000496,4,1,14,1128.0,,14.0
simu5g_00000496,4,1,15,808.0,,11.0
simu5g_00000496,4,1,16,888.0,,12.0
simu5g_00000496,4,1,17,888.0,,12.0
simu5g_00000496,4,1,18,1128.0,,14.0
simu5g_00000496,4,1,19,1128.0,,14.0
simu5g_00000496,4,1,20,984.0,,13.0
simu5g_00000496,4,1,21,808.0,,11.0
simu5g_00000496,4,1,22,1128.0,,14.0
simu5g_00000496,4,1,23,1128.0,,14.0
simu5g_00000496,4,1,24,888.0,,12.0
simu5g_00000496,5,2,0,1128.0,,14.0
simu5g_00000496,5,2,1,1128.0,,14.0
simu5g_00000496,5,2,2,1128.0,,14.0
simu5g_00000496,5,2,3,984.0,,13.0
simu5g_00000496,5,2,4,1160.0,,15.0
simu5g_00000496,5,2,5,1128.0,,14.0
simu5g_00000496,5,2,6,1128.0,,14.0
simu5g_00000496,5,2,7,1128.0,,14.0
simu5g_00000496,5,2,8,1128.0,,14.0
simu5g_00000496,5,2,9,1160.0,,15.0
simu5g_00000496,5,2,10,1160.0,,15.0
simu5g_00000496,5,2,11,1128.0,,14.0
simu5g_00000496,5,2,12,1128.0,,14.0
simu5g_00000496,5,2,13,984.0,,13.0
simu5g_00000496,5,2,14,984.0,,13.0
simu5g_00000496,5,2,15,984.0,,13.0
simu5g_00000496,5,2,16,608.0,,9.0
simu5g_00000496,5,2,17,1160.0,,15.0
simu5g_00000496,5,2,18,1160.0,,15.0
simu5g_00000496,5,2,19,1128.0,,14.0
simu5g_00000496,5,2,20,1128.0,,14.0
simu5g_00000496,5,2,21,888.0,,12.0
simu5g_00000496,5,2,22,1160.0,,15.0
simu5g_00000496,5,2,23,984.0,,13.0
simu5g_00000496,5,2,24,1128.0,,14.0
simu5g_00000496,6,3,0,1160.0,,15.0
simu5g_00000496,6,3,1,1128.0,,14.0
simu5g_00000496,6,3,2,1160.0,,15.0
simu5g_00000496,6,3,3,608.0,,9.0
simu5g_00000496,6,3,4,1128.0,,14.0
simu5g_00000496,6,3,5,1128.0,,14.0
simu5g_00000496,6,3,6,1160.0,,15.0
simu5g_00000496,6,3,7,1128.0,,14.0
simu5g_00000496,6,3,8,1160.0,,15.0
simu5g_00000496,6,3,9,984.0,,13.0
simu5g_00000496,6,3,10,984.0,,13.0
simu5g_00000496,6,3,11,1128.0,,14.0
simu5g_00000496,6,3,12,1160.0,,15.0
simu5g_00000496,6,3,13,1128.0,,14.0
simu5g_00000496,6,3,14,1160.0,,15.0
simu5g_00000496,6,3,15,1160.0,,15.0
simu5g_00000496,6,3,16,888.0,,12.0
simu5g_00000496,6,3,17,1160.0,,15.0
simu5g_00000496,6,3,18,1160.0,,15.0
simu5g_00000496,6,3,19,1128.0,,14.0
simu5g_00000496,6,3,20,1160.0,,15.0
simu5g_00000496,6,3,21,1128.0,,14.0
simu5g_00000496,6,3,22,1160.0,,15.0
simu5g_00000496,6,3,23,1160.0,,15.0
simu5g_00000496,6,3,24,1160.0,,15.0
simu5g_00000497,0,0,0,1160.0,,15.0
simu5g_00000497,0,0,1,888.0,,12.0
simu5g_00000497,0,0,2,1160.0,,15.0
simu5g_00000497,0,0,3,1128.0,,14.0
simu5g_00000497,0,0,4,1160.0,,15.0
simu5g_00000497,0,0,5,1128.0,,14.0
simu5g_00000497,0,0,6,1160.0,,15.0
simu5g_00000497,0,0,7,1160.0,,15.0
simu5g_00000497,0,0,8,1128.0,,14.0
simu5g_00000497,0,0,9,1160.0,,15.0
simu5g_00000497,0,0,10,1160.0,,15.0
simu5g_00000497,0,0,11,1160.0,,15.0
simu5g_00000497,0,0,12,1160.0,,15.0
simu5g_00000497,0,0,13,1160.0,,15.0
simu5g_00000497,0,0,14,1160.0,,15.0
simu5g_00000497,0,0,15,1160.0,,15.0
simu5g_00000497,0,0,16,1160.0,,15.0
simu5g_00000497,0,0,17,1160.0,,15.0
simu5g_00000497,0,0,18,1160.0,,15.0
simu5g_00000497,0,0,19,1160.0,,15.0
simu5g_00000497,0,0,20,1160.0,,15.0
simu5g_00000497,0,0,21,1128.0,,14.0
simu5g_00000497,0,0,22,1160.0,,15.0
simu5g_00000497,0,0,23,1160.0,,15.0
simu5g_00000497,0,0,24,1160.0,,15.0
simu5g_00000497,1,1,0,1160.0,,15.0
simu5g_00000497,1,1,1,1128.0,,14.0
simu5g_00000497,1,1,2,1128.0,,14.0
simu5g_00000497,1,1,3,1160.0,,15.0
simu5g_00000497,1,1,4,1128.0,,14.0
simu5g_00000497,1,1,5,1160.0,,15.0
simu5g_00000497,1,1,6,1160.0,,15.0
simu5g_00000497,1,1,7,984.0,,13.0
simu5g_00000497,1,1,8,984.0,,13.0
simu5g_00000497,1,1,9,1160.0,,15.0
simu5g_00000497,1,1,10,1160.0,,15.0
simu5g_00000497,1,1,11,1160.0,,15.0
simu5g_00000497,1,1,12,1160.0,,15.0
simu5g_00000497,1,1,13,1160.0,,15.0
simu5g_00000497,1,1,14,1160.0,,15.0
simu5g_00000497,1,1,15,1160.0,,15.0
simu5g_00000497,1,1,16,1160.0,,15.0
simu5g_00000497,1,1,17,1160.0,,15.0
simu5g_00000497,1,1,18,1160.0,,15.0
simu5g_00000497,1,1,19,1160.0,,15.0
simu5g_00000497,1,1,20,1160.0,,15.0
simu5g_00000497,1,1,21,888.0,,12.0
simu5g_00000497,1,1,22,1160.0,,15.0
simu5g_00000497,1,1,23,1128.0,,14.0
simu5g_00000497,1,1,24,1160.0,,15.0
simu5g_00000497,15,2,0,1160.0,,15.0
simu5g_00000497,15,2,1,1160.0,,15.0
simu5g_00000497,15,2,2,1160.0,,15.0
simu5g_00000497,15,2,3,1160.0,,15.0
simu5g_00000497,15,2,4,1160.0,,15.0
simu5g_00000497,15,2,5,1128.0,,14.0
simu5g_00000497,15,2,6,1160.0,,15.0
simu5g_00000497,15,2,7,1160.0,,15.0
simu5g_00000497,15,2,8,1160.0,,15.0
simu5g_00000497,15,2,9,1160.0,,15.0
simu5g_00000497,15,2,10,1160.0,,15.0
simu5g_00000497,15,2,11,1160.0,,15.0
simu5g_00000497,15,2,12,1160.0,,15.0
simu5g_00000497,15,2,13,1160.0,,15.0
simu5g_00000497,15,2,14,1160.0,,15.0
simu5g_00000497,15,2,15,1160.0,,15.0
simu5g_00000497,15,2,16,1160.0,,15.0
simu5g_00000497,15,2,17,1160.0,,15.0
simu5g_00000497,15,2,18,1160.0,,15.0
simu5g_00000497,15,2,19,1160.0,,15.0
simu5g_00000497,15,2,20,1160.0,,15.0
simu5g_00000497,15,2,21,1160.0,,15.0
simu5g_00000497,15,2,22,1160.0,,15.0
simu5g_00000497,15,2,23,1160.0,,15.0
simu5g_00000497,15,2,24,1160.0,,15.0
simu5g_00000497,2,3,0,1160.0,,15.0
simu5g_00000497,2,3,1,1160.0,,15.0
simu5g_00000497,2,3,2,1160.0,,15.0
simu5g_00000497,2,3,3,1160.0,,15.0
simu5g_00000497,2,3,4,1160.0,,15.0
simu5g_00000497,2,3,5,1128.0,,14.0
simu5g_00000497,2,3,6,1160.0,,15.0
simu5g_00000497,2,3,7,984.0,,13.0
simu5g_00000497,2,3,8,1160.0,,15.0
simu5g_00000497,2,3,9,1160.0,,15.0
simu5g_00000497,2,3,10,1160.0,,15.0
simu5g_00000497,2,3,11,984.0,,13.0
simu5g_00000497,2,3,12,1128.0,,14.0
simu5g_00000497,2,3,13,1160.0,,15.0
simu5g_00000497,2,3,14,1160.0,,15.0
simu5g_00000497,2,3,15,1160.0,,15.0
simu5g_00000497,2,3,16,1128.0,,14.0
simu5g_00000497,2,3,17,1160.0,,15.0
simu5g_00000497,2,3,18,1160.0,,15.0
simu5g_00000497,2,3,19,1160.0,,15.0
simu5g_00000497,2,3,20,1160.0,,15.0
simu5g_00000497,2,3,21,1160.0,,15.0
simu5g_00000497,2,3,22,1128.0,,14.0
simu5g_00000497,2,3,23,1160.0,,15.0
simu5g_00000497,2,3,24,1128.0,,14.0
simu5g_00000497,31,4,0,1128.0,,14.0
simu5g_00000497,31,4,1,984.0,,13.0
simu5g_00000497,31,4,2,1160.0,,15.0
simu5g_00000497,31,4,3,1160.0,,15.0
simu5g_00000497,31,4,4,1160.0,,15.0
simu5g_00000497,31,4,5,1128.0,,14.0
simu5g_00000497,31,4,6,1160.0,,15.0
simu5g_00000497,31,4,7,1128.0,,14.0
simu5g_00000497,31,4,8,1160.0,,15.0
simu5g_00000497,31,4,9,1160.0,,15.0
simu5g_00000497,31,4,10,1160.0,,15.0
simu5g_00000497,31,4,11,1128.0,,14.0
simu5g_00000497,31,4,12,608.0,,9.0
simu5g_00000497,31,4,13,1160.0,,15.0
simu5g_00000497,31,4,14,1160.0,,15.0
simu5g_00000497,31,4,15,1160.0,,15.0
simu5g_00000497,31,4,16,1128.0,,14.0
simu5g_00000497,31,4,17,1160.0,,15.0
simu5g_00000497,31,4,18,1160.0,,15.0
simu5g_00000497,31,4,19,1128.0,,14.0
simu5g_00000497,31,4,20,1128.0,,14.0
simu5g_00000497,31,4,21,1160.0,,15.0
simu5g_00000497,31,4,22,1128.0,,14.0
simu5g_00000497,31,4,23,1160.0,,15.0
simu5g_00000497,31,4,24,1160.0,,15.0
simu5g_00000498,3,0,0,984.0,,13.0
simu5g_00000498,3,0,1,1160.0,,15.0
simu5g_00000498,3,0,2,1128.0,,14.0
simu5g_00000498,3,0,3,1128.0,,14.0
simu5g_00000498,3,0,4,1160.0,,15.0
simu5g_00000498,3,0,5,1160.0,,15.0
simu5g_00000498,3,0,6,1128.0,,14.0
simu5g_00000498,3,0,7,1128.0,,14.0
simu5g_00000498,3,0,8,704.0,,10.0
simu5g_00000498,3,0,9,608.0,,9.0
simu5g_00000498,3,0,10,1128.0,,14.0
simu5g_00000498,3,0,11,1128.0,,14.0
simu5g_00000498,3,0,12,1128.0,,14.0
simu5g_00000498,3,0,13,1128.0,,14.0
simu5g_00000498,3,0,14,1160.0,,15.0
simu5g_00000498,3,0,15,1128.0,,14.0
simu5g_00000498,3,0,16,1128.0,,14.0
simu5g_00000498,3,0,17,1128.0,,14.0
simu5g_00000498,3,0,18,1128.0,,14.0
simu5g_00000498,3,0,19,1128.0,,14.0
simu5g_00000498,3,0,20,1128.0,,14.0
simu5g_00000498,3,0,21,984.0,,13.0
simu5g_00000498,3,0,22,984.0,,13.0
simu5g_00000498,3,0,23,1128.0,,14.0
simu5g_00000498,3,0,24,984.0,,13.0
simu5g_00000498,4,1,0,984.0,,13.0
simu5g_00000498,4,1,1,808.0,,11.0
simu5g_00000498,4,1,2,1128.0,,14.0
simu5g_00000498,4,1,3,368.0,,6.0
simu5g_00000498,4,1,4,984.0,,13.0
simu5g_00000498,4,1,5,1128.0,,14.0
simu5g_00000498,4,1,6,1128.0,,14.0
simu5g_00000498,4,1,7,432.0,,7.0
simu5g_00000498,4,1,8,704.0,,10.0
simu5g_00000498,4,1,9,984.0,,13.0
simu5g_00000498,4,1,10,984.0,,13.0
simu5g_00000498,4,1,11,984.0,,13.0
simu5g_00000498,4,1,12,1128.0,,14.0
simu5g_00000498,4,1,13,984.0,,13.0
simu5g_00000498,4,1,14,1128.0,,14.0
simu5g_00000498,4,1,15,808.0,,11.0
simu5g_00000498,4,1,16,888.0,,12.0
simu5g_00000498,4,1,17,888.0,,12.0
simu5g_00000498,4,1,18,1128.0,,14.0
simu5g_00000498,4,1,19,1128.0,,14.0
simu5g_00000498,4,1,20,984.0,,13.0
simu5g_00000498,4,1,21,808.0,,11.0
simu5g_00000498,4,1,22,1128.0,,14.0
simu5g_00000498,4,1,23,1128.0,,14.0
simu5g_00000498,4,1,24,888.0,,12.0
simu5g_00000498,5,2,0,1128.0,,14.0
simu5g_00000498,5,2,1,1128.0,,14.0
simu5g_00000498,5,2,2,1128.0,,14.0
simu5g_00000498,5,2,3,984.0,,13.0
simu5g_00000498,5,2,4,1160.0,,15.0
simu5g_00000498,5,2,5,1128.0,,14.0
simu5g_00000498,5,2,6,1128.0,,14.0
simu5g_00000498,5,2,7,1128.0,,14.0
simu5g_00000498,5,2,8,1128.0,,14.0
simu5g_00000498,5,2,9,1160.0,,15.0
simu5g_00000498,5,2,10,1160.0,,15.0
simu5g_00000498,5,2,11,1128.0,,14.0
simu5g_00000498,5,2,12,1128.0,,14.0
simu5g_00000498,5,2,13,984.0,,13.0
simu5g_00000498,5,2,14,984.0,,13.0
simu5g_00000498,5,2,15,984.0,,13.0
simu5g_00000498,5,2,16,608.0,,9.0
simu5g_00000498,5,2,17,1160.0,,15.0
simu5g_00000498,5,2,18,1160.0,,15.0
simu5g_00000498,5,2,19,1128.0,,14.0
simu5g_00000498,5,2,20,1128.0,,14.0
simu5g_00000498,5,2,21,888.0,,12.0
simu5g_00000498,5,2,22,1160.0,,15.0
simu5g_00000498,5,2,23,984.0,,13.0
simu5g_00000498,5,2,24,1128.0,,14.0
simu5g_00000498,6,3,0,1160.0,,15.0
simu5g_00000498,6,3,1,1128.0,,14.0
simu5g_00000498,6,3,2,1160.0,,15.0
simu5g_00000498,6,3,3,608.0,,9.0
simu5g_00000498,6,3,4,1128.0,,14.0
simu5g_00000498,6,3,5,1128.0,,14.0
simu5g_00000498,6,3,6,1160.0,,15.0
simu5g_00000498,6,3,7,1128.0,,14.0
simu5g_00000498,6,3,8,1160.0,,15.0
simu5g_00000498,6,3,9,984.0,,13.0
simu5g_00000498,6,3,10,984.0,,13.0
simu5g_00000498,6,3,11,1128.0,,14.0
simu5g_00000498,6,3,12,1160.0,,15.0
simu5g_00000498,6,3,13,1128.0,,14.0
simu5g_00000498,6,3,14,1160.0,,15.0
simu5g_00000498,6,3,15,1160.0,,15.0
simu5g_00000498,6,3,16,888.0,,12.0
simu5g_00000498,6,3,17,1160.0,,15.0
simu5g_00000498,6,3,18,1160.0,,15.0
simu5g_00000498,6,3,19,1128.0,,14.0
simu5g_00000498,6,3,20,1160.0,,15.0
simu5g_00000498,6,3,21,1128.0,,14.0
simu5g_00000498,6,3,22,1160.0,,15.0
simu5g_00000498,6,3,23,1160.0,,15.0
simu5g_00000498,6,3,24,1160.0,,15.0
simu5g_00000499,0,0,0,1160.0,,15.0
simu5g_00000499,0,0,1,888.0,,12.0
simu5g_00000499,0,0,2,1160.0,,15.0
simu5g_00000499,0,0,3,1128.0,,14.0
simu5g_00000499,0,0,4,1160.0,,15.0
simu5g_00000499,0,0,5,1128.0,,14.0
simu5g_00000499,0,0,6,1160.0,,15.0
simu5g_00000499,0,0,7,1160.0,,15.0
simu5g_00000499,0,0,8,1128.0,,14.0
simu5g_00000499,0,0,9,1160.0,,15.0
simu5g_00000499,0,0,10,1160.0,,15.0
simu5g_00000499,0,0,11,1160.0,,15.0
simu5g_00000499,0,0,12,1160.0,,15.0
simu5g_00000499,0,0,13,1160.0,,15.0
simu5g_00000499,0,0,14,1160.0,,15.0
simu5g_00000499,0,0,15,1160.0,,15.0
simu5g_00000499,0,0,16,1160.0,,15.0
simu5g_00000499,0,0,17,1160.0,,15.0
simu5g_00000499,0,0,18,1160.0,,15.0
simu5g_00000499,0,0,19,1160.0,,15.0
simu5g_00000499,0,0,20,1160.0,,15.0
simu5g_00000499,0,0,21,1128.0,,14.0
simu5g_00000499,0,0,22,1160.0,,15.0
simu5g_00000499,0,0,23,1160.0,,15.0
simu5g_00000499,0,0,24,1160.0,,15.0
simu5g_00000499,1,1,0,1160.0,,15.0
simu5g_00000499,1,1,1,1128.0,,14.0
simu5g_00000499,1,1,2,1128.0,,14.0
simu5g_00000499,1,1,3,1160.0,,15.0
simu5g_00000499,1,1,4,1128.0,,14.0
simu5g_00000499,1,1,5,1160.0,,15.0
simu5g_00000499,1,1,6,1160.0,,15.0
simu5g_00000499,1,1,7,984.0,,13.0
simu5g_00000499,1,1,8,984.0,,13.0
simu5g_00000499,1,1,9,1160.0,,15.0
simu5g_00000499,1,1,10,1160.0,,15.0
simu5g_00000499,1,1,11,1160.0,,15.0
simu5g_00000499,1,1,12,1160.0,,15.0
simu5g_00000499,1,1,13,1160.0,,15.0
simu5g_00000499,1,1,14,1160.0,,15.0
simu5g_00000499,1,1,15,1160.0,,15.0
simu5g_00000499,1,1,16,1160.0,,15.0
simu5g_00000499,1,1,17,1160.0,,15.0
simu5g_00000499,1,1,18,1160.0,,15.0
simu5g_00000499,1,1,19,1160.0,,15.0
simu5g_00000499,1,1,20,1160.0,,15.0
simu5g_00000499,1,1,21,888.0,,12.0
simu5g_00000499,1,1,22,1160.0,,15.0
simu5g_00000499,1,1,23,1128.0,,14.0
simu5g_00000499,1,1,24,1160.0,,15.0
simu5g_00000499,15,2,0,1160.0,,15.0
simu5g_00000499,15,2,1,1160.0,,15.0
simu5g_00000499,15,2,2,1160.0,,15.0
simu5g_00000499,15,2,3,1160.0,,15.0
simu5g_00000499,15,2,4,1160.0,,15.0
simu5g_00000499,15,2,5,1128.0,,14.0
simu5g_00000499,15,2,6,1160.0,,15.0
simu5g_00000499,15,2,7,1160.0,,15.0
simu5g_00000499,15,2,8,1160.0,,15.0
simu5g_00000499,15,2,9,1160.0,,15.0
simu5g_00000499,15,2,10,1160.0,,15.0
simu5g_00000499,15,2,11,1160.0,,15.0
simu5g_00000499,15,2,12,1160.0,,15.0
simu5g_00000499,15,2,13,1160.0,,15.0
simu5g_00000499,15,2,14,1160.0,,15.0
simu5g_00000499,15,2,15,1160.0,,15.0
simu5g_00000499,15,2,16,1160.0,,15.0
simu5g_00000499,15,2,17,1160.0,,15.0
simu5g_00000499,15,2,18,1160.0,,15.0
simu5g_00000499,15,2,19,1160.0,,15.0
simu5g_00000499,15,2,20,1160.0,,15.0
simu5g_00000499,15,2,21,1160.0,,15.0
simu5g_00000499,15,2,22,1160.0,,15.0
simu5g_00000499,15,2,23,1160.0,,15.0
simu5g_00000499,15,2,24,1160.0,,15.0
simu5g_00000499,2,3,0,1160.0,,15.0
simu5g_00000499,2,3,1,1160.0,,15.0
simu5g_00000499,2,3,2,1160.0,,15.0
simu5g_00000499,2,3,3,1160.0,,15.0
simu5g_00000499,2,3,4,1160.0,,15.0
simu5g_00000499,2,3,5,1160.0,,15.0
simu5g_00000499,2,3,6,1160.0,,15.0
simu5g_00000499,2,3,7,984.0,,13.0
simu5g_00000499,2,3,8,1160.0,,15.0
simu5g_00000499,2,3,9,1160.0,,15.0
simu5g_00000499,2,3,10,1160.0,,15.0
simu5g_00000499,2,3,11,1128.0,,14.0
simu5g_00000499,2,3,12,1160.0,,15.0
simu5g_00000499,2,3,13,1160.0,,15.0
simu5g_00000499,2,3,14,1160.0,,15.0
simu5g_00000499,2,3,15,1160.0,,15.0
simu5g_00000499,2,3,16,1128.0,,14.0
simu5g_00000499,2,3,17,1160.0,,15.0
simu5g_00000499,2,3,18,1160.0,,15.0
simu5g_00000499,2,3,19,1160.0,,15.0
simu5g_00000499,2,3,20,1160.0,,15.0
simu5g_00000499,2,3,21,1160.0,,15.0
simu5g_00000499,2,3,22,1160.0,,15.0
simu5g_00000499,2,3,23,1160.0,,15.0
simu5g_00000499,2,3,24,1128.0,,14.0
simu5g_00000499,31,4,0,1128.0,,14.0
simu5g_00000499,31,4,1,984.0,,13.0
simu5g_00000499,31,4,2,1160.0,,15.0
simu5g_00000499,31,4,3,1160.0,,15.0
simu5g_00000499,31,4,4,1160.0,,15.0
simu5g_00000499,31,4,5,1128.0,,14.0
simu5g_00000499,31,4,6,1160.0,,15.0
simu5g_00000499,31,4,7,1128.0,,14.0
simu5g_00000499,31,4,8,1160.0,,15.0
simu5g_00000499,31,4,9,1160.0,,15.0
simu5g_00000499,31,4,10,1160.0,,15.0
simu5g_00000499,31,4,11,1128.0,,14.0
simu5g_00000499,31,4,12,608.0,,9.0
simu5g_00000499,31,4,13,1160.0,,15.0
simu5g_00000499,31,4,14,1160.0,,15.0
simu5g_00000499,31,4,15,1160.0,,15.0
simu5g_00000499,31,4,16,1128.0,,14.0
simu5g_00000499,31,4,17,1160.0,,15.0
simu5g_00000499,31,4,18,1160.0,,15.0
simu5g_00000499,31,4,19,1128.0,,14.0
simu5g_00000499,31,4,20,1128.0,,14.0
simu5g_00000499,31,4,21,1160.0,,15.0
simu5g_00000499,31,4,22,1128.0,,14.0
simu5g_00000499,31,4,23,1160.0,,15.0
simu5g_00000499,31,4,24,1160.0,,15.0
simu5g_00000500,3,0,0,984.0,,13.0
simu5g_00000500,3,0,1,1160.0,,15.0
simu5g_00000500,3,0,2,1128.0,,14.0
simu5g_00000500,3,0,3,1128.0,,14.0
simu5g_00000500,3,0,4,1160.0,,15.0
simu5g_00000500,3,0,5,1160.0,,15.0
simu5g_00000500,3,0,6,1128.0,,14.0
simu5g_00000500,3,0,7,1128.0,,14.0
simu5g_00000500,3,0,8,704.0,,10.0
simu5g_00000500,3,0,9,608.0,,9.0
simu5g_00000500,3,0,10,1128.0,,14.0
simu5g_00000500,3,0,11,1128.0,,14.0
simu5g_00000500,3,0,12,1128.0,,14.0
simu5g_00000500,3,0,13,1128.0,,14.0
simu5g_00000500,3,0,14,1160.0,,15.0
simu5g_00000500,3,0,15,1128.0,,14.0
simu5g_00000500,3,0,16,1128.0,,14.0
simu5g_00000500,3,0,17,1128.0,,14.0
simu5g_00000500,3,0,18,1128.0,,14.0
simu5g_00000500,3,0,19,1128.0,,14.0
simu5g_00000500,3,0,20,1128.0,,14.0
simu5g_00000500,3,0,21,984.0,,13.0
simu5g_00000500,3,0,22,984.0,,13.0
simu5g_00000500,3,0,23,1128.0,,14.0
simu5g_00000500,3,0,24,984.0,,13.0
simu5g_00000500,4,1,0,1128.0,,14.0
simu5g_00000500,4,1,1,888.0,,12.0
simu5g_00000500,4,1,2,1128.0,,14.0
simu5g_00000500,4,1,3,368.0,,6.0
simu5g_00000500,4,1,4,984.0,,13.0
simu5g_00000500,4,1,5,1128.0,,14.0
simu5g_00000500,4,1,6,1128.0,,14.0
simu5g_00000500,4,1,7,528.0,,8.0
simu5g_00000500,4,1,8,808.0,,11.0
simu5g_00000500,4,1,9,984.0,,13.0
simu5g_00000500,4,1,10,984.0,,13.0
simu5g_00000500,4,1,11,1128.0,,14.0
simu5g_00000500,4,1,12,1160.0,,15.0
simu5g_00000500,4,1,13,984.0,,13.0
simu5g_00000500,4,1,14,1128.0,,14.0
simu5g_00000500,4,1,15,888.0,,12.0
simu5g_00000500,4,1,16,888.0,,12.0
simu5g_00000500,4,1,17,984.0,,13.0
simu5g_00000500,4,1,18,1160.0,,15.0
simu5g_00000500,4,1,19,1128.0,,14.0
simu5g_00000500,4,1,20,984.0,,13.0
simu5g_00000500,4,1,21,888.0,,12.0
simu5g_00000500,4,1,22,1160.0,,15.0
simu5g_00000500,4,1,23,1128.0,,14.0
simu5g_00000500,4,1,24,984.0,,13.0
simu5g_00000500,5,2,0,1128.0,,14.0
simu5g_00000500,5,2,1,1128.0,,14.0
simu5g_00000500,5,2,2,1128.0,,14.0
simu5g_00000500,5,2,3,984.0,,13.0
simu5g_00000500,5,2,4,1160.0,,15.0
simu5g_00000500,5,2,5,1128.0,,14.0
simu5g_00000500,5,2,6,1128.0,,14.0
simu5g_00000500,5,2,7,1128.0,,14.0
simu5g_00000500,5,2,8,1128.0,,14.0
simu5g_00000500,5,2,9,1160.0,,15.0
simu5g_00000500,5,2,10,1160.0,,15.0
simu5g_00000500,5,2,11,1128.0,,14.0
simu5g_00000500,5,2,12,1128.0,,14.0
simu5g_00000500,5,2,13,984.0,,13.0
simu5g_00000500,5,2,14,984.0,,13.0
simu5g_00000500,5,2,15,984.0,,13.0
simu5g_00000500,5,2,16,608.0,,9.0
simu5g_00000500,5,2,17,1160.0,,15.0
simu5g_00000500,5,2,18,1160.0,,15.0
simu5g_00000500,5,2,19,1128.0,,14.0
simu5g_00000500,5,2,20,1128.0,,14.0
simu5g_00000500,5,2,21,888.0,,12.0
simu5g_00000500,5,2,22,1160.0,,15.0
simu5g_00000500,5,2,23,984.0,,13.0
simu5g_00000500,5,2,24,1128.0,,14.0
simu5g_00000500,6,3,0,1160.0,,15.0
simu5g_00000500,6,3,1,1128.0,,14.0
simu5g_00000500,6,3,2,1160.0,,15.0
simu5g_00000500,6,3,3,608.0,,9.0
simu5g_00000500,6,3,4,1128.0,,14.0
simu5g_00000500,6,3,5,1128.0,,14.0
simu5g_00000500,6,3,6,1160.0,,15.0
simu5g_00000500,6,3,7,1128.0,,14.0
simu5g_00000500,6,3,8,1160.0,,15.0
simu5g_00000500,6,3,9,984.0,,13.0
simu5g_00000500,6,3,10,984.0,,13.0
simu5g_00000500,6,3,11,1128.0,,14.0
simu5g_00000500,6,3,12,1160.0,,15.0
simu5g_00000500,6,3,13,1128.0,,14.0
simu5g_00000500,6,3,14,1160.0,,15.0
simu5g_00000500,6,3,15,1160.0,,15.0
simu5g_00000500,6,3,16,888.0,,12.0
simu5g_00000500,6,3,17,1160.0,,15.0
simu5g_00000500,6,3,18,1160.0,,15.0
simu5g_00000500,6,3,19,1128.0,,14.0
simu5g_00000500,6,3,20,1160.0,,15.0
simu5g_00000500,6,3,21,1128.0,,14.0
simu5g_00000500,6,3,22,1160.0,,15.0
simu5g_00000500,6,3,23,1160.0,,15.0
simu5g_00000500,6,3,24,1160.0,,15.0
simu5g_00000501,0,0,0,1160.0,,15.0
simu5g_00000501,0,0,1,808.0,,11.0
simu5g_00000501,0,0,2,1160.0,,15.0
simu5g_00000501,0,0,3,1128.0,,14.0
simu5g_00000501,0,0,4,1160.0,,15.0
simu5g_00000501,0,0,5,1128.0,,14.0
simu5g_00000501,0,0,6,1160.0,,15.0
simu5g_00000501,0,0,7,1160.0,,15.0
simu5g_00000501,0,0,8,984.0,,13.0
simu5g_00000501,0,0,9,1160.0,,15.0
simu5g_00000501,0,0,10,1160.0,,15.0
simu5g_00000501,0,0,11,1160.0,,15.0
simu5g_00000501,0,0,12,1160.0,,15.0
simu5g_00000501,0,0,13,1160.0,,15.0
simu5g_00000501,0,0,14,1160.0,,15.0
simu5g_00000501,0,0,15,1160.0,,15.0
simu5g_00000501,0,0,16,1160.0,,15.0
simu5g_00000501,0,0,17,1160.0,,15.0
simu5g_00000501,0,0,18,1160.0,,15.0
simu5g_00000501,0,0,19,1160.0,,15.0
simu5g_00000501,0,0,20,1160.0,,15.0
simu5g_00000501,0,0,21,1128.0,,14.0
simu5g_00000501,0,0,22,1160.0,,15.0
simu5g_00000501,0,0,23,1160.0,,15.0
simu5g_00000501,0,0,24,1128.0,,14.0
simu5g_00000501,1,1,0,1160.0,,15.0
simu5g_00000501,1,1,1,1160.0,,15.0
simu5g_00000501,1,1,2,1160.0,,15.0
simu5g_00000501,1,1,3,1160.0,,15.0
simu5g_00000501,1,1,4,1160.0,,15.0
simu5g_00000501,1,1,5,1160.0,,15.0
simu5g_00000501,1,1,6,1160.0,,15.0
simu5g_00000501,1,1,7,1128.0,,14.0
simu5g_00000501,1,1,8,984.0,,13.0
simu5g_00000501,1,1,9,1160.0,,15.0
simu5g_00000501,1,1,10,1160.0,,15.0
simu5g_00000501,1,1,11,1160.0,,15.0
simu5g_00000501,1,1,12,1160.0,,15.0
simu5g_00000501,1,1,13,1160.0,,15.0
simu5g_00000501,1,1,14,1160.0,,15.0
simu5g_00000501,1,1,15,1160.0,,15.0
simu5g_00000501,1,1,16,1160.0,,15.0
simu5g_00000501,1,1,17,1160.0,,15.0
simu5g_00000501,1,1,18,1160.0,,15.0
simu5g_00000501,1,1,19,1160.0,,15.0
simu5g_00000501,1,1,20,1160.0,,15.0
simu5g_00000501,1,1,21,888.0,,12.0
simu5g_00000501,1,1,22,1160.0,,15.0
simu5g_00000501,1,1,23,1128.0,,14.0
simu5g_00000501,1,1,24,1160.0,,15.0
simu5g_00000501,15,2,0,1160.0,,15.0
simu5g_00000501,15,2,1,1160.0,,15.0
simu5g_00000501,15,2,2,1160.0,,15.0
simu5g_00000501,15,2,3,1160.0,,15.0
simu5g_00000501,15,2,4,1160.0,,15.0
simu5g_00000501,15,2,5,984.0,,13.0
simu5g_00000501,15,2,6,1160.0,,15.0
simu5g_00000501,15,2,7,1160.0,,15.0
simu5g_00000501,15,2,8,1160.0,,15.0
simu5g_00000501,15,2,9,1160.0,,15.0
simu5g_00000501,15,2,10,1160.0,,15.0
simu5g_00000501,15,2,11,1160.0,,15.0
simu5g_00000501,15,2,12,1128.0,,14.0
simu5g_00000501,15,2,13,1160.0,,15.0
simu5g_00000501,15,2,14,1160.0,,15.0
simu5g_00000501,15,2,15,1160.0,,15.0
simu5g_00000501,15,2,16,1160.0,,15.0
simu5g_00000501,15,2,17,1160.0,,15.0
simu5g_00000501,15,2,18,1160.0,,15.0
simu5g_00000501,15,2,19,1160.0,,15.0
simu5g_00000501,15,2,20,1160.0,,15.0
simu5g_00000501,15,2,21,1160.0,,15.0
simu5g_00000501,15,2,22,1160.0,,15.0
simu5g_00000501,15,2,23,1160.0,,15.0
simu5g_00000501,15,2,24,1160.0,,15.0
simu5g_00000501,2,3,0,1160.0,,15.0
simu5g_00000501,2,3,1,1160.0,,15.0
simu5g_00000501,2,3,2,1160.0,,15.0
simu5g_00000501,2,3,3,1160.0,,15.0
simu5g_00000501,2,3,4,1160.0,,15.0
simu5g_00000501,2,3,5,1160.0,,15.0
simu5g_00000501,2,3,6,1160.0,,15.0
simu5g_00000501,2,3,7,984.0,,13.0
simu5g_00000501,2,3,8,1160.0,,15.0
simu5g_00000501,2,3,9,1160.0,,15.0
simu5g_00000501,2,3,10,1160.0,,15.0
simu5g_00000501,2,3,11,1128.0,,14.0
simu5g_00000501,2,3,12,1160.0,,15.0
simu5g_00000501,2,3,13,1160.0,,15.0
simu5g_00000501,2,3,14,1160.0,,15.0
simu5g_00000501,2,3,15,1160.0,,15.0
simu5g_00000501,2,3,16,1128.0,,14.0
simu5g_00000501,2,3,17,1160.0,,15.0
simu5g_00000501,2,3,18,1160.0,,15.0
simu5g_00000501,2,3,19,1160.0,,15.0
simu5g_00000501,2,3,20,1160.0,,15.0
simu5g_00000501,2,3,21,1160.0,,15.0
simu5g_00000501,2,3,22,1160.0,,15.0
simu5g_00000501,2,3,23,1160.0,,15.0
simu5g_00000501,2,3,24,1160.0,,15.0
simu5g_00000501,31,4,0,1128.0,,14.0
simu5g_00000501,31,4,1,984.0,,13.0
simu5g_00000501,31,4,2,1160.0,,15.0
simu5g_00000501,31,4,3,1160.0,,15.0
simu5g_00000501,31,4,4,1160.0,,15.0
simu5g_00000501,31,4,5,1128.0,,14.0
simu5g_00000501,31,4,6,1160.0,,15.0
simu5g_00000501,31,4,7,1128.0,,14.0
simu5g_00000501,31,4,8,1160.0,,15.0
simu5g_00000501,31,4,9,1160.0,,15.0
simu5g_00000501,31,4,10,1160.0,,15.0
simu5g_00000501,31,4,11,1128.0,,14.0
simu5g_00000501,31,4,12,608.0,,9.0
simu5g_00000501,31,4,13,1160.0,,15.0
simu5g_00000501,31,4,14,1160.0,,15.0
simu5g_00000501,31,4,15,1160.0,,15.0
simu5g_00000501,31,4,16,1128.0,,14.0
simu5g_00000501,31,4,17,1160.0,,15.0
simu5g_00000501,31,4,18,1160.0,,15.0
simu5g_00000501,31,4,19,1128.0,,14.0
simu5g_00000501,31,4,20,1128.0,,14.0
simu5g_00000501,31,4,21,1160.0,,15.0
simu5g_00000501,31,4,22,1128.0,,14.0
simu5g_00000501,31,4,23,1160.0,,15.0
simu5g_00000501,31,4,24,1160.0,,15.0
simu5g_00000502,3,0,0,984.0,,13.0
simu5g_00000502,3,0,1,1160.0,,15.0
simu5g_00000502,3,0,2,1128.0,,14.0
simu5g_00000502,3,0,3,1128.0,,14.0
simu5g_00000502,3,0,4,1160.0,,15.0
simu5g_00000502,3,0,5,1160.0,,15.0
simu5g_00000502,3,0,6,1128.0,,14.0
simu5g_00000502,3,0,7,1128.0,,14.0
simu5g_00000502,3,0,8,704.0,,10.0
simu5g_00000502,3,0,9,608.0,,9.0
simu5g_00000502,3,0,10,1128.0,,14.0
simu5g_00000502,3,0,11,1128.0,,14.0
simu5g_00000502,3,0,12,1128.0,,14.0
simu5g_00000502,3,0,13,1128.0,,14.0
simu5g_00000502,3,0,14,1160.0,,15.0
simu5g_00000502,3,0,15,1128.0,,14.0
simu5g_00000502,3,0,16,1128.0,,14.0
simu5g_00000502,3,0,17,1128.0,,14.0
simu5g_00000502,3,0,18,1128.0,,14.0
simu5g_00000502,3,0,19,1128.0,,14.0
simu5g_00000502,3,0,20,1128.0,,14.0
simu5g_00000502,3,0,21,984.0,,13.0
simu5g_00000502,3,0,22,984.0,,13.0
simu5g_00000502,3,0,23,1128.0,,14.0
simu5g_00000502,3,0,24,984.0,,13.0
simu5g_00000502,4,1,0,1128.0,,14.0
simu5g_00000502,4,1,1,888.0,,12.0
simu5g_00000502,4,1,2,1128.0,,14.0
simu5g_00000502,4,1,3,368.0,,6.0
simu5g_00000502,4,1,4,984.0,,13.0
simu5g_00000502,4,1,5,1128.0,,14.0
simu5g_00000502,4,1,6,1128.0,,14.0
simu5g_00000502,4,1,7,528.0,,8.0
simu5g_00000502,4,1,8,808.0,,11.0
simu5g_00000502,4,1,9,984.0,,13.0
simu5g_00000502,4,1,10,984.0,,13.0
simu5g_00000502,4,1,11,1128.0,,14.0
simu5g_00000502,4,1,12,1160.0,,15.0
simu5g_00000502,4,1,13,984.0,,13.0
simu5g_00000502,4,1,14,1128.0,,14.0
simu5g_00000502,4,1,15,888.0,,12.0
simu5g_00000502,4,1,16,888.0,,12.0
simu5g_00000502,4,1,17,984.0,,13.0
simu5g_00000502,4,1,18,1160.0,,15.0
simu5g_00000502,4,1,19,1128.0,,14.0
simu5g_00000502,4,1,20,984.0,,13.0
simu5g_00000502,4,1,21,888.0,,12.0
simu5g_00000502,4,1,22,1160.0,,15.0
simu5g_00000502,4,1,23,1128.0,,14.0
simu5g_00000502,4,1,24,984.0,,13.0
simu5g_00000502,5,2,0,1128.0,,14.0
simu5g_00000502,5,2,1,1128.0,,14.0
simu5g_00000502,5,2,2,1128.0,,14.0
simu5g_00000502,5,2,3,984.0,,13.0
simu5g_00000502,5,2,4,1160.0,,15.0
simu5g_00000502,5,2,5,1128.0,,14.0
simu5g_00000502,5,2,6,1128.0,,14.0
simu5g_00000502,5,2,7,1128.0,,14.0
simu5g_00000502,5,2,8,1128.0,,14.0
simu5g_00000502,5,2,9,1160.0,,15.0
simu5g_00000502,5,2,10,1160.0,,15.0
simu5g_00000502,5,2,11,1128.0,,14.0
simu5g_00000502,5,2,12,1128.0,,14.0
simu5g_00000502,5,2,13,984.0,,13.0
simu5g_00000502,5,2,14,984.0,,13.0
simu5g_00000502,5,2,15,984.0,,13.0
simu5g_00000502,5,2,16,608.0,,9.0
simu5g_00000502,5,2,17,1160.0,,15.0
simu5g_00000502,5,2,18,1160.0,,15.0
simu5g_00000502,5,2,19,1128.0,,14.0
simu5g_00000502,5,2,20,1128.0,,14.0
simu5g_00000502,5,2,21,888.0,,12.0
simu5g_00000502,5,2,22,1160.0,,15.0
simu5g_00000502,5,2,23,984.0,,13.0
simu5g_00000502,5,2,24,1128.0,,14.0
simu5g_00000502,6,3,0,1160.0,,15.0
simu5g_00000502,6,3,1,1128.0,,14.0
simu5g_00000502,6,3,2,1160.0,,15.0
simu5g_00000502,6,3,3,608.0,,9.0
simu5g_00000502,6,3,4,1128.0,,14.0
simu5g_00000502,6,3,5,1128.0,,14.0
simu5g_00000502,6,3,6,1160.0,,15.0
simu5g_00000502,6,3,7,1128.0,,14.0
simu5g_00000502,6,3,8,1160.0,,15.0
simu5g_00000502,6,3,9,984.0,,13.0
simu5g_00000502,6,3,10,984.0,,13.0
simu5g_00000502,6,3,11,1128.0,,14.0
simu5g_00000502,6,3,12,1160.0,,15.0
simu5g_00000502,6,3,13,1128.0,,14.0
simu5g_00000502,6,3,14,1160.0,,15.0
simu5g_00000502,6,3,15,1160.0,,15.0
simu5g_00000502,6,3,16,888.0,,12.0
simu5g_00000502,6,3,17,1160.0,,15.0
simu5g_00000502,6,3,18,1160.0,,15.0
simu5g_00000502,6,3,19,1128.0,,14.0
simu5g_00000502,6,3,20,1160.0,,15.0
simu5g_00000502,6,3,21,1128.0,,14.0
simu5g_00000502,6,3,22,1160.0,,15.0
simu5g_00000502,6,3,23,1160.0,,15.0
simu5g_00000502,6,3,24,1160.0,,15.0
simu5g_00000503,0,0,0,1160.0,,15.0
simu5g_00000503,0,0,1,808.0,,11.0
simu5g_00000503,0,0,2,1160.0,,15.0
simu5g_00000503,0,0,3,1128.0,,14.0
simu5g_00000503,0,0,4,1160.0,,15.0
simu5g_00000503,0,0,5,1128.0,,14.0
simu5g_00000503,0,0,6,1160.0,,15.0
simu5g_00000503,0,0,7,1160.0,,15.0
simu5g_00000503,0,0,8,984.0,,13.0
simu5g_00000503,0,0,9,1160.0,,15.0
simu5g_00000503,0,0,10,1160.0,,15.0
simu5g_00000503,0,0,11,1160.0,,15.0
simu5g_00000503,0,0,12,1160.0,,15.0
simu5g_00000503,0,0,13,1160.0,,15.0
simu5g_00000503,0,0,14,1160.0,,15.0
simu5g_00000503,0,0,15,1160.0,,15.0
simu5g_00000503,0,0,16,1160.0,,15.0
simu5g_00000503,0,0,17,1160.0,,15.0
simu5g_00000503,0,0,18,1160.0,,15.0
simu5g_00000503,0,0,19,1160.0,,15.0
simu5g_00000503,0,0,20,1160.0,,15.0
simu5g_00000503,0,0,21,1128.0,,14.0
simu5g_00000503,0,0,22,1160.0,,15.0
simu5g_00000503,0,0,23,1160.0,,15.0
simu5g_00000503,0,0,24,1128.0,,14.0
simu5g_00000503,1,1,0,1160.0,,15.0
simu5g_00000503,1,1,1,1160.0,,15.0
simu5g_00000503,1,1,2,1160.0,,15.0
simu5g_00000503,1,1,3,1160.0,,15.0
simu5g_00000503,1,1,4,1160.0,,15.0
simu5g_00000503,1,1,5,1160.0,,15.0
simu5g_00000503,1,1,6,1160.0,,15.0
simu5g_00000503,1,1,7,1128.0,,14.0
simu5g_00000503,1,1,8,984.0,,13.0
simu5g_00000503,1,1,9,1160.0,,15.0
simu5g_00000503,1,1,10,1160.0,,15.0
simu5g_00000503,1,1,11,1160.0,,15.0
simu5g_00000503,1,1,12,1160.0,,15.0
simu5g_00000503,1,1,13,1160.0,,15.0
simu5g_00000503,1,1,14,1160.0,,15.0
simu5g_00000503,1,1,15,1160.0,,15.0
simu5g_00000503,1,1,16,1160.0,,15.0
simu5g_00000503,1,1,17,1160.0,,15.0
simu5g_00000503,1,1,18,1160.0,,15.0
simu5g_00000503,1,1,19,1160.0,,15.0
simu5g_00000503,1,1,20,1160.0,,15.0
simu5g_00000503,1,1,21,888.0,,12.0
simu5g_00000503,1,1,22,1160.0,,15.0
simu5g_00000503,1,1,23,1128.0,,14.0
simu5g_00000503,1,1,24,1160.0,,15.0
simu5g_00000503,15,2,0,1160.0,,15.0
simu5g_00000503,15,2,1,1160.0,,15.0
simu5g_00000503,15,2,2,1160.0,,15.0
simu5g_00000503,15,2,3,1160.0,,15.0
simu5g_00000503,15,2,4,1160.0,,15.0
simu5g_00000503,15,2,5,984.0,,13.0
simu5g_00000503,15,2,6,1160.0,,15.0
simu5g_00000503,15,2,7,1160.0,,15.0
simu5g_00000503,15,2,8,1160.0,,15.0
simu5g_00000503,15,2,9,1160.0,,15.0
simu5g_00000503,15,2,10,1160.0,,15.0
simu5g_00000503,15,2,11,1160.0,,15.0
simu5g_00000503,15,2,12,1128.0,,14.0
simu5g_00000503,15,2,13,1160.0,,15.0
simu5g_00000503,15,2,14,1160.0,,15.0
simu5g_00000503,15,2,15,1160.0,,15.0
simu5g_00000503,15,2,16,1160.0,,15.0
simu5g_00000503,15,2,17,1160.0,,15.0
simu5g_00000503,15,2,18,1160.0,,15.0
simu5g_00000503,15,2,19,1160.0,,15.0
simu5g_00000503,15,2,20,1160.0,,15.0
simu5g_00000503,15,2,21,1160.0,,15.0
simu5g_00000503,15,2,22,1160.0,,15.0
simu5g_00000503,15,2,23,1160.0,,15.0
simu5g_00000503,15,2,24,1160.0,,15.0
simu5g_00000503,2,3,0,1160.0,,15.0
simu5g_00000503,2,3,1,1160.0,,15.0
simu5g_00000503,2,3,2,1160.0,,15.0
simu5g_00000503,2,3,3,1160.0,,15.0
simu5g_00000503,2,3,4,1160.0,,15.0
simu5g_00000503,2,3,5,1160.0,,15.0
simu5g_00000503,2,3,6,1160.0,,15.0
simu5g_00000503,2,3,7,984.0,,13.0
simu5g_00000503,2,3,8,1160.0,,15.0
simu5g_00000503,2,3,9,1160.0,,15.0
simu5g_00000503,2,3,10,1160.0,,15.0
simu5g_00000503,2,3,11,1128.0,,14.0
simu5g_00000503,2,3,12,1160.0,,15.0
simu5g_00000503,2,3,13,1160.0,,15.0
simu5g_00000503,2,3,14,1160.0,,15.0
simu5g_00000503,2,3,15,1160.0,,15.0
simu5g_00000503,2,3,16,1128.0,,14.0
simu5g_00000503,2,3,17,1160.0,,15.0
simu5g_00000503,2,3,18,1160.0,,15.0
simu5g_00000503,2,3,19,1160.0,,15.0
simu5g_00000503,2,3,20,1160.0,,15.0
simu5g_00000503,2,3,21,1160.0,,15.0
simu5g_00000503,2,3,22,1160.0,,15.0
simu5g_00000503,2,3,23,1160.0,,15.0
simu5g_00000503,2,3,24,1160.0,,15.0
simu5g_00000503,31,4,0,888.0,,12.0
simu5g_00000503,31,4,1,808.0,,11.0
simu5g_00000503,31,4,2,1128.0,,14.0
simu5g_00000503,31,4,3,1128.0,,14.0
simu5g_00000503,31,4,4,1128.0,,14.0
simu5g_00000503,31,4,5,984.0,,13.0
simu5g_00000503,31,4,6,1128.0,,14.0
simu5g_00000503,31,4,7,984.0,,13.0
simu5g_00000503,31,4,8,1160.0,,15.0
simu5g_00000503,31,4,9,1160.0,,15.0
simu5g_00000503,31,4,10,1128.0,,14.0
simu5g_00000503,31,4,11,984.0,,13.0
simu5g_00000503,31,4,12,368.0,,6.0
simu5g_00000503,31,4,13,1128.0,,14.0
simu5g_00000503,31,4,14,1160.0,,15.0
simu5g_00000503,31,4,15,1160.0,,15.0
simu5g_00000503,31,4,16,984.0,,13.0
simu5g_00000503,31,4,17,1160.0,,15.0
simu5g_00000503,31,4,18,1160.0,,15.0
simu5g_00000503,31,4,19,984.0,,13.0
simu5g_00000503,31,4,20,888.0,,12.0
simu5g_00000503,31,4,21,1128.0,,14.0
simu5g_00000503,31,4,22,984.0,,13.0
simu5g_00000503,31,4,23,1128.0,,14.0
simu5g_00000503,31,4,24,1160.0,,15.0
simu5g_00000504,3,0,0,984.0,,13.0
simu5g_00000504,3,0,1,1160.0,,15.0
simu5g_00000504,3,0,2,1128.0,,14.0
simu5g_00000504,3,0,3,1128.0,,14.0
simu5g_00000504,3,0,4,1160.0,,15.0
simu5g_00000504,3,0,5,1160.0,,15.0
simu5g_00000504,3,0,6,1128.0,,14.0
simu5g_00000504,3,0,7,1128.0,,14.0
simu5g_00000504,3,0,8,704.0,,10.0
simu5g_00000504,3,0,9,704.0,,10.0
simu5g_00000504,3,0,10,1128.0,,14.0
simu5g_00000504,3,0,11,1128.0,,14.0
simu5g_00000504,3,0,12,1128.0,,14.0
simu5g_00000504,3,0,13,1160.0,,15.0
simu5g_00000504,3,0,14,1160.0,,15.0
simu5g_00000504,3,0,15,1128.0,,14.0
simu5g_00000504,3,0,16,1160.0,,15.0
simu5g_00000504,3,0,17,1128.0,,14.0
simu5g_00000504,3,0,18,1128.0,,14.0
simu5g_00000504,3,0,19,1128.0,,14.0
simu5g_00000504,3,0,20,1128.0,,14.0
simu5g_00000504,3,0,21,984.0,,13.0
simu5g_00000504,3,0,22,984.0,,13.0
simu5g_00000504,3,0,23,1128.0,,14.0
simu5g_00000504,3,0,24,984.0,,13.0
simu5g_00000504,4,1,0,1128.0,,14.0
simu5g_00000504,4,1,1,888.0,,12.0
simu5g_00000504,4,1,2,1128.0,,14.0
simu5g_00000504,4,1,3,368.0,,6.0
simu5g_00000504,4,1,4,984.0,,13.0
simu5g_00000504,4,1,5,1128.0,,14.0
simu5g_00000504,4,1,6,1128.0,,14.0
simu5g_00000504,4,1,7,528.0,,8.0
simu5g_00000504,4,1,8,808.0,,11.0
simu5g_00000504,4,1,9,984.0,,13.0
simu5g_00000504,4,1,10,984.0,,13.0
simu5g_00000504,4,1,11,1128.0,,14.0
simu5g_00000504,4,1,12,1160.0,,15.0
simu5g_00000504,4,1,13,984.0,,13.0
simu5g_00000504,4,1,14,1128.0,,14.0
simu5g_00000504,4,1,15,888.0,,12.0
simu5g_00000504,4,1,16,888.0,,12.0
simu5g_00000504,4,1,17,984.0,,13.0
simu5g_00000504,4,1,18,1160.0,,15.0
simu5g_00000504,4,1,19,1128.0,,14.0
simu5g_00000504,4,1,20,984.0,,13.0
simu5g_00000504,4,1,21,888.0,,12.0
simu5g_00000504,4,1,22,1160.0,,15.0
simu5g_00000504,4,1,23,1128.0,,14.0
simu5g_00000504,4,1,24,984.0,,13.0
simu5g_00000504,5,2,0,1128.0,,14.0
simu5g_00000504,5,2,1,1128.0,,14.0
simu5g_00000504,5,2,2,1128.0,,14.0
simu5g_00000504,5,2,3,984.0,,13.0
simu5g_00000504,5,2,4,1160.0,,15.0
simu5g_00000504,5,2,5,1128.0,,14.0
simu5g_00000504,5,2,6,1128.0,,14.0
simu5g_00000504,5,2,7,1128.0,,14.0
simu5g_00000504,5,2,8,1128.0,,14.0
simu5g_00000504,5,2,9,1160.0,,15.0
simu5g_00000504,5,2,10,1160.0,,15.0
simu5g_00000504,5,2,11,1128.0,,14.0
simu5g_00000504,5,2,12,1128.0,,14.0
simu5g_00000504,5,2,13,984.0,,13.0
simu5g_00000504,5,2,14,984.0,,13.0
simu5g_00000504,5,2,15,984.0,,13.0
simu5g_00000504,5,2,16,608.0,,9.0
simu5g_00000504,5,2,17,1160.0,,15.0
simu5g_00000504,5,2,18,1160.0,,15.0
simu5g_00000504,5,2,19,1128.0,,14.0
simu5g_00000504,5,2,20,1128.0,,14.0
simu5g_00000504,5,2,21,888.0,,12.0
simu5g_00000504,5,2,22,1160.0,,15.0
simu5g_00000504,5,2,23,984.0,,13.0
simu5g_00000504,5,2,24,1128.0,,14.0
simu5g_00000504,6,3,0,1160.0,,15.0
simu5g_00000504,6,3,1,1128.0,,14.0
simu5g_00000504,6,3,2,1160.0,,15.0
simu5g_00000504,6,3,3,608.0,,9.0
simu5g_00000504,6,3,4,1128.0,,14.0
simu5g_00000504,6,3,5,1128.0,,14.0
simu5g_00000504,6,3,6,1160.0,,15.0
simu5g_00000504,6,3,7,1128.0,,14.0
simu5g_00000504,6,3,8,1160.0,,15.0
simu5g_00000504,6,3,9,984.0,,13.0
simu5g_00000504,6,3,10,984.0,,13.0
simu5g_00000504,6,3,11,1128.0,,14.0
simu5g_00000504,6,3,12,1160.0,,15.0
simu5g_00000504,6,3,13,1128.0,,14.0
simu5g_00000504,6,3,14,1160.0,,15.0
simu5g_00000504,6,3,15,1160.0,,15.0
simu5g_00000504,6,3,16,888.0,,12.0
simu5g_00000504,6,3,17,1160.0,,15.0
simu5g_00000504,6,3,18,1160.0,,15.0
simu5g_00000504,6,3,19,1128.0,,14.0
simu5g_00000504,6,3,20,1160.0,,15.0
simu5g_00000504,6,3,21,1128.0,,14.0
simu5g_00000504,6,3,22,1160.0,,15.0
simu5g_00000504,6,3,23,1160.0,,15.0
simu5g_00000504,6,3,24,1160.0,,15.0
simu5g_00000505,0,0,0,1160.0,,15.0
simu5g_00000505,0,0,1,808.0,,11.0
simu5g_00000505,0,0,2,1160.0,,15.0
simu5g_00000505,0,0,3,1128.0,,14.0
simu5g_00000505,0,0,4,1160.0,,15.0
simu5g_00000505,0,0,5,1128.0,,14.0
simu5g_00000505,0,0,6,1160.0,,15.0
simu5g_00000505,0,0,7,1160.0,,15.0
simu5g_00000505,0,0,8,984.0,,13.0
simu5g_00000505,0,0,9,1160.0,,15.0
simu5g_00000505,0,0,10,1160.0,,15.0
simu5g_00000505,0,0,11,1160.0,,15.0
simu5g_00000505,0,0,12,1160.0,,15.0
simu5g_00000505,0,0,13,1160.0,,15.0
simu5g_00000505,0,0,14,1160.0,,15.0
simu5g_00000505,0,0,15,1160.0,,15.0
simu5g_00000505,0,0,16,1160.0,,15.0
simu5g_00000505,0,0,17,1160.0,,15.0
simu5g_00000505,0,0,18,1160.0,,15.0
simu5g_00000505,0,0,19,1160.0,,15.0
simu5g_00000505,0,0,20,1160.0,,15.0
simu5g_00000505,0,0,21,1128.0,,14.0
simu5g_00000505,0,0,22,1160.0,,15.0
simu5g_00000505,0,0,23,1160.0,,15.0
simu5g_00000505,0,0,24,1128.0,,14.0
simu5g_00000505,1,1,0,1160.0,,15.0
simu5g_00000505,1,1,1,1160.0,,15.0
simu5g_00000505,1,1,2,1160.0,,15.0
simu5g_00000505,1,1,3,1160.0,,15.0
simu5g_00000505,1,1,4,1160.0,,15.0
simu5g_00000505,1,1,5,1160.0,,15.0
simu5g_00000505,1,1,6,1160.0,,15.0
simu5g_00000505,1,1,7,1128.0,,14.0
simu5g_00000505,1,1,8,984.0,,13.0
simu5g_00000505,1,1,9,1160.0,,15.0
simu5g_00000505,1,1,10,1160.0,,15.0
simu5g_00000505,1,1,11,1160.0,,15.0
simu5g_00000505,1,1,12,1160.0,,15.0
simu5g_00000505,1,1,13,1160.0,,15.0
simu5g_00000505,1,1,14,1160.0,,15.0
simu5g_00000505,1,1,15,1160.0,,15.0
simu5g_00000505,1,1,16,1160.0,,15.0
simu5g_00000505,1,1,17,1160.0,,15.0
simu5g_00000505,1,1,18,1160.0,,15.0
simu5g_00000505,1,1,19,1160.0,,15.0
simu5g_00000505,1,1,20,1160.0,,15.0
simu5g_00000505,1,1,21,888.0,,12.0
simu5g_00000505,1,1,22,1160.0,,15.0
simu5g_00000505,1,1,23,1128.0,,14.0
simu5g_00000505,1,1,24,1160.0,,15.0
simu5g_00000505,15,2,0,1160.0,,15.0
simu5g_00000505,15,2,1,1160.0,,15.0
simu5g_00000505,15,2,2,1160.0,,15.0
simu5g_00000505,15,2,3,1160.0,,15.0
simu5g_00000505,15,2,4,1160.0,,15.0
simu5g_00000505,15,2,5,984.0,,13.0
simu5g_00000505,15,2,6,1160.0,,15.0
simu5g_00000505,15,2,7,1160.0,,15.0
simu5g_00000505,15,2,8,1160.0,,15.0
simu5g_00000505,15,2,9,1160.0,,15.0
simu5g_00000505,15,2,10,1160.0,,15.0
simu5g_00000505,15,2,11,1160.0,,15.0
simu5g_00000505,15,2,12,1128.0,,14.0
simu5g_00000505,15,2,13,1160.0,,15.0
simu5g_00000505,15,2,14,1160.0,,15.0
simu5g_00000505,15,2,15,1160.0,,15.0
simu5g_00000505,15,2,16,1160.0,,15.0
simu5g_00000505,15,2,17,1160.0,,15.0
simu5g_00000505,15,2,18,1160.0,,15.0
simu5g_00000505,15,2,19,1160.0,,15.0
simu5g_00000505,15,2,20,1160.0,,15.0
simu5g_00000505,15,2,21,1160.0,,15.0
simu5g_00000505,15,2,22,1160.0,,15.0
simu5g_00000505,15,2,23,1160.0,,15.0
simu5g_00000505,15,2,24,1160.0,,15.0
simu5g_00000505,2,3,0,1128.0,,14.0
simu5g_00000505,2,3,1,1160.0,,15.0
simu5g_00000505,2,3,2,1128.0,,14.0
simu5g_00000505,2,3,3,1160.0,,15.0
simu5g_00000505,2,3,4,1128.0,,14.0
simu5g_00000505,2,3,5,984.0,,13.0
simu5g_00000505,2,3,6,1128.0,,14.0
simu5g_00000505,2,3,7,704.0,,10.0
simu5g_00000505,2,3,8,1160.0,,15.0
simu5g_00000505,2,3,9,1160.0,,15.0
simu5g_00000505,2,3,10,1160.0,,15.0
simu5g_00000505,2,3,11,888.0,,12.0
simu5g_00000505,2,3,12,1128.0,,14.0
simu5g_00000505,2,3,13,1160.0,,15.0
simu5g_00000505,2,3,14,1160.0,,15.0
simu5g_00000505,2,3,15,1160.0,,15.0
simu5g_00000505,2,3,16,984.0,,13.0
simu5g_00000505,2,3,17,1128.0,,14.0
simu5g_00000505,2,3,18,1128.0,,14.0
simu5g_00000505,2,3,19,1160.0,,15.0
simu5g_00000505,2,3,20,1160.0,,15.0
simu5g_00000505,2,3,21,1128.0,,14.0
simu5g_00000505,2,3,22,984.0,,13.0
simu5g_00000505,2,3,23,1160.0,,15.0
simu5g_00000505,2,3,24,984.0,,13.0
simu5g_00000505,31,4,0,888.0,,12.0
simu5g_00000505,31,4,1,808.0,,11.0
simu5g_00000505,31,4,2,1128.0,,14.0
simu5g_00000505,31,4,3,1128.0,,14.0
simu5g_00000505,31,4,4,1128.0,,14.0
simu5g_00000505,31,4,5,984.0,,13.0
simu5g_00000505,31,4,6,1128.0,,14.0
simu5g_00000505,31,4,7,984.0,,13.0
simu5g_00000505,31,4,8,1160.0,,15.0
simu5g_00000505,31,4,9,1160.0,,15.0
simu5g_00000505,31,4,10,1128.0,,14.0
simu5g_00000505,31,4,11,984.0,,13.0
simu5g_00000505,31,4,12,368.0,,6.0
simu5g_00000505,31,4,13,1128.0,,14.0
simu5g_00000505,31,4,14,1160.0,,15.0
simu5g_00000505,31,4,15,1160.0,,15.0
simu5g_00000505,31,4,16,984.0,,13.0
simu5g_00000505,31,4,17,1160.0,,15.0
simu5g_00000505,31,4,18,1160.0,,15.0
simu5g_00000505,31,4,19,984.0,,13.0
simu5g_00000505,31,4,20,888.0,,12.0
simu5g_00000505,31,4,21,1128.0,,14.0
simu5g_00000505,31,4,22,984.0,,13.0
simu5g_00000505,31,4,23,1128.0,,14.0
simu5g_00000505,31,4,24,1160.0,,15.0
simu5g_00000506,3,0,0,984.0,,13.0
simu5g_00000506,3,0,1,1160.0,,15.0
simu5g_00000506,3,0,2,1128.0,,14.0
simu5g_00000506,3,0,3,1128.0,,14.0
simu5g_00000506,3,0,4,1160.0,,15.0
simu5g_00000506,3,0,5,1160.0,,15.0
simu5g_00000506,3,0,6,1128.0,,14.0
simu5g_00000506,3,0,7,1128.0,,14.0
simu5g_00000506,3,0,8,704.0,,10.0
simu5g_00000506,3,0,9,704.0,,10.0
simu5g_00000506,3,0,10,1128.0,,14.0
simu5g_00000506,3,0,11,1128.0,,14.0
simu5g_00000506,3,0,12,1128.0,,14.0
simu5g_00000506,3,0,13,1160.0,,15.0
simu5g_00000506,3,0,14,1160.0,,15.0
simu5g_00000506,3,0,15,1128.0,,14.0
simu5g_00000506,3,0,16,1160.0,,15.0
simu5g_00000506,3,0,17,1128.0,,14.0
simu5g_00000506,3,0,18,1128.0,,14.0
simu5g_00000506,3,0,19,1128.0,,14.0
simu5g_00000506,3,0,20,1128.0,,14.0
simu5g_00000506,3,0,21,984.0,,13.0
simu5g_00000506,3,0,22,984.0,,13.0
simu5g_00000506,3,0,23,1128.0,,14.0
simu5g_00000506,3,0,24,984.0,,13.0
simu5g_00000506,4,1,0,1128.0,,14.0
simu5g_00000506,4,1,1,888.0,,12.0
simu5g_00000506,4,1,2,1128.0,,14.0
simu5g_00000506,4,1,3,368.0,,6.0
simu5g_00000506,4,1,4,984.0,,13.0
simu5g_00000506,4,1,5,1128.0,,14.0
simu5g_00000506,4,1,6,1128.0,,14.0
simu5g_00000506,4,1,7,528.0,,8.0
simu5g_00000506,4,1,8,808.0,,11.0
simu5g_00000506,4,1,9,984.0,,13.0
simu5g_00000506,4,1,10,984.0,,13.0
simu5g_00000506,4,1,11,1128.0,,14.0
simu5g_00000506,4,1,12,1160.0,,15.0
simu5g_00000506,4,1,13,984.0,,13.0
simu5g_00000506,4,1,14,1128.0,,14.0
simu5g_00000506,4,1,15,888.0,,12.0
simu5g_00000506,4,1,16,984.0,,13.0
simu5g_00000506,4,1,17,984.0,,13.0
simu5g_00000506,4,1,18,1160.0,,15.0
simu5g_00000506,4,1,19,1128.0,,14.0
simu5g_00000506,4,1,20,984.0,,13.0
simu5g_00000506,4,1,21,888.0,,12.0
simu5g_00000506,4,1,22,1160.0,,15.0
simu5g_00000506,4,1,23,1128.0,,14.0
simu5g_00000506,4,1,24,984.0,,13.0
simu5g_00000506,5,2,0,1160.0,,15.0
simu5g_00000506,5,2,1,1128.0,,14.0
simu5g_00000506,5,2,2,1128.0,,14.0
simu5g_00000506,5,2,3,984.0,,13.0
simu5g_00000506,5,2,4,1160.0,,15.0
simu5g_00000506,5,2,5,1128.0,,14.0
simu5g_00000506,5,2,6,1128.0,,14.0
simu5g_00000506,5,2,7,1128.0,,14.0
simu5g_00000506,5,2,8,1128.0,,14.0
simu5g_00000506,5,2,9,1160.0,,15.0
simu5g_00000506,5,2,10,1160.0,,15.0
simu5g_00000506,5,2,11,1128.0,,14.0
simu5g_00000506,5,2,12,1128.0,,14.0
simu5g_00000506,5,2,13,984.0,,13.0
simu5g_00000506,5,2,14,984.0,,13.0
simu5g_00000506,5,2,15,984.0,,13.0
simu5g_00000506,5,2,16,608.0,,9.0
simu5g_00000506,5,2,17,1160.0,,15.0
simu5g_00000506,5,2,18,1160.0,,15.0
simu5g_00000506,5,2,19,1128.0,,14.0
simu5g_00000506,5,2,20,1128.0,,14.0
simu5g_00000506,5,2,21,888.0,,12.0
simu5g_00000506,5,2,22,1160.0,,15.0
simu5g_00000506,5,2,23,984.0,,13.0
simu5g_00000506,5,2,24,1128.0,,14.0
simu5g_00000506,6,3,0,1160.0,,15.0
simu5g_00000506,6,3,1,1128.0,,14.0
simu5g_00000506,6,3,2,1160.0,,15.0
simu5g_00000506,6,3,3,608.0,,9.0
simu5g_00000506,6,3,4,1128.0,,14.0
simu5g_00000506,6,3,5,1128.0,,14.0
simu5g_00000506,6,3,6,1160.0,,15.0
simu5g_00000506,6,3,7,1128.0,,14.0
simu5g_00000506,6,3,8,1160.0,,15.0
simu5g_00000506,6,3,9,984.0,,13.0
simu5g_00000506,6,3,10,984.0,,13.0
simu5g_00000506,6,3,11,1128.0,,14.0
simu5g_00000506,6,3,12,1160.0,,15.0
simu5g_00000506,6,3,13,1128.0,,14.0
simu5g_00000506,6,3,14,1160.0,,15.0
simu5g_00000506,6,3,15,1160.0,,15.0
simu5g_00000506,6,3,16,888.0,,12.0
simu5g_00000506,6,3,17,1160.0,,15.0
simu5g_00000506,6,3,18,1160.0,,15.0
simu5g_00000506,6,3,19,1128.0,,14.0
simu5g_00000506,6,3,20,1160.0,,15.0
simu5g_00000506,6,3,21,1128.0,,14.0
simu5g_00000506,6,3,22,1160.0,,15.0
simu5g_00000506,6,3,23,1160.0,,15.0
simu5g_00000506,6,3,24,1160.0,,15.0
simu5g_00000507,0,0,0,1160.0,,15.0
simu5g_00000507,0,0,1,808.0,,11.0
simu5g_00000507,0,0,2,1160.0,,15.0
simu5g_00000507,0,0,3,1128.0,,14.0
simu5g_00000507,0,0,4,1160.0,,15.0
simu5g_00000507,0,0,5,1128.0,,14.0
simu5g_00000507,0,0,6,1160.0,,15.0
simu5g_00000507,0,0,7,1160.0,,15.0
simu5g_00000507,0,0,8,984.0,,13.0
simu5g_00000507,0,0,9,1160.0,,15.0
simu5g_00000507,0,0,10,1160.0,,15.0
simu5g_00000507,0,0,11,1160.0,,15.0
simu5g_00000507,0,0,12,1160.0,,15.0
simu5g_00000507,0,0,13,1160.0,,15.0
simu5g_00000507,0,0,14,1160.0,,15.0
simu5g_00000507,0,0,15,1160.0,,15.0
simu5g_00000507,0,0,16,1160.0,,15.0
simu5g_00000507,0,0,17,1160.0,,15.0
simu5g_00000507,0,0,18,1160.0,,15.0
simu5g_00000507,0,0,19,1160.0,,15.0
simu5g_00000507,0,0,20,1160.0,,15.0
simu5g_00000507,0,0,21,1128.0,,14.0
simu5g_00000507,0,0,22,1160.0,,15.0
simu5g_00000507,0,0,23,1160.0,,15.0
simu5g_00000507,0,0,24,1128.0,,14.0
simu5g_00000507,1,1,0,1160.0,,15.0
simu5g_00000507,1,1,1,1160.0,,15.0
simu5g_00000507,1,1,2,1160.0,,15.0
simu5g_00000507,1,1,3,1160.0,,15.0
simu5g_00000507,1,1,4,1160.0,,15.0
simu5g_00000507,1,1,5,1160.0,,15.0
simu5g_00000507,1,1,6,1160.0,,15.0
simu5g_00000507,1,1,7,1128.0,,14.0
simu5g_00000507,1,1,8,984.0,,13.0
simu5g_00000507,1,1,9,1160.0,,15.0
simu5g_00000507,1,1,10,1160.0,,15.0
simu5g_00000507,1,1,11,1160.0,,15.0
simu5g_00000507,1,1,12,1160.0,,15.0
simu5g_00000507,1,1,13,1160.0,,15.0
simu5g_00000507,1,1,14,1160.0,,15.0
simu5g_00000507,1,1,15,1160.0,,15.0
simu5g_00000507,1,1,16,1160.0,,15.0
simu5g_00000507,1,1,17,1160.0,,15.0
simu5g_00000507,1,1,18,1160.0,,15.0
simu5g_00000507,1,1,19,1160.0,,15.0
simu5g_00000507,1,1,20,1160.0,,15.0
simu5g_00000507,1,1,21,984.0,,13.0
simu5g_00000507,1,1,22,1160.0,,15.0
simu5g_00000507,1,1,23,1128.0,,14.0
simu5g_00000507,1,1,24,1160.0,,15.0
simu5g_00000507,15,2,0,1160.0,,15.0
simu5g_00000507,15,2,1,1160.0,,15.0
simu5g_00000507,15,2,2,1160.0,,15.0
simu5g_00000507,15,2,3,1160.0,,15.0
simu5g_00000507,15,2,4,1160.0,,15.0
simu5g_00000507,15,2,5,984.0,,13.0
simu5g_00000507,15,2,6,1160.0,,15.0
simu5g_00000507,15,2,7,1160.0,,15.0
simu5g_00000507,15,2,8,1160.0,,15.0
simu5g_00000507,15,2,9,1160.0,,15.0
simu5g_00000507,15,2,10,1160.0,,15.0
simu5g_00000507,15,2,11,1160.0,,15.0
simu5g_00000507,15,2,12,1128.0,,14.0
simu5g_00000507,15,2,13,1160.0,,15.0
simu5g_00000507,15,2,14,1160.0,,15.0
simu5g_00000507,15,2,15,1160.0,,15.0
simu5g_00000507,15,2,16,1160.0,,15.0
simu5g_00000507,15,2,17,1160.0,,15.0
simu5g_00000507,15,2,18,1160.0,,15.0
simu5g_00000507,15,2,19,1160.0,,15.0
simu5g_00000507,15,2,20,1160.0,,15.0
simu5g_00000507,15,2,21,1160.0,,15.0
simu5g_00000507,15,2,22,1160.0,,15.0
simu5g_00000507,15,2,23,1160.0,,15.0
simu5g_00000507,15,2,24,1160.0,,15.0
simu5g_00000507,2,3,0,1128.0,,14.0
simu5g_00000507,2,3,1,1160.0,,15.0
simu5g_00000507,2,3,2,1128.0,,14.0
simu5g_00000507,2,3,3,1160.0,,15.0
simu5g_00000507,2,3,4,1128.0,,14.0
simu5g_00000507,2,3,5,984.0,,13.0
simu5g_00000507,2,3,6,1128.0,,14.0
simu5g_00000507,2,3,7,704.0,,10.0
simu5g_00000507,2,3,8,1160.0,,15.0
simu5g_00000507,2,3,9,1160.0,,15.0
simu5g_00000507,2,3,10,1160.0,,15.0
simu5g_00000507,2,3,11,888.0,,12.0
simu5g_00000507,2,3,12,1128.0,,14.0
simu5g_00000507,2,3,13,1160.0,,15.0
simu5g_00000507,2,3,14,1160.0,,15.0
simu5g_00000507,2,3,15,1160.0,,15.0
simu5g_00000507,2,3,16,984.0,,13.0
simu5g_00000507,2,3,17,1128.0,,14.0
simu5g_00000507,2,3,18,1128.0,,14.0
simu5g_00000507,2,3,19,1160.0,,15.0
simu5g_00000507,2,3,20,1160.0,,15.0
simu5g_00000507,2,3,21,1128.0,,14.0
simu5g_00000507,2,3,22,984.0,,13.0
simu5g_00000507,2,3,23,1160.0,,15.0
simu5g_00000507,2,3,24,984.0,,13.0
simu5g_00000507,31,4,0,888.0,,12.0
simu5g_00000507,31,4,1,808.0,,11.0
simu5g_00000507,31,4,2,1128.0,,14.0
simu5g_00000507,31,4,3,1128.0,,14.0
simu5g_00000507,31,4,4,1128.0,,14.0
simu5g_00000507,31,4,5,984.0,,13.0
simu5g_00000507,31,4,6,1128.0,,14.0
simu5g_00000507,31,4,7,984.0,,13.0
simu5g_00000507,31,4,8,1160.0,,15.0
simu5g_00000507,31,4,9,1160.0,,15.0
simu5g_00000507,31,4,10,1128.0,,14.0
simu5g_00000507,31,4,11,984.0,,13.0
simu5g_00000507,31,4,12,368.0,,6.0
simu5g_00000507,31,4,13,1128.0,,14.0
simu5g_00000507,31,4,14,1160.0,,15.0
simu5g_00000507,31,4,15,1128.0,,14.0
simu5g_00000507,31,4,16,984.0,,13.0
simu5g_00000507,31,4,17,1160.0,,15.0
simu5g_00000507,31,4,18,1160.0,,15.0
simu5g_00000507,31,4,19,984.0,,13.0
simu5g_00000507,31,4,20,888.0,,12.0
simu5g_00000507,31,4,21,1128.0,,14.0
simu5g_00000507,31,4,22,984.0,,13.0
simu5g_00000507,31,4,23,1128.0,,14.0
simu5g_00000507,31,4,24,1160.0,,15.0
simu5g_00000508,3,0,0,984.0,,13.0
simu5g_00000508,3,0,1,1160.0,,15.0
simu5g_00000508,3,0,2,1128.0,,14.0
simu5g_00000508,3,0,3,1128.0,,14.0
simu5g_00000508,3,0,4,1160.0,,15.0
simu5g_00000508,3,0,5,1160.0,,15.0
simu5g_00000508,3,0,6,1128.0,,14.0
simu5g_00000508,3,0,7,1128.0,,14.0
simu5g_00000508,3,0,8,704.0,,10.0
simu5g_00000508,3,0,9,704.0,,10.0
simu5g_00000508,3,0,10,1128.0,,14.0
simu5g_00000508,3,0,11,1128.0,,14.0
simu5g_00000508,3,0,12,1128.0,,14.0
simu5g_00000508,3,0,13,1160.0,,15.0
simu5g_00000508,3,0,14,1160.0,,15.0
simu5g_00000508,3,0,15,1128.0,,14.0
simu5g_00000508,3,0,16,1160.0,,15.0
simu5g_00000508,3,0,17,1128.0,,14.0
simu5g_00000508,3,0,18,1128.0,,14.0
simu5g_00000508,3,0,19,1128.0,,14.0
simu5g_00000508,3,0,20,1128.0,,14.0
simu5g_00000508,3,0,21,984.0,,13.0
simu5g_00000508,3,0,22,984.0,,13.0
simu5g_00000508,3,0,23,1128.0,,14.0
simu5g_00000508,3,0,24,984.0,,13.0
simu5g_00000508,4,1,0,1128.0,,14.0
simu5g_00000508,4,1,1,888.0,,12.0
simu5g_00000508,4,1,2,1128.0,,14.0
simu5g_00000508,4,1,3,368.0,,6.0
simu5g_00000508,4,1,4,984.0,,13.0
simu5g_00000508,4,1,5,1128.0,,14.0
simu5g_00000508,4,1,6,1128.0,,14.0
simu5g_00000508,4,1,7,528.0,,8.0
simu5g_00000508,4,1,8,808.0,,11.0
simu5g_00000508,4,1,9,984.0,,13.0
simu5g_00000508,4,1,10,984.0,,13.0
simu5g_00000508,4,1,11,1128.0,,14.0
simu5g_00000508,4,1,12,1160.0,,15.0
simu5g_00000508,4,1,13,984.0,,13.0
simu5g_00000508,4,1,14,1128.0,,14.0
simu5g_00000508,4,1,15,888.0,,12.0
simu5g_00000508,4,1,16,984.0,,13.0
simu5g_00000508,4,1,17,984.0,,13.0
simu5g_00000508,4,1,18,1160.0,,15.0
simu5g_00000508,4,1,19,1128.0,,14.0
simu5g_00000508,4,1,20,984.0,,13.0
simu5g_00000508,4,1,21,888.0,,12.0
simu5g_00000508,4,1,22,1160.0,,15.0
simu5g_00000508,4,1,23,1128.0,,14.0
simu5g_00000508,4,1,24,984.0,,13.0
simu5g_00000508,5,2,0,1128.0,,14.0
simu5g_00000508,5,2,1,1128.0,,14.0
simu5g_00000508,5,2,2,1128.0,,14.0
simu5g_00000508,5,2,3,984.0,,13.0
simu5g_00000508,5,2,4,1160.0,,15.0
simu5g_00000508,5,2,5,1128.0,,14.0
simu5g_00000508,5,2,6,1128.0,,14.0
simu5g_00000508,5,2,7,1128.0,,14.0
simu5g_00000508,5,2,8,1128.0,,14.0
simu5g_00000508,5,2,9,1160.0,,15.0
simu5g_00000508,5,2,10,1160.0,,15.0
simu5g_00000508,5,2,11,1128.0,,14.0
simu5g_00000508,5,2,12,1128.0,,14.0
simu5g_00000508,5,2,13,984.0,,13.0
simu5g_00000508,5,2,14,984.0,,13.0
simu5g_00000508,5,2,15,984.0,,13.0
simu5g_00000508,5,2,16,608.0,,9.0
simu5g_00000508,5,2,17,1160.0,,15.0
simu5g_00000508,5,2,18,1160.0,,15.0
simu5g_00000508,5,2,19,1128.0,,14.0
simu5g_00000508,5,2,20,1128.0,,14.0
simu5g_00000508,5,2,21,888.0,,12.0
simu5g_00000508,5,2,22,1160.0,,15.0
simu5g_00000508,5,2,23,984.0,,13.0
simu5g_00000508,5,2,24,1128.0,,14.0
simu5g_00000508,6,3,0,1160.0,,15.0
simu5g_00000508,6,3,1,1128.0,,14.0
simu5g_00000508,6,3,2,1160.0,,15.0
simu5g_00000508,6,3,3,608.0,,9.0
simu5g_00000508,6,3,4,1128.0,,14.0
simu5g_00000508,6,3,5,1128.0,,14.0
simu5g_00000508,6,3,6,1160.0,,15.0
simu5g_00000508,6,3,7,1128.0,,14.0
simu5g_00000508,6,3,8,1160.0,,15.0
simu5g_00000508,6,3,9,984.0,,13.0
simu5g_00000508,6,3,10,984.0,,13.0
simu5g_00000508,6,3,11,1128.0,,14.0
simu5g_00000508,6,3,12,1160.0,,15.0
simu5g_00000508,6,3,13,1128.0,,14.0
simu5g_00000508,6,3,14,1160.0,,15.0
simu5g_00000508,6,3,15,1160.0,,15.0
simu5g_00000508,6,3,16,888.0,,12.0
simu5g_00000508,6,3,17,1160.0,,15.0
simu5g_00000508,6,3,18,1160.0,,15.0
simu5g_00000508,6,3,19,1128.0,,14.0
simu5g_00000508,6,3,20,1160.0,,15.0
simu5g_00000508,6,3,21,1128.0,,14.0
simu5g_00000508,6,3,22,1160.0,,15.0
simu5g_00000508,6,3,23,1160.0,,15.0
simu5g_00000508,6,3,24,1160.0,,15.0
simu5g_00000509,0,0,0,1160.0,,15.0
simu5g_00000509,0,0,1,984.0,,13.0
simu5g_00000509,0,0,2,1160.0,,15.0
simu5g_00000509,0,0,3,1160.0,,15.0
simu5g_00000509,0,0,4,1160.0,,15.0
simu5g_00000509,0,0,5,1160.0,,15.0
simu5g_00000509,0,0,6,1160.0,,15.0
simu5g_00000509,0,0,7,1160.0,,15.0
simu5g_00000509,0,0,8,1160.0,,15.0
simu5g_00000509,0,0,9,1160.0,,15.0
simu5g_00000509,0,0,10,1160.0,,15.0
simu5g_00000509,0,0,11,1160.0,,15.0
simu5g_00000509,0,0,12,1160.0,,15.0
simu5g_00000509,0,0,13,1160.0,,15.0
simu5g_00000509,0,0,14,1160.0,,15.0
simu5g_00000509,0,0,15,1160.0,,15.0
simu5g_00000509,0,0,16,1160.0,,15.0
simu5g_00000509,0,0,17,1160.0,,15.0
simu5g_00000509,0,0,18,1160.0,,15.0
simu5g_00000509,0,0,19,1160.0,,15.0
simu5g_00000509,0,0,20,1160.0,,15.0
simu5g_00000509,0,0,21,1160.0,,15.0
simu5g_00000509,0,0,22,1160.0,,15.0
simu5g_00000509,0,0,23,1160.0,,15.0
simu5g_00000509,0,0,24,1160.0,,15.0
simu5g_00000509,1,1,0,1160.0,,15.0
simu5g_00000509,1,1,1,1160.0,,15.0
simu5g_00000509,1,1,2,1160.0,,15.0
simu5g_00000509,1,1,3,1160.0,,15.0
simu5g_00000509,1,1,4,1160.0,,15.0
simu5g_00000509,1,1,5,1160.0,,15.0
simu5g_00000509,1,1,6,1160.0,,15.0
simu5g_00000509,1,1,7,1160.0,,15.0
simu5g_00000509,1,1,8,1160.0,,15.0
simu5g_00000509,1,1,9,1160.0,,15.0
simu5g_00000509,1,1,10,1160.0,,15.0
simu5g_00000509,1,1,11,1160.0,,15.0
simu5g_00000509,1,1,12,1160.0,,15.0
simu5g_00000509,1,1,13,1160.0,,15.0
simu5g_00000509,1,1,14,1160.0,,15.0
simu5g_00000509,1,1,15,1160.0,,15.0
simu5g_00000509,1,1,16,1160.0,,15.0
simu5g_00000509,1,1,17,1160.0,,15.0
simu5g_00000509,1,1,18,1160.0,,15.0
simu5g_00000509,1,1,19,1160.0,,15.0
simu5g_00000509,1,1,20,1160.0,,15.0
simu5g_00000509,1,1,21,1128.0,,14.0
simu5g_00000509,1,1,22,1160.0,,15.0
simu5g_00000509,1,1,23,1160.0,,15.0
simu5g_00000509,1,1,24,1160.0,,15.0
simu5g_00000509,15,2,0,1160.0,,15.0
simu5g_00000509,15,2,1,1160.0,,15.0
simu5g_00000509,15,2,2,1160.0,,15.0
simu5g_00000509,15,2,3,1160.0,,15.0
simu5g_00000509,15,2,4,1160.0,,15.0
simu5g_00000509,15,2,5,984.0,,13.0
simu5g_00000509,15,2,6,1160.0,,15.0
simu5g_00000509,15,2,7,1160.0,,15.0
simu5g_00000509,15,2,8,1160.0,,15.0
simu5g_00000509,15,2,9,1160.0,,15.0
simu5g_00000509,15,2,10,1160.0,,15.0
simu5g_00000509,15,2,11,1160.0,,15.0
simu5g_00000509,15,2,12,1128.0,,14.0
simu5g_00000509,15,2,13,1160.0,,15.0
simu5g_00000509,15,2,14,1160.0,,15.0
simu5g_00000509,15,2,15,1160.0,,15.0
simu5g_00000509,15,2,16,1160.0,,15.0
simu5g_00000509,15,2,17,1160.0,,15.0
simu5g_00000509,15,2,18,1160.0,,15.0
simu5g_00000509,15,2,19,1160.0,,15.0
simu5g_00000509,15,2,20,1160.0,,15.0
simu5g_00000509,15,2,21,1160.0,,15.0
simu5g_00000509,15,2,22,1160.0,,15.0
simu5g_00000509,15,2,23,1160.0,,15.0
simu5g_00000509,15,2,24,1160.0,,15.0
simu5g_00000509,2,3,0,1128.0,,14.0
simu5g_00000509,2,3,1,1160.0,,15.0
simu5g_00000509,2,3,2,1128.0,,14.0
simu5g_00000509,2,3,3,1160.0,,15.0
simu5g_00000509,2,3,4,1128.0,,14.0
simu5g_00000509,2,3,5,984.0,,13.0
simu5g_00000509,2,3,6,1128.0,,14.0
simu5g_00000509,2,3,7,704.0,,10.0
simu5g_00000509,2,3,8,1160.0,,15.0
simu5g_00000509,2,3,9,1160.0,,15.0
simu5g_00000509,2,3,10,1160.0,,15.0
simu5g_00000509,2,3,11,888.0,,12.0
simu5g_00000509,2,3,12,1128.0,,14.0
simu5g_00000509,2,3,13,1160.0,,15.0
simu5g_00000509,2,3,14,1160.0,,15.0
simu5g_00000509,2,3,15,1160.0,,15.0
simu5g_00000509,2,3,16,984.0,,13.0
simu5g_00000509,2,3,17,1128.0,,14.0
simu5g_00000509,2,3,18,1128.0,,14.0
simu5g_00000509,2,3,19,1160.0,,15.0
simu5g_00000509,2,3,20,1160.0,,15.0
simu5g_00000509,2,3,21,1128.0,,14.0
simu5g_00000509,2,3,22,984.0,,13.0
simu5g_00000509,2,3,23,1160.0,,15.0
simu5g_00000509,2,3,24,984.0,,13.0
simu5g_00000509,31,4,0,984.0,,13.0
simu5g_00000509,31,4,1,984.0,,13.0
simu5g_00000509,31,4,2,1160.0,,15.0
simu5g_00000509,31,4,3,1160.0,,15.0
simu5g_00000509,31,4,4,1160.0,,15.0
simu5g_00000509,31,4,5,1128.0,,14.0
simu5g_00000509,31,4,6,1160.0,,15.0
simu5g_00000509,31,4,7,1128.0,,14.0
simu5g_00000509,31,4,8,1160.0,,15.0
simu5g_00000509,31,4,9,1160.0,,15.0
simu5g_00000509,31,4,10,1160.0,,15.0
simu5g_00000509,31,4,11,1128.0,,14.0
simu5g_00000509,31,4,12,608.0,,9.0
simu5g_00000509,31,4,13,1160.0,,15.0
simu5g_00000509,31,4,14,1160.0,,15.0
simu5g_00000509,31,4,15,1160.0,,15.0
simu5g_00000509,31,4,16,1128.0,,14.0
simu5g_00000509,31,4,17,1160.0,,15.0
simu5g_00000509,31,4,18,1160.0,,15.0
simu5g_00000509,31,4,19,1128.0,,14.0
simu5g_00000509,31,4,20,984.0,,13.0
simu5g_00000509,31,4,21,1160.0,,15.0
simu5g_00000509,31,4,22,1128.0,,14.0
simu5g_00000509,31,4,23,1160.0,,15.0
simu5g_00000509,31,4,24,1160.0,,15.0
simu5g_00000510,3,0,0,1128.0,,14.0
simu5g_00000510,3,0,1,1160.0,,15.0
simu5g_00000510,3,0,2,1128.0,,14.0
simu5g_00000510,3,0,3,1160.0,,15.0
simu5g_00000510,3,0,4,1160.0,,15.0
simu5g_00000510,3,0,5,1160.0,,15.0
simu5g_00000510,3,0,6,1160.0,,15.0
simu5g_00000510,3,0,7,1160.0,,15.0
simu5g_00000510,3,0,8,888.0,,12.0
simu5g_00000510,3,0,9,888.0,,12.0
simu5g_00000510,3,0,10,1160.0,,15.0
simu5g_00000510,3,0,11,1128.0,,14.0
simu5g_00000510,3,0,12,1160.0,,15.0
simu5g_00000510,3,0,13,1160.0,,15.0
simu5g_00000510,3,0,14,1160.0,,15.0
simu5g_00000510,3,0,15,1160.0,,15.0
simu5g_00000510,3,0,16,1160.0,,15.0
simu5g_00000510,3,0,17,1160.0,,15.0
simu5g_00000510,3,0,18,1160.0,,15.0
simu5g_00000510,3,0,19,1160.0,,15.0
simu5g_00000510,3,0,20,1160.0,,15.0
simu5g_00000510,3,0,21,1128.0,,14.0
simu5g_00000510,3,0,22,1128.0,,14.0
simu5g_00000510,3,0,23,1160.0,,15.0
simu5g_00000510,3,0,24,1128.0,,14.0
simu5g_00000510,4,1,0,1128.0,,14.0
simu5g_00000510,4,1,1,888.0,,12.0
simu5g_00000510,4,1,2,1128.0,,14.0
simu5g_00000510,4,1,3,368.0,,6.0
simu5g_00000510,4,1,4,1128.0,,14.0
simu5g_00000510,4,1,5,1128.0,,14.0
simu5g_00000510,4,1,6,1128.0,,14.0
simu5g_00000510,4,1,7,528.0,,8.0
simu5g_00000510,4,1,8,808.0,,11.0
simu5g_00000510,4,1,9,984.0,,13.0
simu5g_00000510,4,1,10,984.0,,13.0
simu5g_00000510,4,1,11,1128.0,,14.0
simu5g_00000510,4,1,12,1160.0,,15.0
simu5g_00000510,4,1,13,984.0,,13.0
simu5g_00000510,4,1,14,1128.0,,14.0
simu5g_00000510,4,1,15,888.0,,12.0
simu5g_00000510,4,1,16,984.0,,13.0
simu5g_00000510,4,1,17,984.0,,13.0
simu5g_00000510,4,1,18,1160.0,,15.0
simu5g_00000510,4,1,19,1128.0,,14.0
simu5g_00000510,4,1,20,984.0,,13.0
simu5g_00000510,4,1,21,888.0,,12.0
simu5g_00000510,4,1,22,1160.0,,15.0
simu5g_00000510,4,1,23,1128.0,,14.0
simu5g_00000510,4,1,24,984.0,,13.0
simu5g_00000510,5,2,0,1128.0,,14.0
simu5g_00000510,5,2,1,1128.0,,14.0
simu5g_00000510,5,2,2,1128.0,,14.0
simu5g_00000510,5,2,3,984.0,,13.0
simu5g_00000510,5,2,4,1160.0,,15.0
simu5g_00000510,5,2,5,1128.0,,14.0
simu5g_00000510,5,2,6,1128.0,,14.0
simu5g_00000510,5,2,7,1128.0,,14.0
simu5g_00000510,5,2,8,1128.0,,14.0
simu5g_00000510,5,2,9,1160.0,,15.0
simu5g_00000510,5,2,10,1160.0,,15.0
simu5g_00000510,5,2,11,1128.0,,14.0
simu5g_00000510,5,2,12,1128.0,,14.0
simu5g_00000510,5,2,13,984.0,,13.0
simu5g_00000510,5,2,14,984.0,,13.0
simu5g_00000510,5,2,15,984.0,,13.0
simu5g_00000510,5,2,16,608.0,,9.0
simu5g_00000510,5,2,17,1160.0,,15.0
simu5g_00000510,5,2,18,1160.0,,15.0
simu5g_00000510,5,2,19,1128.0,,14.0
simu5g_00000510,5,2,20,1128.0,,14.0
simu5g_00000510,5,2,21,888.0,,12.0
simu5g_00000510,5,2,22,1160.0,,15.0
simu5g_00000510,5,2,23,984.0,,13.0
simu5g_00000510,5,2,24,1128.0,,14.0
simu5g_00000510,6,3,0,1160.0,,15.0
simu5g_00000510,6,3,1,1128.0,,14.0
simu5g_00000510,6,3,2,1160.0,,15.0
simu5g_00000510,6,3,3,608.0,,9.0
simu5g_00000510,6,3,4,1128.0,,14.0
simu5g_00000510,6,3,5,1128.0,,14.0
simu5g_00000510,6,3,6,1160.0,,15.0
simu5g_00000510,6,3,7,1128.0,,14.0
simu5g_00000510,6,3,8,1160.0,,15.0
simu5g_00000510,6,3,9,984.0,,13.0
simu5g_00000510,6,3,10,984.0,,13.0
simu5g_00000510,6,3,11,1128.0,,14.0
simu5g_00000510,6,3,12,1160.0,,15.0
simu5g_00000510,6,3,13,1128.0,,14.0
simu5g_00000510,6,3,14,1160.0,,15.0
simu5g_00000510,6,3,15,1160.0,,15.0
simu5g_00000510,6,3,16,888.0,,12.0
simu5g_00000510,6,3,17,1160.0,,15.0
simu5g_00000510,6,3,18,1160.0,,15.0
simu5g_00000510,6,3,19,1128.0,,14.0
simu5g_00000510,6,3,20,1160.0,,15.0
simu5g_00000510,6,3,21,1128.0,,14.0
simu5g_00000510,6,3,22,1160.0,,15.0
simu5g_00000510,6,3,23,1160.0,,15.0
simu5g_00000510,6,3,24,1160.0,,15.0
simu5g_00000511,0,0,0,1160.0,,15.0
simu5g_00000511,0,0,1,984.0,,13.0
simu5g_00000511,0,0,2,1160.0,,15.0
simu5g_00000511,0,0,3,1160.0,,15.0
simu5g_00000511,0,0,4,1160.0,,15.0
simu5g_00000511,0,0,5,1160.0,,15.0
simu5g_00000511,0,0,6,1160.0,,15.0
simu5g_00000511,0,0,7,1160.0,,15.0
simu5g_00000511,0,0,8,1160.0,,15.0
simu5g_00000511,0,0,9,1160.0,,15.0
simu5g_00000511,0,0,10,1160.0,,15.0
simu5g_00000511,0,0,11,1160.0,,15.0
simu5g_00000511,0,0,12,1160.0,,15.0
simu5g_00000511,0,0,13,1160.0,,15.0
simu5g_00000511,0,0,14,1160.0,,15.0
simu5g_00000511,0,0,15,1160.0,,15.0
simu5g_00000511,0,0,16,1160.0,,15.0
simu5g_00000511,0,0,17,1160.0,,15.0
simu5g_00000511,0,0,18,1160.0,,15.0
simu5g_00000511,0,0,19,1160.0,,15.0
simu5g_00000511,0,0,20,1160.0,,15.0
simu5g_00000511,0,0,21,1160.0,,15.0
simu5g_00000511,0,0,22,1160.0,,15.0
simu5g_00000511,0,0,23,1160.0,,15.0
simu5g_00000511,0,0,24,1160.0,,15.0
simu5g_00000511,1,1,0,1160.0,,15.0
simu5g_00000511,1,1,1,1160.0,,15.0
simu5g_00000511,1,1,2,1160.0,,15.0
simu5g_00000511,1,1,3,1160.0,,15.0
simu5g_00000511,1,1,4,1160.0,,15.0
simu5g_00000511,1,1,5,1160.0,,15.0
simu5g_00000511,1,1,6,1160.0,,15.0
simu5g_00000511,1,1,7,1160.0,,15.0
simu5g_00000511,1,1,8,1160.0,,15.0
simu5g_00000511,1,1,9,1160.0,,15.0
simu5g_00000511,1,1,10,1160.0,,15.0
simu5g_00000511,1,1,11,1160.0,,15.0
simu5g_00000511,1,1,12,1160.0,,15.0
simu5g_00000511,1,1,13,1160.0,,15.0
simu5g_00000511,1,1,14,1160.0,,15.0
simu5g_00000511,1,1,15,1160.0,,15.0
simu5g_00000511,1,1,16,1160.0,,15.0
simu5g_00000511,1,1,17,1160.0,,15.0
simu5g_00000511,1,1,18,1160.0,,15.0
simu5g_00000511,1,1,19,1160.0,,15.0
simu5g_00000511,1,1,20,1160.0,,15.0
simu5g_00000511,1,1,21,1128.0,,14.0
simu5g_00000511,1,1,22,1160.0,,15.0
simu5g_00000511,1,1,23,1160.0,,15.0
simu5g_00000511,1,1,24,1160.0,,15.0
simu5g_00000511,15,2,0,1160.0,,15.0
simu5g_00000511,15,2,1,1160.0,,15.0
simu5g_00000511,15,2,2,1160.0,,15.0
simu5g_00000511,15,2,3,1160.0,,15.0
simu5g_00000511,15,2,4,1160.0,,15.0
simu5g_00000511,15,2,5,984.0,,13.0
simu5g_00000511,15,2,6,1160.0,,15.0
simu5g_00000511,15,2,7,1160.0,,15.0
simu5g_00000511,15,2,8,1160.0,,15.0
simu5g_00000511,15,2,9,1160.0,,15.0
simu5g_00000511,15,2,10,1160.0,,15.0
simu5g_00000511,15,2,11,1160.0,,15.0
simu5g_00000511,15,2,12,1128.0,,14.0
simu5g_00000511,15,2,13,1160.0,,15.0
simu5g_00000511,15,2,14,1160.0,,15.0
simu5g_00000511,15,2,15,1160.0,,15.0
simu5g_00000511,15,2,16,1160.0,,15.0
simu5g_00000511,15,2,17,1160.0,,15.0
simu5g_00000511,15,2,18,1160.0,,15.0
simu5g_00000511,15,2,19,1160.0,,15.0
simu5g_00000511,15,2,20,1160.0,,15.0
simu5g_00000511,15,2,21,1160.0,,15.0
simu5g_00000511,15,2,22,1160.0,,15.0
simu5g_00000511,15,2,23,1160.0,,15.0
simu5g_00000511,15,2,24,1160.0,,15.0
simu5g_00000511,2,3,0,984.0,,13.0
simu5g_00000511,2,3,1,1160.0,,15.0
simu5g_00000511,2,3,2,984.0,,13.0
simu5g_00000511,2,3,3,1128.0,,14.0
simu5g_00000511,2,3,4,984.0,,13.0
simu5g_00000511,2,3,5,888.0,,12.0
simu5g_00000511,2,3,6,984.0,,13.0
simu5g_00000511,2,3,7,528.0,,8.0
simu5g_00000511,2,3,8,1128.0,,14.0
simu5g_00000511,2,3,9,1128.0,,14.0
simu5g_00000511,2,3,10,984.0,,13.0
simu5g_00000511,2,3,11,608.0,,9.0
simu5g_00000511,2,3,12,888.0,,12.0
simu5g_00000511,2,3,13,1128.0,,14.0
simu5g_00000511,2,3,14,1128.0,,14.0
simu5g_00000511,2,3,15,1128.0,,14.0
simu5g_00000511,2,3,16,704.0,,10.0
simu5g_00000511,2,3,17,984.0,,13.0
simu5g_00000511,2,3,18,984.0,,13.0
simu5g_00000511,2,3,19,1128.0,,14.0
simu5g_00000511,2,3,20,1128.0,,14.0
simu5g_00000511,2,3,21,888.0,,12.0
simu5g_00000511,2,3,22,808.0,,11.0
simu5g_00000511,2,3,23,1128.0,,14.0
simu5g_00000511,2,3,24,808.0,,11.0
simu5g_00000511,31,4,0,984.0,,13.0
simu5g_00000511,31,4,1,984.0,,13.0
simu5g_00000511,31,4,2,1160.0,,15.0
simu5g_00000511,31,4,3,1160.0,,15.0
simu5g_00000511,31,4,4,1160.0,,15.0
simu5g_00000511,31,4,5,1128.0,,14.0
simu5g_00000511,31,4,6,1160.0,,15.0
simu5g_00000511,31,4,7,1128.0,,14.0
simu5g_00000511,31,4,8,1160.0,,15.0
simu5g_00000511,31,4,9,1160.0,,15.0
simu5g_00000511,31,4,10,1160.0,,15.0
simu5g_00000511,31,4,11,1128.0,,14.0
simu5g_00000511,31,4,12,608.0,,9.0
simu5g_00000511,31,4,13,1160.0,,15.0
simu5g_00000511,31,4,14,1160.0,,15.0
simu5g_00000511,31,4,15,1160.0,,15.0
simu5g_00000511,31,4,16,1128.0,,14.0
simu5g_00000511,31,4,17,1160.0,,15.0
simu5g_00000511,31,4,18,1160.0,,15.0
simu5g_00000511,31,4,19,1128.0,,14.0
simu5g_00000511,31,4,20,984.0,,13.0
simu5g_00000511,31,4,21,1160.0,,15.0
simu5g_00000511,31,4,22,1128.0,,14.0
simu5g_00000511,31,4,23,1160.0,,15.0
simu5g_00000511,31,4,24,1160.0,,15.0
simu5g_00000512,3,0,0,1128.0,,14.0
simu5g_00000512,3,0,1,1160.0,,15.0
simu5g_00000512,3,0,2,1128.0,,14.0
simu5g_00000512,3,0,3,1160.0,,15.0
simu5g_00000512,3,0,4,1160.0,,15.0
simu5g_00000512,3,0,5,1160.0,,15.0
simu5g_00000512,3,0,6,1160.0,,15.0
simu5g_00000512,3,0,7,1160.0,,15.0
simu5g_00000512,3,0,8,888.0,,12.0
simu5g_00000512,3,0,9,888.0,,12.0
simu5g_00000512,3,0,10,1160.0,,15.0
simu5g_00000512,3,0,11,1128.0,,14.0
simu5g_00000512,3,0,12,1160.0,,15.0
simu5g_00000512,3,0,13,1160.0,,15.0
simu5g_00000512,3,0,14,1160.0,,15.0
simu5g_00000512,3,0,15,1160.0,,15.0
simu5g_00000512,3,0,16,1160.0,,15.0
simu5g_00000512,3,0,17,1160.0,,15.0
simu5g_00000512,3,0,18,1160.0,,15.0
simu5g_00000512,3,0,19,1160.0,,15.0
simu5g_00000512,3,0,20,1160.0,,15.0
simu5g_00000512,3,0,21,1128.0,,14.0
simu5g_00000512,3,0,22,1128.0,,14.0
simu5g_00000512,3,0,23,1160.0,,15.0
simu5g_00000512,3,0,24,1128.0,,14.0
simu5g_00000512,4,1,0,1128.0,,14.0
simu5g_00000512,4,1,1,808.0,,11.0
simu5g_00000512,4,1,2,1128.0,,14.0
simu5g_00000512,4,1,3,368.0,,6.0
simu5g_00000512,4,1,4,984.0,,13.0
simu5g_00000512,4,1,5,1128.0,,14.0
simu5g_00000512,4,1,6,1128.0,,14.0
simu5g_00000512,4,1,7,528.0,,8.0
simu5g_00000512,4,1,8,808.0,,11.0
simu5g_00000512,4,1,9,984.0,,13.0
simu5g_00000512,4,1,10,984.0,,13.0
simu5g_00000512,4,1,11,1128.0,,14.0
simu5g_00000512,4,1,12,1160.0,,15.0
simu5g_00000512,4,1,13,984.0,,13.0
simu5g_00000512,4,1,14,1128.0,,14.0
simu5g_00000512,4,1,15,808.0,,11.0
simu5g_00000512,4,1,16,888.0,,12.0
simu5g_00000512,4,1,17,984.0,,13.0
simu5g_00000512,4,1,18,1160.0,,15.0
simu5g_00000512,4,1,19,1128.0,,14.0
simu5g_00000512,4,1,20,984.0,,13.0
simu5g_00000512,4,1,21,888.0,,12.0
simu5g_00000512,4,1,22,1128.0,,14.0
simu5g_00000512,4,1,23,1128.0,,14.0
simu5g_00000512,4,1,24,984.0,,13.0
simu5g_00000512,5,2,0,1128.0,,14.0
simu5g_00000512,5,2,1,1128.0,,14.0
simu5g_00000512,5,2,2,1128.0,,14.0
simu5g_00000512,5,2,3,984.0,,13.0
simu5g_00000512,5,2,4,1160.0,,15.0
simu5g_00000512,5,2,5,1128.0,,14.0
simu5g_00000512,5,2,6,1128.0,,14.0
simu5g_00000512,5,2,7,1128.0,,14.0
simu5g_00000512,5,2,8,1128.0,,14.0
simu5g_00000512,5,2,9,1160.0,,15.0
simu5g_00000512,5,2,10,1160.0,,15.0
simu5g_00000512,5,2,11,1128.0,,14.0
simu5g_00000512,5,2,12,1128.0,,14.0
simu5g_00000512,5,2,13,984.0,,13.0
simu5g_00000512,5,2,14,984.0,,13.0
simu5g_00000512,5,2,15,984.0,,13.0
simu5g_00000512,5,2,16,608.0,,9.0
simu5g_00000512,5,2,17,1160.0,,15.0
simu5g_00000512,5,2,18,1160.0,,15.0
simu5g_00000512,5,2,19,1128.0,,14.0
simu5g_00000512,5,2,20,1128.0,,14.0
simu5g_00000512,5,2,21,888.0,,12.0
simu5g_00000512,5,2,22,1160.0,,15.0
simu5g_00000512,5,2,23,984.0,,13.0
simu5g_00000512,5,2,24,1128.0,,14.0
simu5g_00000512,6,3,0,1160.0,,15.0
simu5g_00000512,6,3,1,1128.0,,14.0
simu5g_00000512,6,3,2,1160.0,,15.0
simu5g_00000512,6,3,3,608.0,,9.0
simu5g_00000512,6,3,4,1128.0,,14.0
simu5g_00000512,6,3,5,1128.0,,14.0
simu5g_00000512,6,3,6,1160.0,,15.0
simu5g_00000512,6,3,7,1128.0,,14.0
simu5g_00000512,6,3,8,1160.0,,15.0
simu5g_00000512,6,3,9,984.0,,13.0
simu5g_00000512,6,3,10,984.0,,13.0
simu5g_00000512,6,3,11,1128.0,,14.0
simu5g_00000512,6,3,12,1160.0,,15.0
simu5g_00000512,6,3,13,1128.0,,14.0
simu5g_00000512,6,3,14,1160.0,,15.0
simu5g_00000512,6,3,15,1160.0,,15.0
simu5g_00000512,6,3,16,888.0,,12.0
simu5g_00000512,6,3,17,1160.0,,15.0
simu5g_00000512,6,3,18,1160.0,,15.0
simu5g_00000512,6,3,19,1128.0,,14.0
simu5g_00000512,6,3,20,1160.0,,15.0
simu5g_00000512,6,3,21,1128.0,,14.0
simu5g_00000512,6,3,22,1160.0,,15.0
simu5g_00000512,6,3,23,1160.0,,15.0
simu5g_00000512,6,3,24,1160.0,,15.0
simu5g_00000513,0,0,0,1160.0,,15.0
simu5g_00000513,0,0,1,984.0,,13.0
simu5g_00000513,0,0,2,1160.0,,15.0
simu5g_00000513,0,0,3,1160.0,,15.0
simu5g_00000513,0,0,4,1160.0,,15.0
simu5g_00000513,0,0,5,1160.0,,15.0
simu5g_00000513,0,0,6,1160.0,,15.0
simu5g_00000513,0,0,7,1160.0,,15.0
simu5g_00000513,0,0,8,1160.0,,15.0
simu5g_00000513,0,0,9,1160.0,,15.0
simu5g_00000513,0,0,10,1160.0,,15.0
simu5g_00000513,0,0,11,1160.0,,15.0
simu5g_00000513,0,0,12,1160.0,,15.0
simu5g_00000513,0,0,13,1160.0,,15.0
simu5g_00000513,0,0,14,1160.0,,15.0
simu5g_00000513,0,0,15,1160.0,,15.0
simu5g_00000513,0,0,16,1160.0,,15.0
simu5g_00000513,0,0,17,1160.0,,15.0
simu5g_00000513,0,0,18,1160.0,,15.0
simu5g_00000513,0,0,19,1160.0,,15.0
simu5g_00000513,0,0,20,1160.0,,15.0
simu5g_00000513,0,0,21,1160.0,,15.0
simu5g_00000513,0,0,22,1160.0,,15.0
simu5g_00000513,0,0,23,1160.0,,15.0
simu5g_00000513,0,0,24,1160.0,,15.0
simu5g_00000513,1,1,0,1160.0,,15.0
simu5g_00000513,1,1,1,1160.0,,15.0
simu5g_00000513,1,1,2,1160.0,,15.0
simu5g_00000513,1,1,3,1160.0,,15.0
simu5g_00000513,1,1,4,1160.0,,15.0
simu5g_00000513,1,1,5,1160.0,,15.0
simu5g_00000513,1,1,6,1160.0,,15.0
simu5g_00000513,1,1,7,1160.0,,15.0
simu5g_00000513,1,1,8,1160.0,,15.0
simu5g_00000513,1,1,9,1160.0,,15.0
simu5g_00000513,1,1,10,1160.0,,15.0
simu5g_00000513,1,1,11,1160.0,,15.0
simu5g_00000513,1,1,12,1160.0,,15.0
simu5g_00000513,1,1,13,1160.0,,15.0
simu5g_00000513,1,1,14,1160.0,,15.0
simu5g_00000513,1,1,15,1160.0,,15.0
simu5g_00000513,1,1,16,1160.0,,15.0
simu5g_00000513,1,1,17,1160.0,,15.0
simu5g_00000513,1,1,18,1160.0,,15.0
simu5g_00000513,1,1,19,1160.0,,15.0
simu5g_00000513,1,1,20,1160.0,,15.0
simu5g_00000513,1,1,21,1128.0,,14.0
simu5g_00000513,1,1,22,1160.0,,15.0
simu5g_00000513,1,1,23,1160.0,,15.0
simu5g_00000513,1,1,24,1160.0,,15.0
simu5g_00000513,15,2,0,1160.0,,15.0
simu5g_00000513,15,2,1,1160.0,,15.0
simu5g_00000513,15,2,2,1160.0,,15.0
simu5g_00000513,15,2,3,1160.0,,15.0
simu5g_00000513,15,2,4,1160.0,,15.0
simu5g_00000513,15,2,5,984.0,,13.0
simu5g_00000513,15,2,6,1160.0,,15.0
simu5g_00000513,15,2,7,1160.0,,15.0
simu5g_00000513,15,2,8,1160.0,,15.0
simu5g_00000513,15,2,9,1160.0,,15.0
simu5g_00000513,15,2,10,1160.0,,15.0
simu5g_00000513,15,2,11,1160.0,,15.0
simu5g_00000513,15,2,12,1128.0,,14.0
simu5g_00000513,15,2,13,1160.0,,15.0
simu5g_00000513,15,2,14,1160.0,,15.0
simu5g_00000513,15,2,15,1160.0,,15.0
simu5g_00000513,15,2,16,1160.0,,15.0
simu5g_00000513,15,2,17,1160.0,,15.0
simu5g_00000513,15,2,18,1160.0,,15.0
simu5g_00000513,15,2,19,1160.0,,15.0
simu5g_00000513,15,2,20,1160.0,,15.0
simu5g_00000513,15,2,21,1160.0,,15.0
simu5g_00000513,15,2,22,1160.0,,15.0
simu5g_00000513,15,2,23,1160.0,,15.0
simu5g_00000513,15,2,24,1160.0,,15.0
simu5g_00000513,2,3,0,984.0,,13.0
simu5g_00000513,2,3,1,1160.0,,15.0
simu5g_00000513,2,3,2,984.0,,13.0
simu5g_00000513,2,3,3,1128.0,,14.0
simu5g_00000513,2,3,4,984.0,,13.0
simu5g_00000513,2,3,5,888.0,,12.0
simu5g_00000513,2,3,6,984.0,,13.0
simu5g_00000513,2,3,7,528.0,,8.0
simu5g_00000513,2,3,8,1128.0,,14.0
simu5g_00000513,2,3,9,1128.0,,14.0
simu5g_00000513,2,3,10,1128.0,,14.0
simu5g_00000513,2,3,11,608.0,,9.0
simu5g_00000513,2,3,12,888.0,,12.0
simu5g_00000513,2,3,13,1128.0,,14.0
simu5g_00000513,2,3,14,1128.0,,14.0
simu5g_00000513,2,3,15,1128.0,,14.0
simu5g_00000513,2,3,16,704.0,,10.0
simu5g_00000513,2,3,17,984.0,,13.0
simu5g_00000513,2,3,18,984.0,,13.0
simu5g_00000513,2,3,19,1128.0,,14.0
simu5g_00000513,2,3,20,1128.0,,14.0
simu5g_00000513,2,3,21,888.0,,12.0
simu5g_00000513,2,3,22,808.0,,11.0
simu5g_00000513,2,3,23,1128.0,,14.0
simu5g_00000513,2,3,24,808.0,,11.0
simu5g_00000513,31,4,0,984.0,,13.0
simu5g_00000513,31,4,1,984.0,,13.0
simu5g_00000513,31,4,2,1160.0,,15.0
simu5g_00000513,31,4,3,1160.0,,15.0
simu5g_00000513,31,4,4,1160.0,,15.0
simu5g_00000513,31,4,5,1128.0,,14.0
simu5g_00000513,31,4,6,1160.0,,15.0
simu5g_00000513,31,4,7,1128.0,,14.0
simu5g_00000513,31,4,8,1160.0,,15.0
simu5g_00000513,31,4,9,1160.0,,15.0
simu5g_00000513,31,4,10,1160.0,,15.0
simu5g_00000513,31,4,11,1128.0,,14.0
simu5g_00000513,31,4,12,608.0,,9.0
simu5g_00000513,31,4,13,1160.0,,15.0
simu5g_00000513,31,4,14,1160.0,,15.0
simu5g_00000513,31,4,15,1160.0,,15.0
simu5g_00000513,31,4,16,1128.0,,14.0
simu5g_00000513,31,4,17,1160.0,,15.0
simu5g_00000513,31,4,18,1160.0,,15.0
simu5g_00000513,31,4,19,1128.0,,14.0
simu5g_00000513,31,4,20,984.0,,13.0
simu5g_00000513,31,4,21,1160.0,,15.0
simu5g_00000513,31,4,22,1128.0,,14.0
simu5g_00000513,31,4,23,1160.0,,15.0
simu5g_00000513,31,4,24,1160.0,,15.0
simu5g_00000514,3,0,0,1128.0,,14.0
simu5g_00000514,3,0,1,1160.0,,15.0
simu5g_00000514,3,0,2,1128.0,,14.0
simu5g_00000514,3,0,3,1160.0,,15.0
simu5g_00000514,3,0,4,1160.0,,15.0
simu5g_00000514,3,0,5,1160.0,,15.0
simu5g_00000514,3,0,6,1160.0,,15.0
simu5g_00000514,3,0,7,1160.0,,15.0
simu5g_00000514,3,0,8,888.0,,12.0
simu5g_00000514,3,0,9,888.0,,12.0
simu5g_00000514,3,0,10,1160.0,,15.0
simu5g_00000514,3,0,11,1128.0,,14.0
simu5g_00000514,3,0,12,1160.0,,15.0
simu5g_00000514,3,0,13,1160.0,,15.0
simu5g_00000514,3,0,14,1160.0,,15.0
simu5g_00000514,3,0,15,1160.0,,15.0
simu5g_00000514,3,0,16,1160.0,,15.0
simu5g_00000514,3,0,17,1160.0,,15.0
simu5g_00000514,3,0,18,1160.0,,15.0
simu5g_00000514,3,0,19,1160.0,,15.0
simu5g_00000514,3,0,20,1160.0,,15.0
simu5g_00000514,3,0,21,1128.0,,14.0
simu5g_00000514,3,0,22,1128.0,,14.0
simu5g_00000514,3,0,23,1160.0,,15.0
simu5g_00000514,3,0,24,1128.0,,14.0
simu5g_00000514,4,1,0,1128.0,,14.0
simu5g_00000514,4,1,1,808.0,,11.0
simu5g_00000514,4,1,2,1128.0,,14.0
simu5g_00000514,4,1,3,368.0,,6.0
simu5g_00000514,4,1,4,984.0,,13.0
simu5g_00000514,4,1,5,1128.0,,14.0
simu5g_00000514,4,1,6,1128.0,,14.0
simu5g_00000514,4,1,7,528.0,,8.0
simu5g_00000514,4,1,8,808.0,,11.0
simu5g_00000514,4,1,9,984.0,,13.0
simu5g_00000514,4,1,10,984.0,,13.0
simu5g_00000514,4,1,11,1128.0,,14.0
simu5g_00000514,4,1,12,1160.0,,15.0
simu5g_00000514,4,1,13,984.0,,13.0
simu5g_00000514,4,1,14,1128.0,,14.0
simu5g_00000514,4,1,15,808.0,,11.0
simu5g_00000514,4,1,16,888.0,,12.0
simu5g_00000514,4,1,17,984.0,,13.0
simu5g_00000514,4,1,18,1160.0,,15.0
simu5g_00000514,4,1,19,1128.0,,14.0
simu5g_00000514,4,1,20,984.0,,13.0
simu5g_00000514,4,1,21,888.0,,12.0
simu5g_00000514,4,1,22,1128.0,,14.0
simu5g_00000514,4,1,23,1128.0,,14.0
simu5g_00000514,4,1,24,984.0,,13.0
simu5g_00000514,5,2,0,1128.0,,14.0
simu5g_00000514,5,2,1,1128.0,,14.0
simu5g_00000514,5,2,2,1128.0,,14.0
simu5g_00000514,5,2,3,984.0,,13.0
simu5g_00000514,5,2,4,1160.0,,15.0
simu5g_00000514,5,2,5,1128.0,,14.0
simu5g_00000514,5,2,6,1128.0,,14.0
simu5g_00000514,5,2,7,1128.0,,14.0
simu5g_00000514,5,2,8,1128.0,,14.0
simu5g_00000514,5,2,9,1160.0,,15.0
simu5g_00000514,5,2,10,1160.0,,15.0
simu5g_00000514,5,2,11,1128.0,,14.0
simu5g_00000514,5,2,12,1128.0,,14.0
simu5g_00000514,5,2,13,984.0,,13.0
simu5g_00000514,5,2,14,984.0,,13.0
simu5g_00000514,5,2,15,984.0,,13.0
simu5g_00000514,5,2,16,608.0,,9.0
simu5g_00000514,5,2,17,1160.0,,15.0
simu5g_00000514,5,2,18,1160.0,,15.0
simu5g_00000514,5,2,19,1128.0,,14.0
simu5g_00000514,5,2,20,1128.0,,14.0
simu5g_00000514,5,2,21,888.0,,12.0
simu5g_00000514,5,2,22,1160.0,,15.0
simu5g_00000514,5,2,23,984.0,,13.0
simu5g_00000514,5,2,24,1128.0,,14.0
simu5g_00000514,6,3,0,1160.0,,15.0
simu5g_00000514,6,3,1,1128.0,,14.0
simu5g_00000514,6,3,2,1160.0,,15.0
simu5g_00000514,6,3,3,608.0,,9.0
simu5g_00000514,6,3,4,1128.0,,14.0
simu5g_00000514,6,3,5,1128.0,,14.0
simu5g_00000514,6,3,6,1160.0,,15.0
simu5g_00000514,6,3,7,1128.0,,14.0
simu5g_00000514,6,3,8,1160.0,,15.0
simu5g_00000514,6,3,9,984.0,,13.0
simu5g_00000514,6,3,10,984.0,,13.0
simu5g_00000514,6,3,11,1128.0,,14.0
simu5g_00000514,6,3,12,1160.0,,15.0
simu5g_00000514,6,3,13,1128.0,,14.0
simu5g_00000514,6,3,14,1160.0,,15.0
simu5g_00000514,6,3,15,1160.0,,15.0
simu5g_00000514,6,3,16,888.0,,12.0
simu5g_00000514,6,3,17,1160.0,,15.0
simu5g_00000514,6,3,18,1160.0,,15.0
simu5g_00000514,6,3,19,1128.0,,14.0
simu5g_00000514,6,3,20,1160.0,,15.0
simu5g_00000514,6,3,21,1128.0,,14.0
simu5g_00000514,6,3,22,1160.0,,15.0
simu5g_00000514,6,3,23,1160.0,,15.0
simu5g_00000514,6,3,24,1160.0,,15.0
simu5g_00000515,0,0,0,1160.0,,15.0
simu5g_00000515,0,0,1,984.0,,13.0
simu5g_00000515,0,0,2,1160.0,,15.0
simu5g_00000515,0,0,3,1160.0,,15.0
simu5g_00000515,0,0,4,1160.0,,15.0
simu5g_00000515,0,0,5,1160.0,,15.0
simu5g_00000515,0,0,6,1160.0,,15.0
simu5g_00000515,0,0,7,1160.0,,15.0
simu5g_00000515,0,0,8,1160.0,,15.0
simu5g_00000515,0,0,9,1160.0,,15.0
simu5g_00000515,0,0,10,1160.0,,15.0
simu5g_00000515,0,0,11,1160.0,,15.0
simu5g_00000515,0,0,12,1160.0,,15.0
simu5g_00000515,0,0,13,1160.0,,15.0
simu5g_00000515,0,0,14,1160.0,,15.0
simu5g_00000515,0,0,15,1160.0,,15.0
simu5g_00000515,0,0,16,1160.0,,15.0
simu5g_00000515,0,0,17,1160.0,,15.0
simu5g_00000515,0,0,18,1160.0,,15.0
simu5g_00000515,0,0,19,1160.0,,15.0
simu5g_00000515,0,0,20,1160.0,,15.0
simu5g_00000515,0,0,21,1160.0,,15.0
simu5g_00000515,0,0,22,1160.0,,15.0
simu5g_00000515,0,0,23,1160.0,,15.0
simu5g_00000515,0,0,24,1160.0,,15.0
simu5g_00000515,1,1,0,1160.0,,15.0
simu5g_00000515,1,1,1,1160.0,,15.0
simu5g_00000515,1,1,2,1160.0,,15.0
simu5g_00000515,1,1,3,1160.0,,15.0
simu5g_00000515,1,1,4,1160.0,,15.0
simu5g_00000515,1,1,5,1160.0,,15.0
simu5g_00000515,1,1,6,1160.0,,15.0
simu5g_00000515,1,1,7,1160.0,,15.0
simu5g_00000515,1,1,8,1160.0,,15.0
simu5g_00000515,1,1,9,1160.0,,15.0
simu5g_00000515,1,1,10,1160.0,,15.0
simu5g_00000515,1,1,11,1160.0,,15.0
simu5g_00000515,1,1,12,1160.0,,15.0
simu5g_00000515,1,1,13,1160.0,,15.0
simu5g_00000515,1,1,14,1160.0,,15.0
simu5g_00000515,1,1,15,1160.0,,15.0
simu5g_00000515,1,1,16,1160.0,,15.0
simu5g_00000515,1,1,17,1160.0,,15.0
simu5g_00000515,1,1,18,1160.0,,15.0
simu5g_00000515,1,1,19,1160.0,,15.0
simu5g_00000515,1,1,20,1160.0,,15.0
simu5g_00000515,1,1,21,1128.0,,14.0
simu5g_00000515,1,1,22,1160.0,,15.0
simu5g_00000515,1,1,23,1160.0,,15.0
simu5g_00000515,1,1,24,1160.0,,15.0
simu5g_00000515,15,2,0,1160.0,,15.0
simu5g_00000515,15,2,1,1160.0,,15.0
simu5g_00000515,15,2,2,1160.0,,15.0
simu5g_00000515,15,2,3,1160.0,,15.0
simu5g_00000515,15,2,4,1160.0,,15.0
simu5g_00000515,15,2,5,984.0,,13.0
simu5g_00000515,15,2,6,1160.0,,15.0
simu5g_00000515,15,2,7,1160.0,,15.0
simu5g_00000515,15,2,8,1160.0,,15.0
simu5g_00000515,15,2,9,1160.0,,15.0
simu5g_00000515,15,2,10,1160.0,,15.0
simu5g_00000515,15,2,11,1160.0,,15.0
simu5g_00000515,15,2,12,1128.0,,14.0
simu5g_00000515,15,2,13,1160.0,,15.0
simu5g_00000515,15,2,14,1160.0,,15.0
simu5g_00000515,15,2,15,1160.0,,15.0
simu5g_00000515,15,2,16,1160.0,,15.0
simu5g_00000515,15,2,17,1160.0,,15.0
simu5g_00000515,15,2,18,1160.0,,15.0
simu5g_00000515,15,2,19,1160.0,,15.0
simu5g_00000515,15,2,20,1160.0,,15.0
simu5g_00000515,15,2,21,1160.0,,15.0
simu5g_00000515,15,2,22,1160.0,,15.0
simu5g_00000515,15,2,23,1160.0,,15.0
simu5g_00000515,15,2,24,1160.0,,15.0
simu5g_00000515,2,3,0,984.0,,13.0
simu5g_00000515,2,3,1,1160.0,,15.0
simu5g_00000515,2,3,2,984.0,,13.0
simu5g_00000515,2,3,3,1128.0,,14.0
simu5g_00000515,2,3,4,984.0,,13.0
simu5g_00000515,2,3,5,888.0,,12.0
simu5g_00000515,2,3,6,984.0,,13.0
simu5g_00000515,2,3,7,528.0,,8.0
simu5g_00000515,2,3,8,1128.0,,14.0
simu5g_00000515,2,3,9,1128.0,,14.0
simu5g_00000515,2,3,10,1128.0,,14.0
simu5g_00000515,2,3,11,608.0,,9.0
simu5g_00000515,2,3,12,888.0,,12.0
simu5g_00000515,2,3,13,1128.0,,14.0
simu5g_00000515,2,3,14,1128.0,,14.0
simu5g_00000515,2,3,15,1128.0,,14.0
simu5g_00000515,2,3,16,704.0,,10.0
simu5g_00000515,2,3,17,984.0,,13.0
simu5g_00000515,2,3,18,984.0,,13.0
simu5g_00000515,2,3,19,1128.0,,14.0
simu5g_00000515,2,3,20,1128.0,,14.0
simu5g_00000515,2,3,21,888.0,,12.0
simu5g_00000515,2,3,22,808.0,,11.0
simu5g_00000515,2,3,23,1128.0,,14.0
simu5g_00000515,2,3,24,808.0,,11.0
simu5g_00000515,31,4,0,888.0,,12.0
simu5g_00000515,31,4,1,808.0,,11.0
simu5g_00000515,31,4,2,1128.0,,14.0
simu5g_00000515,31,4,3,1128.0,,14.0
simu5g_00000515,31,4,4,1128.0,,14.0
simu5g_00000515,31,4,5,984.0,,13.0
simu5g_00000515,31,4,6,1128.0,,14.0
simu5g_00000515,31,4,7,984.0,,13.0
simu5g_00000515,31,4,8,1160.0,,15.0
simu5g_00000515,31,4,9,1160.0,,15.0
simu5g_00000515,31,4,10,1128.0,,14.0
simu5g_00000515,31,4,11,984.0,,13.0
simu5g_00000515,31,4,12,432.0,,7.0
simu5g_00000515,31,4,13,1128.0,,14.0
simu5g_00000515,31,4,14,1160.0,,15.0
simu5g_00000515,31,4,15,1160.0,,15.0
simu5g_00000515,31,4,16,984.0,,13.0
simu5g_00000515,31,4,17,1160.0,,15.0
simu5g_00000515,31,4,18,1160.0,,15.0
simu5g_00000515,31,4,19,984.0,,13.0
simu5g_00000515,31,4,20,888.0,,12.0
simu5g_00000515,31,4,21,1128.0,,14.0
simu5g_00000515,31,4,22,984.0,,13.0
simu5g_00000515,31,4,23,1160.0,,15.0
simu5g_00000515,31,4,24,1160.0,,15.0
simu5g_00000516,3,0,0,1128.0,,14.0
simu5g_00000516,3,0,1,1160.0,,15.0
simu5g_00000516,3,0,2,1160.0,,15.0
simu5g_00000516,3,0,3,1160.0,,15.0
simu5g_00000516,3,0,4,1160.0,,15.0
simu5g_00000516,3,0,5,1160.0,,15.0
simu5g_00000516,3,0,6,1160.0,,15.0
simu5g_00000516,3,0,7,1160.0,,15.0
simu5g_00000516,3,0,8,984.0,,13.0
simu5g_00000516,3,0,9,888.0,,12.0
simu5g_00000516,3,0,10,1160.0,,15.0
simu5g_00000516,3,0,11,1160.0,,15.0
simu5g_00000516,3,0,12,1160.0,,15.0
simu5g_00000516,3,0,13,1160.0,,15.0
simu5g_00000516,3,0,14,1160.0,,15.0
simu5g_00000516,3,0,15,1160.0,,15.0
simu5g_00000516,3,0,16,1160.0,,15.0
simu5g_00000516,3,0,17,1160.0,,15.0
simu5g_00000516,3,0,18,1160.0,,15.0
simu5g_00000516,3,0,19,1160.0,,15.0
simu5g_00000516,3,0,20,1160.0,,15.0
simu5g_00000516,3,0,21,1128.0,,14.0
simu5g_00000516,3,0,22,1128.0,,14.0
simu5g_00000516,3,0,23,1160.0,,15.0
simu5g_00000516,3,0,24,1128.0,,14.0
simu5g_00000516,4,1,0,1128.0,,14.0
simu5g_00000516,4,1,1,808.0,,11.0
simu5g_00000516,4,1,2,1128.0,,14.0
simu5g_00000516,4,1,3,368.0,,6.0
simu5g_00000516,4,1,4,984.0,,13.0
simu5g_00000516,4,1,5,1128.0,,14.0
simu5g_00000516,4,1,6,1128.0,,14.0
simu5g_00000516,4,1,7,528.0,,8.0
simu5g_00000516,4,1,8,808.0,,11.0
simu5g_00000516,4,1,9,984.0,,13.0
simu5g_00000516,4,1,10,984.0,,13.0
simu5g_00000516,4,1,11,1128.0,,14.0
simu5g_00000516,4,1,12,1160.0,,15.0
simu5g_00000516,4,1,13,984.0,,13.0
simu5g_00000516,4,1,14,1128.0,,14.0
simu5g_00000516,4,1,15,808.0,,11.0
simu5g_00000516,4,1,16,888.0,,12.0
simu5g_00000516,4,1,17,984.0,,13.0
simu5g_00000516,4,1,18,1160.0,,15.0
simu5g_00000516,4,1,19,1128.0,,14.0
simu5g_00000516,4,1,20,984.0,,13.0
simu5g_00000516,4,1,21,888.0,,12.0
simu5g_00000516,4,1,22,1128.0,,14.0
simu5g_00000516,4,1,23,1128.0,,14.0
simu5g_00000516,4,1,24,984.0,,13.0
simu5g_00000516,5,2,0,1128.0,,14.0
simu5g_00000516,5,2,1,1128.0,,14.0
simu5g_00000516,5,2,2,1128.0,,14.0
simu5g_00000516,5,2,3,984.0,,13.0
simu5g_00000516,5,2,4,1160.0,,15.0
simu5g_00000516,5,2,5,1128.0,,14.0
simu5g_00000516,5,2,6,1128.0,,14.0
simu5g_00000516,5,2,7,1128.0,,14.0
simu5g_00000516,5,2,8,1128.0,,14.0
simu5g_00000516,5,2,9,1160.0,,15.0
simu5g_00000516,5,2,10,1160.0,,15.0
simu5g_00000516,5,2,11,1128.0,,14.0
simu5g_00000516,5,2,12,1128.0,,14.0
simu5g_00000516,5,2,13,984.0,,13.0
simu5g_00000516,5,2,14,984.0,,13.0
simu5g_00000516,5,2,15,984.0,,13.0
simu5g_00000516,5,2,16,608.0,,9.0
simu5g_00000516,5,2,17,1160.0,,15.0
simu5g_00000516,5,2,18,1160.0,,15.0
simu5g_00000516,5,2,19,1128.0,,14.0
simu5g_00000516,5,2,20,1128.0,,14.0
simu5g_00000516,5,2,21,888.0,,12.0
simu5g_00000516,5,2,22,1160.0,,15.0
simu5g_00000516,5,2,23,984.0,,13.0
simu5g_00000516,5,2,24,1128.0,,14.0
simu5g_00000516,6,3,0,1160.0,,15.0
simu5g_00000516,6,3,1,1128.0,,14.0
simu5g_00000516,6,3,2,1160.0,,15.0
simu5g_00000516,6,3,3,608.0,,9.0
simu5g_00000516,6,3,4,1128.0,,14.0
simu5g_00000516,6,3,5,1128.0,,14.0
simu5g_00000516,6,3,6,1160.0,,15.0
simu5g_00000516,6,3,7,1128.0,,14.0
simu5g_00000516,6,3,8,1160.0,,15.0
simu5g_00000516,6,3,9,984.0,,13.0
simu5g_00000516,6,3,10,984.0,,13.0
simu5g_00000516,6,3,11,1128.0,,14.0
simu5g_00000516,6,3,12,1160.0,,15.0
simu5g_00000516,6,3,13,1128.0,,14.0
simu5g_00000516,6,3,14,1160.0,,15.0
simu5g_00000516,6,3,15,1160.0,,15.0
simu5g_00000516,6,3,16,888.0,,12.0
simu5g_00000516,6,3,17,1160.0,,15.0
simu5g_00000516,6,3,18,1160.0,,15.0
simu5g_00000516,6,3,19,1128.0,,14.0
simu5g_00000516,6,3,20,1160.0,,15.0
simu5g_00000516,6,3,21,1128.0,,14.0
simu5g_00000516,6,3,22,1160.0,,15.0
simu5g_00000516,6,3,23,1160.0,,15.0
simu5g_00000516,6,3,24,1160.0,,15.0
simu5g_00000517,0,0,0,1160.0,,15.0
simu5g_00000517,0,0,1,1128.0,,14.0
simu5g_00000517,0,0,2,1160.0,,15.0
simu5g_00000517,0,0,3,1160.0,,15.0
simu5g_00000517,0,0,4,1160.0,,15.0
simu5g_00000517,0,0,5,1160.0,,15.0
simu5g_00000517,0,0,6,1160.0,,15.0
simu5g_00000517,0,0,7,1160.0,,15.0
simu5g_00000517,0,0,8,1160.0,,15.0
simu5g_00000517,0,0,9,1160.0,,15.0
simu5g_00000517,0,0,10,1160.0,,15.0
simu5g_00000517,0,0,11,1160.0,,15.0
simu5g_00000517,0,0,12,1160.0,,15.0
simu5g_00000517,0,0,13,1160.0,,15.0
simu5g_00000517,0,0,14,1160.0,,15.0
simu5g_00000517,0,0,15,1160.0,,15.0
simu5g_00000517,0,0,16,1160.0,,15.0
simu5g_00000517,0,0,17,1160.0,,15.0
simu5g_00000517,0,0,18,1160.0,,15.0
simu5g_00000517,0,0,19,1160.0,,15.0
simu5g_00000517,0,0,20,1160.0,,15.0
simu5g_00000517,0,0,21,1160.0,,15.0
simu5g_00000517,0,0,22,1160.0,,15.0
simu5g_00000517,0,0,23,1160.0,,15.0
simu5g_00000517,0,0,24,1160.0,,15.0
simu5g_00000517,1,1,0,1160.0,,15.0
simu5g_00000517,1,1,1,1160.0,,15.0
simu5g_00000517,1,1,2,1160.0,,15.0
simu5g_00000517,1,1,3,1160.0,,15.0
simu5g_00000517,1,1,4,1160.0,,15.0
simu5g_00000517,1,1,5,1160.0,,15.0
simu5g_00000517,1,1,6,1160.0,,15.0
simu5g_00000517,1,1,7,984.0,,13.0
simu5g_00000517,1,1,8,984.0,,13.0
simu5g_00000517,1,1,9,1160.0,,15.0
simu5g_00000517,1,1,10,1160.0,,15.0
simu5g_00000517,1,1,11,1160.0,,15.0
simu5g_00000517,1,1,12,1160.0,,15.0
simu5g_00000517,1,1,13,1160.0,,15.0
simu5g_00000517,1,1,14,1160.0,,15.0
simu5g_00000517,1,1,15,1160.0,,15.0
simu5g_00000517,1,1,16,1160.0,,15.0
simu5g_00000517,1,1,17,1160.0,,15.0
simu5g_00000517,1,1,18,1160.0,,15.0
simu5g_00000517,1,1,19,1160.0,,15.0
simu5g_00000517,1,1,20,1160.0,,15.0
simu5g_00000517,1,1,21,888.0,,12.0
simu5g_00000517,1,1,22,1160.0,,15.0
simu5g_00000517,1,1,23,1128.0,,14.0
simu5g_00000517,1,1,24,1160.0,,15.0
simu5g_00000517,15,2,0,1160.0,,15.0
simu5g_00000517,15,2,1,1160.0,,15.0
simu5g_00000517,15,2,2,1160.0,,15.0
simu5g_00000517,15,2,3,1160.0,,15.0
simu5g_00000517,15,2,4,1160.0,,15.0
simu5g_00000517,15,2,5,984.0,,13.0
simu5g_00000517,15,2,6,1160.0,,15.0
simu5g_00000517,15,2,7,1160.0,,15.0
simu5g_00000517,15,2,8,1160.0,,15.0
simu5g_00000517,15,2,9,1160.0,,15.0
simu5g_00000517,15,2,10,1160.0,,15.0
simu5g_00000517,15,2,11,1160.0,,15.0
simu5g_00000517,15,2,12,1128.0,,14.0
simu5g_00000517,15,2,13,1160.0,,15.0
simu5g_00000517,15,2,14,1160.0,,15.0
simu5g_00000517,15,2,15,1160.0,,15.0
simu5g_00000517,15,2,16,1160.0,,15.0
simu5g_00000517,15,2,17,1160.0,,15.0
simu5g_00000517,15,2,18,1160.0,,15.0
simu5g_00000517,15,2,19,1160.0,,15.0
simu5g_00000517,15,2,20,1160.0,,15.0
simu5g_00000517,15,2,21,1160.0,,15.0
simu5g_00000517,15,2,22,1160.0,,15.0
simu5g_00000517,15,2,23,1160.0,,15.0
simu5g_00000517,15,2,24,1160.0,,15.0
simu5g_00000517,2,3,0,1128.0,,14.0
simu5g_00000517,2,3,1,1160.0,,15.0
simu5g_00000517,2,3,2,984.0,,13.0
simu5g_00000517,2,3,3,1160.0,,15.0
simu5g_00000517,2,3,4,984.0,,13.0
simu5g_00000517,2,3,5,984.0,,13.0
simu5g_00000517,2,3,6,1128.0,,14.0
simu5g_00000517,2,3,7,608.0,,9.0
simu5g_00000517,2,3,8,1160.0,,15.0
simu5g_00000517,2,3,9,1128.0,,14.0
simu5g_00000517,2,3,10,1128.0,,14.0
simu5g_00000517,2,3,11,704.0,,10.0
simu5g_00000517,2,3,12,984.0,,13.0
simu5g_00000517,2,3,13,1128.0,,14.0
simu5g_00000517,2,3,14,1128.0,,14.0
simu5g_00000517,2,3,15,1128.0,,14.0
simu5g_00000517,2,3,16,808.0,,11.0
simu5g_00000517,2,3,17,984.0,,13.0
simu5g_00000517,2,3,18,984.0,,13.0
simu5g_00000517,2,3,19,1128.0,,14.0
simu5g_00000517,2,3,20,1128.0,,14.0
simu5g_00000517,2,3,21,984.0,,13.0
simu5g_00000517,2,3,22,888.0,,12.0
simu5g_00000517,2,3,23,1128.0,,14.0
simu5g_00000517,2,3,24,888.0,,12.0
simu5g_00000517,31,4,0,888.0,,12.0
simu5g_00000517,31,4,1,808.0,,11.0
simu5g_00000517,31,4,2,1128.0,,14.0
simu5g_00000517,31,4,3,1128.0,,14.0
simu5g_00000517,31,4,4,1128.0,,14.0
simu5g_00000517,31,4,5,984.0,,13.0
simu5g_00000517,31,4,6,1128.0,,14.0
simu5g_00000517,31,4,7,984.0,,13.0
simu5g_00000517,31,4,8,1160.0,,15.0
simu5g_00000517,31,4,9,1160.0,,15.0
simu5g_00000517,31,4,10,1128.0,,14.0
simu5g_00000517,31,4,11,984.0,,13.0
simu5g_00000517,31,4,12,368.0,,6.0
simu5g_00000517,31,4,13,1128.0,,14.0
simu5g_00000517,31,4,14,1160.0,,15.0
simu5g_00000517,31,4,15,1160.0,,15.0
simu5g_00000517,31,4,16,984.0,,13.0
simu5g_00000517,31,4,17,1160.0,,15.0
simu5g_00000517,31,4,18,1160.0,,15.0
simu5g_00000517,31,4,19,984.0,,13.0
simu5g_00000517,31,4,20,888.0,,12.0
simu5g_00000517,31,4,21,1128.0,,14.0
simu5g_00000517,31,4,22,984.0,,13.0
simu5g_00000517,31,4,23,1160.0,,15.0
simu5g_00000517,31,4,24,1160.0,,15.0
simu5g_00000518,3,0,0,1128.0,,14.0
simu5g_00000518,3,0,1,1160.0,,15.0
simu5g_00000518,3,0,2,1160.0,,15.0
simu5g_00000518,3,0,3,1160.0,,15.0
simu5g_00000518,3,0,4,1160.0,,15.0
simu5g_00000518,3,0,5,1160.0,,15.0
simu5g_00000518,3,0,6,1160.0,,15.0
simu5g_00000518,3,0,7,1160.0,,15.0
simu5g_00000518,3,0,8,984.0,,13.0
simu5g_00000518,3,0,9,888.0,,12.0
simu5g_00000518,3,0,10,1160.0,,15.0
simu5g_00000518,3,0,11,1160.0,,15.0
simu5g_00000518,3,0,12,1160.0,,15.0
simu5g_00000518,3,0,13,1160.0,,15.0
simu5g_00000518,3,0,14,1160.0,,15.0
simu5g_00000518,3,0,15,1160.0,,15.0
simu5g_00000518,3,0,16,1160.0,,15.0
simu5g_00000518,3,0,17,1160.0,,15.0
simu5g_00000518,3,0,18,1160.0,,15.0
simu5g_00000518,3,0,19,1160.0,,15.0
simu5g_00000518,3,0,20,1160.0,,15.0
simu5g_00000518,3,0,21,1128.0,,14.0
simu5g_00000518,3,0,22,1128.0,,14.0
simu5g_00000518,3,0,23,1160.0,,15.0
simu5g_00000518,3,0,24,1128.0,,14.0
simu5g_00000518,4,1,0,1128.0,,14.0
simu5g_00000518,4,1,1,808.0,,11.0
simu5g_00000518,4,1,2,1128.0,,14.0
simu5g_00000518,4,1,3,368.0,,6.0
simu5g_00000518,4,1,4,984.0,,13.0
simu5g_00000518,4,1,5,1128.0,,14.0
simu5g_00000518,4,1,6,1128.0,,14.0
simu5g_00000518,4,1,7,528.0,,8.0
simu5g_00000518,4,1,8,808.0,,11.0
simu5g_00000518,4,1,9,984.0,,13.0
simu5g_00000518,4,1,10,984.0,,13.0
simu5g_00000518,4,1,11,1128.0,,14.0
simu5g_00000518,4,1,12,1160.0,,15.0
simu5g_00000518,4,1,13,984.0,,13.0
simu5g_00000518,4,1,14,1128.0,,14.0
simu5g_00000518,4,1,15,808.0,,11.0
simu5g_00000518,4,1,16,888.0,,12.0
simu5g_00000518,4,1,17,984.0,,13.0
simu5g_00000518,4,1,18,1160.0,,15.0
simu5g_00000518,4,1,19,1128.0,,14.0
simu5g_00000518,4,1,20,984.0,,13.0
simu5g_00000518,4,1,21,888.0,,12.0
simu5g_00000518,4,1,22,1128.0,,14.0
simu5g_00000518,4,1,23,1128.0,,14.0
simu5g_00000518,4,1,24,984.0,,13.0
simu5g_00000518,5,2,0,1128.0,,14.0
simu5g_00000518,5,2,1,1128.0,,14.0
simu5g_00000518,5,2,2,1128.0,,14.0
simu5g_00000518,5,2,3,984.0,,13.0
simu5g_00000518,5,2,4,1160.0,,15.0
simu5g_00000518,5,2,5,1128.0,,14.0
simu5g_00000518,5,2,6,1128.0,,14.0
simu5g_00000518,5,2,7,1128.0,,14.0
simu5g_00000518,5,2,8,1128.0,,14.0
simu5g_00000518,5,2,9,1160.0,,15.0
simu5g_00000518,5,2,10,1160.0,,15.0
simu5g_00000518,5,2,11,1128.0,,14.0
simu5g_00000518,5,2,12,1128.0,,14.0
simu5g_00000518,5,2,13,984.0,,13.0
simu5g_00000518,5,2,14,984.0,,13.0
simu5g_00000518,5,2,15,984.0,,13.0
simu5g_00000518,5,2,16,608.0,,9.0
simu5g_00000518,5,2,17,1160.0,,15.0
simu5g_00000518,5,2,18,1160.0,,15.0
simu5g_00000518,5,2,19,1128.0,,14.0
simu5g_00000518,5,2,20,1128.0,,14.0
simu5g_00000518,5,2,21,888.0,,12.0
simu5g_00000518,5,2,22,1160.0,,15.0
simu5g_00000518,5,2,23,984.0,,13.0
simu5g_00000518,5,2,24,1128.0,,14.0
simu5g_00000518,6,3,0,1160.0,,15.0
simu5g_00000518,6,3,1,1128.0,,14.0
simu5g_00000518,6,3,2,1160.0,,15.0
simu5g_00000518,6,3,3,608.0,,9.0
simu5g_00000518,6,3,4,1128.0,,14.0
simu5g_00000518,6,3,5,1128.0,,14.0
simu5g_00000518,6,3,6,1160.0,,15.0
simu5g_00000518,6,3,7,1128.0,,14.0
simu5g_00000518,6,3,8,1160.0,,15.0
simu5g_00000518,6,3,9,984.0,,13.0
simu5g_00000518,6,3,10,984.0,,13.0
simu5g_00000518,6,3,11,1128.0,,14.0
simu5g_00000518,6,3,12,1160.0,,15.0
simu5g_00000518,6,3,13,1128.0,,14.0
simu5g_00000518,6,3,14,1160.0,,15.0
simu5g_00000518,6,3,15,1160.0,,15.0
simu5g_00000518,6,3,16,888.0,,12.0
simu5g_00000518,6,3,17,1160.0,,15.0
simu5g_00000518,6,3,18,1160.0,,15.0
simu5g_00000518,6,3,19,1128.0,,14.0
simu5g_00000518,6,3,20,1160.0,,15.0
simu5g_00000518,6,3,21,1128.0,,14.0
simu5g_00000518,6,3,22,1160.0,,15.0
simu5g_00000518,6,3,23,1160.0,,15.0
simu5g_00000518,6,3,24,1160.0,,15.0
simu5g_00000519,0,0,0,1160.0,,15.0
simu5g_00000519,0,0,1,1128.0,,14.0
simu5g_00000519,0,0,2,1160.0,,15.0
simu5g_00000519,0,0,3,1160.0,,15.0
simu5g_00000519,0,0,4,1160.0,,15.0
simu5g_00000519,0,0,5,1160.0,,15.0
simu5g_00000519,0,0,6,1160.0,,15.0
simu5g_00000519,0,0,7,1160.0,,15.0
simu5g_00000519,0,0,8,1160.0,,15.0
simu5g_00000519,0,0,9,1160.0,,15.0
simu5g_00000519,0,0,10,1160.0,,15.0
simu5g_00000519,0,0,11,1160.0,,15.0
simu5g_00000519,0,0,12,1160.0,,15.0
simu5g_00000519,0,0,13,1160.0,,15.0
simu5g_00000519,0,0,14,1160.0,,15.0
simu5g_00000519,0,0,15,1160.0,,15.0
simu5g_00000519,0,0,16,1160.0,,15.0
simu5g_00000519,0,0,17,1160.0,,15.0
simu5g_00000519,0,0,18,1160.0,,15.0
simu5g_00000519,0,0,19,1160.0,,15.0
simu5g_00000519,0,0,20,1160.0,,15.0
simu5g_00000519,0,0,21,1160.0,,15.0
simu5g_00000519,0,0,22,1160.0,,15.0
simu5g_00000519,0,0,23,1160.0,,15.0
simu5g_00000519,0,0,24,1160.0,,15.0
simu5g_00000519,1,1,0,1160.0,,15.0
simu5g_00000519,1,1,1,1160.0,,15.0
simu5g_00000519,1,1,2,1160.0,,15.0
simu5g_00000519,1,1,3,1160.0,,15.0
simu5g_00000519,1,1,4,1160.0,,15.0
simu5g_00000519,1,1,5,1160.0,,15.0
simu5g_00000519,1,1,6,1160.0,,15.0
simu5g_00000519,1,1,7,984.0,,13.0
simu5g_00000519,1,1,8,984.0,,13.0
simu5g_00000519,1,1,9,1160.0,,15.0
simu5g_00000519,1,1,10,1160.0,,15.0
simu5g_00000519,1,1,11,1160.0,,15.0
simu5g_00000519,1,1,12,1160.0,,15.0
simu5g_00000519,1,1,13,1160.0,,15.0
simu5g_00000519,1,1,14,1160.0,,15.0
simu5g_00000519,1,1,15,1160.0,,15.0
simu5g_00000519,1,1,16,1160.0,,15.0
simu5g_00000519,1,1,17,1160.0,,15.0
simu5g_00000519,1,1,18,1160.0,,15.0
simu5g_00000519,1,1,19,1160.0,,15.0
simu5g_00000519,1,1,20,1160.0,,15.0
simu5g_00000519,1,1,21,888.0,,12.0
simu5g_00000519,1,1,22,1160.0,,15.0
simu5g_00000519,1,1,23,1128.0,,14.0
simu5g_00000519,1,1,24,1160.0,,15.0
simu5g_00000519,15,2,0,1160.0,,15.0
simu5g_00000519,15,2,1,1160.0,,15.0
simu5g_00000519,15,2,2,1160.0,,15.0
simu5g_00000519,15,2,3,1160.0,,15.0
simu5g_00000519,15,2,4,1160.0,,15.0
simu5g_00000519,15,2,5,984.0,,13.0
simu5g_00000519,15,2,6,1160.0,,15.0
simu5g_00000519,15,2,7,1160.0,,15.0
simu5g_00000519,15,2,8,1160.0,,15.0
simu5g_00000519,15,2,9,1160.0,,15.0
simu5g_00000519,15,2,10,1160.0,,15.0
simu5g_00000519,15,2,11,1160.0,,15.0
simu5g_00000519,15,2,12,1128.0,,14.0
simu5g_00000519,15,2,13,1160.0,,15.0
simu5g_00000519,15,2,14,1160.0,,15.0
simu5g_00000519,15,2,15,1160.0,,15.0
simu5g_00000519,15,2,16,1160.0,,15.0
simu5g_00000519,15,2,17,1160.0,,15.0
simu5g_00000519,15,2,18,1160.0,,15.0
simu5g_00000519,15,2,19,1160.0,,15.0
simu5g_00000519,15,2,20,1160.0,,15.0
simu5g_00000519,15,2,21,1160.0,,15.0
simu5g_00000519,15,2,22,1160.0,,15.0
simu5g_00000519,15,2,23,1160.0,,15.0
simu5g_00000519,15,2,24,1160.0,,15.0
simu5g_00000519,2,3,0,1128.0,,14.0
simu5g_00000519,2,3,1,1160.0,,15.0
simu5g_00000519,2,3,2,984.0,,13.0
simu5g_00000519,2,3,3,1160.0,,15.0
simu5g_00000519,2,3,4,984.0,,13.0
simu5g_00000519,2,3,5,984.0,,13.0
simu5g_00000519,2,3,6,1128.0,,14.0
simu5g_00000519,2,3,7,608.0,,9.0
simu5g_00000519,2,3,8,1160.0,,15.0
simu5g_00000519,2,3,9,1128.0,,14.0
simu5g_00000519,2,3,10,1128.0,,14.0
simu5g_00000519,2,3,11,704.0,,10.0
simu5g_00000519,2,3,12,984.0,,13.0
simu5g_00000519,2,3,13,1128.0,,14.0
simu5g_00000519,2,3,14,1128.0,,14.0
simu5g_00000519,2,3,15,1128.0,,14.0
simu5g_00000519,2,3,16,808.0,,11.0
simu5g_00000519,2,3,17,984.0,,13.0
simu5g_00000519,2,3,18,984.0,,13.0
simu5g_00000519,2,3,19,1128.0,,14.0
simu5g_00000519,2,3,20,1128.0,,14.0
simu5g_00000519,2,3,21,984.0,,13.0
simu5g_00000519,2,3,22,888.0,,12.0
simu5g_00000519,2,3,23,1128.0,,14.0
simu5g_00000519,2,3,24,888.0,,12.0
simu5g_00000519,31,4,0,888.0,,12.0
simu5g_00000519,31,4,1,808.0,,11.0
simu5g_00000519,31,4,2,1128.0,,14.0
simu5g_00000519,31,4,3,1128.0,,14.0
simu5g_00000519,31,4,4,1128.0,,14.0
simu5g_00000519,31,4,5,984.0,,13.0
simu5g_00000519,31,4,6,1128.0,,14.0
simu5g_00000519,31,4,7,984.0,,13.0
simu5g_00000519,31,4,8,1160.0,,15.0
simu5g_00000519,31,4,9,1160.0,,15.0
simu5g_00000519,31,4,10,1128.0,,14.0
simu5g_00000519,31,4,11,984.0,,13.0
simu5g_00000519,31,4,12,368.0,,6.0
simu5g_00000519,31,4,13,1128.0,,14.0
simu5g_00000519,31,4,14,1160.0,,15.0
simu5g_00000519,31,4,15,1160.0,,15.0
simu5g_00000519,31,4,16,984.0,,13.0
simu5g_00000519,31,4,17,1160.0,,15.0
simu5g_00000519,31,4,18,1160.0,,15.0
simu5g_00000519,31,4,19,984.0,,13.0
simu5g_00000519,31,4,20,888.0,,12.0
simu5g_00000519,31,4,21,1128.0,,14.0
simu5g_00000519,31,4,22,984.0,,13.0
simu5g_00000519,31,4,23,1160.0,,15.0
simu5g_00000519,31,4,24,1160.0,,15.0
simu5g_00000520,3,0,0,1128.0,,14.0
simu5g_00000520,3,0,1,1160.0,,15.0
simu5g_00000520,3,0,2,1160.0,,15.0
simu5g_00000520,3,0,3,1160.0,,15.0
simu5g_00000520,3,0,4,1160.0,,15.0
simu5g_00000520,3,0,5,1160.0,,15.0
simu5g_00000520,3,0,6,1160.0,,15.0
simu5g_00000520,3,0,7,1160.0,,15.0
simu5g_00000520,3,0,8,984.0,,13.0
simu5g_00000520,3,0,9,888.0,,12.0
simu5g_00000520,3,0,10,1160.0,,15.0
simu5g_00000520,3,0,11,1160.0,,15.0
simu5g_00000520,3,0,12,1160.0,,15.0
simu5g_00000520,3,0,13,1160.0,,15.0
simu5g_00000520,3,0,14,1160.0,,15.0
simu5g_00000520,3,0,15,1160.0,,15.0
simu5g_00000520,3,0,16,1160.0,,15.0
simu5g_00000520,3,0,17,1160.0,,15.0
simu5g_00000520,3,0,18,1160.0,,15.0
simu5g_00000520,3,0,19,1160.0,,15.0
simu5g_00000520,3,0,20,1160.0,,15.0
simu5g_00000520,3,0,21,1128.0,,14.0
simu5g_00000520,3,0,22,1128.0,,14.0
simu5g_00000520,3,0,23,1160.0,,15.0
simu5g_00000520,3,0,24,1128.0,,14.0
simu5g_00000520,4,1,0,1128.0,,14.0
simu5g_00000520,4,1,1,808.0,,11.0
simu5g_00000520,4,1,2,1128.0,,14.0
simu5g_00000520,4,1,3,368.0,,6.0
simu5g_00000520,4,1,4,984.0,,13.0
simu5g_00000520,4,1,5,1128.0,,14.0
simu5g_00000520,4,1,6,1128.0,,14.0
simu5g_00000520,4,1,7,528.0,,8.0
simu5g_00000520,4,1,8,808.0,,11.0
simu5g_00000520,4,1,9,984.0,,13.0
simu5g_00000520,4,1,10,984.0,,13.0
simu5g_00000520,4,1,11,1128.0,,14.0
simu5g_00000520,4,1,12,1160.0,,15.0
simu5g_00000520,4,1,13,984.0,,13.0
simu5g_00000520,4,1,14,1128.0,,14.0
simu5g_00000520,4,1,15,808.0,,11.0
simu5g_00000520,4,1,16,888.0,,12.0
simu5g_00000520,4,1,17,984.0,,13.0
simu5g_00000520,4,1,18,1160.0,,15.0
simu5g_00000520,4,1,19,1128.0,,14.0
simu5g_00000520,4,1,20,984.0,,13.0
simu5g_00000520,4,1,21,888.0,,12.0
simu5g_00000520,4,1,22,1128.0,,14.0
simu5g_00000520,4,1,23,1128.0,,14.0
simu5g_00000520,4,1,24,984.0,,13.0
simu5g_00000520,5,2,0,1128.0,,14.0
simu5g_00000520,5,2,1,1128.0,,14.0
simu5g_00000520,5,2,2,1128.0,,14.0
simu5g_00000520,5,2,3,984.0,,13.0
simu5g_00000520,5,2,4,1160.0,,15.0
simu5g_00000520,5,2,5,1128.0,,14.0
simu5g_00000520,5,2,6,1128.0,,14.0
simu5g_00000520,5,2,7,1128.0,,14.0
simu5g_00000520,5,2,8,1128.0,,14.0
simu5g_00000520,5,2,9,1160.0,,15.0
simu5g_00000520,5,2,10,1160.0,,15.0
simu5g_00000520,5,2,11,1128.0,,14.0
simu5g_00000520,5,2,12,1128.0,,14.0
simu5g_00000520,5,2,13,984.0,,13.0
simu5g_00000520,5,2,14,984.0,,13.0
simu5g_00000520,5,2,15,984.0,,13.0
simu5g_00000520,5,2,16,608.0,,9.0
simu5g_00000520,5,2,17,1160.0,,15.0
simu5g_00000520,5,2,18,1160.0,,15.0
simu5g_00000520,5,2,19,1128.0,,14.0
simu5g_00000520,5,2,20,1128.0,,14.0
simu5g_00000520,5,2,21,888.0,,12.0
simu5g_00000520,5,2,22,1160.0,,15.0
simu5g_00000520,5,2,23,984.0,,13.0
simu5g_00000520,5,2,24,1128.0,,14.0
simu5g_00000520,6,3,0,1160.0,,15.0
simu5g_00000520,6,3,1,1128.0,,14.0
simu5g_00000520,6,3,2,1160.0,,15.0
simu5g_00000520,6,3,3,608.0,,9.0
simu5g_00000520,6,3,4,1128.0,,14.0
simu5g_00000520,6,3,5,1128.0,,14.0
simu5g_00000520,6,3,6,1160.0,,15.0
simu5g_00000520,6,3,7,1128.0,,14.0
simu5g_00000520,6,3,8,1160.0,,15.0
simu5g_00000520,6,3,9,984.0,,13.0
simu5g_00000520,6,3,10,984.0,,13.0
simu5g_00000520,6,3,11,1128.0,,14.0
simu5g_00000520,6,3,12,1160.0,,15.0
simu5g_00000520,6,3,13,1128.0,,14.0
simu5g_00000520,6,3,14,1160.0,,15.0
simu5g_00000520,6,3,15,1160.0,,15.0
simu5g_00000520,6,3,16,888.0,,12.0
simu5g_00000520,6,3,17,1160.0,,15.0
simu5g_00000520,6,3,18,1160.0,,15.0
simu5g_00000520,6,3,19,1128.0,,14.0
simu5g_00000520,6,3,20,1160.0,,15.0
simu5g_00000520,6,3,21,1128.0,,14.0
simu5g_00000520,6,3,22,1160.0,,15.0
simu5g_00000520,6,3,23,1160.0,,15.0
simu5g_00000520,6,3,24,1160.0,,15.0
simu5g_00000521,0,0,0,1160.0,,15.0
simu5g_00000521,0,0,1,1128.0,,14.0
simu5g_00000521,0,0,2,1160.0,,15.0
simu5g_00000521,0,0,3,1160.0,,15.0
simu5g_00000521,0,0,4,1160.0,,15.0
simu5g_00000521,0,0,5,1160.0,,15.0
simu5g_00000521,0,0,6,1160.0,,15.0
simu5g_00000521,0,0,7,1160.0,,15.0
simu5g_00000521,0,0,8,1160.0,,15.0
simu5g_00000521,0,0,9,1160.0,,15.0
simu5g_00000521,0,0,10,1160.0,,15.0
simu5g_00000521,0,0,11,1160.0,,15.0
simu5g_00000521,0,0,12,1160.0,,15.0
simu5g_00000521,0,0,13,1160.0,,15.0
simu5g_00000521,0,0,14,1160.0,,15.0
simu5g_00000521,0,0,15,1160.0,,15.0
simu5g_00000521,0,0,16,1160.0,,15.0
simu5g_00000521,0,0,17,1160.0,,15.0
simu5g_00000521,0,0,18,1160.0,,15.0
simu5g_00000521,0,0,19,1160.0,,15.0
simu5g_00000521,0,0,20,1160.0,,15.0
simu5g_00000521,0,0,21,1160.0,,15.0
simu5g_00000521,0,0,22,1160.0,,15.0
simu5g_00000521,0,0,23,1160.0,,15.0
simu5g_00000521,0,0,24,1160.0,,15.0
simu5g_00000521,1,1,0,1160.0,,15.0
simu5g_00000521,1,1,1,1160.0,,15.0
simu5g_00000521,1,1,2,1160.0,,15.0
simu5g_00000521,1,1,3,1160.0,,15.0
simu5g_00000521,1,1,4,1160.0,,15.0
simu5g_00000521,1,1,5,1160.0,,15.0
simu5g_00000521,1,1,6,1160.0,,15.0
simu5g_00000521,1,1,7,984.0,,13.0
simu5g_00000521,1,1,8,984.0,,13.0
simu5g_00000521,1,1,9,1160.0,,15.0
simu5g_00000521,1,1,10,1160.0,,15.0
simu5g_00000521,1,1,11,1160.0,,15.0
simu5g_00000521,1,1,12,1160.0,,15.0
simu5g_00000521,1,1,13,1160.0,,15.0
simu5g_00000521,1,1,14,1160.0,,15.0
simu5g_00000521,1,1,15,1160.0,,15.0
simu5g_00000521,1,1,16,1160.0,,15.0
simu5g_00000521,1,1,17,1160.0,,15.0
simu5g_00000521,1,1,18,1160.0,,15.0
simu5g_00000521,1,1,19,1160.0,,15.0
simu5g_00000521,1,1,20,1160.0,,15.0
simu5g_00000521,1,1,21,888.0,,12.0
simu5g_00000521,1,1,22,1160.0,,15.0
simu5g_00000521,1,1,23,1128.0,,14.0
simu5g_00000521,1,1,24,1160.0,,15.0
simu5g_00000521,15,2,0,1160.0,,15.0
simu5g_00000521,15,2,1,1160.0,,15.0
simu5g_00000521,15,2,2,1160.0,,15.0
simu5g_00000521,15,2,3,1160.0,,15.0
simu5g_00000521,15,2,4,1160.0,,15.0
simu5g_00000521,15,2,5,984.0,,13.0
simu5g_00000521,15,2,6,1160.0,,15.0
simu5g_00000521,15,2,7,1160.0,,15.0
simu5g_00000521,15,2,8,1160.0,,15.0
simu5g_00000521,15,2,9,1160.0,,15.0
simu5g_00000521,15,2,10,1160.0,,15.0
simu5g_00000521,15,2,11,1160.0,,15.0
simu5g_00000521,15,2,12,1128.0,,14.0
simu5g_00000521,15,2,13,1160.0,,15.0
simu5g_00000521,15,2,14,1160.0,,15.0
simu5g_00000521,15,2,15,1160.0,,15.0
simu5g_00000521,15,2,16,1160.0,,15.0
simu5g_00000521,15,2,17,1160.0,,15.0
simu5g_00000521,15,2,18,1160.0,,15.0
simu5g_00000521,15,2,19,1160.0,,15.0
simu5g_00000521,15,2,20,1160.0,,15.0
simu5g_00000521,15,2,21,1160.0,,15.0
simu5g_00000521,15,2,22,1160.0,,15.0
simu5g_00000521,15,2,23,1160.0,,15.0
simu5g_00000521,15,2,24,1160.0,,15.0
simu5g_00000521,2,3,0,1128.0,,14.0
simu5g_00000521,2,3,1,1160.0,,15.0
simu5g_00000521,2,3,2,984.0,,13.0
simu5g_00000521,2,3,3,1160.0,,15.0
simu5g_00000521,2,3,4,984.0,,13.0
simu5g_00000521,2,3,5,984.0,,13.0
simu5g_00000521,2,3,6,1128.0,,14.0
simu5g_00000521,2,3,7,608.0,,9.0
simu5g_00000521,2,3,8,1160.0,,15.0
simu5g_00000521,2,3,9,1128.0,,14.0
simu5g_00000521,2,3,10,1128.0,,14.0
simu5g_00000521,2,3,11,704.0,,10.0
simu5g_00000521,2,3,12,984.0,,13.0
simu5g_00000521,2,3,13,1128.0,,14.0
simu5g_00000521,2,3,14,1128.0,,14.0
simu5g_00000521,2,3,15,1128.0,,14.0
simu5g_00000521,2,3,16,808.0,,11.0
simu5g_00000521,2,3,17,984.0,,13.0
simu5g_00000521,2,3,18,984.0,,13.0
simu5g_00000521,2,3,19,1128.0,,14.0
simu5g_00000521,2,3,20,1128.0,,14.0
simu5g_00000521,2,3,21,984.0,,13.0
simu5g_00000521,2,3,22,888.0,,12.0
simu5g_00000521,2,3,23,1128.0,,14.0
simu5g_00000521,2,3,24,888.0,,12.0
simu5g_00000521,31,4,0,1160.0,,15.0
simu5g_00000521,31,4,1,1128.0,,14.0
simu5g_00000521,31,4,2,1160.0,,15.0
simu5g_00000521,31,4,3,1160.0,,15.0
simu5g_00000521,31,4,4,1160.0,,15.0
simu5g_00000521,31,4,5,1160.0,,15.0
simu5g_00000521,31,4,6,1160.0,,15.0
simu5g_00000521,31,4,7,1160.0,,15.0
simu5g_00000521,31,4,8,1160.0,,15.0
simu5g_00000521,31,4,9,1160.0,,15.0
simu5g_00000521,31,4,10,1160.0,,15.0
simu5g_00000521,31,4,11,1160.0,,15.0
simu5g_00000521,31,4,12,888.0,,12.0
simu5g_00000521,31,4,13,1160.0,,15.0
simu5g_00000521,31,4,14,1160.0,,15.0
simu5g_00000521,31,4,15,1160.0,,15.0
simu5g_00000521,31,4,16,1160.0,,15.0
simu5g_00000521,31,4,17,1160.0,,15.0
simu5g_00000521,31,4,18,1160.0,,15.0
simu5g_00000521,31,4,19,1160.0,,15.0
simu5g_00000521,31,4,20,1160.0,,15.0
simu5g_00000521,31,4,21,1160.0,,15.0
simu5g_00000521,31,4,22,1160.0,,15.0
simu5g_00000521,31,4,23,1160.0,,15.0
simu5g_00000521,31,4,24,1160.0,,15.0
simu5g_00000522,3,0,0,1128.0,,14.0
simu5g_00000522,3,0,1,1160.0,,15.0
simu5g_00000522,3,0,2,1128.0,,14.0
simu5g_00000522,3,0,3,1128.0,,14.0
simu5g_00000522,3,0,4,1160.0,,15.0
simu5g_00000522,3,0,5,1160.0,,15.0
simu5g_00000522,3,0,6,1160.0,,15.0
simu5g_00000522,3,0,7,1128.0,,14.0
simu5g_00000522,3,0,8,808.0,,11.0
simu5g_00000522,3,0,9,808.0,,11.0
simu5g_00000522,3,0,10,1128.0,,14.0
simu5g_00000522,3,0,11,1128.0,,14.0
simu5g_00000522,3,0,12,1160.0,,15.0
simu5g_00000522,3,0,13,1160.0,,15.0
simu5g_00000522,3,0,14,1160.0,,15.0
simu5g_00000522,3,0,15,1160.0,,15.0
simu5g_00000522,3,0,16,1160.0,,15.0
simu5g_00000522,3,0,17,1160.0,,15.0
simu5g_00000522,3,0,18,1160.0,,15.0
simu5g_00000522,3,0,19,1160.0,,15.0
simu5g_00000522,3,0,20,1160.0,,15.0
simu5g_00000522,3,0,21,1128.0,,14.0
simu5g_00000522,3,0,22,984.0,,13.0
simu5g_00000522,3,0,23,1160.0,,15.0
simu5g_00000522,3,0,24,984.0,,13.0
simu5g_00000522,4,1,0,1128.0,,14.0
simu5g_00000522,4,1,1,888.0,,12.0
simu5g_00000522,4,1,2,1128.0,,14.0
simu5g_00000522,4,1,3,368.0,,6.0
simu5g_00000522,4,1,4,984.0,,13.0
simu5g_00000522,4,1,5,1128.0,,14.0
simu5g_00000522,4,1,6,1128.0,,14.0
simu5g_00000522,4,1,7,528.0,,8.0
simu5g_00000522,4,1,8,808.0,,11.0
simu5g_00000522,4,1,9,984.0,,13.0
simu5g_00000522,4,1,10,984.0,,13.0
simu5g_00000522,4,1,11,1128.0,,14.0
simu5g_00000522,4,1,12,1160.0,,15.0
simu5g_00000522,4,1,13,984.0,,13.0
simu5g_00000522,4,1,14,1128.0,,14.0
simu5g_00000522,4,1,15,888.0,,12.0
simu5g_00000522,4,1,16,888.0,,12.0
simu5g_00000522,4,1,17,984.0,,13.0
simu5g_00000522,4,1,18,1160.0,,15.0
simu5g_00000522,4,1,19,1128.0,,14.0
simu5g_00000522,4,1,20,984.0,,13.0
simu5g_00000522,4,1,21,888.0,,12.0
simu5g_00000522,4,1,22,1128.0,,14.0
simu5g_00000522,4,1,23,1128.0,,14.0
simu5g_00000522,4,1,24,984.0,,13.0
simu5g_00000522,5,2,0,1128.0,,14.0
simu5g_00000522,5,2,1,984.0,,13.0
simu5g_00000522,5,2,2,984.0,,13.0
simu5g_00000522,5,2,3,984.0,,13.0
simu5g_00000522,5,2,4,1160.0,,15.0
simu5g_00000522,5,2,5,984.0,,13.0
simu5g_00000522,5,2,6,984.0,,13.0
simu5g_00000522,5,2,7,984.0,,13.0
simu5g_00000522,5,2,8,984.0,,13.0
simu5g_00000522,5,2,9,1160.0,,15.0
simu5g_00000522,5,2,10,1128.0,,14.0
simu5g_00000522,5,2,11,1128.0,,14.0
simu5g_00000522,5,2,12,984.0,,13.0
simu5g_00000522,5,2,13,888.0,,12.0
simu5g_00000522,5,2,14,808.0,,11.0
simu5g_00000522,5,2,15,984.0,,13.0
simu5g_00000522,5,2,16,368.0,,6.0
simu5g_00000522,5,2,17,1160.0,,15.0
simu5g_00000522,5,2,18,1128.0,,14.0
simu5g_00000522,5,2,19,1128.0,,14.0
simu5g_00000522,5,2,20,984.0,,13.0
simu5g_00000522,5,2,21,608.0,,9.0
simu5g_00000522,5,2,22,1160.0,,15.0
simu5g_00000522,5,2,23,888.0,,12.0
simu5g_00000522,5,2,24,984.0,,13.0
simu5g_00000522,6,3,0,1160.0,,15.0
simu5g_00000522,6,3,1,1128.0,,14.0
simu5g_00000522,6,3,2,1160.0,,15.0
simu5g_00000522,6,3,3,608.0,,9.0
simu5g_00000522,6,3,4,1128.0,,14.0
simu5g_00000522,6,3,5,1128.0,,14.0
simu5g_00000522,6,3,6,1160.0,,15.0
simu5g_00000522,6,3,7,1128.0,,14.0
simu5g_00000522,6,3,8,1160.0,,15.0
simu5g_00000522,6,3,9,984.0,,13.0
simu5g_00000522,6,3,10,984.0,,13.0
simu5g_00000522,6,3,11,1128.0,,14.0
simu5g_00000522,6,3,12,1160.0,,15.0
simu5g_00000522,6,3,13,1128.0,,14.0
simu5g_00000522,6,3,14,1160.0,,15.0
simu5g_00000522,6,3,15,1160.0,,15.0
simu5g_00000522,6,3,16,888.0,,12.0
simu5g_00000522,6,3,17,1160.0,,15.0
simu5g_00000522,6,3,18,1160.0,,15.0
simu5g_00000522,6,3,19,1128.0,,14.0
simu5g_00000522,6,3,20,1160.0,,15.0
simu5g_00000522,6,3,21,1128.0,,14.0
simu5g_00000522,6,3,22,1160.0,,15.0
simu5g_00000522,6,3,23,1160.0,,15.0
simu5g_00000522,6,3,24,1160.0,,15.0
simu5g_00000523,0,0,0,1160.0,,15.0
simu5g_00000523,0,0,1,1128.0,,14.0
simu5g_00000523,0,0,2,1160.0,,15.0
simu5g_00000523,0,0,3,1160.0,,15.0
simu5g_00000523,0,0,4,1160.0,,15.0
simu5g_00000523,0,0,5,1160.0,,15.0
simu5g_00000523,0,0,6,1160.0,,15.0
simu5g_00000523,0,0,7,1160.0,,15.0
simu5g_00000523,0,0,8,1160.0,,15.0
simu5g_00000523,0,0,9,1160.0,,15.0
simu5g_00000523,0,0,10,1160.0,,15.0
simu5g_00000523,0,0,11,1160.0,,15.0
simu5g_00000523,0,0,12,1160.0,,15.0
simu5g_00000523,0,0,13,1160.0,,15.0
simu5g_00000523,0,0,14,1160.0,,15.0
simu5g_00000523,0,0,15,1160.0,,15.0
simu5g_00000523,0,0,16,1160.0,,15.0
simu5g_00000523,0,0,17,1160.0,,15.0
simu5g_00000523,0,0,18,1160.0,,15.0
simu5g_00000523,0,0,19,1160.0,,15.0
simu5g_00000523,0,0,20,1160.0,,15.0
simu5g_00000523,0,0,21,1160.0,,15.0
simu5g_00000523,0,0,22,1160.0,,15.0
simu5g_00000523,0,0,23,1160.0,,15.0
simu5g_00000523,0,0,24,1160.0,,15.0
simu5g_00000523,1,1,0,1160.0,,15.0
simu5g_00000523,1,1,1,1160.0,,15.0
simu5g_00000523,1,1,2,1160.0,,15.0
simu5g_00000523,1,1,3,1160.0,,15.0
simu5g_00000523,1,1,4,1160.0,,15.0
simu5g_00000523,1,1,5,1160.0,,15.0
simu5g_00000523,1,1,6,1160.0,,15.0
simu5g_00000523,1,1,7,984.0,,13.0
simu5g_00000523,1,1,8,984.0,,13.0
simu5g_00000523,1,1,9,1160.0,,15.0
simu5g_00000523,1,1,10,1160.0,,15.0
simu5g_00000523,1,1,11,1160.0,,15.0
simu5g_00000523,1,1,12,1160.0,,15.0
simu5g_00000523,1,1,13,1160.0,,15.0
simu5g_00000523,1,1,14,1160.0,,15.0
simu5g_00000523,1,1,15,1160.0,,15.0
simu5g_00000523,1,1,16,1160.0,,15.0
simu5g_00000523,1,1,17,1160.0,,15.0
simu5g_00000523,1,1,18,1160.0,,15.0
simu5g_00000523,1,1,19,1160.0,,15.0
simu5g_00000523,1,1,20,1160.0,,15.0
simu5g_00000523,1,1,21,888.0,,12.0
simu5g_00000523,1,1,22,1160.0,,15.0
simu5g_00000523,1,1,23,1128.0,,14.0
simu5g_00000523,1,1,24,1160.0,,15.0
simu5g_00000523,15,2,0,1160.0,,15.0
simu5g_00000523,15,2,1,1160.0,,15.0
simu5g_00000523,15,2,2,1160.0,,15.0
simu5g_00000523,15,2,3,1160.0,,15.0
simu5g_00000523,15,2,4,1160.0,,15.0
simu5g_00000523,15,2,5,984.0,,13.0
simu5g_00000523,15,2,6,1160.0,,15.0
simu5g_00000523,15,2,7,1160.0,,15.0
simu5g_00000523,15,2,8,1160.0,,15.0
simu5g_00000523,15,2,9,1160.0,,15.0
simu5g_00000523,15,2,10,1160.0,,15.0
simu5g_00000523,15,2,11,1160.0,,15.0
simu5g_00000523,15,2,12,1128.0,,14.0
simu5g_00000523,15,2,13,1160.0,,15.0
simu5g_00000523,15,2,14,1160.0,,15.0
simu5g_00000523,15,2,15,1160.0,,15.0
simu5g_00000523,15,2,16,1160.0,,15.0
simu5g_00000523,15,2,17,1160.0,,15.0
simu5g_00000523,15,2,18,1160.0,,15.0
simu5g_00000523,15,2,19,1160.0,,15.0
simu5g_00000523,15,2,20,1160.0,,15.0
simu5g_00000523,15,2,21,1160.0,,15.0
simu5g_00000523,15,2,22,1160.0,,15.0
simu5g_00000523,15,2,23,1160.0,,15.0
simu5g_00000523,15,2,24,1160.0,,15.0
simu5g_00000523,2,3,0,984.0,,13.0
simu5g_00000523,2,3,1,1160.0,,15.0
simu5g_00000523,2,3,2,984.0,,13.0
simu5g_00000523,2,3,3,1160.0,,15.0
simu5g_00000523,2,3,4,984.0,,13.0
simu5g_00000523,2,3,5,888.0,,12.0
simu5g_00000523,2,3,6,984.0,,13.0
simu5g_00000523,2,3,7,528.0,,8.0
simu5g_00000523,2,3,8,1128.0,,14.0
simu5g_00000523,2,3,9,1128.0,,14.0
simu5g_00000523,2,3,10,1128.0,,14.0
simu5g_00000523,2,3,11,608.0,,9.0
simu5g_00000523,2,3,12,984.0,,13.0
simu5g_00000523,2,3,13,1128.0,,14.0
simu5g_00000523,2,3,14,1128.0,,14.0
simu5g_00000523,2,3,15,1128.0,,14.0
simu5g_00000523,2,3,16,808.0,,11.0
simu5g_00000523,2,3,17,984.0,,13.0
simu5g_00000523,2,3,18,984.0,,13.0
simu5g_00000523,2,3,19,1128.0,,14.0
simu5g_00000523,2,3,20,1128.0,,14.0
simu5g_00000523,2,3,21,984.0,,13.0
simu5g_00000523,2,3,22,888.0,,12.0
simu5g_00000523,2,3,23,1128.0,,14.0
simu5g_00000523,2,3,24,808.0,,11.0
simu5g_00000523,31,4,0,1160.0,,15.0
simu5g_00000523,31,4,1,1128.0,,14.0
simu5g_00000523,31,4,2,1160.0,,15.0
simu5g_00000523,31,4,3,1160.0,,15.0
simu5g_00000523,31,4,4,1160.0,,15.0
simu5g_00000523,31,4,5,1160.0,,15.0
simu5g_00000523,31,4,6,1160.0,,15.0
simu5g_00000523,31,4,7,1160.0,,15.0
simu5g_00000523,31,4,8,1160.0,,15.0
simu5g_00000523,31,4,9,1160.0,,15.0
simu5g_00000523,31,4,10,1160.0,,15.0
simu5g_00000523,31,4,11,1160.0,,15.0
simu5g_00000523,31,4,12,888.0,,12.0
simu5g_00000523,31,4,13,1160.0,,15.0
simu5g_00000523,31,4,14,1160.0,,15.0
simu5g_00000523,31,4,15,1160.0,,15.0
simu5g_00000523,31,4,16,1160.0,,15.0
simu5g_00000523,31,4,17,1160.0,,15.0
simu5g_00000523,31,4,18,1160.0,,15.0
simu5g_00000523,31,4,19,1160.0,,15.0
simu5g_00000523,31,4,20,1160.0,,15.0
simu5g_00000523,31,4,21,1160.0,,15.0
simu5g_00000523,31,4,22,1160.0,,15.0
simu5g_00000523,31,4,23,1160.0,,15.0
simu5g_00000523,31,4,24,1160.0,,15.0
simu5g_00000524,3,0,0,1128.0,,14.0
simu5g_00000524,3,0,1,1160.0,,15.0
simu5g_00000524,3,0,2,1128.0,,14.0
simu5g_00000524,3,0,3,1128.0,,14.0
simu5g_00000524,3,0,4,1160.0,,15.0
simu5g_00000524,3,0,5,1160.0,,15.0
simu5g_00000524,3,0,6,1160.0,,15.0
simu5g_00000524,3,0,7,1128.0,,14.0
simu5g_00000524,3,0,8,808.0,,11.0
simu5g_00000524,3,0,9,808.0,,11.0
simu5g_00000524,3,0,10,1128.0,,14.0
simu5g_00000524,3,0,11,1128.0,,14.0
simu5g_00000524,3,0,12,1160.0,,15.0
simu5g_00000524,3,0,13,1160.0,,15.0
simu5g_00000524,3,0,14,1160.0,,15.0
simu5g_00000524,3,0,15,1160.0,,15.0
simu5g_00000524,3,0,16,1160.0,,15.0
simu5g_00000524,3,0,17,1160.0,,15.0
simu5g_00000524,3,0,18,1160.0,,15.0
simu5g_00000524,3,0,19,1160.0,,15.0
simu5g_00000524,3,0,20,1160.0,,15.0
simu5g_00000524,3,0,21,1128.0,,14.0
simu5g_00000524,3,0,22,984.0,,13.0
simu5g_00000524,3,0,23,1160.0,,15.0
simu5g_00000524,3,0,24,984.0,,13.0
simu5g_00000524,4,1,0,1128.0,,14.0
simu5g_00000524,4,1,1,888.0,,12.0
simu5g_00000524,4,1,2,1128.0,,14.0
simu5g_00000524,4,1,3,368.0,,6.0
simu5g_00000524,4,1,4,984.0,,13.0
simu5g_00000524,4,1,5,1128.0,,14.0
simu5g_00000524,4,1,6,1128.0,,14.0
simu5g_00000524,4,1,7,528.0,,8.0
simu5g_00000524,4,1,8,808.0,,11.0
simu5g_00000524,4,1,9,984.0,,13.0
simu5g_00000524,4,1,10,984.0,,13.0
simu5g_00000524,4,1,11,1128.0,,14.0
simu5g_00000524,4,1,12,1160.0,,15.0
simu5g_00000524,4,1,13,984.0,,13.0
simu5g_00000524,4,1,14,1128.0,,14.0
simu5g_00000524,4,1,15,888.0,,12.0
simu5g_00000524,4,1,16,888.0,,12.0
simu5g_00000524,4,1,17,984.0,,13.0
simu5g_00000524,4,1,18,1160.0,,15.0
simu5g_00000524,4,1,19,1128.0,,14.0
simu5g_00000524,4,1,20,984.0,,13.0
simu5g_00000524,4,1,21,888.0,,12.0
simu5g_00000524,4,1,22,1128.0,,14.0
simu5g_00000524,4,1,23,1128.0,,14.0
simu5g_00000524,4,1,24,984.0,,13.0
simu5g_00000524,5,2,0,1128.0,,14.0
simu5g_00000524,5,2,1,984.0,,13.0
simu5g_00000524,5,2,2,984.0,,13.0
simu5g_00000524,5,2,3,984.0,,13.0
simu5g_00000524,5,2,4,1160.0,,15.0
simu5g_00000524,5,2,5,984.0,,13.0
simu5g_00000524,5,2,6,984.0,,13.0
simu5g_00000524,5,2,7,984.0,,13.0
simu5g_00000524,5,2,8,984.0,,13.0
simu5g_00000524,5,2,9,1160.0,,15.0
simu5g_00000524,5,2,10,1128.0,,14.0
simu5g_00000524,5,2,11,1128.0,,14.0
simu5g_00000524,5,2,12,984.0,,13.0
simu5g_00000524,5,2,13,888.0,,12.0
simu5g_00000524,5,2,14,808.0,,11.0
simu5g_00000524,5,2,15,984.0,,13.0
simu5g_00000524,5,2,16,368.0,,6.0
simu5g_00000524,5,2,17,1160.0,,15.0
simu5g_00000524,5,2,18,1128.0,,14.0
simu5g_00000524,5,2,19,1128.0,,14.0
simu5g_00000524,5,2,20,984.0,,13.0
simu5g_00000524,5,2,21,608.0,,9.0
simu5g_00000524,5,2,22,1160.0,,15.0
simu5g_00000524,5,2,23,888.0,,12.0
simu5g_00000524,5,2,24,984.0,,13.0
simu5g_00000524,6,3,0,1160.0,,15.0
simu5g_00000524,6,3,1,1128.0,,14.0
simu5g_00000524,6,3,2,1160.0,,15.0
simu5g_00000524,6,3,3,608.0,,9.0
simu5g_00000524,6,3,4,1128.0,,14.0
simu5g_00000524,6,3,5,1128.0,,14.0
simu5g_00000524,6,3,6,1160.0,,15.0
simu5g_00000524,6,3,7,1128.0,,14.0
simu5g_00000524,6,3,8,1160.0,,15.0
simu5g_00000524,6,3,9,984.0,,13.0
simu5g_00000524,6,3,10,984.0,,13.0
simu5g_00000524,6,3,11,1128.0,,14.0
simu5g_00000524,6,3,12,1160.0,,15.0
simu5g_00000524,6,3,13,1128.0,,14.0
simu5g_00000524,6,3,14,1160.0,,15.0
simu5g_00000524,6,3,15,1160.0,,15.0
simu5g_00000524,6,3,16,888.0,,12.0
simu5g_00000524,6,3,17,1160.0,,15.0
simu5g_00000524,6,3,18,1160.0,,15.0
simu5g_00000524,6,3,19,1128.0,,14.0
simu5g_00000524,6,3,20,1160.0,,15.0
simu5g_00000524,6,3,21,1128.0,,14.0
simu5g_00000524,6,3,22,1160.0,,15.0
simu5g_00000524,6,3,23,1160.0,,15.0
simu5g_00000524,6,3,24,1160.0,,15.0
simu5g_00000525,0,0,0,1160.0,,15.0
simu5g_00000525,0,0,1,1128.0,,14.0
simu5g_00000525,0,0,2,1160.0,,15.0
simu5g_00000525,0,0,3,1160.0,,15.0
simu5g_00000525,0,0,4,1160.0,,15.0
simu5g_00000525,0,0,5,1160.0,,15.0
simu5g_00000525,0,0,6,1160.0,,15.0
simu5g_00000525,0,0,7,1160.0,,15.0
simu5g_00000525,0,0,8,1160.0,,15.0
simu5g_00000525,0,0,9,1160.0,,15.0
simu5g_00000525,0,0,10,1160.0,,15.0
simu5g_00000525,0,0,11,1160.0,,15.0
simu5g_00000525,0,0,12,1160.0,,15.0
simu5g_00000525,0,0,13,1160.0,,15.0
simu5g_00000525,0,0,14,1160.0,,15.0
simu5g_00000525,0,0,15,1160.0,,15.0
simu5g_00000525,0,0,16,1160.0,,15.0
simu5g_00000525,0,0,17,1160.0,,15.0
simu5g_00000525,0,0,18,1160.0,,15.0
simu5g_00000525,0,0,19,1160.0,,15.0
simu5g_00000525,0,0,20,1160.0,,15.0
simu5g_00000525,0,0,21,1160.0,,15.0
simu5g_00000525,0,0,22,1160.0,,15.0
simu5g_00000525,0,0,23,1160.0,,15.0
simu5g_00000525,0,0,24,1160.0,,15.0
simu5g_00000525,1,1,0,1160.0,,15.0
simu5g_00000525,1,1,1,1160.0,,15.0
simu5g_00000525,1,1,2,1160.0,,15.0
simu5g_00000525,1,1,3,1160.0,,15.0
simu5g_00000525,1,1,4,1160.0,,15.0
simu5g_00000525,1,1,5,1160.0,,15.0
simu5g_00000525,1,1,6,1160.0,,15.0
simu5g_00000525,1,1,7,1160.0,,15.0
simu5g_00000525,1,1,8,1128.0,,14.0
simu5g_00000525,1,1,9,1160.0,,15.0
simu5g_00000525,1,1,10,1160.0,,15.0
simu5g_00000525,1,1,11,1160.0,,15.0
simu5g_00000525,1,1,12,1160.0,,15.0
simu5g_00000525,1,1,13,1160.0,,15.0
simu5g_00000525,1,1,14,1160.0,,15.0
simu5g_00000525,1,1,15,1160.0,,15.0
simu5g_00000525,1,1,16,1160.0,,15.0
simu5g_00000525,1,1,17,1160.0,,15.0
simu5g_00000525,1,1,18,1160.0,,15.0
simu5g_00000525,1,1,19,1160.0,,15.0
simu5g_00000525,1,1,20,1160.0,,15.0
simu5g_00000525,1,1,21,1128.0,,14.0
simu5g_00000525,1,1,22,1160.0,,15.0
simu5g_00000525,1,1,23,1160.0,,15.0
simu5g_00000525,1,1,24,1160.0,,15.0
simu5g_00000525,15,2,0,1160.0,,15.0
simu5g_00000525,15,2,1,1160.0,,15.0
simu5g_00000525,15,2,2,1160.0,,15.0
simu5g_00000525,15,2,3,1160.0,,15.0
simu5g_00000525,15,2,4,1160.0,,15.0
simu5g_00000525,15,2,5,984.0,,13.0
simu5g_00000525,15,2,6,1160.0,,15.0
simu5g_00000525,15,2,7,1160.0,,15.0
simu5g_00000525,15,2,8,1160.0,,15.0
simu5g_00000525,15,2,9,1160.0,,15.0
simu5g_00000525,15,2,10,1160.0,,15.0
simu5g_00000525,15,2,11,1160.0,,15.0
simu5g_00000525,15,2,12,1128.0,,14.0
simu5g_00000525,15,2,13,1160.0,,15.0
simu5g_00000525,15,2,14,1160.0,,15.0
simu5g_00000525,15,2,15,1160.0,,15.0
simu5g_00000525,15,2,16,1160.0,,15.0
simu5g_00000525,15,2,17,1160.0,,15.0
simu5g_00000525,15,2,18,1160.0,,15.0
simu5g_00000525,15,2,19,1160.0,,15.0
simu5g_00000525,15,2,20,1160.0,,15.0
simu5g_00000525,15,2,21,1160.0,,15.0
simu5g_00000525,15,2,22,1160.0,,15.0
simu5g_00000525,15,2,23,1160.0,,15.0
simu5g_00000525,15,2,24,1160.0,,15.0
simu5g_00000525,2,3,0,984.0,,13.0
simu5g_00000525,2,3,1,1160.0,,15.0
simu5g_00000525,2,3,2,984.0,,13.0
simu5g_00000525,2,3,3,1160.0,,15.0
simu5g_00000525,2,3,4,984.0,,13.0
simu5g_00000525,2,3,5,888.0,,12.0
simu5g_00000525,2,3,6,984.0,,13.0
simu5g_00000525,2,3,7,528.0,,8.0
simu5g_00000525,2,3,8,1128.0,,14.0
simu5g_00000525,2,3,9,1128.0,,14.0
simu5g_00000525,2,3,10,1128.0,,14.0
simu5g_00000525,2,3,11,608.0,,9.0
simu5g_00000525,2,3,12,984.0,,13.0
simu5g_00000525,2,3,13,1128.0,,14.0
simu5g_00000525,2,3,14,1128.0,,14.0
simu5g_00000525,2,3,15,1128.0,,14.0
simu5g_00000525,2,3,16,808.0,,11.0
simu5g_00000525,2,3,17,984.0,,13.0
simu5g_00000525,2,3,18,984.0,,13.0
simu5g_00000525,2,3,19,1128.0,,14.0
simu5g_00000525,2,3,20,1128.0,,14.0
simu5g_00000525,2,3,21,984.0,,13.0
simu5g_00000525,2,3,22,888.0,,12.0
simu5g_00000525,2,3,23,1128.0,,14.0
simu5g_00000525,2,3,24,808.0,,11.0
simu5g_00000525,31,4,0,1160.0,,15.0
simu5g_00000525,31,4,1,1128.0,,14.0
simu5g_00000525,31,4,2,1160.0,,15.0
simu5g_00000525,31,4,3,1160.0,,15.0
simu5g_00000525,31,4,4,1160.0,,15.0
simu5g_00000525,31,4,5,1160.0,,15.0
simu5g_00000525,31,4,6,1160.0,,15.0
simu5g_00000525,31,4,7,1160.0,,15.0
simu5g_00000525,31,4,8,1160.0,,15.0
simu5g_00000525,31,4,9,1160.0,,15.0
simu5g_00000525,31,4,10,1160.0,,15.0
simu5g_00000525,31,4,11,1160.0,,15.0
simu5g_00000525,31,4,12,888.0,,12.0
simu5g_00000525,31,4,13,1160.0,,15.0
simu5g_00000525,31,4,14,1160.0,,15.0
simu5g_00000525,31,4,15,1160.0,,15.0
simu5g_00000525,31,4,16,1160.0,,15.0
simu5g_00000525,31,4,17,1160.0,,15.0
simu5g_00000525,31,4,18,1160.0,,15.0
simu5g_00000525,31,4,19,1160.0,,15.0
simu5g_00000525,31,4,20,1160.0,,15.0
simu5g_00000525,31,4,21,1160.0,,15.0
simu5g_00000525,31,4,22,1160.0,,15.0
simu5g_00000525,31,4,23,1160.0,,15.0
simu5g_00000525,31,4,24,1160.0,,15.0
simu5g_00000526,3,0,0,1128.0,,14.0
simu5g_00000526,3,0,1,1160.0,,15.0
simu5g_00000526,3,0,2,1128.0,,14.0
simu5g_00000526,3,0,3,1128.0,,14.0
simu5g_00000526,3,0,4,1160.0,,15.0
simu5g_00000526,3,0,5,1160.0,,15.0
simu5g_00000526,3,0,6,1160.0,,15.0
simu5g_00000526,3,0,7,1128.0,,14.0
simu5g_00000526,3,0,8,808.0,,11.0
simu5g_00000526,3,0,9,808.0,,11.0
simu5g_00000526,3,0,10,1160.0,,15.0
simu5g_00000526,3,0,11,1128.0,,14.0
simu5g_00000526,3,0,12,1160.0,,15.0
simu5g_00000526,3,0,13,1160.0,,15.0
simu5g_00000526,3,0,14,1160.0,,15.0
simu5g_00000526,3,0,15,1160.0,,15.0
simu5g_00000526,3,0,16,1160.0,,15.0
simu5g_00000526,3,0,17,1160.0,,15.0
simu5g_00000526,3,0,18,1160.0,,15.0
simu5g_00000526,3,0,19,1160.0,,15.0
simu5g_00000526,3,0,20,1160.0,,15.0
simu5g_00000526,3,0,21,1128.0,,14.0
simu5g_00000526,3,0,22,984.0,,13.0
simu5g_00000526,3,0,23,1160.0,,15.0
simu5g_00000526,3,0,24,984.0,,13.0
simu5g_00000526,4,1,0,1128.0,,14.0
simu5g_00000526,4,1,1,888.0,,12.0
simu5g_00000526,4,1,2,1128.0,,14.0
simu5g_00000526,4,1,3,368.0,,6.0
simu5g_00000526,4,1,4,984.0,,13.0
simu5g_00000526,4,1,5,1128.0,,14.0
simu5g_00000526,4,1,6,1128.0,,14.0
simu5g_00000526,4,1,7,528.0,,8.0
simu5g_00000526,4,1,8,808.0,,11.0
simu5g_00000526,4,1,9,984.0,,13.0
simu5g_00000526,4,1,10,984.0,,13.0
simu5g_00000526,4,1,11,1128.0,,14.0
simu5g_00000526,4,1,12,1160.0,,15.0
simu5g_00000526,4,1,13,984.0,,13.0
simu5g_00000526,4,1,14,1128.0,,14.0
simu5g_00000526,4,1,15,888.0,,12.0
simu5g_00000526,4,1,16,888.0,,12.0
simu5g_00000526,4,1,17,984.0,,13.0
simu5g_00000526,4,1,18,1160.0,,15.0
simu5g_00000526,4,1,19,1128.0,,14.0
simu5g_00000526,4,1,20,984.0,,13.0
simu5g_00000526,4,1,21,888.0,,12.0
simu5g_00000526,4,1,22,1128.0,,14.0
simu5g_00000526,4,1,23,1128.0,,14.0
simu5g_00000526,4,1,24,984.0,,13.0
simu5g_00000526,5,2,0,1128.0,,14.0
simu5g_00000526,5,2,1,984.0,,13.0
simu5g_00000526,5,2,2,984.0,,13.0
simu5g_00000526,5,2,3,984.0,,13.0
simu5g_00000526,5,2,4,1160.0,,15.0
simu5g_00000526,5,2,5,984.0,,13.0
simu5g_00000526,5,2,6,984.0,,13.0
simu5g_00000526,5,2,7,984.0,,13.0
simu5g_00000526,5,2,8,984.0,,13.0
simu5g_00000526,5,2,9,1160.0,,15.0
simu5g_00000526,5,2,10,1128.0,,14.0
simu5g_00000526,5,2,11,1128.0,,14.0
simu5g_00000526,5,2,12,984.0,,13.0
simu5g_00000526,5,2,13,888.0,,12.0
simu5g_00000526,5,2,14,808.0,,11.0
simu5g_00000526,5,2,15,984.0,,13.0
simu5g_00000526,5,2,16,368.0,,6.0
simu5g_00000526,5,2,17,1160.0,,15.0
simu5g_00000526,5,2,18,1128.0,,14.0
simu5g_00000526,5,2,19,1128.0,,14.0
simu5g_00000526,5,2,20,984.0,,13.0
simu5g_00000526,5,2,21,608.0,,9.0
simu5g_00000526,5,2,22,1160.0,,15.0
simu5g_00000526,5,2,23,888.0,,12.0
simu5g_00000526,5,2,24,984.0,,13.0
simu5g_00000526,6,3,0,1128.0,,14.0
simu5g_00000526,6,3,1,984.0,,13.0
simu5g_00000526,6,3,2,1128.0,,14.0
simu5g_00000526,6,3,3,368.0,,6.0
simu5g_00000526,6,3,4,888.0,,12.0
simu5g_00000526,6,3,5,984.0,,13.0
simu5g_00000526,6,3,6,1160.0,,15.0
simu5g_00000526,6,3,7,984.0,,13.0
simu5g_00000526,6,3,8,1128.0,,14.0
simu5g_00000526,6,3,9,808.0,,11.0
simu5g_00000526,6,3,10,808.0,,11.0
simu5g_00000526,6,3,11,984.0,,13.0
simu5g_00000526,6,3,12,1160.0,,15.0
simu5g_00000526,6,3,13,888.0,,12.0
simu5g_00000526,6,3,14,1128.0,,14.0
simu5g_00000526,6,3,15,1160.0,,15.0
simu5g_00000526,6,3,16,608.0,,9.0
simu5g_00000526,6,3,17,1128.0,,14.0
simu5g_00000526,6,3,18,1128.0,,14.0
simu5g_00000526,6,3,19,984.0,,13.0
simu5g_00000526,6,3,20,1128.0,,14.0
simu5g_00000526,6,3,21,984.0,,13.0
simu5g_00000526,6,3,22,1128.0,,14.0
simu5g_00000526,6,3,23,1128.0,,14.0
simu5g_00000526,6,3,24,1160.0,,15.0
simu5g_00000527,0,0,0,1160.0,,15.0
simu5g_00000527,0,0,1,1128.0,,14.0
simu5g_00000527,0,0,2,1160.0,,15.0
simu5g_00000527,0,0,3,1160.0,,15.0
simu5g_00000527,0,0,4,1160.0,,15.0
simu5g_00000527,0,0,5,1160.0,,15.0
simu5g_00000527,0,0,6,1160.0,,15.0
simu5g_00000527,0,0,7,1160.0,,15.0
simu5g_00000527,0,0,8,1160.0,,15.0
simu5g_00000527,0,0,9,1160.0,,15.0
simu5g_00000527,0,0,10,1160.0,,15.0
simu5g_00000527,0,0,11,1160.0,,15.0
simu5g_00000527,0,0,12,1160.0,,15.0
simu5g_00000527,0,0,13,1160.0,,15.0
simu5g_00000527,0,0,14,1160.0,,15.0
simu5g_00000527,0,0,15,1160.0,,15.0
simu5g_00000527,0,0,16,1160.0,,15.0
simu5g_00000527,0,0,17,1160.0,,15.0
simu5g_00000527,0,0,18,1160.0,,15.0
simu5g_00000527,0,0,19,1160.0,,15.0
simu5g_00000527,0,0,20,1160.0,,15.0
simu5g_00000527,0,0,21,1160.0,,15.0
simu5g_00000527,0,0,22,1160.0,,15.0
simu5g_00000527,0,0,23,1160.0,,15.0
simu5g_00000527,0,0,24,1160.0,,15.0
simu5g_00000527,1,1,0,1160.0,,15.0
simu5g_00000527,1,1,1,1160.0,,15.0
simu5g_00000527,1,1,2,1160.0,,15.0
simu5g_00000527,1,1,3,1160.0,,15.0
simu5g_00000527,1,1,4,1160.0,,15.0
simu5g_00000527,1,1,5,1160.0,,15.0
simu5g_00000527,1,1,6,1160.0,,15.0
simu5g_00000527,1,1,7,1160.0,,15.0
simu5g_00000527,1,1,8,1128.0,,14.0
simu5g_00000527,1,1,9,1160.0,,15.0
simu5g_00000527,1,1,10,1160.0,,15.0
simu5g_00000527,1,1,11,1160.0,,15.0
simu5g_00000527,1,1,12,1160.0,,15.0
simu5g_00000527,1,1,13,1160.0,,15.0
simu5g_00000527,1,1,14,1160.0,,15.0
simu5g_00000527,1,1,15,1160.0,,15.0
simu5g_00000527,1,1,16,1160.0,,15.0
simu5g_00000527,1,1,17,1160.0,,15.0
simu5g_00000527,1,1,18,1160.0,,15.0
simu5g_00000527,1,1,19,1160.0,,15.0
simu5g_00000527,1,1,20,1160.0,,15.0
simu5g_00000527,1,1,21,1128.0,,14.0
simu5g_00000527,1,1,22,1160.0,,15.0
simu5g_00000527,1,1,23,1160.0,,15.0
simu5g_00000527,1,1,24,1160.0,,15.0
simu5g_00000527,15,2,0,1160.0,,15.0
simu5g_00000527,15,2,1,1160.0,,15.0
simu5g_00000527,15,2,2,1160.0,,15.0
simu5g_00000527,15,2,3,1160.0,,15.0
simu5g_00000527,15,2,4,1160.0,,15.0
simu5g_00000527,15,2,5,984.0,,13.0
simu5g_00000527,15,2,6,1160.0,,15.0
simu5g_00000527,15,2,7,1160.0,,15.0
simu5g_00000527,15,2,8,1160.0,,15.0
simu5g_00000527,15,2,9,1160.0,,15.0
simu5g_00000527,15,2,10,1160.0,,15.0
simu5g_00000527,15,2,11,1160.0,,15.0
simu5g_00000527,15,2,12,1128.0,,14.0
simu5g_00000527,15,2,13,1160.0,,15.0
simu5g_00000527,15,2,14,1160.0,,15.0
simu5g_00000527,15,2,15,1160.0,,15.0
simu5g_00000527,15,2,16,1160.0,,15.0
simu5g_00000527,15,2,17,1160.0,,15.0
simu5g_00000527,15,2,18,1160.0,,15.0
simu5g_00000527,15,2,19,1160.0,,15.0
simu5g_00000527,15,2,20,1160.0,,15.0
simu5g_00000527,15,2,21,1160.0,,15.0
simu5g_00000527,15,2,22,1160.0,,15.0
simu5g_00000527,15,2,23,1160.0,,15.0
simu5g_00000527,15,2,24,1160.0,,15.0
simu5g_00000527,2,3,0,984.0,,13.0
simu5g_00000527,2,3,1,1160.0,,15.0
simu5g_00000527,2,3,2,984.0,,13.0
simu5g_00000527,2,3,3,1160.0,,15.0
simu5g_00000527,2,3,4,984.0,,13.0
simu5g_00000527,2,3,5,888.0,,12.0
simu5g_00000527,2,3,6,1128.0,,14.0
simu5g_00000527,2,3,7,528.0,,8.0
simu5g_00000527,2,3,8,1160.0,,15.0
simu5g_00000527,2,3,9,1128.0,,14.0
simu5g_00000527,2,3,10,1128.0,,14.0
simu5g_00000527,2,3,11,704.0,,10.0
simu5g_00000527,2,3,12,984.0,,13.0
simu5g_00000527,2,3,13,1128.0,,14.0
simu5g_00000527,2,3,14,1128.0,,14.0
simu5g_00000527,2,3,15,1128.0,,14.0
simu5g_00000527,2,3,16,808.0,,11.0
simu5g_00000527,2,3,17,984.0,,13.0
simu5g_00000527,2,3,18,984.0,,13.0
simu5g_00000527,2,3,19,1128.0,,14.0
simu5g_00000527,2,3,20,1128.0,,14.0
simu5g_00000527,2,3,21,984.0,,13.0
simu5g_00000527,2,3,22,888.0,,12.0
simu5g_00000527,2,3,23,1128.0,,14.0
simu5g_00000527,2,3,24,808.0,,11.0
simu5g_00000527,31,4,0,1128.0,,14.0
simu5g_00000527,31,4,1,1128.0,,14.0
simu5g_00000527,31,4,2,1160.0,,15.0
simu5g_00000527,31,4,3,1160.0,,15.0
simu5g_00000527,31,4,4,1160.0,,15.0
simu5g_00000527,31,4,5,1160.0,,15.0
simu5g_00000527,31,4,6,1160.0,,15.0
simu5g_00000527,31,4,7,1160.0,,15.0
simu5g_00000527,31,4,8,1160.0,,15.0
simu5g_00000527,31,4,9,1160.0,,15.0
simu5g_00000527,31,4,10,1160.0,,15.0
simu5g_00000527,31,4,11,1160.0,,15.0
simu5g_00000527,31,4,12,888.0,,12.0
simu5g_00000527,31,4,13,1160.0,,15.0
simu5g_00000527,31,4,14,1160.0,,15.0
simu5g_00000527,31,4,15,1160.0,,15.0
simu5g_00000527,31,4,16,1160.0,,15.0
simu5g_00000527,31,4,17,1160.0,,15.0
simu5g_00000527,31,4,18,1160.0,,15.0
simu5g_00000527,31,4,19,1160.0,,15.0
simu5g_00000527,31,4,20,1128.0,,14.0
simu5g_00000527,31,4,21,1160.0,,15.0
simu5g_00000527,31,4,22,1160.0,,15.0
simu5g_00000527,31,4,23,1160.0,,15.0
simu5g_00000527,31,4,24,1160.0,,15.0
simu5g_00000528,3,0,0,1128.0,,14.0
simu5g_00000528,3,0,1,1160.0,,15.0
simu5g_00000528,3,0,2,1160.0,,15.0
simu5g_00000528,3,0,3,1160.0,,15.0
simu5g_00000528,3,0,4,1160.0,,15.0
simu5g_00000528,3,0,5,1160.0,,15.0
simu5g_00000528,3,0,6,1160.0,,15.0
simu5g_00000528,3,0,7,1160.0,,15.0
simu5g_00000528,3,0,8,984.0,,13.0
simu5g_00000528,3,0,9,888.0,,12.0
simu5g_00000528,3,0,10,1160.0,,15.0
simu5g_00000528,3,0,11,1160.0,,15.0
simu5g_00000528,3,0,12,1160.0,,15.0
simu5g_00000528,3,0,13,1160.0,,15.0
simu5g_00000528,3,0,14,1160.0,,15.0
simu5g_00000528,3,0,15,1160.0,,15.0
simu5g_00000528,3,0,16,1160.0,,15.0
simu5g_00000528,3,0,17,1160.0,,15.0
simu5g_00000528,3,0,18,1160.0,,15.0
simu5g_00000528,3,0,19,1160.0,,15.0
simu5g_00000528,3,0,20,1160.0,,15.0
simu5g_00000528,3,0,21,1128.0,,14.0
simu5g_00000528,3,0,22,1128.0,,14.0
simu5g_00000528,3,0,23,1160.0,,15.0
simu5g_00000528,3,0,24,1128.0,,14.0
simu5g_00000528,4,1,0,1128.0,,14.0
simu5g_00000528,4,1,1,888.0,,12.0
simu5g_00000528,4,1,2,1128.0,,14.0
simu5g_00000528,4,1,3,368.0,,6.0
simu5g_00000528,4,1,4,984.0,,13.0
simu5g_00000528,4,1,5,1128.0,,14.0
simu5g_00000528,4,1,6,1128.0,,14.0
simu5g_00000528,4,1,7,528.0,,8.0
simu5g_00000528,4,1,8,808.0,,11.0
simu5g_00000528,4,1,9,984.0,,13.0
simu5g_00000528,4,1,10,984.0,,13.0
simu5g_00000528,4,1,11,1128.0,,14.0
simu5g_00000528,4,1,12,1160.0,,15.0
simu5g_00000528,4,1,13,984.0,,13.0
simu5g_00000528,4,1,14,1128.0,,14.0
simu5g_00000528,4,1,15,888.0,,12.0
simu5g_00000528,4,1,16,888.0,,12.0
simu5g_00000528,4,1,17,984.0,,13.0
simu5g_00000528,4,1,18,1160.0,,15.0
simu5g_00000528,4,1,19,1128.0,,14.0
simu5g_00000528,4,1,20,984.0,,13.0
simu5g_00000528,4,1,21,888.0,,12.0
simu5g_00000528,4,1,22,1128.0,,14.0
simu5g_00000528,4,1,23,1128.0,,14.0
simu5g_00000528,4,1,24,984.0,,13.0
simu5g_00000528,5,2,0,1128.0,,14.0
simu5g_00000528,5,2,1,984.0,,13.0
simu5g_00000528,5,2,2,984.0,,13.0
simu5g_00000528,5,2,3,984.0,,13.0
simu5g_00000528,5,2,4,1160.0,,15.0
simu5g_00000528,5,2,5,984.0,,13.0
simu5g_00000528,5,2,6,984.0,,13.0
simu5g_00000528,5,2,7,984.0,,13.0
simu5g_00000528,5,2,8,984.0,,13.0
simu5g_00000528,5,2,9,1160.0,,15.0
simu5g_00000528,5,2,10,1128.0,,14.0
simu5g_00000528,5,2,11,1128.0,,14.0
simu5g_00000528,5,2,12,984.0,,13.0
simu5g_00000528,5,2,13,888.0,,12.0
simu5g_00000528,5,2,14,808.0,,11.0
simu5g_00000528,5,2,15,984.0,,13.0
simu5g_00000528,5,2,16,368.0,,6.0
simu5g_00000528,5,2,17,1160.0,,15.0
simu5g_00000528,5,2,18,1128.0,,14.0
simu5g_00000528,5,2,19,1128.0,,14.0
simu5g_00000528,5,2,20,984.0,,13.0
simu5g_00000528,5,2,21,608.0,,9.0
simu5g_00000528,5,2,22,1160.0,,15.0
simu5g_00000528,5,2,23,888.0,,12.0
simu5g_00000528,5,2,24,984.0,,13.0
simu5g_00000528,6,3,0,1128.0,,14.0
simu5g_00000528,6,3,1,984.0,,13.0
simu5g_00000528,6,3,2,1128.0,,14.0
simu5g_00000528,6,3,3,368.0,,6.0
simu5g_00000528,6,3,4,888.0,,12.0
simu5g_00000528,6,3,5,984.0,,13.0
simu5g_00000528,6,3,6,1160.0,,15.0
simu5g_00000528,6,3,7,984.0,,13.0
simu5g_00000528,6,3,8,1128.0,,14.0
simu5g_00000528,6,3,9,808.0,,11.0
simu5g_00000528,6,3,10,808.0,,11.0
simu5g_00000528,6,3,11,984.0,,13.0
simu5g_00000528,6,3,12,1160.0,,15.0
simu5g_00000528,6,3,13,888.0,,12.0
simu5g_00000528,6,3,14,1128.0,,14.0
simu5g_00000528,6,3,15,1160.0,,15.0
simu5g_00000528,6,3,16,608.0,,9.0
simu5g_00000528,6,3,17,1128.0,,14.0
simu5g_00000528,6,3,18,1128.0,,14.0
simu5g_00000528,6,3,19,984.0,,13.0
simu5g_00000528,6,3,20,1128.0,,14.0
simu5g_00000528,6,3,21,984.0,,13.0
simu5g_00000528,6,3,22,1128.0,,14.0
simu5g_00000528,6,3,23,1128.0,,14.0
simu5g_00000528,6,3,24,1160.0,,15.0
simu5g_00000529,0,0,0,1160.0,,15.0
simu5g_00000529,0,0,1,1128.0,,14.0
simu5g_00000529,0,0,2,1160.0,,15.0
simu5g_00000529,0,0,3,1160.0,,15.0
simu5g_00000529,0,0,4,1160.0,,15.0
simu5g_00000529,0,0,5,1160.0,,15.0
simu5g_00000529,0,0,6,1160.0,,15.0
simu5g_00000529,0,0,7,1160.0,,15.0
simu5g_00000529,0,0,8,1160.0,,15.0
simu5g_00000529,0,0,9,1160.0,,15.0
simu5g_00000529,0,0,10,1160.0,,15.0
simu5g_00000529,0,0,11,1160.0,,15.0
simu5g_00000529,0,0,12,1160.0,,15.0
simu5g_00000529,0,0,13,1160.0,,15.0
simu5g_00000529,0,0,14,1160.0,,15.0
simu5g_00000529,0,0,15,1160.0,,15.0
simu5g_00000529,0,0,16,1160.0,,15.0
simu5g_00000529,0,0,17,1160.0,,15.0
simu5g_00000529,0,0,18,1160.0,,15.0
simu5g_00000529,0,0,19,1160.0,,15.0
simu5g_00000529,0,0,20,1160.0,,15.0
simu5g_00000529,0,0,21,1160.0,,15.0
simu5g_00000529,0,0,22,1160.0,,15.0
simu5g_00000529,0,0,23,1160.0,,15.0
simu5g_00000529,0,0,24,1160.0,,15.0
simu5g_00000529,1,1,0,1160.0,,15.0
simu5g_00000529,1,1,1,1160.0,,15.0
simu5g_00000529,1,1,2,1160.0,,15.0
simu5g_00000529,1,1,3,1160.0,,15.0
simu5g_00000529,1,1,4,1160.0,,15.0
simu5g_00000529,1,1,5,1160.0,,15.0
simu5g_00000529,1,1,6,1160.0,,15.0
simu5g_00000529,1,1,7,1160.0,,15.0
simu5g_00000529,1,1,8,1128.0,,14.0
simu5g_00000529,1,1,9,1160.0,,15.0
simu5g_00000529,1,1,10,1160.0,,15.0
simu5g_00000529,1,1,11,1160.0,,15.0
simu5g_00000529,1,1,12,1160.0,,15.0
simu5g_00000529,1,1,13,1160.0,,15.0
simu5g_00000529,1,1,14,1160.0,,15.0
simu5g_00000529,1,1,15,1160.0,,15.0
simu5g_00000529,1,1,16,1160.0,,15.0
simu5g_00000529,1,1,17,1160.0,,15.0
simu5g_00000529,1,1,18,1160.0,,15.0
simu5g_00000529,1,1,19,1160.0,,15.0
simu5g_00000529,1,1,20,1160.0,,15.0
simu5g_00000529,1,1,21,1128.0,,14.0
simu5g_00000529,1,1,22,1160.0,,15.0
simu5g_00000529,1,1,23,1160.0,,15.0
simu5g_00000529,1,1,24,1160.0,,15.0
simu5g_00000529,15,2,0,1160.0,,15.0
simu5g_00000529,15,2,1,1160.0,,15.0
simu5g_00000529,15,2,2,1160.0,,15.0
simu5g_00000529,15,2,3,1160.0,,15.0
simu5g_00000529,15,2,4,1128.0,,14.0
simu5g_00000529,15,2,5,984.0,,13.0
simu5g_00000529,15,2,6,1160.0,,15.0
simu5g_00000529,15,2,7,1160.0,,15.0
simu5g_00000529,15,2,8,1160.0,,15.0
simu5g_00000529,15,2,9,1160.0,,15.0
simu5g_00000529,15,2,10,1160.0,,15.0
simu5g_00000529,15,2,11,1160.0,,15.0
simu5g_00000529,15,2,12,1128.0,,14.0
simu5g_00000529,15,2,13,1160.0,,15.0
simu5g_00000529,15,2,14,1160.0,,15.0
simu5g_00000529,15,2,15,1160.0,,15.0
simu5g_00000529,15,2,16,1160.0,,15.0
simu5g_00000529,15,2,17,1160.0,,15.0
simu5g_00000529,15,2,18,1160.0,,15.0
simu5g_00000529,15,2,19,1160.0,,15.0
simu5g_00000529,15,2,20,1160.0,,15.0
simu5g_00000529,15,2,21,1160.0,,15.0
simu5g_00000529,15,2,22,1160.0,,15.0
simu5g_00000529,15,2,23,1160.0,,15.0
simu5g_00000529,15,2,24,1160.0,,15.0
simu5g_00000529,2,3,0,984.0,,13.0
simu5g_00000529,2,3,1,1160.0,,15.0
simu5g_00000529,2,3,2,984.0,,13.0
simu5g_00000529,2,3,3,1160.0,,15.0
simu5g_00000529,2,3,4,984.0,,13.0
simu5g_00000529,2,3,5,888.0,,12.0
simu5g_00000529,2,3,6,1128.0,,14.0
simu5g_00000529,2,3,7,608.0,,9.0
simu5g_00000529,2,3,8,1160.0,,15.0
simu5g_00000529,2,3,9,1128.0,,14.0
simu5g_00000529,2,3,10,1128.0,,14.0
simu5g_00000529,2,3,11,704.0,,10.0
simu5g_00000529,2,3,12,984.0,,13.0
simu5g_00000529,2,3,13,1128.0,,14.0
simu5g_00000529,2,3,14,1128.0,,14.0
simu5g_00000529,2,3,15,1128.0,,14.0
simu5g_00000529,2,3,16,808.0,,11.0
simu5g_00000529,2,3,17,984.0,,13.0
simu5g_00000529,2,3,18,984.0,,13.0
simu5g_00000529,2,3,19,1128.0,,14.0
simu5g_00000529,2,3,20,1128.0,,14.0
simu5g_00000529,2,3,21,984.0,,13.0
simu5g_00000529,2,3,22,888.0,,12.0
simu5g_00000529,2,3,23,1128.0,,14.0
simu5g_00000529,2,3,24,808.0,,11.0
simu5g_00000529,31,4,0,1128.0,,14.0
simu5g_00000529,31,4,1,1128.0,,14.0
simu5g_00000529,31,4,2,1160.0,,15.0
simu5g_00000529,31,4,3,1160.0,,15.0
simu5g_00000529,31,4,4,1160.0,,15.0
simu5g_00000529,31,4,5,1160.0,,15.0
simu5g_00000529,31,4,6,1160.0,,15.0
simu5g_00000529,31,4,7,1160.0,,15.0
simu5g_00000529,31,4,8,1160.0,,15.0
simu5g_00000529,31,4,9,1160.0,,15.0
simu5g_00000529,31,4,10,1160.0,,15.0
simu5g_00000529,31,4,11,1160.0,,15.0
simu5g_00000529,31,4,12,808.0,,11.0
simu5g_00000529,31,4,13,1160.0,,15.0
simu5g_00000529,31,4,14,1160.0,,15.0
simu5g_00000529,31,4,15,1160.0,,15.0
simu5g_00000529,31,4,16,1160.0,,15.0
simu5g_00000529,31,4,17,1160.0,,15.0
simu5g_00000529,31,4,18,1160.0,,15.0
simu5g_00000529,31,4,19,1160.0,,15.0
simu5g_00000529,31,4,20,1128.0,,14.0
simu5g_00000529,31,4,21,1160.0,,15.0
simu5g_00000529,31,4,22,1160.0,,15.0
simu5g_00000529,31,4,23,1160.0,,15.0
simu5g_00000529,31,4,24,1160.0,,15.0
simu5g_00000530,3,0,0,1128.0,,14.0
simu5g_00000530,3,0,1,1160.0,,15.0
simu5g_00000530,3,0,2,1160.0,,15.0
simu5g_00000530,3,0,3,1160.0,,15.0
simu5g_00000530,3,0,4,1160.0,,15.0
simu5g_00000530,3,0,5,1160.0,,15.0
simu5g_00000530,3,0,6,1160.0,,15.0
simu5g_00000530,3,0,7,1160.0,,15.0
simu5g_00000530,3,0,8,984.0,,13.0
simu5g_00000530,3,0,9,888.0,,12.0
simu5g_00000530,3,0,10,1160.0,,15.0
simu5g_00000530,3,0,11,1160.0,,15.0
simu5g_00000530,3,0,12,1160.0,,15.0
simu5g_00000530,3,0,13,1160.0,,15.0
simu5g_00000530,3,0,14,1160.0,,15.0
simu5g_00000530,3,0,15,1160.0,,15.0
simu5g_00000530,3,0,16,1160.0,,15.0
simu5g_00000530,3,0,17,1160.0,,15.0
simu5g_00000530,3,0,18,1160.0,,15.0
simu5g_00000530,3,0,19,1160.0,,15.0
simu5g_00000530,3,0,20,1160.0,,15.0
simu5g_00000530,3,0,21,1128.0,,14.0
simu5g_00000530,3,0,22,1128.0,,14.0
simu5g_00000530,3,0,23,1160.0,,15.0
simu5g_00000530,3,0,24,1128.0,,14.0
simu5g_00000530,4,1,0,1128.0,,14.0
simu5g_00000530,4,1,1,888.0,,12.0
simu5g_00000530,4,1,2,1128.0,,14.0
simu5g_00000530,4,1,3,368.0,,6.0
simu5g_00000530,4,1,4,984.0,,13.0
simu5g_00000530,4,1,5,1128.0,,14.0
simu5g_00000530,4,1,6,1128.0,,14.0
simu5g_00000530,4,1,7,528.0,,8.0
simu5g_00000530,4,1,8,808.0,,11.0
simu5g_00000530,4,1,9,984.0,,13.0
simu5g_00000530,4,1,10,984.0,,13.0
simu5g_00000530,4,1,11,1128.0,,14.0
simu5g_00000530,4,1,12,1160.0,,15.0
simu5g_00000530,4,1,13,984.0,,13.0
simu5g_00000530,4,1,14,1128.0,,14.0
simu5g_00000530,4,1,15,888.0,,12.0
simu5g_00000530,4,1,16,888.0,,12.0
simu5g_00000530,4,1,17,984.0,,13.0
simu5g_00000530,4,1,18,1160.0,,15.0
simu5g_00000530,4,1,19,1128.0,,14.0
simu5g_00000530,4,1,20,984.0,,13.0
simu5g_00000530,4,1,21,888.0,,12.0
simu5g_00000530,4,1,22,1128.0,,14.0
simu5g_00000530,4,1,23,1128.0,,14.0
simu5g_00000530,4,1,24,984.0,,13.0
simu5g_00000530,5,2,0,1128.0,,14.0
simu5g_00000530,5,2,1,984.0,,13.0
simu5g_00000530,5,2,2,984.0,,13.0
simu5g_00000530,5,2,3,984.0,,13.0
simu5g_00000530,5,2,4,1160.0,,15.0
simu5g_00000530,5,2,5,984.0,,13.0
simu5g_00000530,5,2,6,984.0,,13.0
simu5g_00000530,5,2,7,984.0,,13.0
simu5g_00000530,5,2,8,984.0,,13.0
simu5g_00000530,5,2,9,1160.0,,15.0
simu5g_00000530,5,2,10,1128.0,,14.0
simu5g_00000530,5,2,11,1128.0,,14.0
simu5g_00000530,5,2,12,984.0,,13.0
simu5g_00000530,5,2,13,888.0,,12.0
simu5g_00000530,5,2,14,808.0,,11.0
simu5g_00000530,5,2,15,984.0,,13.0
simu5g_00000530,5,2,16,368.0,,6.0
simu5g_00000530,5,2,17,1160.0,,15.0
simu5g_00000530,5,2,18,1128.0,,14.0
simu5g_00000530,5,2,19,1128.0,,14.0
simu5g_00000530,5,2,20,984.0,,13.0
simu5g_00000530,5,2,21,608.0,,9.0
simu5g_00000530,5,2,22,1160.0,,15.0
simu5g_00000530,5,2,23,888.0,,12.0
simu5g_00000530,5,2,24,984.0,,13.0
simu5g_00000530,6,3,0,1128.0,,14.0
simu5g_00000530,6,3,1,984.0,,13.0
simu5g_00000530,6,3,2,1128.0,,14.0
simu5g_00000530,6,3,3,368.0,,6.0
simu5g_00000530,6,3,4,888.0,,12.0
simu5g_00000530,6,3,5,984.0,,13.0
simu5g_00000530,6,3,6,1160.0,,15.0
simu5g_00000530,6,3,7,984.0,,13.0
simu5g_00000530,6,3,8,1128.0,,14.0
simu5g_00000530,6,3,9,808.0,,11.0
simu5g_00000530,6,3,10,808.0,,11.0
simu5g_00000530,6,3,11,984.0,,13.0
simu5g_00000530,6,3,12,1160.0,,15.0
simu5g_00000530,6,3,13,888.0,,12.0
simu5g_00000530,6,3,14,1128.0,,14.0
simu5g_00000530,6,3,15,1160.0,,15.0
simu5g_00000530,6,3,16,608.0,,9.0
simu5g_00000530,6,3,17,1128.0,,14.0
simu5g_00000530,6,3,18,1128.0,,14.0
simu5g_00000530,6,3,19,984.0,,13.0
simu5g_00000530,6,3,20,1128.0,,14.0
simu5g_00000530,6,3,21,984.0,,13.0
simu5g_00000530,6,3,22,1128.0,,14.0
simu5g_00000530,6,3,23,1128.0,,14.0
simu5g_00000530,6,3,24,1160.0,,15.0
simu5g_00000531,0,0,0,1160.0,,15.0
simu5g_00000531,0,0,1,1128.0,,14.0
simu5g_00000531,0,0,2,1160.0,,15.0
simu5g_00000531,0,0,3,1160.0,,15.0
simu5g_00000531,0,0,4,1160.0,,15.0
simu5g_00000531,0,0,5,1160.0,,15.0
simu5g_00000531,0,0,6,1160.0,,15.0
simu5g_00000531,0,0,7,1160.0,,15.0
simu5g_00000531,0,0,8,1160.0,,15.0
simu5g_00000531,0,0,9,1160.0,,15.0
simu5g_00000531,0,0,10,1160.0,,15.0
simu5g_00000531,0,0,11,1160.0,,15.0
simu5g_00000531,0,0,12,1160.0,,15.0
simu5g_00000531,0,0,13,1160.0,,15.0
simu5g_00000531,0,0,14,1160.0,,15.0
simu5g_00000531,0,0,15,1160.0,,15.0
simu5g_00000531,0,0,16,1160.0,,15.0
simu5g_00000531,0,0,17,1160.0,,15.0
simu5g_00000531,0,0,18,1160.0,,15.0
simu5g_00000531,0,0,19,1160.0,,15.0
simu5g_00000531,0,0,20,1160.0,,15.0
simu5g_00000531,0,0,21,1160.0,,15.0
simu5g_00000531,0,0,22,1160.0,,15.0
simu5g_00000531,0,0,23,1160.0,,15.0
simu5g_00000531,0,0,24,1160.0,,15.0
simu5g_00000531,1,1,0,1160.0,,15.0
simu5g_00000531,1,1,1,1160.0,,15.0
simu5g_00000531,1,1,2,1160.0,,15.0
simu5g_00000531,1,1,3,1160.0,,15.0
simu5g_00000531,1,1,4,1160.0,,15.0
simu5g_00000531,1,1,5,1160.0,,15.0
simu5g_00000531,1,1,6,1160.0,,15.0
simu5g_00000531,1,1,7,1160.0,,15.0
simu5g_00000531,1,1,8,1128.0,,14.0
simu5g_00000531,1,1,9,1160.0,,15.0
simu5g_00000531,1,1,10,1160.0,,15.0
simu5g_00000531,1,1,11,1160.0,,15.0
simu5g_00000531,1,1,12,1160.0,,15.0
simu5g_00000531,1,1,13,1160.0,,15.0
simu5g_00000531,1,1,14,1160.0,,15.0
simu5g_00000531,1,1,15,1160.0,,15.0
simu5g_00000531,1,1,16,1160.0,,15.0
simu5g_00000531,1,1,17,1160.0,,15.0
simu5g_00000531,1,1,18,1160.0,,15.0
simu5g_00000531,1,1,19,1160.0,,15.0
simu5g_00000531,1,1,20,1160.0,,15.0
simu5g_00000531,1,1,21,1128.0,,14.0
simu5g_00000531,1,1,22,1160.0,,15.0
simu5g_00000531,1,1,23,1160.0,,15.0
simu5g_00000531,1,1,24,1160.0,,15.0
simu5g_00000531,15,2,0,1160.0,,15.0
simu5g_00000531,15,2,1,1160.0,,15.0
simu5g_00000531,15,2,2,1160.0,,15.0
simu5g_00000531,15,2,3,1160.0,,15.0
simu5g_00000531,15,2,4,1128.0,,14.0
simu5g_00000531,15,2,5,984.0,,13.0
simu5g_00000531,15,2,6,1160.0,,15.0
simu5g_00000531,15,2,7,1160.0,,15.0
simu5g_00000531,15,2,8,1160.0,,15.0
simu5g_00000531,15,2,9,1160.0,,15.0
simu5g_00000531,15,2,10,1160.0,,15.0
simu5g_00000531,15,2,11,1160.0,,15.0
simu5g_00000531,15,2,12,1128.0,,14.0
simu5g_00000531,15,2,13,1160.0,,15.0
simu5g_00000531,15,2,14,1160.0,,15.0
simu5g_00000531,15,2,15,1160.0,,15.0
simu5g_00000531,15,2,16,1160.0,,15.0
simu5g_00000531,15,2,17,1160.0,,15.0
simu5g_00000531,15,2,18,1160.0,,15.0
simu5g_00000531,15,2,19,1160.0,,15.0
simu5g_00000531,15,2,20,1160.0,,15.0
simu5g_00000531,15,2,21,1160.0,,15.0
simu5g_00000531,15,2,22,1160.0,,15.0
simu5g_00000531,15,2,23,1160.0,,15.0
simu5g_00000531,15,2,24,1160.0,,15.0
simu5g_00000531,2,3,0,808.0,,11.0
simu5g_00000531,2,3,1,1128.0,,14.0
simu5g_00000531,2,3,2,808.0,,11.0
simu5g_00000531,2,3,3,984.0,,13.0
simu5g_00000531,2,3,4,808.0,,11.0
simu5g_00000531,2,3,5,608.0,,9.0
simu5g_00000531,2,3,6,808.0,,11.0
simu5g_00000531,2,3,7,368.0,,6.0
simu5g_00000531,2,3,8,984.0,,13.0
simu5g_00000531,2,3,9,888.0,,12.0
simu5g_00000531,2,3,10,888.0,,12.0
simu5g_00000531,2,3,11,368.0,,6.0
simu5g_00000531,2,3,12,608.0,,9.0
simu5g_00000531,2,3,13,888.0,,12.0
simu5g_00000531,2,3,14,984.0,,13.0
simu5g_00000531,2,3,15,984.0,,13.0
simu5g_00000531,2,3,16,528.0,,8.0
simu5g_00000531,2,3,17,704.0,,10.0
simu5g_00000531,2,3,18,704.0,,10.0
simu5g_00000531,2,3,19,888.0,,12.0
simu5g_00000531,2,3,20,888.0,,12.0
simu5g_00000531,2,3,21,608.0,,9.0
simu5g_00000531,2,3,22,608.0,,9.0
simu5g_00000531,2,3,23,984.0,,13.0
simu5g_00000531,2,3,24,528.0,,8.0
simu5g_00000531,31,4,0,1128.0,,14.0
simu5g_00000531,31,4,1,1128.0,,14.0
simu5g_00000531,31,4,2,1160.0,,15.0
simu5g_00000531,31,4,3,1160.0,,15.0
simu5g_00000531,31,4,4,1160.0,,15.0
simu5g_00000531,31,4,5,1160.0,,15.0
simu5g_00000531,31,4,6,1160.0,,15.0
simu5g_00000531,31,4,7,1160.0,,15.0
simu5g_00000531,31,4,8,1160.0,,15.0
simu5g_00000531,31,4,9,1160.0,,15.0
simu5g_00000531,31,4,10,1160.0,,15.0
simu5g_00000531,31,4,11,1160.0,,15.0
simu5g_00000531,31,4,12,808.0,,11.0
simu5g_00000531,31,4,13,1160.0,,15.0
simu5g_00000531,31,4,14,1160.0,,15.0
simu5g_00000531,31,4,15,1160.0,,15.0
simu5g_00000531,31,4,16,1160.0,,15.0
simu5g_00000531,31,4,17,1160.0,,15.0
simu5g_00000531,31,4,18,1160.0,,15.0
simu5g_00000531,31,4,19,1160.0,,15.0
simu5g_00000531,31,4,20,1128.0,,14.0
simu5g_00000531,31,4,21,1160.0,,15.0
simu5g_00000531,31,4,22,1160.0,,15.0
simu5g_00000531,31,4,23,1160.0,,15.0
simu5g_00000531,31,4,24,1160.0,,15.0
simu5g_00000532,3,0,0,1128.0,,14.0
simu5g_00000532,3,0,1,1160.0,,15.0
simu5g_00000532,3,0,2,1160.0,,15.0
simu5g_00000532,3,0,3,1160.0,,15.0
simu5g_00000532,3,0,4,1160.0,,15.0
simu5g_00000532,3,0,5,1160.0,,15.0
simu5g_00000532,3,0,6,1160.0,,15.0
simu5g_00000532,3,0,7,1160.0,,15.0
simu5g_00000532,3,0,8,984.0,,13.0
simu5g_00000532,3,0,9,888.0,,12.0
simu5g_00000532,3,0,10,1160.0,,15.0
simu5g_00000532,3,0,11,1160.0,,15.0
simu5g_00000532,3,0,12,1160.0,,15.0
simu5g_00000532,3,0,13,1160.0,,15.0
simu5g_00000532,3,0,14,1160.0,,15.0
simu5g_00000532,3,0,15,1160.0,,15.0
simu5g_00000532,3,0,16,1160.0,,15.0
simu5g_00000532,3,0,17,1160.0,,15.0
simu5g_00000532,3,0,18,1160.0,,15.0
simu5g_00000532,3,0,19,1160.0,,15.0
simu5g_00000532,3,0,20,1160.0,,15.0
simu5g_00000532,3,0,21,1128.0,,14.0
simu5g_00000532,3,0,22,1128.0,,14.0
simu5g_00000532,3,0,23,1160.0,,15.0
simu5g_00000532,3,0,24,1128.0,,14.0
simu5g_00000532,4,1,0,984.0,,13.0
simu5g_00000532,4,1,1,808.0,,11.0
simu5g_00000532,4,1,2,1128.0,,14.0
simu5g_00000532,4,1,3,368.0,,6.0
simu5g_00000532,4,1,4,984.0,,13.0
simu5g_00000532,4,1,5,1128.0,,14.0
simu5g_00000532,4,1,6,1128.0,,14.0
simu5g_00000532,4,1,7,432.0,,7.0
simu5g_00000532,4,1,8,704.0,,10.0
simu5g_00000532,4,1,9,984.0,,13.0
simu5g_00000532,4,1,10,984.0,,13.0
simu5g_00000532,4,1,11,984.0,,13.0
simu5g_00000532,4,1,12,1128.0,,14.0
simu5g_00000532,4,1,13,984.0,,13.0
simu5g_00000532,4,1,14,1128.0,,14.0
simu5g_00000532,4,1,15,808.0,,11.0
simu5g_00000532,4,1,16,888.0,,12.0
simu5g_00000532,4,1,17,888.0,,12.0
simu5g_00000532,4,1,18,1128.0,,14.0
simu5g_00000532,4,1,19,1128.0,,14.0
simu5g_00000532,4,1,20,984.0,,13.0
simu5g_00000532,4,1,21,808.0,,11.0
simu5g_00000532,4,1,22,1128.0,,14.0
simu5g_00000532,4,1,23,1128.0,,14.0
simu5g_00000532,4,1,24,888.0,,12.0
simu5g_00000532,5,2,0,1128.0,,14.0
simu5g_00000532,5,2,1,984.0,,13.0
simu5g_00000532,5,2,2,984.0,,13.0
simu5g_00000532,5,2,3,984.0,,13.0
simu5g_00000532,5,2,4,1160.0,,15.0
simu5g_00000532,5,2,5,984.0,,13.0
simu5g_00000532,5,2,6,984.0,,13.0
simu5g_00000532,5,2,7,984.0,,13.0
simu5g_00000532,5,2,8,984.0,,13.0
simu5g_00000532,5,2,9,1160.0,,15.0
simu5g_00000532,5,2,10,1128.0,,14.0
simu5g_00000532,5,2,11,1128.0,,14.0
simu5g_00000532,5,2,12,984.0,,13.0
simu5g_00000532,5,2,13,888.0,,12.0
simu5g_00000532,5,2,14,808.0,,11.0
simu5g_00000532,5,2,15,984.0,,13.0
simu5g_00000532,5,2,16,368.0,,6.0
simu5g_00000532,5,2,17,1160.0,,15.0
simu5g_00000532,5,2,18,1128.0,,14.0
simu5g_00000532,5,2,19,1128.0,,14.0
simu5g_00000532,5,2,20,984.0,,13.0
simu5g_00000532,5,2,21,608.0,,9.0
simu5g_00000532,5,2,22,1160.0,,15.0
simu5g_00000532,5,2,23,888.0,,12.0
simu5g_00000532,5,2,24,984.0,,13.0
simu5g_00000532,6,3,0,1128.0,,14.0
simu5g_00000532,6,3,1,984.0,,13.0
simu5g_00000532,6,3,2,1128.0,,14.0
simu5g_00000532,6,3,3,368.0,,6.0
simu5g_00000532,6,3,4,888.0,,12.0
simu5g_00000532,6,3,5,984.0,,13.0
simu5g_00000532,6,3,6,1160.0,,15.0
simu5g_00000532,6,3,7,984.0,,13.0
simu5g_00000532,6,3,8,1128.0,,14.0
simu5g_00000532,6,3,9,808.0,,11.0
simu5g_00000532,6,3,10,808.0,,11.0
simu5g_00000532,6,3,11,984.0,,13.0
simu5g_00000532,6,3,12,1160.0,,15.0
simu5g_00000532,6,3,13,888.0,,12.0
simu5g_00000532,6,3,14,1128.0,,14.0
simu5g_00000532,6,3,15,1160.0,,15.0
simu5g_00000532,6,3,16,608.0,,9.0
simu5g_00000532,6,3,17,1128.0,,14.0
simu5g_00000532,6,3,18,1128.0,,14.0
simu5g_00000532,6,3,19,984.0,,13.0
simu5g_00000532,6,3,20,1128.0,,14.0
simu5g_00000532,6,3,21,984.0,,13.0
simu5g_00000532,6,3,22,1128.0,,14.0
simu5g_00000532,6,3,23,1128.0,,14.0
simu5g_00000532,6,3,24,1160.0,,15.0
simu5g_00000533,0,0,0,1160.0,,15.0
simu5g_00000533,0,0,1,984.0,,13.0
simu5g_00000533,0,0,2,1160.0,,15.0
simu5g_00000533,0,0,3,1160.0,,15.0
simu5g_00000533,0,0,4,1160.0,,15.0
simu5g_00000533,0,0,5,1160.0,,15.0
simu5g_00000533,0,0,6,1160.0,,15.0
simu5g_00000533,0,0,7,1160.0,,15.0
simu5g_00000533,0,0,8,1128.0,,14.0
simu5g_00000533,0,0,9,1160.0,,15.0
simu5g_00000533,0,0,10,1160.0,,15.0
simu5g_00000533,0,0,11,1160.0,,15.0
simu5g_00000533,0,0,12,1160.0,,15.0
simu5g_00000533,0,0,13,1160.0,,15.0
simu5g_00000533,0,0,14,1160.0,,15.0
simu5g_00000533,0,0,15,1160.0,,15.0
simu5g_00000533,0,0,16,1160.0,,15.0
simu5g_00000533,0,0,17,1160.0,,15.0
simu5g_00000533,0,0,18,1160.0,,15.0
simu5g_00000533,0,0,19,1160.0,,15.0
simu5g_00000533,0,0,20,1160.0,,15.0
simu5g_00000533,0,0,21,1128.0,,14.0
simu5g_00000533,0,0,22,1160.0,,15.0
simu5g_00000533,0,0,23,1160.0,,15.0
simu5g_00000533,0,0,24,1160.0,,15.0
simu5g_00000533,1,1,0,1160.0,,15.0
simu5g_00000533,1,1,1,1160.0,,15.0
simu5g_00000533,1,1,2,1160.0,,15.0
simu5g_00000533,1,1,3,1160.0,,15.0
simu5g_00000533,1,1,4,1160.0,,15.0
simu5g_00000533,1,1,5,1160.0,,15.0
simu5g_00000533,1,1,6,1160.0,,15.0
simu5g_00000533,1,1,7,1128.0,,14.0
simu5g_00000533,1,1,8,984.0,,13.0
simu5g_00000533,1,1,9,1160.0,,15.0
simu5g_00000533,1,1,10,1160.0,,15.0
simu5g_00000533,1,1,11,1160.0,,15.0
simu5g_00000533,1,1,12,1160.0,,15.0
simu5g_00000533,1,1,13,1160.0,,15.0
simu5g_00000533,1,1,14,1160.0,,15.0
simu5g_00000533,1,1,15,1160.0,,15.0
simu5g_00000533,1,1,16,1160.0,,15.0
simu5g_00000533,1,1,17,1160.0,,15.0
simu5g_00000533,1,1,18,1160.0,,15.0
simu5g_00000533,1,1,19,1160.0,,15.0
simu5g_00000533,1,1,20,1160.0,,15.0
simu5g_00000533,1,1,21,984.0,,13.0
simu5g_00000533,1,1,22,1160.0,,15.0
simu5g_00000533,1,1,23,1128.0,,14.0
simu5g_00000533,1,1,24,1160.0,,15.0
simu5g_00000533,15,2,0,1160.0,,15.0
simu5g_00000533,15,2,1,1160.0,,15.0
simu5g_00000533,15,2,2,1160.0,,15.0
simu5g_00000533,15,2,3,1160.0,,15.0
simu5g_00000533,15,2,4,1128.0,,14.0
simu5g_00000533,15,2,5,984.0,,13.0
simu5g_00000533,15,2,6,1160.0,,15.0
simu5g_00000533,15,2,7,1160.0,,15.0
simu5g_00000533,15,2,8,1160.0,,15.0
simu5g_00000533,15,2,9,1160.0,,15.0
simu5g_00000533,15,2,10,1160.0,,15.0
simu5g_00000533,15,2,11,1160.0,,15.0
simu5g_00000533,15,2,12,1128.0,,14.0
simu5g_00000533,15,2,13,1160.0,,15.0
simu5g_00000533,15,2,14,1160.0,,15.0
simu5g_00000533,15,2,15,1160.0,,15.0
simu5g_00000533,15,2,16,1160.0,,15.0
simu5g_00000533,15,2,17,1160.0,,15.0
simu5g_00000533,15,2,18,1160.0,,15.0
simu5g_00000533,15,2,19,1160.0,,15.0
simu5g_00000533,15,2,20,1160.0,,15.0
simu5g_00000533,15,2,21,1160.0,,15.0
simu5g_00000533,15,2,22,1160.0,,15.0
simu5g_00000533,15,2,23,1160.0,,15.0
simu5g_00000533,15,2,24,1160.0,,15.0
simu5g_00000533,2,3,0,808.0,,11.0
simu5g_00000533,2,3,1,1128.0,,14.0
simu5g_00000533,2,3,2,808.0,,11.0
simu5g_00000533,2,3,3,984.0,,13.0
simu5g_00000533,2,3,4,808.0,,11.0
simu5g_00000533,2,3,5,608.0,,9.0
simu5g_00000533,2,3,6,808.0,,11.0
simu5g_00000533,2,3,7,368.0,,6.0
simu5g_00000533,2,3,8,984.0,,13.0
simu5g_00000533,2,3,9,888.0,,12.0
simu5g_00000533,2,3,10,888.0,,12.0
simu5g_00000533,2,3,11,368.0,,6.0
simu5g_00000533,2,3,12,608.0,,9.0
simu5g_00000533,2,3,13,984.0,,13.0
simu5g_00000533,2,3,14,984.0,,13.0
simu5g_00000533,2,3,15,984.0,,13.0
simu5g_00000533,2,3,16,528.0,,8.0
simu5g_00000533,2,3,17,704.0,,10.0
simu5g_00000533,2,3,18,704.0,,10.0
simu5g_00000533,2,3,19,888.0,,12.0
simu5g_00000533,2,3,20,888.0,,12.0
simu5g_00000533,2,3,21,608.0,,9.0
simu5g_00000533,2,3,22,608.0,,9.0
simu5g_00000533,2,3,23,984.0,,13.0
simu5g_00000533,2,3,24,528.0,,8.0
simu5g_00000533,31,4,0,1128.0,,14.0
simu5g_00000533,31,4,1,984.0,,13.0
simu5g_00000533,31,4,2,1160.0,,15.0
simu5g_00000533,31,4,3,1160.0,,15.0
simu5g_00000533,31,4,4,1160.0,,15.0
simu5g_00000533,31,4,5,1128.0,,14.0
simu5g_00000533,31,4,6,1160.0,,15.0
simu5g_00000533,31,4,7,1128.0,,14.0
simu5g_00000533,31,4,8,1160.0,,15.0
simu5g_00000533,31,4,9,1160.0,,15.0
simu5g_00000533,31,4,10,1160.0,,15.0
simu5g_00000533,31,4,11,1128.0,,14.0
simu5g_00000533,31,4,12,608.0,,9.0
simu5g_00000533,31,4,13,1160.0,,15.0
simu5g_00000533,31,4,14,1160.0,,15.0
simu5g_00000533,31,4,15,1160.0,,15.0
simu5g_00000533,31,4,16,1128.0,,14.0
simu5g_00000533,31,4,17,1160.0,,15.0
simu5g_00000533,31,4,18,1160.0,,15.0
simu5g_00000533,31,4,19,1128.0,,14.0
simu5g_00000533,31,4,20,1128.0,,14.0
simu5g_00000533,31,4,21,1160.0,,15.0
simu5g_00000533,31,4,22,1128.0,,14.0
simu5g_00000533,31,4,23,1160.0,,15.0
simu5g_00000533,31,4,24,1160.0,,15.0
simu5g_00000534,3,0,0,1160.0,,15.0
simu5g_00000534,3,0,1,1160.0,,15.0
simu5g_00000534,3,0,2,1160.0,,15.0
simu5g_00000534,3,0,3,1160.0,,15.0
simu5g_00000534,3,0,4,1160.0,,15.0
simu5g_00000534,3,0,5,1160.0,,15.0
simu5g_00000534,3,0,6,1160.0,,15.0
simu5g_00000534,3,0,7,1160.0,,15.0
simu5g_00000534,3,0,8,984.0,,13.0
simu5g_00000534,3,0,9,984.0,,13.0
simu5g_00000534,3,0,10,1160.0,,15.0
simu5g_00000534,3,0,11,1160.0,,15.0
simu5g_00000534,3,0,12,1160.0,,15.0
simu5g_00000534,3,0,13,1160.0,,15.0
simu5g_00000534,3,0,14,1160.0,,15.0
simu5g_00000534,3,0,15,1160.0,,15.0
simu5g_00000534,3,0,16,1160.0,,15.0
simu5g_00000534,3,0,17,1160.0,,15.0
simu5g_00000534,3,0,18,1160.0,,15.0
simu5g_00000534,3,0,19,1160.0,,15.0
simu5g_00000534,3,0,20,1160.0,,15.0
simu5g_00000534,3,0,21,1160.0,,15.0
simu5g_00000534,3,0,22,1160.0,,15.0
simu5g_00000534,3,0,23,1160.0,,15.0
simu5g_00000534,3,0,24,1160.0,,15.0
simu5g_00000534,4,1,0,984.0,,13.0
simu5g_00000534,4,1,1,808.0,,11.0
simu5g_00000534,4,1,2,1128.0,,14.0
simu5g_00000534,4,1,3,368.0,,6.0
simu5g_00000534,4,1,4,984.0,,13.0
simu5g_00000534,4,1,5,1128.0,,14.0
simu5g_00000534,4,1,6,1128.0,,14.0
simu5g_00000534,4,1,7,432.0,,7.0
simu5g_00000534,4,1,8,704.0,,10.0
simu5g_00000534,4,1,9,984.0,,13.0
simu5g_00000534,4,1,10,984.0,,13.0
simu5g_00000534,4,1,11,984.0,,13.0
simu5g_00000534,4,1,12,1128.0,,14.0
simu5g_00000534,4,1,13,984.0,,13.0
simu5g_00000534,4,1,14,1128.0,,14.0
simu5g_00000534,4,1,15,808.0,,11.0
simu5g_00000534,4,1,16,888.0,,12.0
simu5g_00000534,4,1,17,888.0,,12.0
simu5g_00000534,4,1,18,1128.0,,14.0
simu5g_00000534,4,1,19,1128.0,,14.0
simu5g_00000534,4,1,20,984.0,,13.0
simu5g_00000534,4,1,21,808.0,,11.0
simu5g_00000534,4,1,22,1128.0,,14.0
simu5g_00000534,4,1,23,1128.0,,14.0
simu5g_00000534,4,1,24,888.0,,12.0
simu5g_00000534,5,2,0,888.0,,12.0
simu5g_00000534,5,2,1,704.0,,10.0
simu5g_00000534,5,2,2,888.0,,12.0
simu5g_00000534,5,2,3,608.0,,9.0
simu5g_00000534,5,2,4,1128.0,,14.0
simu5g_00000534,5,2,5,808.0,,11.0
simu5g_00000534,5,2,6,888.0,,12.0
simu5g_00000534,5,2,7,808.0,,11.0
simu5g_00000534,5,2,8,808.0,,11.0
simu5g_00000534,5,2,9,1128.0,,14.0
simu5g_00000534,5,2,10,984.0,,13.0
simu5g_00000534,5,2,11,888.0,,12.0
simu5g_00000534,5,2,12,888.0,,12.0
simu5g_00000534,5,2,13,608.0,,9.0
simu5g_00000534,5,2,14,608.0,,9.0
simu5g_00000534,5,2,15,608.0,,9.0
simu5g_00000534,5,2,16,304.0,,5.0
simu5g_00000534,5,2,17,1128.0,,14.0
simu5g_00000534,5,2,18,984.0,,13.0
simu5g_00000534,5,2,19,888.0,,12.0
simu5g_00000534,5,2,20,704.0,,10.0
simu5g_00000534,5,2,21,432.0,,7.0
simu5g_00000534,5,2,22,984.0,,13.0
simu5g_00000534,5,2,23,608.0,,9.0
simu5g_00000534,5,2,24,808.0,,11.0
simu5g_00000534,6,3,0,1128.0,,14.0
simu5g_00000534,6,3,1,984.0,,13.0
simu5g_00000534,6,3,2,1128.0,,14.0
simu5g_00000534,6,3,3,368.0,,6.0
simu5g_00000534,6,3,4,888.0,,12.0
simu5g_00000534,6,3,5,984.0,,13.0
simu5g_00000534,6,3,6,1160.0,,15.0
simu5g_00000534,6,3,7,984.0,,13.0
simu5g_00000534,6,3,8,1128.0,,14.0
simu5g_00000534,6,3,9,808.0,,11.0
simu5g_00000534,6,3,10,808.0,,11.0
simu5g_00000534,6,3,11,984.0,,13.0
simu5g_00000534,6,3,12,1160.0,,15.0
simu5g_00000534,6,3,13,888.0,,12.0
simu5g_00000534,6,3,14,1128.0,,14.0
simu5g_00000534,6,3,15,1160.0,,15.0
simu5g_00000534,6,3,16,608.0,,9.0
simu5g_00000534,6,3,17,1128.0,,14.0
simu5g_00000534,6,3,18,1128.0,,14.0
simu5g_00000534,6,3,19,984.0,,13.0
simu5g_00000534,6,3,20,1128.0,,14.0
simu5g_00000534,6,3,21,984.0,,13.0
simu5g_00000534,6,3,22,1128.0,,14.0
simu5g_00000534,6,3,23,1128.0,,14.0
simu5g_00000534,6,3,24,1160.0,,15.0
simu5g_00000535,0,0,0,1160.0,,15.0
simu5g_00000535,0,0,1,984.0,,13.0
simu5g_00000535,0,0,2,1160.0,,15.0
simu5g_00000535,0,0,3,1160.0,,15.0
simu5g_00000535,0,0,4,1160.0,,15.0
simu5g_00000535,0,0,5,1160.0,,15.0
simu5g_00000535,0,0,6,1160.0,,15.0
simu5g_00000535,0,0,7,1160.0,,15.0
simu5g_00000535,0,0,8,1128.0,,14.0
simu5g_00000535,0,0,9,1160.0,,15.0
simu5g_00000535,0,0,10,1160.0,,15.0
simu5g_00000535,0,0,11,1160.0,,15.0
simu5g_00000535,0,0,12,1160.0,,15.0
simu5g_00000535,0,0,13,1160.0,,15.0
simu5g_00000535,0,0,14,1160.0,,15.0
simu5g_00000535,0,0,15,1160.0,,15.0
simu5g_00000535,0,0,16,1160.0,,15.0
simu5g_00000535,0,0,17,1160.0,,15.0
simu5g_00000535,0,0,18,1160.0,,15.0
simu5g_00000535,0,0,19,1160.0,,15.0
simu5g_00000535,0,0,20,1160.0,,15.0
simu5g_00000535,0,0,21,1128.0,,14.0
simu5g_00000535,0,0,22,1160.0,,15.0
simu5g_00000535,0,0,23,1160.0,,15.0
simu5g_00000535,0,0,24,1160.0,,15.0
simu5g_00000535,1,1,0,1160.0,,15.0
simu5g_00000535,1,1,1,1160.0,,15.0
simu5g_00000535,1,1,2,1160.0,,15.0
simu5g_00000535,1,1,3,1160.0,,15.0
simu5g_00000535,1,1,4,1160.0,,15.0
simu5g_00000535,1,1,5,1160.0,,15.0
simu5g_00000535,1,1,6,1160.0,,15.0
simu5g_00000535,1,1,7,1128.0,,14.0
simu5g_00000535,1,1,8,984.0,,13.0
simu5g_00000535,1,1,9,1160.0,,15.0
simu5g_00000535,1,1,10,1160.0,,15.0
simu5g_00000535,1,1,11,1160.0,,15.0
simu5g_00000535,1,1,12,1160.0,,15.0
simu5g_00000535,1,1,13,1160.0,,15.0
simu5g_00000535,1,1,14,1160.0,,15.0
simu5g_00000535,1,1,15,1160.0,,15.0
simu5g_00000535,1,1,16,1160.0,,15.0
simu5g_00000535,1,1,17,1160.0,,15.0
simu5g_00000535,1,1,18,1160.0,,15.0
simu5g_00000535,1,1,19,1160.0,,15.0
simu5g_00000535,1,1,20,1160.0,,15.0
simu5g_00000535,1,1,21,984.0,,13.0
simu5g_00000535,1,1,22,1160.0,,15.0
simu5g_00000535,1,1,23,1128.0,,14.0
simu5g_00000535,1,1,24,1160.0,,15.0
simu5g_00000535,15,2,0,1160.0,,15.0
simu5g_00000535,15,2,1,1160.0,,15.0
simu5g_00000535,15,2,2,1160.0,,15.0
simu5g_00000535,15,2,3,1160.0,,15.0
simu5g_00000535,15,2,4,1128.0,,14.0
simu5g_00000535,15,2,5,984.0,,13.0
simu5g_00000535,15,2,6,1160.0,,15.0
simu5g_00000535,15,2,7,1160.0,,15.0
simu5g_00000535,15,2,8,1160.0,,15.0
simu5g_00000535,15,2,9,1160.0,,15.0
simu5g_00000535,15,2,10,1160.0,,15.0
simu5g_00000535,15,2,11,1160.0,,15.0
simu5g_00000535,15,2,12,1128.0,,14.0
simu5g_00000535,15,2,13,1160.0,,15.0
simu5g_00000535,15,2,14,1160.0,,15.0
simu5g_00000535,15,2,15,1128.0,,14.0
simu5g_00000535,15,2,16,1160.0,,15.0
simu5g_00000535,15,2,17,1160.0,,15.0
simu5g_00000535,15,2,18,1160.0,,15.0
simu5g_00000535,15,2,19,1160.0,,15.0
simu5g_00000535,15,2,20,1160.0,,15.0
simu5g_00000535,15,2,21,1160.0,,15.0
simu5g_00000535,15,2,22,1160.0,,15.0
simu5g_00000535,15,2,23,1160.0,,15.0
simu5g_00000535,15,2,24,1160.0,,15.0
simu5g_00000535,2,3,0,808.0,,11.0
simu5g_00000535,2,3,1,1128.0,,14.0
simu5g_00000535,2,3,2,808.0,,11.0
simu5g_00000535,2,3,3,984.0,,13.0
simu5g_00000535,2,3,4,808.0,,11.0
simu5g_00000535,2,3,5,608.0,,9.0
simu5g_00000535,2,3,6,888.0,,12.0
simu5g_00000535,2,3,7,368.0,,6.0
simu5g_00000535,2,3,8,984.0,,13.0
simu5g_00000535,2,3,9,888.0,,12.0
simu5g_00000535,2,3,10,888.0,,12.0
simu5g_00000535,2,3,11,432.0,,7.0
simu5g_00000535,2,3,12,608.0,,9.0
simu5g_00000535,2,3,13,984.0,,13.0
simu5g_00000535,2,3,14,984.0,,13.0
simu5g_00000535,2,3,15,984.0,,13.0
simu5g_00000535,2,3,16,528.0,,8.0
simu5g_00000535,2,3,17,704.0,,10.0
simu5g_00000535,2,3,18,808.0,,11.0
simu5g_00000535,2,3,19,984.0,,13.0
simu5g_00000535,2,3,20,888.0,,12.0
simu5g_00000535,2,3,21,704.0,,10.0
simu5g_00000535,2,3,22,608.0,,9.0
simu5g_00000535,2,3,23,984.0,,13.0
simu5g_00000535,2,3,24,528.0,,8.0
simu5g_00000535,31,4,0,1128.0,,14.0
simu5g_00000535,31,4,1,984.0,,13.0
simu5g_00000535,31,4,2,1160.0,,15.0
simu5g_00000535,31,4,3,1160.0,,15.0
simu5g_00000535,31,4,4,1160.0,,15.0
simu5g_00000535,31,4,5,1128.0,,14.0
simu5g_00000535,31,4,6,1160.0,,15.0
simu5g_00000535,31,4,7,1128.0,,14.0
simu5g_00000535,31,4,8,1160.0,,15.0
simu5g_00000535,31,4,9,1160.0,,15.0
simu5g_00000535,31,4,10,1160.0,,15.0
simu5g_00000535,31,4,11,1128.0,,14.0
simu5g_00000535,31,4,12,608.0,,9.0
simu5g_00000535,31,4,13,1160.0,,15.0
simu5g_00000535,31,4,14,1160.0,,15.0
simu5g_00000535,31,4,15,1160.0,,15.0
simu5g_00000535,31,4,16,1128.0,,14.0
simu5g_00000535,31,4,17,1160.0,,15.0
simu5g_00000535,31,4,18,1160.0,,15.0
simu5g_00000535,31,4,19,1128.0,,14.0
simu5g_00000535,31,4,20,984.0,,13.0
simu5g_00000535,31,4,21,1160.0,,15.0
simu5g_00000535,31,4,22,1128.0,,14.0
simu5g_00000535,31,4,23,1160.0,,15.0
simu5g_00000535,31,4,24,1160.0,,15.0
simu5g_00000536,3,0,0,1160.0,,15.0
simu5g_00000536,3,0,1,1160.0,,15.0
simu5g_00000536,3,0,2,1160.0,,15.0
simu5g_00000536,3,0,3,1160.0,,15.0
simu5g_00000536,3,0,4,1160.0,,15.0
simu5g_00000536,3,0,5,1160.0,,15.0
simu5g_00000536,3,0,6,1160.0,,15.0
simu5g_00000536,3,0,7,1160.0,,15.0
simu5g_00000536,3,0,8,984.0,,13.0
simu5g_00000536,3,0,9,984.0,,13.0
simu5g_00000536,3,0,10,1160.0,,15.0
simu5g_00000536,3,0,11,1160.0,,15.0
simu5g_00000536,3,0,12,1160.0,,15.0
simu5g_00000536,3,0,13,1160.0,,15.0
simu5g_00000536,3,0,14,1160.0,,15.0
simu5g_00000536,3,0,15,1160.0,,15.0
simu5g_00000536,3,0,16,1160.0,,15.0
simu5g_00000536,3,0,17,1160.0,,15.0
simu5g_00000536,3,0,18,1160.0,,15.0
simu5g_00000536,3,0,19,1160.0,,15.0
simu5g_00000536,3,0,20,1160.0,,15.0
simu5g_00000536,3,0,21,1160.0,,15.0
simu5g_00000536,3,0,22,1160.0,,15.0
simu5g_00000536,3,0,23,1160.0,,15.0
simu5g_00000536,3,0,24,1160.0,,15.0
simu5g_00000536,4,1,0,984.0,,13.0
simu5g_00000536,4,1,1,808.0,,11.0
simu5g_00000536,4,1,2,1128.0,,14.0
simu5g_00000536,4,1,3,368.0,,6.0
simu5g_00000536,4,1,4,984.0,,13.0
simu5g_00000536,4,1,5,1128.0,,14.0
simu5g_00000536,4,1,6,1128.0,,14.0
simu5g_00000536,4,1,7,432.0,,7.0
simu5g_00000536,4,1,8,704.0,,10.0
simu5g_00000536,4,1,9,984.0,,13.0
simu5g_00000536,4,1,10,984.0,,13.0
simu5g_00000536,4,1,11,984.0,,13.0
simu5g_00000536,4,1,12,1128.0,,14.0
simu5g_00000536,4,1,13,984.0,,13.0
simu5g_00000536,4,1,14,1128.0,,14.0
simu5g_00000536,4,1,15,808.0,,11.0
simu5g_00000536,4,1,16,888.0,,12.0
simu5g_00000536,4,1,17,888.0,,12.0
simu5g_00000536,4,1,18,1128.0,,14.0
simu5g_00000536,4,1,19,1128.0,,14.0
simu5g_00000536,4,1,20,984.0,,13.0
simu5g_00000536,4,1,21,808.0,,11.0
simu5g_00000536,4,1,22,1128.0,,14.0
simu5g_00000536,4,1,23,1128.0,,14.0
simu5g_00000536,4,1,24,888.0,,12.0
simu5g_00000536,5,2,0,888.0,,12.0
simu5g_00000536,5,2,1,704.0,,10.0
simu5g_00000536,5,2,2,888.0,,12.0
simu5g_00000536,5,2,3,608.0,,9.0
simu5g_00000536,5,2,4,1128.0,,14.0
simu5g_00000536,5,2,5,808.0,,11.0
simu5g_00000536,5,2,6,888.0,,12.0
simu5g_00000536,5,2,7,808.0,,11.0
simu5g_00000536,5,2,8,808.0,,11.0
simu5g_00000536,5,2,9,1128.0,,14.0
simu5g_00000536,5,2,10,984.0,,13.0
simu5g_00000536,5,2,11,888.0,,12.0
simu5g_00000536,5,2,12,888.0,,12.0
simu5g_00000536,5,2,13,608.0,,9.0
simu5g_00000536,5,2,14,608.0,,9.0
simu5g_00000536,5,2,15,608.0,,9.0
simu5g_00000536,5,2,16,304.0,,5.0
simu5g_00000536,5,2,17,1128.0,,14.0
simu5g_00000536,5,2,18,984.0,,13.0
simu5g_00000536,5,2,19,888.0,,12.0
simu5g_00000536,5,2,20,704.0,,10.0
simu5g_00000536,5,2,21,432.0,,7.0
simu5g_00000536,5,2,22,984.0,,13.0
simu5g_00000536,5,2,23,608.0,,9.0
simu5g_00000536,5,2,24,808.0,,11.0
simu5g_00000536,6,3,0,1128.0,,14.0
simu5g_00000536,6,3,1,984.0,,13.0
simu5g_00000536,6,3,2,1128.0,,14.0
simu5g_00000536,6,3,3,368.0,,6.0
simu5g_00000536,6,3,4,888.0,,12.0
simu5g_00000536,6,3,5,984.0,,13.0
simu5g_00000536,6,3,6,1160.0,,15.0
simu5g_00000536,6,3,7,984.0,,13.0
simu5g_00000536,6,3,8,1128.0,,14.0
simu5g_00000536,6,3,9,808.0,,11.0
simu5g_00000536,6,3,10,808.0,,11.0
simu5g_00000536,6,3,11,984.0,,13.0
simu5g_00000536,6,3,12,1160.0,,15.0
simu5g_00000536,6,3,13,888.0,,12.0
simu5g_00000536,6,3,14,1128.0,,14.0
simu5g_00000536,6,3,15,1160.0,,15.0
simu5g_00000536,6,3,16,608.0,,9.0
simu5g_00000536,6,3,17,1128.0,,14.0
simu5g_00000536,6,3,18,1128.0,,14.0
simu5g_00000536,6,3,19,984.0,,13.0
simu5g_00000536,6,3,20,1128.0,,14.0
simu5g_00000536,6,3,21,984.0,,13.0
simu5g_00000536,6,3,22,1128.0,,14.0
simu5g_00000536,6,3,23,1128.0,,14.0
simu5g_00000536,6,3,24,1160.0,,15.0
simu5g_00000537,0,0,0,1160.0,,15.0
simu5g_00000537,0,0,1,984.0,,13.0
simu5g_00000537,0,0,2,1160.0,,15.0
simu5g_00000537,0,0,3,1160.0,,15.0
simu5g_00000537,0,0,4,1160.0,,15.0
simu5g_00000537,0,0,5,1160.0,,15.0
simu5g_00000537,0,0,6,1160.0,,15.0
simu5g_00000537,0,0,7,1160.0,,15.0
simu5g_00000537,0,0,8,1128.0,,14.0
simu5g_00000537,0,0,9,1160.0,,15.0
simu5g_00000537,0,0,10,1160.0,,15.0
simu5g_00000537,0,0,11,1160.0,,15.0
simu5g_00000537,0,0,12,1160.0,,15.0
simu5g_00000537,0,0,13,1160.0,,15.0
simu5g_00000537,0,0,14,1160.0,,15.0
simu5g_00000537,0,0,15,1160.0,,15.0
simu5g_00000537,0,0,16,1160.0,,15.0
simu5g_00000537,0,0,17,1160.0,,15.0
simu5g_00000537,0,0,18,1160.0,,15.0
simu5g_00000537,0,0,19,1160.0,,15.0
simu5g_00000537,0,0,20,1160.0,,15.0
simu5g_00000537,0,0,21,1128.0,,14.0
simu5g_00000537,0,0,22,1160.0,,15.0
simu5g_00000537,0,0,23,1160.0,,15.0
simu5g_00000537,0,0,24,1160.0,,15.0
simu5g_00000537,1,1,0,1160.0,,15.0
simu5g_00000537,1,1,1,1160.0,,15.0
simu5g_00000537,1,1,2,1160.0,,15.0
simu5g_00000537,1,1,3,1160.0,,15.0
simu5g_00000537,1,1,4,1160.0,,15.0
simu5g_00000537,1,1,5,1160.0,,15.0
simu5g_00000537,1,1,6,1160.0,,15.0
simu5g_00000537,1,1,7,1128.0,,14.0
simu5g_00000537,1,1,8,984.0,,13.0
simu5g_00000537,1,1,9,1160.0,,15.0
simu5g_00000537,1,1,10,1160.0,,15.0
simu5g_00000537,1,1,11,1160.0,,15.0
simu5g_00000537,1,1,12,1160.0,,15.0
simu5g_00000537,1,1,13,1160.0,,15.0
simu5g_00000537,1,1,14,1160.0,,15.0
simu5g_00000537,1,1,15,1160.0,,15.0
simu5g_00000537,1,1,16,1160.0,,15.0
simu5g_00000537,1,1,17,1160.0,,15.0
simu5g_00000537,1,1,18,1160.0,,15.0
simu5g_00000537,1,1,19,1160.0,,15.0
simu5g_00000537,1,1,20,1160.0,,15.0
simu5g_00000537,1,1,21,984.0,,13.0
simu5g_00000537,1,1,22,1160.0,,15.0
simu5g_00000537,1,1,23,1128.0,,14.0
simu5g_00000537,1,1,24,1160.0,,15.0
simu5g_00000537,15,2,0,1160.0,,15.0
simu5g_00000537,15,2,1,1160.0,,15.0
simu5g_00000537,15,2,2,1160.0,,15.0
simu5g_00000537,15,2,3,1160.0,,15.0
simu5g_00000537,15,2,4,1160.0,,15.0
simu5g_00000537,15,2,5,1160.0,,15.0
simu5g_00000537,15,2,6,1160.0,,15.0
simu5g_00000537,15,2,7,1160.0,,15.0
simu5g_00000537,15,2,8,1160.0,,15.0
simu5g_00000537,15,2,9,1160.0,,15.0
simu5g_00000537,15,2,10,1160.0,,15.0
simu5g_00000537,15,2,11,1160.0,,15.0
simu5g_00000537,15,2,12,1160.0,,15.0
simu5g_00000537,15,2,13,1160.0,,15.0
simu5g_00000537,15,2,14,1160.0,,15.0
simu5g_00000537,15,2,15,1160.0,,15.0
simu5g_00000537,15,2,16,1160.0,,15.0
simu5g_00000537,15,2,17,1160.0,,15.0
simu5g_00000537,15,2,18,1160.0,,15.0
simu5g_00000537,15,2,19,1160.0,,15.0
simu5g_00000537,15,2,20,1160.0,,15.0
simu5g_00000537,15,2,21,1160.0,,15.0
simu5g_00000537,15,2,22,1160.0,,15.0
simu5g_00000537,15,2,23,1160.0,,15.0
simu5g_00000537,15,2,24,1160.0,,15.0
simu5g_00000537,2,3,0,808.0,,11.0
simu5g_00000537,2,3,1,1128.0,,14.0
simu5g_00000537,2,3,2,808.0,,11.0
simu5g_00000537,2,3,3,984.0,,13.0
simu5g_00000537,2,3,4,808.0,,11.0
simu5g_00000537,2,3,5,608.0,,9.0
simu5g_00000537,2,3,6,888.0,,12.0
simu5g_00000537,2,3,7,368.0,,6.0
simu5g_00000537,2,3,8,984.0,,13.0
simu5g_00000537,2,3,9,984.0,,13.0
simu5g_00000537,2,3,10,888.0,,12.0
simu5g_00000537,2,3,11,432.0,,7.0
simu5g_00000537,2,3,12,608.0,,9.0
simu5g_00000537,2,3,13,984.0,,13.0
simu5g_00000537,2,3,14,984.0,,13.0
simu5g_00000537,2,3,15,984.0,,13.0
simu5g_00000537,2,3,16,528.0,,8.0
simu5g_00000537,2,3,17,704.0,,10.0
simu5g_00000537,2,3,18,808.0,,11.0
simu5g_00000537,2,3,19,984.0,,13.0
simu5g_00000537,2,3,20,984.0,,13.0
simu5g_00000537,2,3,21,704.0,,10.0
simu5g_00000537,2,3,22,608.0,,9.0
simu5g_00000537,2,3,23,984.0,,13.0
simu5g_00000537,2,3,24,528.0,,8.0
simu5g_00000537,31,4,0,1128.0,,14.0
simu5g_00000537,31,4,1,984.0,,13.0
simu5g_00000537,31,4,2,1160.0,,15.0
simu5g_00000537,31,4,3,1160.0,,15.0
simu5g_00000537,31,4,4,1160.0,,15.0
simu5g_00000537,31,4,5,1128.0,,14.0
simu5g_00000537,31,4,6,1160.0,,15.0
simu5g_00000537,31,4,7,1128.0,,14.0
simu5g_00000537,31,4,8,1160.0,,15.0
simu5g_00000537,31,4,9,1160.0,,15.0
simu5g_00000537,31,4,10,1160.0,,15.0
simu5g_00000537,31,4,11,1128.0,,14.0
simu5g_00000537,31,4,12,608.0,,9.0
simu5g_00000537,31,4,13,1160.0,,15.0
simu5g_00000537,31,4,14,1160.0,,15.0
simu5g_00000537,31,4,15,1160.0,,15.0
simu5g_00000537,31,4,16,1128.0,,14.0
simu5g_00000537,31,4,17,1160.0,,15.0
simu5g_00000537,31,4,18,1160.0,,15.0
simu5g_00000537,31,4,19,1128.0,,14.0
simu5g_00000537,31,4,20,984.0,,13.0
simu5g_00000537,31,4,21,1160.0,,15.0
simu5g_00000537,31,4,22,1128.0,,14.0
simu5g_00000537,31,4,23,1160.0,,15.0
simu5g_00000537,31,4,24,1160.0,,15.0
simu5g_00000538,3,0,0,1160.0,,15.0
simu5g_00000538,3,0,1,1160.0,,15.0
simu5g_00000538,3,0,2,1160.0,,15.0
simu5g_00000538,3,0,3,1160.0,,15.0
simu5g_00000538,3,0,4,1160.0,,15.0
simu5g_00000538,3,0,5,1160.0,,15.0
simu5g_00000538,3,0,6,1160.0,,15.0
simu5g_00000538,3,0,7,1160.0,,15.0
simu5g_00000538,3,0,8,984.0,,13.0
simu5g_00000538,3,0,9,984.0,,13.0
simu5g_00000538,3,0,10,1160.0,,15.0
simu5g_00000538,3,0,11,1160.0,,15.0
simu5g_00000538,3,0,12,1160.0,,15.0
simu5g_00000538,3,0,13,1160.0,,15.0
simu5g_00000538,3,0,14,1160.0,,15.0
simu5g_00000538,3,0,15,1160.0,,15.0
simu5g_00000538,3,0,16,1160.0,,15.0
simu5g_00000538,3,0,17,1160.0,,15.0
simu5g_00000538,3,0,18,1160.0,,15.0
simu5g_00000538,3,0,19,1160.0,,15.0
simu5g_00000538,3,0,20,1160.0,,15.0
simu5g_00000538,3,0,21,1160.0,,15.0
simu5g_00000538,3,0,22,1160.0,,15.0
simu5g_00000538,3,0,23,1160.0,,15.0
simu5g_00000538,3,0,24,1160.0,,15.0
simu5g_00000538,4,1,0,984.0,,13.0
simu5g_00000538,4,1,1,808.0,,11.0
simu5g_00000538,4,1,2,1128.0,,14.0
simu5g_00000538,4,1,3,368.0,,6.0
simu5g_00000538,4,1,4,984.0,,13.0
simu5g_00000538,4,1,5,1128.0,,14.0
simu5g_00000538,4,1,6,1128.0,,14.0
simu5g_00000538,4,1,7,432.0,,7.0
simu5g_00000538,4,1,8,704.0,,10.0
simu5g_00000538,4,1,9,984.0,,13.0
simu5g_00000538,4,1,10,984.0,,13.0
simu5g_00000538,4,1,11,984.0,,13.0
simu5g_00000538,4,1,12,1128.0,,14.0
simu5g_00000538,4,1,13,984.0,,13.0
simu5g_00000538,4,1,14,1128.0,,14.0
simu5g_00000538,4,1,15,808.0,,11.0
simu5g_00000538,4,1,16,888.0,,12.0
simu5g_00000538,4,1,17,888.0,,12.0
simu5g_00000538,4,1,18,1128.0,,14.0
simu5g_00000538,4,1,19,1128.0,,14.0
simu5g_00000538,4,1,20,984.0,,13.0
simu5g_00000538,4,1,21,808.0,,11.0
simu5g_00000538,4,1,22,1128.0,,14.0
simu5g_00000538,4,1,23,1128.0,,14.0
simu5g_00000538,4,1,24,888.0,,12.0
simu5g_00000538,5,2,0,888.0,,12.0
simu5g_00000538,5,2,1,704.0,,10.0
simu5g_00000538,5,2,2,888.0,,12.0
simu5g_00000538,5,2,3,608.0,,9.0
simu5g_00000538,5,2,4,1128.0,,14.0
simu5g_00000538,5,2,5,808.0,,11.0
simu5g_00000538,5,2,6,888.0,,12.0
simu5g_00000538,5,2,7,808.0,,11.0
simu5g_00000538,5,2,8,808.0,,11.0
simu5g_00000538,5,2,9,1128.0,,14.0
simu5g_00000538,5,2,10,984.0,,13.0
simu5g_00000538,5,2,11,888.0,,12.0
simu5g_00000538,5,2,12,888.0,,12.0
simu5g_00000538,5,2,13,608.0,,9.0
simu5g_00000538,5,2,14,608.0,,9.0
simu5g_00000538,5,2,15,608.0,,9.0
simu5g_00000538,5,2,16,304.0,,5.0
simu5g_00000538,5,2,17,1128.0,,14.0
simu5g_00000538,5,2,18,984.0,,13.0
simu5g_00000538,5,2,19,888.0,,12.0
simu5g_00000538,5,2,20,704.0,,10.0
simu5g_00000538,5,2,21,432.0,,7.0
simu5g_00000538,5,2,22,984.0,,13.0
simu5g_00000538,5,2,23,608.0,,9.0
simu5g_00000538,5,2,24,808.0,,11.0
simu5g_00000538,6,3,0,1128.0,,14.0
simu5g_00000538,6,3,1,984.0,,13.0
simu5g_00000538,6,3,2,1128.0,,14.0
simu5g_00000538,6,3,3,368.0,,6.0
simu5g_00000538,6,3,4,888.0,,12.0
simu5g_00000538,6,3,5,984.0,,13.0
simu5g_00000538,6,3,6,1160.0,,15.0
simu5g_00000538,6,3,7,984.0,,13.0
simu5g_00000538,6,3,8,1128.0,,14.0
simu5g_00000538,6,3,9,808.0,,11.0
simu5g_00000538,6,3,10,808.0,,11.0
simu5g_00000538,6,3,11,984.0,,13.0
simu5g_00000538,6,3,12,1160.0,,15.0
simu5g_00000538,6,3,13,888.0,,12.0
simu5g_00000538,6,3,14,1128.0,,14.0
simu5g_00000538,6,3,15,1160.0,,15.0
simu5g_00000538,6,3,16,608.0,,9.0
simu5g_00000538,6,3,17,1128.0,,14.0
simu5g_00000538,6,3,18,1128.0,,14.0
simu5g_00000538,6,3,19,984.0,,13.0
simu5g_00000538,6,3,20,1128.0,,14.0
simu5g_00000538,6,3,21,984.0,,13.0
simu5g_00000538,6,3,22,1128.0,,14.0
simu5g_00000538,6,3,23,1128.0,,14.0
simu5g_00000538,6,3,24,1160.0,,15.0
simu5g_00000539,0,0,0,1160.0,,15.0
simu5g_00000539,0,0,1,984.0,,13.0
simu5g_00000539,0,0,2,1160.0,,15.0
simu5g_00000539,0,0,3,1160.0,,15.0
simu5g_00000539,0,0,4,1160.0,,15.0
simu5g_00000539,0,0,5,1160.0,,15.0
simu5g_00000539,0,0,6,1160.0,,15.0
simu5g_00000539,0,0,7,1160.0,,15.0
simu5g_00000539,0,0,8,1128.0,,14.0
simu5g_00000539,0,0,9,1160.0,,15.0
simu5g_00000539,0,0,10,1160.0,,15.0
simu5g_00000539,0,0,11,1160.0,,15.0
simu5g_00000539,0,0,12,1160.0,,15.0
simu5g_00000539,0,0,13,1160.0,,15.0
simu5g_00000539,0,0,14,1160.0,,15.0
simu5g_00000539,0,0,15,1160.0,,15.0
simu5g_00000539,0,0,16,1160.0,,15.0
simu5g_00000539,0,0,17,1160.0,,15.0
simu5g_00000539,0,0,18,1160.0,,15.0
simu5g_00000539,0,0,19,1160.0,,15.0
simu5g_00000539,0,0,20,1160.0,,15.0
simu5g_00000539,0,0,21,1128.0,,14.0
simu5g_00000539,0,0,22,1160.0,,15.0
simu5g_00000539,0,0,23,1160.0,,15.0
simu5g_00000539,0,0,24,1160.0,,15.0
simu5g_00000539,1,1,0,1160.0,,15.0
simu5g_00000539,1,1,1,1160.0,,15.0
simu5g_00000539,1,1,2,1160.0,,15.0
simu5g_00000539,1,1,3,1160.0,,15.0
simu5g_00000539,1,1,4,1160.0,,15.0
simu5g_00000539,1,1,5,1160.0,,15.0
simu5g_00000539,1,1,6,1160.0,,15.0
simu5g_00000539,1,1,7,1128.0,,14.0
simu5g_00000539,1,1,8,984.0,,13.0
simu5g_00000539,1,1,9,1160.0,,15.0
simu5g_00000539,1,1,10,1160.0,,15.0
simu5g_00000539,1,1,11,1160.0,,15.0
simu5g_00000539,1,1,12,1160.0,,15.0
simu5g_00000539,1,1,13,1160.0,,15.0
simu5g_00000539,1,1,14,1160.0,,15.0
simu5g_00000539,1,1,15,1160.0,,15.0
simu5g_00000539,1,1,16,1160.0,,15.0
simu5g_00000539,1,1,17,1160.0,,15.0
simu5g_00000539,1,1,18,1160.0,,15.0
simu5g_00000539,1,1,19,1160.0,,15.0
simu5g_00000539,1,1,20,1160.0,,15.0
simu5g_00000539,1,1,21,984.0,,13.0
simu5g_00000539,1,1,22,1160.0,,15.0
simu5g_00000539,1,1,23,1128.0,,14.0
simu5g_00000539,1,1,24,1160.0,,15.0
simu5g_00000539,15,2,0,1160.0,,15.0
simu5g_00000539,15,2,1,1160.0,,15.0
simu5g_00000539,15,2,2,1160.0,,15.0
simu5g_00000539,15,2,3,1160.0,,15.0
simu5g_00000539,15,2,4,1160.0,,15.0
simu5g_00000539,15,2,5,1160.0,,15.0
simu5g_00000539,15,2,6,1160.0,,15.0
simu5g_00000539,15,2,7,1160.0,,15.0
simu5g_00000539,15,2,8,1160.0,,15.0
simu5g_00000539,15,2,9,1160.0,,15.0
simu5g_00000539,15,2,10,1160.0,,15.0
simu5g_00000539,15,2,11,1160.0,,15.0
simu5g_00000539,15,2,12,1160.0,,15.0
simu5g_00000539,15,2,13,1160.0,,15.0
simu5g_00000539,15,2,14,1160.0,,15.0
simu5g_00000539,15,2,15,1160.0,,15.0
simu5g_00000539,15,2,16,1160.0,,15.0
simu5g_00000539,15,2,17,1160.0,,15.0
simu5g_00000539,15,2,18,1160.0,,15.0
simu5g_00000539,15,2,19,1160.0,,15.0
simu5g_00000539,15,2,20,1160.0,,15.0
simu5g_00000539,15,2,21,1160.0,,15.0
simu5g_00000539,15,2,22,1160.0,,15.0
simu5g_00000539,15,2,23,1160.0,,15.0
simu5g_00000539,15,2,24,1160.0,,15.0
simu5g_00000539,2,3,0,984.0,,13.0
simu5g_00000539,2,3,1,1128.0,,14.0
simu5g_00000539,2,3,2,888.0,,12.0
simu5g_00000539,2,3,3,1128.0,,14.0
simu5g_00000539,2,3,4,888.0,,12.0
simu5g_00000539,2,3,5,808.0,,11.0
simu5g_00000539,2,3,6,984.0,,13.0
simu5g_00000539,2,3,7,368.0,,6.0
simu5g_00000539,2,3,8,1128.0,,14.0
simu5g_00000539,2,3,9,984.0,,13.0
simu5g_00000539,2,3,10,984.0,,13.0
simu5g_00000539,2,3,11,528.0,,8.0
simu5g_00000539,2,3,12,808.0,,11.0
simu5g_00000539,2,3,13,984.0,,13.0
simu5g_00000539,2,3,14,984.0,,13.0
simu5g_00000539,2,3,15,984.0,,13.0
simu5g_00000539,2,3,16,608.0,,9.0
simu5g_00000539,2,3,17,888.0,,12.0
simu5g_00000539,2,3,18,888.0,,12.0
simu5g_00000539,2,3,19,984.0,,13.0
simu5g_00000539,2,3,20,984.0,,13.0
simu5g_00000539,2,3,21,808.0,,11.0
simu5g_00000539,2,3,22,704.0,,10.0
simu5g_00000539,2,3,23,984.0,,13.0
simu5g_00000539,2,3,24,608.0,,9.0
simu5g_00000539,31,4,0,1160.0,,15.0
simu5g_00000539,31,4,1,1160.0,,15.0
simu5g_00000539,31,4,2,1160.0,,15.0
simu5g_00000539,31,4,3,1160.0,,15.0
simu5g_00000539,31,4,4,1160.0,,15.0
simu5g_00000539,31,4,5,1160.0,,15.0
simu5g_00000539,31,4,6,1160.0,,15.0
simu5g_00000539,31,4,7,1160.0,,15.0
simu5g_00000539,31,4,8,1160.0,,15.0
simu5g_00000539,31,4,9,1160.0,,15.0
simu5g_00000539,31,4,10,1160.0,,15.0
simu5g_00000539,31,4,11,1160.0,,15.0
simu5g_00000539,31,4,12,1128.0,,14.0
simu5g_00000539,31,4,13,1160.0,,15.0
simu5g_00000539,31,4,14,1160.0,,15.0
simu5g_00000539,31,4,15,1160.0,,15.0
simu5g_00000539,31,4,16,1160.0,,15.0
simu5g_00000539,31,4,17,1160.0,,15.0
simu5g_00000539,31,4,18,1160.0,,15.0
simu5g_00000539,31,4,19,1160.0,,15.0
simu5g_00000539,31,4,20,1160.0,,15.0
simu5g_00000539,31,4,21,1160.0,,15.0
simu5g_00000539,31,4,22,1160.0,,15.0
simu5g_00000539,31,4,23,1160.0,,15.0
simu5g_00000539,31,4,24,1160.0,,15.0
simu5g_00000540,3,0,0,1128.0,,14.0
simu5g_00000540,3,0,1,1160.0,,15.0
simu5g_00000540,3,0,2,1128.0,,14.0
simu5g_00000540,3,0,3,1128.0,,14.0
simu5g_00000540,3,0,4,1160.0,,15.0
simu5g_00000540,3,0,5,1160.0,,15.0
simu5g_00000540,3,0,6,1160.0,,15.0
simu5g_00000540,3,0,7,1128.0,,14.0
simu5g_00000540,3,0,8,808.0,,11.0
simu5g_00000540,3,0,9,808.0,,11.0
simu5g_00000540,3,0,10,1160.0,,15.0
simu5g_00000540,3,0,11,1128.0,,14.0
simu5g_00000540,3,0,12,1160.0,,15.0
simu5g_00000540,3,0,13,1160.0,,15.0
simu5g_00000540,3,0,14,1160.0,,15.0
simu5g_00000540,3,0,15,1160.0,,15.0
simu5g_00000540,3,0,16,1160.0,,15.0
simu5g_00000540,3,0,17,1160.0,,15.0
simu5g_00000540,3,0,18,1160.0,,15.0
simu5g_00000540,3,0,19,1160.0,,15.0
simu5g_00000540,3,0,20,1160.0,,15.0
simu5g_00000540,3,0,21,1128.0,,14.0
simu5g_00000540,3,0,22,984.0,,13.0
simu5g_00000540,3,0,23,1160.0,,15.0
simu5g_00000540,3,0,24,984.0,,13.0
simu5g_00000540,4,1,0,984.0,,13.0
simu5g_00000540,4,1,1,808.0,,11.0
simu5g_00000540,4,1,2,1128.0,,14.0
simu5g_00000540,4,1,3,368.0,,6.0
simu5g_00000540,4,1,4,984.0,,13.0
simu5g_00000540,4,1,5,1128.0,,14.0
simu5g_00000540,4,1,6,1128.0,,14.0
simu5g_00000540,4,1,7,432.0,,7.0
simu5g_00000540,4,1,8,704.0,,10.0
simu5g_00000540,4,1,9,984.0,,13.0
simu5g_00000540,4,1,10,984.0,,13.0
simu5g_00000540,4,1,11,984.0,,13.0
simu5g_00000540,4,1,12,1128.0,,14.0
simu5g_00000540,4,1,13,984.0,,13.0
simu5g_00000540,4,1,14,1128.0,,14.0
simu5g_00000540,4,1,15,808.0,,11.0
simu5g_00000540,4,1,16,888.0,,12.0
simu5g_00000540,4,1,17,888.0,,12.0
simu5g_00000540,4,1,18,1128.0,,14.0
simu5g_00000540,4,1,19,1128.0,,14.0
simu5g_00000540,4,1,20,984.0,,13.0
simu5g_00000540,4,1,21,808.0,,11.0
simu5g_00000540,4,1,22,1128.0,,14.0
simu5g_00000540,4,1,23,1128.0,,14.0
simu5g_00000540,4,1,24,888.0,,12.0
simu5g_00000540,5,2,0,984.0,,13.0
simu5g_00000540,5,2,1,704.0,,10.0
simu5g_00000540,5,2,2,888.0,,12.0
simu5g_00000540,5,2,3,608.0,,9.0
simu5g_00000540,5,2,4,1128.0,,14.0
simu5g_00000540,5,2,5,808.0,,11.0
simu5g_00000540,5,2,6,888.0,,12.0
simu5g_00000540,5,2,7,808.0,,11.0
simu5g_00000540,5,2,8,808.0,,11.0
simu5g_00000540,5,2,9,1128.0,,14.0
simu5g_00000540,5,2,10,984.0,,13.0
simu5g_00000540,5,2,11,888.0,,12.0
simu5g_00000540,5,2,12,888.0,,12.0
simu5g_00000540,5,2,13,608.0,,9.0
simu5g_00000540,5,2,14,608.0,,9.0
simu5g_00000540,5,2,15,608.0,,9.0
simu5g_00000540,5,2,16,304.0,,5.0
simu5g_00000540,5,2,17,1128.0,,14.0
simu5g_00000540,5,2,18,984.0,,13.0
simu5g_00000540,5,2,19,888.0,,12.0
simu5g_00000540,5,2,20,704.0,,10.0
simu5g_00000540,5,2,21,432.0,,7.0
simu5g_00000540,5,2,22,984.0,,13.0
simu5g_00000540,5,2,23,608.0,,9.0
simu5g_00000540,5,2,24,808.0,,11.0
simu5g_00000540,6,3,0,1128.0,,14.0
simu5g_00000540,6,3,1,984.0,,13.0
simu5g_00000540,6,3,2,1128.0,,14.0
simu5g_00000540,6,3,3,368.0,,6.0
simu5g_00000540,6,3,4,888.0,,12.0
simu5g_00000540,6,3,5,984.0,,13.0
simu5g_00000540,6,3,6,1160.0,,15.0
simu5g_00000540,6,3,7,984.0,,13.0
simu5g_00000540,6,3,8,1128.0,,14.0
simu5g_00000540,6,3,9,808.0,,11.0
simu5g_00000540,6,3,10,888.0,,12.0
simu5g_00000540,6,3,11,984.0,,13.0
simu5g_00000540,6,3,12,1160.0,,15.0
simu5g_00000540,6,3,13,888.0,,12.0
simu5g_00000540,6,3,14,1128.0,,14.0
simu5g_00000540,6,3,15,1160.0,,15.0
simu5g_00000540,6,3,16,608.0,,9.0
simu5g_00000540,6,3,17,1128.0,,14.0
simu5g_00000540,6,3,18,1128.0,,14.0
simu5g_00000540,6,3,19,984.0,,13.0
simu5g_00000540,6,3,20,1128.0,,14.0
simu5g_00000540,6,3,21,984.0,,13.0
simu5g_00000540,6,3,22,1128.0,,14.0
simu5g_00000540,6,3,23,1128.0,,14.0
simu5g_00000540,6,3,24,1160.0,,15.0
simu5g_00000541,0,0,0,1128.0,,14.0
simu5g_00000541,0,0,1,368.0,,6.0
simu5g_00000541,0,0,2,1160.0,,15.0
simu5g_00000541,0,0,3,888.0,,12.0
simu5g_00000541,0,0,4,1128.0,,14.0
simu5g_00000541,0,0,5,888.0,,12.0
simu5g_00000541,0,0,6,984.0,,13.0
simu5g_00000541,0,0,7,1128.0,,14.0
simu5g_00000541,0,0,8,608.0,,9.0
simu5g_00000541,0,0,9,984.0,,13.0
simu5g_00000541,0,0,10,1128.0,,14.0
simu5g_00000541,0,0,11,1160.0,,15.0
simu5g_00000541,0,0,12,1128.0,,14.0
simu5g_00000541,0,0,13,984.0,,13.0
simu5g_00000541,0,0,14,984.0,,13.0
simu5g_00000541,0,0,15,1128.0,,14.0
simu5g_00000541,0,0,16,984.0,,13.0
simu5g_00000541,0,0,17,1160.0,,15.0
simu5g_00000541,0,0,18,1128.0,,14.0
simu5g_00000541,0,0,19,984.0,,13.0
simu5g_00000541,0,0,20,1160.0,,15.0
simu5g_00000541,0,0,21,704.0,,10.0
simu5g_00000541,0,0,22,1128.0,,14.0
simu5g_00000541,0,0,23,1160.0,,15.0
simu5g_00000541,0,0,24,888.0,,12.0
simu5g_00000541,1,1,0,1160.0,,15.0
simu5g_00000541,1,1,1,1160.0,,15.0
simu5g_00000541,1,1,2,1160.0,,15.0
simu5g_00000541,1,1,3,1160.0,,15.0
simu5g_00000541,1,1,4,1160.0,,15.0
simu5g_00000541,1,1,5,1160.0,,15.0
simu5g_00000541,1,1,6,1160.0,,15.0
simu5g_00000541,1,1,7,984.0,,13.0
simu5g_00000541,1,1,8,984.0,,13.0
simu5g_00000541,1,1,9,1160.0,,15.0
simu5g_00000541,1,1,10,1160.0,,15.0
simu5g_00000541,1,1,11,1160.0,,15.0
simu5g_00000541,1,1,12,1160.0,,15.0
simu5g_00000541,1,1,13,1160.0,,15.0
simu5g_00000541,1,1,14,1160.0,,15.0
simu5g_00000541,1,1,15,1160.0,,15.0
simu5g_00000541,1,1,16,1160.0,,15.0
simu5g_00000541,1,1,17,1160.0,,15.0
simu5g_00000541,1,1,18,1160.0,,15.0
simu5g_00000541,1,1,19,1160.0,,15.0
simu5g_00000541,1,1,20,1160.0,,15.0
simu5g_00000541,1,1,21,888.0,,12.0
simu5g_00000541,1,1,22,1160.0,,15.0
simu5g_00000541,1,1,23,1128.0,,14.0
simu5g_00000541,1,1,24,1160.0,,15.0
simu5g_00000541,15,2,0,1160.0,,15.0
simu5g_00000541,15,2,1,1160.0,,15.0
simu5g_00000541,15,2,2,1160.0,,15.0
simu5g_00000541,15,2,3,1160.0,,15.0
simu5g_00000541,15,2,4,1160.0,,15.0
simu5g_00000541,15,2,5,1160.0,,15.0
simu5g_00000541,15,2,6,1160.0,,15.0
simu5g_00000541,15,2,7,1160.0,,15.0
simu5g_00000541,15,2,8,1160.0,,15.0
simu5g_00000541,15,2,9,1160.0,,15.0
simu5g_00000541,15,2,10,1160.0,,15.0
simu5g_00000541,15,2,11,1160.0,,15.0
simu5g_00000541,15,2,12,1160.0,,15.0
simu5g_00000541,15,2,13,1160.0,,15.0
simu5g_00000541,15,2,14,1160.0,,15.0
simu5g_00000541,15,2,15,1160.0,,15.0
simu5g_00000541,15,2,16,1160.0,,15.0
simu5g_00000541,15,2,17,1160.0,,15.0
simu5g_00000541,15,2,18,1160.0,,15.0
simu5g_00000541,15,2,19,1160.0,,15.0
simu5g_00000541,15,2,20,1160.0,,15.0
simu5g_00000541,15,2,21,1160.0,,15.0
simu5g_00000541,15,2,22,1160.0,,15.0
simu5g_00000541,15,2,23,1160.0,,15.0
simu5g_00000541,15,2,24,1160.0,,15.0
simu5g_00000541,2,3,0,984.0,,13.0
simu5g_00000541,2,3,1,1128.0,,14.0
simu5g_00000541,2,3,2,888.0,,12.0
simu5g_00000541,2,3,3,1128.0,,14.0
simu5g_00000541,2,3,4,888.0,,12.0
simu5g_00000541,2,3,5,808.0,,11.0
simu5g_00000541,2,3,6,984.0,,13.0
simu5g_00000541,2,3,7,368.0,,6.0
simu5g_00000541,2,3,8,1128.0,,14.0
simu5g_00000541,2,3,9,984.0,,13.0
simu5g_00000541,2,3,10,984.0,,13.0
simu5g_00000541,2,3,11,528.0,,8.0
simu5g_00000541,2,3,12,808.0,,11.0
simu5g_00000541,2,3,13,984.0,,13.0
simu5g_00000541,2,3,14,984.0,,13.0
simu5g_00000541,2,3,15,984.0,,13.0
simu5g_00000541,2,3,16,608.0,,9.0
simu5g_00000541,2,3,17,888.0,,12.0
simu5g_00000541,2,3,18,888.0,,12.0
simu5g_00000541,2,3,19,984.0,,13.0
simu5g_00000541,2,3,20,984.0,,13.0
simu5g_00000541,2,3,21,808.0,,11.0
simu5g_00000541,2,3,22,704.0,,10.0
simu5g_00000541,2,3,23,984.0,,13.0
simu5g_00000541,2,3,24,608.0,,9.0
simu5g_00000541,31,4,0,1160.0,,15.0
simu5g_00000541,31,4,1,1160.0,,15.0
simu5g_00000541,31,4,2,1160.0,,15.0
simu5g_00000541,31,4,3,1160.0,,15.0
simu5g_00000541,31,4,4,1160.0,,15.0
simu5g_00000541,31,4,5,1160.0,,15.0
simu5g_00000541,31,4,6,1160.0,,15.0
simu5g_00000541,31,4,7,1160.0,,15.0
simu5g_00000541,31,4,8,1160.0,,15.0
simu5g_00000541,31,4,9,1160.0,,15.0
simu5g_00000541,31,4,10,1160.0,,15.0
simu5g_00000541,31,4,11,1160.0,,15.0
simu5g_00000541,31,4,12,1128.0,,14.0
simu5g_00000541,31,4,13,1160.0,,15.0
simu5g_00000541,31,4,14,1160.0,,15.0
simu5g_00000541,31,4,15,1160.0,,15.0
simu5g_00000541,31,4,16,1160.0,,15.0
simu5g_00000541,31,4,17,1160.0,,15.0
simu5g_00000541,31,4,18,1160.0,,15.0
simu5g_00000541,31,4,19,1160.0,,15.0
simu5g_00000541,31,4,20,1160.0,,15.0
simu5g_00000541,31,4,21,1160.0,,15.0
simu5g_00000541,31,4,22,1160.0,,15.0
simu5g_00000541,31,4,23,1160.0,,15.0
simu5g_00000541,31,4,24,1160.0,,15.0
simu5g_00000542,3,0,0,1128.0,,14.0
simu5g_00000542,3,0,1,1160.0,,15.0
simu5g_00000542,3,0,2,1128.0,,14.0
simu5g_00000542,3,0,3,1128.0,,14.0
simu5g_00000542,3,0,4,1160.0,,15.0
simu5g_00000542,3,0,5,1160.0,,15.0
simu5g_00000542,3,0,6,1160.0,,15.0
simu5g_00000542,3,0,7,1128.0,,14.0
simu5g_00000542,3,0,8,808.0,,11.0
simu5g_00000542,3,0,9,808.0,,11.0
simu5g_00000542,3,0,10,1160.0,,15.0
simu5g_00000542,3,0,11,1128.0,,14.0
simu5g_00000542,3,0,12,1160.0,,15.0
simu5g_00000542,3,0,13,1160.0,,15.0
simu5g_00000542,3,0,14,1160.0,,15.0
simu5g_00000542,3,0,15,1160.0,,15.0
simu5g_00000542,3,0,16,1160.0,,15.0
simu5g_00000542,3,0,17,1160.0,,15.0
simu5g_00000542,3,0,18,1160.0,,15.0
simu5g_00000542,3,0,19,1160.0,,15.0
simu5g_00000542,3,0,20,1160.0,,15.0
simu5g_00000542,3,0,21,1128.0,,14.0
simu5g_00000542,3,0,22,984.0,,13.0
simu5g_00000542,3,0,23,1160.0,,15.0
simu5g_00000542,3,0,24,984.0,,13.0
simu5g_00000542,4,1,0,1128.0,,14.0
simu5g_00000542,4,1,1,984.0,,13.0
simu5g_00000542,4,1,2,1160.0,,15.0
simu5g_00000542,4,1,3,528.0,,8.0
simu5g_00000542,4,1,4,1128.0,,14.0
simu5g_00000542,4,1,5,1160.0,,15.0
simu5g_00000542,4,1,6,1160.0,,15.0
simu5g_00000542,4,1,7,608.0,,9.0
simu5g_00000542,4,1,8,888.0,,12.0
simu5g_00000542,4,1,9,1128.0,,14.0
simu5g_00000542,4,1,10,1128.0,,14.0
simu5g_00000542,4,1,11,1128.0,,14.0
simu5g_00000542,4,1,12,1160.0,,15.0
simu5g_00000542,4,1,13,1128.0,,14.0
simu5g_00000542,4,1,14,1160.0,,15.0
simu5g_00000542,4,1,15,984.0,,13.0
simu5g_00000542,4,1,16,984.0,,13.0
simu5g_00000542,4,1,17,984.0,,13.0
simu5g_00000542,4,1,18,1160.0,,15.0
simu5g_00000542,4,1,19,1128.0,,14.0
simu5g_00000542,4,1,20,1128.0,,14.0
simu5g_00000542,4,1,21,984.0,,13.0
simu5g_00000542,4,1,22,1160.0,,15.0
simu5g_00000542,4,1,23,1128.0,,14.0
simu5g_00000542,4,1,24,984.0,,13.0
simu5g_00000542,5,2,0,984.0,,13.0
simu5g_00000542,5,2,1,704.0,,10.0
simu5g_00000542,5,2,2,888.0,,12.0
simu5g_00000542,5,2,3,608.0,,9.0
simu5g_00000542,5,2,4,1128.0,,14.0
simu5g_00000542,5,2,5,808.0,,11.0
simu5g_00000542,5,2,6,888.0,,12.0
simu5g_00000542,5,2,7,808.0,,11.0
simu5g_00000542,5,2,8,888.0,,12.0
simu5g_00000542,5,2,9,1128.0,,14.0
simu5g_00000542,5,2,10,984.0,,13.0
simu5g_00000542,5,2,11,888.0,,12.0
simu5g_00000542,5,2,12,888.0,,12.0
simu5g_00000542,5,2,13,608.0,,9.0
simu5g_00000542,5,2,14,608.0,,9.0
simu5g_00000542,5,2,15,608.0,,9.0
simu5g_00000542,5,2,16,304.0,,5.0
simu5g_00000542,5,2,17,1128.0,,14.0
simu5g_00000542,5,2,18,984.0,,13.0
simu5g_00000542,5,2,19,888.0,,12.0
simu5g_00000542,5,2,20,704.0,,10.0
simu5g_00000542,5,2,21,432.0,,7.0
simu5g_00000542,5,2,22,984.0,,13.0
simu5g_00000542,5,2,23,608.0,,9.0
simu5g_00000542,5,2,24,808.0,,11.0
simu5g_00000542,6,3,0,1128.0,,14.0
simu5g_00000542,6,3,1,984.0,,13.0
simu5g_00000542,6,3,2,1128.0,,14.0
simu5g_00000542,6,3,3,368.0,,6.0
simu5g_00000542,6,3,4,888.0,,12.0
simu5g_00000542,6,3,5,984.0,,13.0
simu5g_00000542,6,3,6,1160.0,,15.0
simu5g_00000542,6,3,7,984.0,,13.0
simu5g_00000542,6,3,8,1128.0,,14.0
simu5g_00000542,6,3,9,808.0,,11.0
simu5g_00000542,6,3,10,888.0,,12.0
simu5g_00000542,6,3,11,984.0,,13.0
simu5g_00000542,6,3,12,1160.0,,15.0
simu5g_00000542,6,3,13,888.0,,12.0
simu5g_00000542,6,3,14,1128.0,,14.0
simu5g_00000542,6,3,15,1160.0,,15.0
simu5g_00000542,6,3,16,608.0,,9.0
simu5g_00000542,6,3,17,1128.0,,14.0
simu5g_00000542,6,3,18,1128.0,,14.0
simu5g_00000542,6,3,19,984.0,,13.0
simu5g_00000542,6,3,20,1128.0,,14.0
simu5g_00000542,6,3,21,984.0,,13.0
simu5g_00000542,6,3,22,1128.0,,14.0
simu5g_00000542,6,3,23,1128.0,,14.0
simu5g_00000542,6,3,24,1160.0,,15.0
simu5g_00000543,0,0,0,1128.0,,14.0
simu5g_00000543,0,0,1,368.0,,6.0
simu5g_00000543,0,0,2,1160.0,,15.0
simu5g_00000543,0,0,3,888.0,,12.0
simu5g_00000543,0,0,4,1128.0,,14.0
simu5g_00000543,0,0,5,888.0,,12.0
simu5g_00000543,0,0,6,984.0,,13.0
simu5g_00000543,0,0,7,1128.0,,14.0
simu5g_00000543,0,0,8,608.0,,9.0
simu5g_00000543,0,0,9,984.0,,13.0
simu5g_00000543,0,0,10,1128.0,,14.0
simu5g_00000543,0,0,11,1160.0,,15.0
simu5g_00000543,0,0,12,1128.0,,14.0
simu5g_00000543,0,0,13,984.0,,13.0
simu5g_00000543,0,0,14,1128.0,,14.0
simu5g_00000543,0,0,15,1128.0,,14.0
simu5g_00000543,0,0,16,984.0,,13.0
simu5g_00000543,0,0,17,1160.0,,15.0
simu5g_00000543,0,0,18,1128.0,,14.0
simu5g_00000543,0,0,19,984.0,,13.0
simu5g_00000543,0,0,20,1160.0,,15.0
simu5g_00000543,0,0,21,704.0,,10.0
simu5g_00000543,0,0,22,1128.0,,14.0
simu5g_00000543,0,0,23,1160.0,,15.0
simu5g_00000543,0,0,24,888.0,,12.0
simu5g_00000543,1,1,0,1160.0,,15.0
simu5g_00000543,1,1,1,1160.0,,15.0
simu5g_00000543,1,1,2,1160.0,,15.0
simu5g_00000543,1,1,3,1160.0,,15.0
simu5g_00000543,1,1,4,1160.0,,15.0
simu5g_00000543,1,1,5,1160.0,,15.0
simu5g_00000543,1,1,6,1160.0,,15.0
simu5g_00000543,1,1,7,984.0,,13.0
simu5g_00000543,1,1,8,984.0,,13.0
simu5g_00000543,1,1,9,1160.0,,15.0
simu5g_00000543,1,1,10,1160.0,,15.0
simu5g_00000543,1,1,11,1160.0,,15.0
simu5g_00000543,1,1,12,1160.0,,15.0
simu5g_00000543,1,1,13,1160.0,,15.0
simu5g_00000543,1,1,14,1160.0,,15.0
simu5g_00000543,1,1,15,1160.0,,15.0
simu5g_00000543,1,1,16,1160.0,,15.0
simu5g_00000543,1,1,17,1160.0,,15.0
simu5g_00000543,1,1,18,1160.0,,15.0
simu5g_00000543,1,1,19,1160.0,,15.0
simu5g_00000543,1,1,20,1160.0,,15.0
simu5g_00000543,1,1,21,888.0,,12.0
simu5g_00000543,1,1,22,1160.0,,15.0
simu5g_00000543,1,1,23,1128.0,,14.0
simu5g_00000543,1,1,24,1160.0,,15.0
simu5g_00000543,15,2,0,1160.0,,15.0
simu5g_00000543,15,2,1,1160.0,,15.0
simu5g_00000543,15,2,2,1160.0,,15.0
simu5g_00000543,15,2,3,1160.0,,15.0
simu5g_00000543,15,2,4,1160.0,,15.0
simu5g_00000543,15,2,5,1128.0,,14.0
simu5g_00000543,15,2,6,1160.0,,15.0
simu5g_00000543,15,2,7,1160.0,,15.0
simu5g_00000543,15,2,8,1160.0,,15.0
simu5g_00000543,15,2,9,1160.0,,15.0
simu5g_00000543,15,2,10,1160.0,,15.0
simu5g_00000543,15,2,11,1160.0,,15.0
simu5g_00000543,15,2,12,1160.0,,15.0
simu5g_00000543,15,2,13,1160.0,,15.0
simu5g_00000543,15,2,14,1160.0,,15.0
simu5g_00000543,15,2,15,1160.0,,15.0
simu5g_00000543,15,2,16,1160.0,,15.0
simu5g_00000543,15,2,17,1160.0,,15.0
simu5g_00000543,15,2,18,1160.0,,15.0
simu5g_00000543,15,2,19,1160.0,,15.0
simu5g_00000543,15,2,20,1160.0,,15.0
simu5g_00000543,15,2,21,1160.0,,15.0
simu5g_00000543,15,2,22,1160.0,,15.0
simu5g_00000543,15,2,23,1160.0,,15.0
simu5g_00000543,15,2,24,1160.0,,15.0
simu5g_00000543,2,3,0,984.0,,13.0
simu5g_00000543,2,3,1,1128.0,,14.0
simu5g_00000543,2,3,2,888.0,,12.0
simu5g_00000543,2,3,3,1128.0,,14.0
simu5g_00000543,2,3,4,888.0,,12.0
simu5g_00000543,2,3,5,808.0,,11.0
simu5g_00000543,2,3,6,984.0,,13.0
simu5g_00000543,2,3,7,368.0,,6.0
simu5g_00000543,2,3,8,1128.0,,14.0
simu5g_00000543,2,3,9,984.0,,13.0
simu5g_00000543,2,3,10,984.0,,13.0
simu5g_00000543,2,3,11,528.0,,8.0
simu5g_00000543,2,3,12,808.0,,11.0
simu5g_00000543,2,3,13,984.0,,13.0
simu5g_00000543,2,3,14,984.0,,13.0
simu5g_00000543,2,3,15,984.0,,13.0
simu5g_00000543,2,3,16,608.0,,9.0
simu5g_00000543,2,3,17,888.0,,12.0
simu5g_00000543,2,3,18,888.0,,12.0
simu5g_00000543,2,3,19,984.0,,13.0
simu5g_00000543,2,3,20,984.0,,13.0
simu5g_00000543,2,3,21,808.0,,11.0
simu5g_00000543,2,3,22,704.0,,10.0
simu5g_00000543,2,3,23,984.0,,13.0
simu5g_00000543,2,3,24,608.0,,9.0
simu5g_00000543,31,4,0,1160.0,,15.0
simu5g_00000543,31,4,1,1160.0,,15.0
simu5g_00000543,31,4,2,1160.0,,15.0
simu5g_00000543,31,4,3,1160.0,,15.0
simu5g_00000543,31,4,4,1160.0,,15.0
simu5g_00000543,31,4,5,1160.0,,15.0
simu5g_00000543,31,4,6,1160.0,,15.0
simu5g_00000543,31,4,7,1160.0,,15.0
simu5g_00000543,31,4,8,1160.0,,15.0
simu5g_00000543,31,4,9,1160.0,,15.0
simu5g_00000543,31,4,10,1160.0,,15.0
simu5g_00000543,31,4,11,1160.0,,15.0
simu5g_00000543,31,4,12,1128.0,,14.0
simu5g_00000543,31,4,13,1160.0,,15.0
simu5g_00000543,31,4,14,1160.0,,15.0
simu5g_00000543,31,4,15,1160.0,,15.0
simu5g_00000543,31,4,16,1160.0,,15.0
simu5g_00000543,31,4,17,1160.0,,15.0
simu5g_00000543,31,4,18,1160.0,,15.0
simu5g_00000543,31,4,19,1160.0,,15.0
simu5g_00000543,31,4,20,1160.0,,15.0
simu5g_00000543,31,4,21,1160.0,,15.0
simu5g_00000543,31,4,22,1160.0,,15.0
simu5g_00000543,31,4,23,1160.0,,15.0
simu5g_00000543,31,4,24,1160.0,,15.0
simu5g_00000544,3,0,0,1128.0,,14.0
simu5g_00000544,3,0,1,1160.0,,15.0
simu5g_00000544,3,0,2,1128.0,,14.0
simu5g_00000544,3,0,3,1128.0,,14.0
simu5g_00000544,3,0,4,1160.0,,15.0
simu5g_00000544,3,0,5,1160.0,,15.0
simu5g_00000544,3,0,6,1160.0,,15.0
simu5g_00000544,3,0,7,1128.0,,14.0
simu5g_00000544,3,0,8,808.0,,11.0
simu5g_00000544,3,0,9,808.0,,11.0
simu5g_00000544,3,0,10,1160.0,,15.0
simu5g_00000544,3,0,11,1128.0,,14.0
simu5g_00000544,3,0,12,1160.0,,15.0
simu5g_00000544,3,0,13,1160.0,,15.0
simu5g_00000544,3,0,14,1160.0,,15.0
simu5g_00000544,3,0,15,1160.0,,15.0
simu5g_00000544,3,0,16,1160.0,,15.0
simu5g_00000544,3,0,17,1160.0,,15.0
simu5g_00000544,3,0,18,1160.0,,15.0
simu5g_00000544,3,0,19,1160.0,,15.0
simu5g_00000544,3,0,20,1160.0,,15.0
simu5g_00000544,3,0,21,1128.0,,14.0
simu5g_00000544,3,0,22,984.0,,13.0
simu5g_00000544,3,0,23,1160.0,,15.0
simu5g_00000544,3,0,24,984.0,,13.0
simu5g_00000544,4,1,0,1128.0,,14.0
simu5g_00000544,4,1,1,984.0,,13.0
simu5g_00000544,4,1,2,1160.0,,15.0
simu5g_00000544,4,1,3,528.0,,8.0
simu5g_00000544,4,1,4,1128.0,,14.0
simu5g_00000544,4,1,5,1160.0,,15.0
simu5g_00000544,4,1,6,1160.0,,15.0
simu5g_00000544,4,1,7,608.0,,9.0
simu5g_00000544,4,1,8,888.0,,12.0
simu5g_00000544,4,1,9,1128.0,,14.0
simu5g_00000544,4,1,10,1128.0,,14.0
simu5g_00000544,4,1,11,1128.0,,14.0
simu5g_00000544,4,1,12,1160.0,,15.0
simu5g_00000544,4,1,13,1128.0,,14.0
simu5g_00000544,4,1,14,1160.0,,15.0
simu5g_00000544,4,1,15,984.0,,13.0
simu5g_00000544,4,1,16,984.0,,13.0
simu5g_00000544,4,1,17,984.0,,13.0
simu5g_00000544,4,1,18,1160.0,,15.0
simu5g_00000544,4,1,19,1128.0,,14.0
simu5g_00000544,4,1,20,1128.0,,14.0
simu5g_00000544,4,1,21,984.0,,13.0
simu5g_00000544,4,1,22,1160.0,,15.0
simu5g_00000544,4,1,23,1128.0,,14.0
simu5g_00000544,4,1,24,984.0,,13.0
simu5g_00000544,5,2,0,984.0,,13.0
simu5g_00000544,5,2,1,704.0,,10.0
simu5g_00000544,5,2,2,888.0,,12.0
simu5g_00000544,5,2,3,608.0,,9.0
simu5g_00000544,5,2,4,1128.0,,14.0
simu5g_00000544,5,2,5,808.0,,11.0
simu5g_00000544,5,2,6,888.0,,12.0
simu5g_00000544,5,2,7,808.0,,11.0
simu5g_00000544,5,2,8,888.0,,12.0
simu5g_00000544,5,2,9,1128.0,,14.0
simu5g_00000544,5,2,10,984.0,,13.0
simu5g_00000544,5,2,11,888.0,,12.0
simu5g_00000544,5,2,12,888.0,,12.0
simu5g_00000544,5,2,13,608.0,,9.0
simu5g_00000544,5,2,14,608.0,,9.0
simu5g_00000544,5,2,15,704.0,,10.0
simu5g_00000544,5,2,16,304.0,,5.0
simu5g_00000544,5,2,17,1128.0,,14.0
simu5g_00000544,5,2,18,984.0,,13.0
simu5g_00000544,5,2,19,888.0,,12.0
simu5g_00000544,5,2,20,704.0,,10.0
simu5g_00000544,5,2,21,432.0,,7.0
simu5g_00000544,5,2,22,1128.0,,14.0
simu5g_00000544,5,2,23,608.0,,9.0
simu5g_00000544,5,2,24,808.0,,11.0
simu5g_00000544,6,3,0,1128.0,,14.0
simu5g_00000544,6,3,1,984.0,,13.0
simu5g_00000544,6,3,2,1128.0,,14.0
simu5g_00000544,6,3,3,368.0,,6.0
simu5g_00000544,6,3,4,888.0,,12.0
simu5g_00000544,6,3,5,984.0,,13.0
simu5g_00000544,6,3,6,1160.0,,15.0
simu5g_00000544,6,3,7,984.0,,13.0
simu5g_00000544,6,3,8,1128.0,,14.0
simu5g_00000544,6,3,9,808.0,,11.0
simu5g_00000544,6,3,10,888.0,,12.0
simu5g_00000544,6,3,11,984.0,,13.0
simu5g_00000544,6,3,12,1160.0,,15.0
simu5g_00000544,6,3,13,888.0,,12.0
simu5g_00000544,6,3,14,1128.0,,14.0
simu5g_00000544,6,3,15,1160.0,,15.0
simu5g_00000544,6,3,16,608.0,,9.0
simu5g_00000544,6,3,17,1128.0,,14.0
simu5g_00000544,6,3,18,1128.0,,14.0
simu5g_00000544,6,3,19,984.0,,13.0
simu5g_00000544,6,3,20,1128.0,,14.0
simu5g_00000544,6,3,21,984.0,,13.0
simu5g_00000544,6,3,22,1128.0,,14.0
simu5g_00000544,6,3,23,1128.0,,14.0
simu5g_00000544,6,3,24,1160.0,,15.0
simu5g_00000545,0,0,0,1128.0,,14.0
simu5g_00000545,0,0,1,368.0,,6.0
simu5g_00000545,0,0,2,1160.0,,15.0
simu5g_00000545,0,0,3,888.0,,12.0
simu5g_00000545,0,0,4,1128.0,,14.0
simu5g_00000545,0,0,5,888.0,,12.0
simu5g_00000545,0,0,6,984.0,,13.0
simu5g_00000545,0,0,7,1128.0,,14.0
simu5g_00000545,0,0,8,608.0,,9.0
simu5g_00000545,0,0,9,984.0,,13.0
simu5g_00000545,0,0,10,1128.0,,14.0
simu5g_00000545,0,0,11,1160.0,,15.0
simu5g_00000545,0,0,12,1128.0,,14.0
simu5g_00000545,0,0,13,984.0,,13.0
simu5g_00000545,0,0,14,1128.0,,14.0
simu5g_00000545,0,0,15,1128.0,,14.0
simu5g_00000545,0,0,16,984.0,,13.0
simu5g_00000545,0,0,17,1160.0,,15.0
simu5g_00000545,0,0,18,1128.0,,14.0
simu5g_00000545,0,0,19,984.0,,13.0
simu5g_00000545,0,0,20,1160.0,,15.0
simu5g_00000545,0,0,21,704.0,,10.0
simu5g_00000545,0,0,22,1128.0,,14.0
simu5g_00000545,0,0,23,1160.0,,15.0
simu5g_00000545,0,0,24,888.0,,12.0
simu5g_00000545,1,1,0,1160.0,,15.0
simu5g_00000545,1,1,1,1160.0,,15.0
simu5g_00000545,1,1,2,1160.0,,15.0
simu5g_00000545,1,1,3,1160.0,,15.0
simu5g_00000545,1,1,4,1160.0,,15.0
simu5g_00000545,1,1,5,1160.0,,15.0
simu5g_00000545,1,1,6,1160.0,,15.0
simu5g_00000545,1,1,7,1128.0,,14.0
simu5g_00000545,1,1,8,984.0,,13.0
simu5g_00000545,1,1,9,1160.0,,15.0
simu5g_00000545,1,1,10,1160.0,,15.0
simu5g_00000545,1,1,11,1160.0,,15.0
simu5g_00000545,1,1,12,1160.0,,15.0
simu5g_00000545,1,1,13,1160.0,,15.0
simu5g_00000545,1,1,14,1160.0,,15.0
simu5g_00000545,1,1,15,1160.0,,15.0
simu5g_00000545,1,1,16,1160.0,,15.0
simu5g_00000545,1,1,17,1160.0,,15.0
simu5g_00000545,1,1,18,1160.0,,15.0
simu5g_00000545,1,1,19,1160.0,,15.0
simu5g_00000545,1,1,20,1160.0,,15.0
simu5g_00000545,1,1,21,888.0,,12.0
simu5g_00000545,1,1,22,1160.0,,15.0
simu5g_00000545,1,1,23,1128.0,,14.0
simu5g_00000545,1,1,24,1160.0,,15.0
simu5g_00000545,15,2,0,1160.0,,15.0
simu5g_00000545,15,2,1,1160.0,,15.0
simu5g_00000545,15,2,2,1160.0,,15.0
simu5g_00000545,15,2,3,1160.0,,15.0
simu5g_00000545,15,2,4,1160.0,,15.0
simu5g_00000545,15,2,5,1128.0,,14.0
simu5g_00000545,15,2,6,1160.0,,15.0
simu5g_00000545,15,2,7,1160.0,,15.0
simu5g_00000545,15,2,8,1160.0,,15.0
simu5g_00000545,15,2,9,1160.0,,15.0
simu5g_00000545,15,2,10,1160.0,,15.0
simu5g_00000545,15,2,11,1160.0,,15.0
simu5g_00000545,15,2,12,1160.0,,15.0
simu5g_00000545,15,2,13,1160.0,,15.0
simu5g_00000545,15,2,14,1160.0,,15.0
simu5g_00000545,15,2,15,1160.0,,15.0
simu5g_00000545,15,2,16,1160.0,,15.0
simu5g_00000545,15,2,17,1160.0,,15.0
simu5g_00000545,15,2,18,1160.0,,15.0
simu5g_00000545,15,2,19,1160.0,,15.0
simu5g_00000545,15,2,20,1160.0,,15.0
simu5g_00000545,15,2,21,1160.0,,15.0
simu5g_00000545,15,2,22,1160.0,,15.0
simu5g_00000545,15,2,23,1160.0,,15.0
simu5g_00000545,15,2,24,1160.0,,15.0
simu5g_00000545,2,3,0,984.0,,13.0
simu5g_00000545,2,3,1,1128.0,,14.0
simu5g_00000545,2,3,2,888.0,,12.0
simu5g_00000545,2,3,3,1128.0,,14.0
simu5g_00000545,2,3,4,888.0,,12.0
simu5g_00000545,2,3,5,808.0,,11.0
simu5g_00000545,2,3,6,984.0,,13.0
simu5g_00000545,2,3,7,368.0,,6.0
simu5g_00000545,2,3,8,1128.0,,14.0
simu5g_00000545,2,3,9,984.0,,13.0
simu5g_00000545,2,3,10,984.0,,13.0
simu5g_00000545,2,3,11,528.0,,8.0
simu5g_00000545,2,3,12,808.0,,11.0
simu5g_00000545,2,3,13,984.0,,13.0
simu5g_00000545,2,3,14,984.0,,13.0
simu5g_00000545,2,3,15,984.0,,13.0
simu5g_00000545,2,3,16,608.0,,9.0
simu5g_00000545,2,3,17,888.0,,12.0
simu5g_00000545,2,3,18,888.0,,12.0
simu5g_00000545,2,3,19,984.0,,13.0
simu5g_00000545,2,3,20,984.0,,13.0
simu5g_00000545,2,3,21,808.0,,11.0
simu5g_00000545,2,3,22,704.0,,10.0
simu5g_00000545,2,3,23,984.0,,13.0
simu5g_00000545,2,3,24,608.0,,9.0
simu5g_00000545,31,4,0,1160.0,,15.0
simu5g_00000545,31,4,1,1160.0,,15.0
simu5g_00000545,31,4,2,1160.0,,15.0
simu5g_00000545,31,4,3,1160.0,,15.0
simu5g_00000545,31,4,4,1160.0,,15.0
simu5g_00000545,31,4,5,1160.0,,15.0
simu5g_00000545,31,4,6,1160.0,,15.0
simu5g_00000545,31,4,7,1160.0,,15.0
simu5g_00000545,31,4,8,1160.0,,15.0
simu5g_00000545,31,4,9,1160.0,,15.0
simu5g_00000545,31,4,10,1160.0,,15.0
simu5g_00000545,31,4,11,1160.0,,15.0
simu5g_00000545,31,4,12,984.0,,13.0
simu5g_00000545,31,4,13,1160.0,,15.0
simu5g_00000545,31,4,14,1160.0,,15.0
simu5g_00000545,31,4,15,1160.0,,15.0
simu5g_00000545,31,4,16,1160.0,,15.0
simu5g_00000545,31,4,17,1160.0,,15.0
simu5g_00000545,31,4,18,1160.0,,15.0
simu5g_00000545,31,4,19,1160.0,,15.0
simu5g_00000545,31,4,20,1160.0,,15.0
simu5g_00000545,31,4,21,1160.0,,15.0
simu5g_00000545,31,4,22,1160.0,,15.0
simu5g_00000545,31,4,23,1160.0,,15.0
simu5g_00000545,31,4,24,1160.0,,15.0
simu5g_00000546,3,0,0,984.0,,13.0
simu5g_00000546,3,0,1,1160.0,,15.0
simu5g_00000546,3,0,2,1128.0,,14.0
simu5g_00000546,3,0,3,1128.0,,14.0
simu5g_00000546,3,0,4,1160.0,,15.0
simu5g_00000546,3,0,5,1160.0,,15.0
simu5g_00000546,3,0,6,1128.0,,14.0
simu5g_00000546,3,0,7,1128.0,,14.0
simu5g_00000546,3,0,8,704.0,,10.0
simu5g_00000546,3,0,9,704.0,,10.0
simu5g_00000546,3,0,10,1128.0,,14.0
simu5g_00000546,3,0,11,1128.0,,14.0
simu5g_00000546,3,0,12,1128.0,,14.0
simu5g_00000546,3,0,13,1160.0,,15.0
simu5g_00000546,3,0,14,1160.0,,15.0
simu5g_00000546,3,0,15,1128.0,,14.0
simu5g_00000546,3,0,16,1160.0,,15.0
simu5g_00000546,3,0,17,1128.0,,14.0
simu5g_00000546,3,0,18,1128.0,,14.0
simu5g_00000546,3,0,19,1128.0,,14.0
simu5g_00000546,3,0,20,1128.0,,14.0
simu5g_00000546,3,0,21,984.0,,13.0
simu5g_00000546,3,0,22,984.0,,13.0
simu5g_00000546,3,0,23,1128.0,,14.0
simu5g_00000546,3,0,24,984.0,,13.0
simu5g_00000546,4,1,0,1128.0,,14.0
simu5g_00000546,4,1,1,984.0,,13.0
simu5g_00000546,4,1,2,1160.0,,15.0
simu5g_00000546,4,1,3,528.0,,8.0
simu5g_00000546,4,1,4,1128.0,,14.0
simu5g_00000546,4,1,5,1160.0,,15.0
simu5g_00000546,4,1,6,1160.0,,15.0
simu5g_00000546,4,1,7,608.0,,9.0
simu5g_00000546,4,1,8,888.0,,12.0
simu5g_00000546,4,1,9,1128.0,,14.0
simu5g_00000546,4,1,10,1128.0,,14.0
simu5g_00000546,4,1,11,1128.0,,14.0
simu5g_00000546,4,1,12,1160.0,,15.0
simu5g_00000546,4,1,13,1128.0,,14.0
simu5g_00000546,4,1,14,1160.0,,15.0
simu5g_00000546,4,1,15,984.0,,13.0
simu5g_00000546,4,1,16,984.0,,13.0
simu5g_00000546,4,1,17,984.0,,13.0
simu5g_00000546,4,1,18,1160.0,,15.0
simu5g_00000546,4,1,19,1128.0,,14.0
simu5g_00000546,4,1,20,1128.0,,14.0
simu5g_00000546,4,1,21,984.0,,13.0
simu5g_00000546,4,1,22,1160.0,,15.0
simu5g_00000546,4,1,23,1128.0,,14.0
simu5g_00000546,4,1,24,984.0,,13.0
simu5g_00000546,5,2,0,984.0,,13.0
simu5g_00000546,5,2,1,808.0,,11.0
simu5g_00000546,5,2,2,888.0,,12.0
simu5g_00000546,5,2,3,704.0,,10.0
simu5g_00000546,5,2,4,1128.0,,14.0
simu5g_00000546,5,2,5,808.0,,11.0
simu5g_00000546,5,2,6,888.0,,12.0
simu5g_00000546,5,2,7,888.0,,12.0
simu5g_00000546,5,2,8,888.0,,12.0
simu5g_00000546,5,2,9,1128.0,,14.0
simu5g_00000546,5,2,10,984.0,,13.0
simu5g_00000546,5,2,11,984.0,,13.0
simu5g_00000546,5,2,12,888.0,,12.0
simu5g_00000546,5,2,13,608.0,,9.0
simu5g_00000546,5,2,14,608.0,,9.0
simu5g_00000546,5,2,15,704.0,,10.0
simu5g_00000546,5,2,16,304.0,,5.0
simu5g_00000546,5,2,17,1128.0,,14.0
simu5g_00000546,5,2,18,984.0,,13.0
simu5g_00000546,5,2,19,888.0,,12.0
simu5g_00000546,5,2,20,808.0,,11.0
simu5g_00000546,5,2,21,528.0,,8.0
simu5g_00000546,5,2,22,1128.0,,14.0
simu5g_00000546,5,2,23,704.0,,10.0
simu5g_00000546,5,2,24,808.0,,11.0
simu5g_00000546,6,3,0,1128.0,,14.0
simu5g_00000546,6,3,1,984.0,,13.0
simu5g_00000546,6,3,2,1128.0,,14.0
simu5g_00000546,6,3,3,368.0,,6.0
simu5g_00000546,6,3,4,888.0,,12.0
simu5g_00000546,6,3,5,984.0,,13.0
simu5g_00000546,6,3,6,1160.0,,15.0
simu5g_00000546,6,3,7,984.0,,13.0
simu5g_00000546,6,3,8,1128.0,,14.0
simu5g_00000546,6,3,9,808.0,,11.0
simu5g_00000546,6,3,10,888.0,,12.0
simu5g_00000546,6,3,11,984.0,,13.0
simu5g_00000546,6,3,12,1160.0,,15.0
simu5g_00000546,6,3,13,888.0,,12.0
simu5g_00000546,6,3,14,1128.0,,14.0
simu5g_00000546,6,3,15,1160.0,,15.0
simu5g_00000546,6,3,16,608.0,,9.0
simu5g_00000546,6,3,17,1128.0,,14.0
simu5g_00000546,6,3,18,1128.0,,14.0
simu5g_00000546,6,3,19,984.0,,13.0
simu5g_00000546,6,3,20,1128.0,,14.0
simu5g_00000546,6,3,21,984.0,,13.0
simu5g_00000546,6,3,22,1128.0,,14.0
simu5g_00000546,6,3,23,1128.0,,14.0
simu5g_00000546,6,3,24,1160.0,,15.0
simu5g_00000547,0,0,0,1128.0,,14.0
simu5g_00000547,0,0,1,368.0,,6.0
simu5g_00000547,0,0,2,1160.0,,15.0
simu5g_00000547,0,0,3,888.0,,12.0
simu5g_00000547,0,0,4,1128.0,,14.0
simu5g_00000547,0,0,5,888.0,,12.0
simu5g_00000547,0,0,6,984.0,,13.0
simu5g_00000547,0,0,7,1128.0,,14.0
simu5g_00000547,0,0,8,608.0,,9.0
simu5g_00000547,0,0,9,984.0,,13.0
simu5g_00000547,0,0,10,1128.0,,14.0
simu5g_00000547,0,0,11,1160.0,,15.0
simu5g_00000547,0,0,12,1128.0,,14.0
simu5g_00000547,0,0,13,984.0,,13.0
simu5g_00000547,0,0,14,1128.0,,14.0
simu5g_00000547,0,0,15,1128.0,,14.0
simu5g_00000547,0,0,16,984.0,,13.0
simu5g_00000547,0,0,17,1160.0,,15.0
simu5g_00000547,0,0,18,1128.0,,14.0
simu5g_00000547,0,0,19,984.0,,13.0
simu5g_00000547,0,0,20,1160.0,,15.0
simu5g_00000547,0,0,21,704.0,,10.0
simu5g_00000547,0,0,22,1128.0,,14.0
simu5g_00000547,0,0,23,1160.0,,15.0
simu5g_00000547,0,0,24,984.0,,13.0
simu5g_00000547,1,1,0,1160.0,,15.0
simu5g_00000547,1,1,1,1160.0,,15.0
simu5g_00000547,1,1,2,1160.0,,15.0
simu5g_00000547,1,1,3,1160.0,,15.0
simu5g_00000547,1,1,4,1160.0,,15.0
simu5g_00000547,1,1,5,1160.0,,15.0
simu5g_00000547,1,1,6,1160.0,,15.0
simu5g_00000547,1,1,7,1128.0,,14.0
simu5g_00000547,1,1,8,984.0,,13.0
simu5g_00000547,1,1,9,1160.0,,15.0
simu5g_00000547,1,1,10,1160.0,,15.0
simu5g_00000547,1,1,11,1160.0,,15.0
simu5g_00000547,1,1,12,1160.0,,15.0
simu5g_00000547,1,1,13,1160.0,,15.0
simu5g_00000547,1,1,14,1160.0,,15.0
simu5g_00000547,1,1,15,1160.0,,15.0
simu5g_00000547,1,1,16,1160.0,,15.0
simu5g_00000547,1,1,17,1160.0,,15.0
simu5g_00000547,1,1,18,1160.0,,15.0
simu5g_00000547,1,1,19,1160.0,,15.0
simu5g_00000547,1,1,20,1160.0,,15.0
simu5g_00000547,1,1,21,888.0,,12.0
simu5g_00000547,1,1,22,1160.0,,15.0
simu5g_00000547,1,1,23,1128.0,,14.0
simu5g_00000547,1,1,24,1160.0,,15.0
simu5g_00000547,15,2,0,1160.0,,15.0
simu5g_00000547,15,2,1,1160.0,,15.0
simu5g_00000547,15,2,2,1160.0,,15.0
simu5g_00000547,15,2,3,1160.0,,15.0
simu5g_00000547,15,2,4,1160.0,,15.0
simu5g_00000547,15,2,5,1128.0,,14.0
simu5g_00000547,15,2,6,1160.0,,15.0
simu5g_00000547,15,2,7,1160.0,,15.0
simu5g_00000547,15,2,8,1160.0,,15.0
simu5g_00000547,15,2,9,1160.0,,15.0
simu5g_00000547,15,2,10,1160.0,,15.0
simu5g_00000547,15,2,11,1160.0,,15.0
simu5g_00000547,15,2,12,1160.0,,15.0
simu5g_00000547,15,2,13,1160.0,,15.0
simu5g_00000547,15,2,14,1160.0,,15.0
simu5g_00000547,15,2,15,1160.0,,15.0
simu5g_00000547,15,2,16,1160.0,,15.0
simu5g_00000547,15,2,17,1160.0,,15.0
simu5g_00000547,15,2,18,1160.0,,15.0
simu5g_00000547,15,2,19,1160.0,,15.0
simu5g_00000547,15,2,20,1160.0,,15.0
simu5g_00000547,15,2,21,1160.0,,15.0
simu5g_00000547,15,2,22,1160.0,,15.0
simu5g_00000547,15,2,23,1160.0,,15.0
simu5g_00000547,15,2,24,1160.0,,15.0
simu5g_00000547,2,3,0,1128.0,,14.0
simu5g_00000547,2,3,1,1160.0,,15.0
simu5g_00000547,2,3,2,1128.0,,14.0
simu5g_00000547,2,3,3,1160.0,,15.0
simu5g_00000547,2,3,4,1128.0,,14.0
simu5g_00000547,2,3,5,984.0,,13.0
simu5g_00000547,2,3,6,1128.0,,14.0
simu5g_00000547,2,3,7,704.0,,10.0
simu5g_00000547,2,3,8,1160.0,,15.0
simu5g_00000547,2,3,9,1160.0,,15.0
simu5g_00000547,2,3,10,1128.0,,14.0
simu5g_00000547,2,3,11,888.0,,12.0
simu5g_00000547,2,3,12,984.0,,13.0
simu5g_00000547,2,3,13,1160.0,,15.0
simu5g_00000547,2,3,14,1160.0,,15.0
simu5g_00000547,2,3,15,1160.0,,15.0
simu5g_00000547,2,3,16,984.0,,13.0
simu5g_00000547,2,3,17,1128.0,,14.0
simu5g_00000547,2,3,18,1128.0,,14.0
simu5g_00000547,2,3,19,1160.0,,15.0
simu5g_00000547,2,3,20,1160.0,,15.0
simu5g_00000547,2,3,21,1128.0,,14.0
simu5g_00000547,2,3,22,984.0,,13.0
simu5g_00000547,2,3,23,1160.0,,15.0
simu5g_00000547,2,3,24,984.0,,13.0
simu5g_00000547,31,4,0,1160.0,,15.0
simu5g_00000547,31,4,1,1160.0,,15.0
simu5g_00000547,31,4,2,1160.0,,15.0
simu5g_00000547,31,4,3,1160.0,,15.0
simu5g_00000547,31,4,4,1160.0,,15.0
simu5g_00000547,31,4,5,1160.0,,15.0
simu5g_00000547,31,4,6,1160.0,,15.0
simu5g_00000547,31,4,7,1160.0,,15.0
simu5g_00000547,31,4,8,1160.0,,15.0
simu5g_00000547,31,4,9,1160.0,,15.0
simu5g_00000547,31,4,10,1160.0,,15.0
simu5g_00000547,31,4,11,1160.0,,15.0
simu5g_00000547,31,4,12,984.0,,13.0
simu5g_00000547,31,4,13,1160.0,,15.0
simu5g_00000547,31,4,14,1160.0,,15.0
simu5g_00000547,31,4,15,1160.0,,15.0
simu5g_00000547,31,4,16,1160.0,,15.0
simu5g_00000547,31,4,17,1160.0,,15.0
simu5g_00000547,31,4,18,1160.0,,15.0
simu5g_00000547,31,4,19,1160.0,,15.0
simu5g_00000547,31,4,20,1160.0,,15.0
simu5g_00000547,31,4,21,1160.0,,15.0
simu5g_00000547,31,4,22,1160.0,,15.0
simu5g_00000547,31,4,23,1160.0,,15.0
simu5g_00000547,31,4,24,1160.0,,15.0
simu5g_00000548,3,0,0,984.0,,13.0
simu5g_00000548,3,0,1,1160.0,,15.0
simu5g_00000548,3,0,2,1128.0,,14.0
simu5g_00000548,3,0,3,1128.0,,14.0
simu5g_00000548,3,0,4,1160.0,,15.0
simu5g_00000548,3,0,5,1160.0,,15.0
simu5g_00000548,3,0,6,1128.0,,14.0
simu5g_00000548,3,0,7,1128.0,,14.0
simu5g_00000548,3,0,8,704.0,,10.0
simu5g_00000548,3,0,9,704.0,,10.0
simu5g_00000548,3,0,10,1128.0,,14.0
simu5g_00000548,3,0,11,1128.0,,14.0
simu5g_00000548,3,0,12,1128.0,,14.0
simu5g_00000548,3,0,13,1160.0,,15.0
simu5g_00000548,3,0,14,1160.0,,15.0
simu5g_00000548,3,0,15,1128.0,,14.0
simu5g_00000548,3,0,16,1160.0,,15.0
simu5g_00000548,3,0,17,1128.0,,14.0
simu5g_00000548,3,0,18,1128.0,,14.0
simu5g_00000548,3,0,19,1128.0,,14.0
simu5g_00000548,3,0,20,1128.0,,14.0
simu5g_00000548,3,0,21,984.0,,13.0
simu5g_00000548,3,0,22,984.0,,13.0
simu5g_00000548,3,0,23,1128.0,,14.0
simu5g_00000548,3,0,24,984.0,,13.0
simu5g_00000548,4,1,0,1128.0,,14.0
simu5g_00000548,4,1,1,984.0,,13.0
simu5g_00000548,4,1,2,1160.0,,15.0
simu5g_00000548,4,1,3,528.0,,8.0
simu5g_00000548,4,1,4,1128.0,,14.0
simu5g_00000548,4,1,5,1160.0,,15.0
simu5g_00000548,4,1,6,1160.0,,15.0
simu5g_00000548,4,1,7,608.0,,9.0
simu5g_00000548,4,1,8,888.0,,12.0
simu5g_00000548,4,1,9,1128.0,,14.0
simu5g_00000548,4,1,10,1128.0,,14.0
simu5g_00000548,4,1,11,1128.0,,14.0
simu5g_00000548,4,1,12,1160.0,,15.0
simu5g_00000548,4,1,13,1128.0,,14.0
simu5g_00000548,4,1,14,1160.0,,15.0
simu5g_00000548,4,1,15,984.0,,13.0
simu5g_00000548,4,1,16,984.0,,13.0
simu5g_00000548,4,1,17,984.0,,13.0
simu5g_00000548,4,1,18,1160.0,,15.0
simu5g_00000548,4,1,19,1128.0,,14.0
simu5g_00000548,4,1,20,1128.0,,14.0
simu5g_00000548,4,1,21,984.0,,13.0
simu5g_00000548,4,1,22,1160.0,,15.0
simu5g_00000548,4,1,23,1128.0,,14.0
simu5g_00000548,4,1,24,984.0,,13.0
simu5g_00000548,5,2,0,984.0,,13.0
simu5g_00000548,5,2,1,808.0,,11.0
simu5g_00000548,5,2,2,888.0,,12.0
simu5g_00000548,5,2,3,704.0,,10.0
simu5g_00000548,5,2,4,1128.0,,14.0
simu5g_00000548,5,2,5,808.0,,11.0
simu5g_00000548,5,2,6,888.0,,12.0
simu5g_00000548,5,2,7,888.0,,12.0
simu5g_00000548,5,2,8,888.0,,12.0
simu5g_00000548,5,2,9,1128.0,,14.0
simu5g_00000548,5,2,10,984.0,,13.0
simu5g_00000548,5,2,11,984.0,,13.0
simu5g_00000548,5,2,12,888.0,,12.0
simu5g_00000548,5,2,13,608.0,,9.0
simu5g_00000548,5,2,14,608.0,,9.0
simu5g_00000548,5,2,15,704.0,,10.0
simu5g_00000548,5,2,16,304.0,,5.0
simu5g_00000548,5,2,17,1128.0,,14.0
simu5g_00000548,5,2,18,984.0,,13.0
simu5g_00000548,5,2,19,888.0,,12.0
simu5g_00000548,5,2,20,808.0,,11.0
simu5g_00000548,5,2,21,528.0,,8.0
simu5g_00000548,5,2,22,1128.0,,14.0
simu5g_00000548,5,2,23,704.0,,10.0
simu5g_00000548,5,2,24,808.0,,11.0
simu5g_00000548,6,3,0,1128.0,,14.0
simu5g_00000548,6,3,1,984.0,,13.0
simu5g_00000548,6,3,2,1128.0,,14.0
simu5g_00000548,6,3,3,368.0,,6.0
simu5g_00000548,6,3,4,888.0,,12.0
simu5g_00000548,6,3,5,984.0,,13.0
simu5g_00000548,6,3,6,1160.0,,15.0
simu5g_00000548,6,3,7,984.0,,13.0
simu5g_00000548,6,3,8,1128.0,,14.0
simu5g_00000548,6,3,9,808.0,,11.0
simu5g_00000548,6,3,10,888.0,,12.0
simu5g_00000548,6,3,11,984.0,,13.0
simu5g_00000548,6,3,12,1160.0,,15.0
simu5g_00000548,6,3,13,888.0,,12.0
simu5g_00000548,6,3,14,1128.0,,14.0
simu5g_00000548,6,3,15,1160.0,,15.0
simu5g_00000548,6,3,16,608.0,,9.0
simu5g_00000548,6,3,17,1128.0,,14.0
simu5g_00000548,6,3,18,1128.0,,14.0
simu5g_00000548,6,3,19,984.0,,13.0
simu5g_00000548,6,3,20,1128.0,,14.0
simu5g_00000548,6,3,21,984.0,,13.0
simu5g_00000548,6,3,22,1128.0,,14.0
simu5g_00000548,6,3,23,1128.0,,14.0
simu5g_00000548,6,3,24,1160.0,,15.0
simu5g_00000549,0,0,0,1160.0,,15.0
simu5g_00000549,0,0,1,984.0,,13.0
simu5g_00000549,0,0,2,1160.0,,15.0
simu5g_00000549,0,0,3,1160.0,,15.0
simu5g_00000549,0,0,4,1160.0,,15.0
simu5g_00000549,0,0,5,1160.0,,15.0
simu5g_00000549,0,0,6,1160.0,,15.0
simu5g_00000549,0,0,7,1160.0,,15.0
simu5g_00000549,0,0,8,1128.0,,14.0
simu5g_00000549,0,0,9,1160.0,,15.0
simu5g_00000549,0,0,10,1160.0,,15.0
simu5g_00000549,0,0,11,1160.0,,15.0
simu5g_00000549,0,0,12,1160.0,,15.0
simu5g_00000549,0,0,13,1160.0,,15.0
simu5g_00000549,0,0,14,1160.0,,15.0
simu5g_00000549,0,0,15,1160.0,,15.0
simu5g_00000549,0,0,16,1160.0,,15.0
simu5g_00000549,0,0,17,1160.0,,15.0
simu5g_00000549,0,0,18,1160.0,,15.0
simu5g_00000549,0,0,19,1160.0,,15.0
simu5g_00000549,0,0,20,1160.0,,15.0
simu5g_00000549,0,0,21,1160.0,,15.0
simu5g_00000549,0,0,22,1160.0,,15.0
simu5g_00000549,0,0,23,1160.0,,15.0
simu5g_00000549,0,0,24,1160.0,,15.0
simu5g_00000549,1,1,0,1160.0,,15.0
simu5g_00000549,1,1,1,1160.0,,15.0
simu5g_00000549,1,1,2,1160.0,,15.0
simu5g_00000549,1,1,3,1160.0,,15.0
simu5g_00000549,1,1,4,1160.0,,15.0
simu5g_00000549,1,1,5,1160.0,,15.0
simu5g_00000549,1,1,6,1160.0,,15.0
simu5g_00000549,1,1,7,1160.0,,15.0
simu5g_00000549,1,1,8,1128.0,,14.0
simu5g_00000549,1,1,9,1160.0,,15.0
simu5g_00000549,1,1,10,1160.0,,15.0
simu5g_00000549,1,1,11,1160.0,,15.0
simu5g_00000549,1,1,12,1160.0,,15.0
simu5g_00000549,1,1,13,1160.0,,15.0
simu5g_00000549,1,1,14,1160.0,,15.0
simu5g_00000549,1,1,15,1160.0,,15.0
simu5g_00000549,1,1,16,1160.0,,15.0
simu5g_00000549,1,1,17,1160.0,,15.0
simu5g_00000549,1,1,18,1160.0,,15.0
simu5g_00000549,1,1,19,1160.0,,15.0
simu5g_00000549,1,1,20,1160.0,,15.0
simu5g_00000549,1,1,21,1128.0,,14.0
simu5g_00000549,1,1,22,1160.0,,15.0
simu5g_00000549,1,1,23,1160.0,,15.0
simu5g_00000549,1,1,24,1160.0,,15.0
simu5g_00000549,15,2,0,1160.0,,15.0
simu5g_00000549,15,2,1,1160.0,,15.0
simu5g_00000549,15,2,2,1160.0,,15.0
simu5g_00000549,15,2,3,1160.0,,15.0
simu5g_00000549,15,2,4,1160.0,,15.0
simu5g_00000549,15,2,5,1128.0,,14.0
simu5g_00000549,15,2,6,1160.0,,15.0
simu5g_00000549,15,2,7,1160.0,,15.0
simu5g_00000549,15,2,8,1160.0,,15.0
simu5g_00000549,15,2,9,1160.0,,15.0
simu5g_00000549,15,2,10,1160.0,,15.0
simu5g_00000549,15,2,11,1160.0,,15.0
simu5g_00000549,15,2,12,1160.0,,15.0
simu5g_00000549,15,2,13,1160.0,,15.0
simu5g_00000549,15,2,14,1160.0,,15.0
simu5g_00000549,15,2,15,1160.0,,15.0
simu5g_00000549,15,2,16,1160.0,,15.0
simu5g_00000549,15,2,17,1160.0,,15.0
simu5g_00000549,15,2,18,1160.0,,15.0
simu5g_00000549,15,2,19,1160.0,,15.0
simu5g_00000549,15,2,20,1160.0,,15.0
simu5g_00000549,15,2,21,1160.0,,15.0
simu5g_00000549,15,2,22,1160.0,,15.0
simu5g_00000549,15,2,23,1160.0,,15.0
simu5g_00000549,15,2,24,1160.0,,15.0
simu5g_00000549,2,3,0,1128.0,,14.0
simu5g_00000549,2,3,1,1160.0,,15.0
simu5g_00000549,2,3,2,1128.0,,14.0
simu5g_00000549,2,3,3,1160.0,,15.0
simu5g_00000549,2,3,4,1128.0,,14.0
simu5g_00000549,2,3,5,984.0,,13.0
simu5g_00000549,2,3,6,1128.0,,14.0
simu5g_00000549,2,3,7,704.0,,10.0
simu5g_00000549,2,3,8,1160.0,,15.0
simu5g_00000549,2,3,9,1160.0,,15.0
simu5g_00000549,2,3,10,1128.0,,14.0
simu5g_00000549,2,3,11,888.0,,12.0
simu5g_00000549,2,3,12,984.0,,13.0
simu5g_00000549,2,3,13,1160.0,,15.0
simu5g_00000549,2,3,14,1160.0,,15.0
simu5g_00000549,2,3,15,1160.0,,15.0
simu5g_00000549,2,3,16,984.0,,13.0
simu5g_00000549,2,3,17,1128.0,,14.0
simu5g_00000549,2,3,18,1128.0,,14.0
simu5g_00000549,2,3,19,1160.0,,15.0
simu5g_00000549,2,3,20,1160.0,,15.0
simu5g_00000549,2,3,21,1128.0,,14.0
simu5g_00000549,2,3,22,984.0,,13.0
simu5g_00000549,2,3,23,1160.0,,15.0
simu5g_00000549,2,3,24,984.0,,13.0
simu5g_00000549,31,4,0,1160.0,,15.0
simu5g_00000549,31,4,1,1160.0,,15.0
simu5g_00000549,31,4,2,1160.0,,15.0
simu5g_00000549,31,4,3,1160.0,,15.0
simu5g_00000549,31,4,4,1160.0,,15.0
simu5g_00000549,31,4,5,1160.0,,15.0
simu5g_00000549,31,4,6,1160.0,,15.0
simu5g_00000549,31,4,7,1160.0,,15.0
simu5g_00000549,31,4,8,1160.0,,15.0
simu5g_00000549,31,4,9,1160.0,,15.0
simu5g_00000549,31,4,10,1160.0,,15.0
simu5g_00000549,31,4,11,1160.0,,15.0
simu5g_00000549,31,4,12,984.0,,13.0
simu5g_00000549,31,4,13,1160.0,,15.0
simu5g_00000549,31,4,14,1160.0,,15.0
simu5g_00000549,31,4,15,1160.0,,15.0
simu5g_00000549,31,4,16,1160.0,,15.0
simu5g_00000549,31,4,17,1160.0,,15.0
simu5g_00000549,31,4,18,1160.0,,15.0
simu5g_00000549,31,4,19,1160.0,,15.0
simu5g_00000549,31,4,20,1160.0,,15.0
simu5g_00000549,31,4,21,1160.0,,15.0
simu5g_00000549,31,4,22,1160.0,,15.0
simu5g_00000549,31,4,23,1160.0,,15.0
simu5g_00000549,31,4,24,1160.0,,15.0
simu5g_00000550,3,0,0,984.0,,13.0
simu5g_00000550,3,0,1,1160.0,,15.0
simu5g_00000550,3,0,2,1128.0,,14.0
simu5g_00000550,3,0,3,1128.0,,14.0
simu5g_00000550,3,0,4,1160.0,,15.0
simu5g_00000550,3,0,5,1160.0,,15.0
simu5g_00000550,3,0,6,1128.0,,14.0
simu5g_00000550,3,0,7,1128.0,,14.0
simu5g_00000550,3,0,8,704.0,,10.0
simu5g_00000550,3,0,9,704.0,,10.0
simu5g_00000550,3,0,10,1128.0,,14.0
simu5g_00000550,3,0,11,1128.0,,14.0
simu5g_00000550,3,0,12,1128.0,,14.0
simu5g_00000550,3,0,13,1160.0,,15.0
simu5g_00000550,3,0,14,1160.0,,15.0
simu5g_00000550,3,0,15,1128.0,,14.0
simu5g_00000550,3,0,16,1160.0,,15.0
simu5g_00000550,3,0,17,1128.0,,14.0
simu5g_00000550,3,0,18,1128.0,,14.0
simu5g_00000550,3,0,19,1128.0,,14.0
simu5g_00000550,3,0,20,1128.0,,14.0
simu5g_00000550,3,0,21,984.0,,13.0
simu5g_00000550,3,0,22,984.0,,13.0
simu5g_00000550,3,0,23,1128.0,,14.0
simu5g_00000550,3,0,24,984.0,,13.0
simu5g_00000550,4,1,0,1128.0,,14.0
simu5g_00000550,4,1,1,984.0,,13.0
simu5g_00000550,4,1,2,1160.0,,15.0
simu5g_00000550,4,1,3,528.0,,8.0
simu5g_00000550,4,1,4,1128.0,,14.0
simu5g_00000550,4,1,5,1160.0,,15.0
simu5g_00000550,4,1,6,1160.0,,15.0
simu5g_00000550,4,1,7,608.0,,9.0
simu5g_00000550,4,1,8,888.0,,12.0
simu5g_00000550,4,1,9,1128.0,,14.0
simu5g_00000550,4,1,10,1128.0,,14.0
simu5g_00000550,4,1,11,1128.0,,14.0
simu5g_00000550,4,1,12,1160.0,,15.0
simu5g_00000550,4,1,13,1128.0,,14.0
simu5g_00000550,4,1,14,1160.0,,15.0
simu5g_00000550,4,1,15,984.0,,13.0
simu5g_00000550,4,1,16,984.0,,13.0
simu5g_00000550,4,1,17,984.0,,13.0
simu5g_00000550,4,1,18,1160.0,,15.0
simu5g_00000550,4,1,19,1128.0,,14.0
simu5g_00000550,4,1,20,1128.0,,14.0
simu5g_00000550,4,1,21,984.0,,13.0
simu5g_00000550,4,1,22,1160.0,,15.0
simu5g_00000550,4,1,23,1128.0,,14.0
simu5g_00000550,4,1,24,984.0,,13.0
simu5g_00000550,5,2,0,984.0,,13.0
simu5g_00000550,5,2,1,808.0,,11.0
simu5g_00000550,5,2,2,888.0,,12.0
simu5g_00000550,5,2,3,704.0,,10.0
simu5g_00000550,5,2,4,1128.0,,14.0
simu5g_00000550,5,2,5,808.0,,11.0
simu5g_00000550,5,2,6,888.0,,12.0
simu5g_00000550,5,2,7,888.0,,12.0
simu5g_00000550,5,2,8,888.0,,12.0
simu5g_00000550,5,2,9,1128.0,,14.0
simu5g_00000550,5,2,10,984.0,,13.0
simu5g_00000550,5,2,11,984.0,,13.0
simu5g_00000550,5,2,12,888.0,,12.0
simu5g_00000550,5,2,13,608.0,,9.0
simu5g_00000550,5,2,14,608.0,,9.0
simu5g_00000550,5,2,15,704.0,,10.0
simu5g_00000550,5,2,16,304.0,,5.0
simu5g_00000550,5,2,17,1128.0,,14.0
simu5g_00000550,5,2,18,984.0,,13.0
simu5g_00000550,5,2,19,888.0,,12.0
simu5g_00000550,5,2,20,808.0,,11.0
simu5g_00000550,5,2,21,528.0,,8.0
simu5g_00000550,5,2,22,1128.0,,14.0
simu5g_00000550,5,2,23,704.0,,10.0
simu5g_00000550,5,2,24,808.0,,11.0
simu5g_00000550,6,3,0,1128.0,,14.0
simu5g_00000550,6,3,1,984.0,,13.0
simu5g_00000550,6,3,2,1128.0,,14.0
simu5g_00000550,6,3,3,368.0,,6.0
simu5g_00000550,6,3,4,888.0,,12.0
simu5g_00000550,6,3,5,984.0,,13.0
simu5g_00000550,6,3,6,1160.0,,15.0
simu5g_00000550,6,3,7,984.0,,13.0
simu5g_00000550,6,3,8,1128.0,,14.0
simu5g_00000550,6,3,9,808.0,,11.0
simu5g_00000550,6,3,10,888.0,,12.0
simu5g_00000550,6,3,11,984.0,,13.0
simu5g_00000550,6,3,12,1160.0,,15.0
simu5g_00000550,6,3,13,888.0,,12.0
simu5g_00000550,6,3,14,1128.0,,14.0
simu5g_00000550,6,3,15,1160.0,,15.0
simu5g_00000550,6,3,16,608.0,,9.0
simu5g_00000550,6,3,17,1128.0,,14.0
simu5g_00000550,6,3,18,1128.0,,14.0
simu5g_00000550,6,3,19,984.0,,13.0
simu5g_00000550,6,3,20,1128.0,,14.0
simu5g_00000550,6,3,21,984.0,,13.0
simu5g_00000550,6,3,22,1128.0,,14.0
simu5g_00000550,6,3,23,1128.0,,14.0
simu5g_00000550,6,3,24,1160.0,,15.0
simu5g_00000551,0,0,0,1160.0,,15.0
simu5g_00000551,0,0,1,984.0,,13.0
simu5g_00000551,0,0,2,1160.0,,15.0
simu5g_00000551,0,0,3,1160.0,,15.0
simu5g_00000551,0,0,4,1160.0,,15.0
simu5g_00000551,0,0,5,1160.0,,15.0
simu5g_00000551,0,0,6,1160.0,,15.0
simu5g_00000551,0,0,7,1160.0,,15.0
simu5g_00000551,0,0,8,1128.0,,14.0
simu5g_00000551,0,0,9,1160.0,,15.0
simu5g_00000551,0,0,10,1160.0,,15.0
simu5g_00000551,0,0,11,1160.0,,15.0
simu5g_00000551,0,0,12,1160.0,,15.0
simu5g_00000551,0,0,13,1160.0,,15.0
simu5g_00000551,0,0,14,1160.0,,15.0
simu5g_00000551,0,0,15,1160.0,,15.0
simu5g_00000551,0,0,16,1160.0,,15.0
simu5g_00000551,0,0,17,1160.0,,15.0
simu5g_00000551,0,0,18,1160.0,,15.0
simu5g_00000551,0,0,19,1160.0,,15.0
simu5g_00000551,0,0,20,1160.0,,15.0
simu5g_00000551,0,0,21,1160.0,,15.0
simu5g_00000551,0,0,22,1160.0,,15.0
simu5g_00000551,0,0,23,1160.0,,15.0
simu5g_00000551,0,0,24,1160.0,,15.0
simu5g_00000551,1,1,0,1160.0,,15.0
simu5g_00000551,1,1,1,1160.0,,15.0
simu5g_00000551,1,1,2,1160.0,,15.0
simu5g_00000551,1,1,3,1160.0,,15.0
simu5g_00000551,1,1,4,1160.0,,15.0
simu5g_00000551,1,1,5,1160.0,,15.0
simu5g_00000551,1,1,6,1160.0,,15.0
simu5g_00000551,1,1,7,1160.0,,15.0
simu5g_00000551,1,1,8,1128.0,,14.0
simu5g_00000551,1,1,9,1160.0,,15.0
simu5g_00000551,1,1,10,1160.0,,15.0
simu5g_00000551,1,1,11,1160.0,,15.0
simu5g_00000551,1,1,12,1160.0,,15.0
simu5g_00000551,1,1,13,1160.0,,15.0
simu5g_00000551,1,1,14,1160.0,,15.0
simu5g_00000551,1,1,15,1160.0,,15.0
simu5g_00000551,1,1,16,1160.0,,15.0
simu5g_00000551,1,1,17,1160.0,,15.0
simu5g_00000551,1,1,18,1160.0,,15.0
simu5g_00000551,1,1,19,1160.0,,15.0
simu5g_00000551,1,1,20,1160.0,,15.0
simu5g_00000551,1,1,21,1128.0,,14.0
simu5g_00000551,1,1,22,1160.0,,15.0
simu5g_00000551,1,1,23,1160.0,,15.0
simu5g_00000551,1,1,24,1160.0,,15.0
simu5g_00000551,15,2,0,1160.0,,15.0
simu5g_00000551,15,2,1,1160.0,,15.0
simu5g_00000551,15,2,2,1160.0,,15.0
simu5g_00000551,15,2,3,1160.0,,15.0
simu5g_00000551,15,2,4,1160.0,,15.0
simu5g_00000551,15,2,5,1128.0,,14.0
simu5g_00000551,15,2,6,1160.0,,15.0
simu5g_00000551,15,2,7,1160.0,,15.0
simu5g_00000551,15,2,8,1160.0,,15.0
simu5g_00000551,15,2,9,1160.0,,15.0
simu5g_00000551,15,2,10,1160.0,,15.0
simu5g_00000551,15,2,11,1160.0,,15.0
simu5g_00000551,15,2,12,1160.0,,15.0
simu5g_00000551,15,2,13,1160.0,,15.0
simu5g_00000551,15,2,14,1160.0,,15.0
simu5g_00000551,15,2,15,1160.0,,15.0
simu5g_00000551,15,2,16,1160.0,,15.0
simu5g_00000551,15,2,17,1160.0,,15.0
simu5g_00000551,15,2,18,1160.0,,15.0
simu5g_00000551,15,2,19,1160.0,,15.0
simu5g_00000551,15,2,20,1160.0,,15.0
simu5g_00000551,15,2,21,1160.0,,15.0
simu5g_00000551,15,2,22,1160.0,,15.0
simu5g_00000551,15,2,23,1160.0,,15.0
simu5g_00000551,15,2,24,1160.0,,15.0
simu5g_00000551,2,3,0,1128.0,,14.0
simu5g_00000551,2,3,1,1160.0,,15.0
simu5g_00000551,2,3,2,1128.0,,14.0
simu5g_00000551,2,3,3,1160.0,,15.0
simu5g_00000551,2,3,4,1128.0,,14.0
simu5g_00000551,2,3,5,984.0,,13.0
simu5g_00000551,2,3,6,1128.0,,14.0
simu5g_00000551,2,3,7,704.0,,10.0
simu5g_00000551,2,3,8,1160.0,,15.0
simu5g_00000551,2,3,9,1160.0,,15.0
simu5g_00000551,2,3,10,1128.0,,14.0
simu5g_00000551,2,3,11,888.0,,12.0
simu5g_00000551,2,3,12,984.0,,13.0
simu5g_00000551,2,3,13,1160.0,,15.0
simu5g_00000551,2,3,14,1160.0,,15.0
simu5g_00000551,2,3,15,1160.0,,15.0
simu5g_00000551,2,3,16,984.0,,13.0
simu5g_00000551,2,3,17,1128.0,,14.0
simu5g_00000551,2,3,18,1128.0,,14.0
simu5g_00000551,2,3,19,1160.0,,15.0
simu5g_00000551,2,3,20,1160.0,,15.0
simu5g_00000551,2,3,21,1128.0,,14.0
simu5g_00000551,2,3,22,984.0,,13.0
simu5g_00000551,2,3,23,1160.0,,15.0
simu5g_00000551,2,3,24,984.0,,13.0
simu5g_00000551,31,4,0,808.0,,11.0
simu5g_00000551,31,4,1,704.0,,10.0
simu5g_00000551,31,4,2,1128.0,,14.0
simu5g_00000551,31,4,3,984.0,,13.0
simu5g_00000551,31,4,4,1128.0,,14.0
simu5g_00000551,31,4,5,984.0,,13.0
simu5g_00000551,31,4,6,1128.0,,14.0
simu5g_00000551,31,4,7,984.0,,13.0
simu5g_00000551,31,4,8,1160.0,,15.0
simu5g_00000551,31,4,9,1160.0,,15.0
simu5g_00000551,31,4,10,984.0,,13.0
simu5g_00000551,31,4,11,888.0,,12.0
simu5g_00000551,31,4,12,368.0,,6.0
simu5g_00000551,31,4,13,984.0,,13.0
simu5g_00000551,31,4,14,1128.0,,14.0
simu5g_00000551,31,4,15,1128.0,,14.0
simu5g_00000551,31,4,16,888.0,,12.0
simu5g_00000551,31,4,17,1160.0,,15.0
simu5g_00000551,31,4,18,1160.0,,15.0
simu5g_00000551,31,4,19,888.0,,12.0
simu5g_00000551,31,4,20,808.0,,11.0
simu5g_00000551,31,4,21,1128.0,,14.0
simu5g_00000551,31,4,22,984.0,,13.0
simu5g_00000551,31,4,23,1128.0,,14.0
simu5g_00000551,31,4,24,1160.0,,15.0
simu5g_00000552,3,0,0,808.0,,11.0
simu5g_00000552,3,0,1,1128.0,,14.0
simu5g_00000552,3,0,2,888.0,,12.0
simu5g_00000552,3,0,3,984.0,,13.0
simu5g_00000552,3,0,4,1128.0,,14.0
simu5g_00000552,3,0,5,984.0,,13.0
simu5g_00000552,3,0,6,984.0,,13.0
simu5g_00000552,3,0,7,888.0,,12.0
simu5g_00000552,3,0,8,432.0,,7.0
simu5g_00000552,3,0,9,432.0,,7.0
simu5g_00000552,3,0,10,984.0,,13.0
simu5g_00000552,3,0,11,888.0,,12.0
simu5g_00000552,3,0,12,984.0,,13.0
simu5g_00000552,3,0,13,984.0,,13.0
simu5g_00000552,3,0,14,1128.0,,14.0
simu5g_00000552,3,0,15,984.0,,13.0
simu5g_00000552,3,0,16,984.0,,13.0
simu5g_00000552,3,0,17,984.0,,13.0
simu5g_00000552,3,0,18,984.0,,13.0
simu5g_00000552,3,0,19,984.0,,13.0
simu5g_00000552,3,0,20,984.0,,13.0
simu5g_00000552,3,0,21,808.0,,11.0
simu5g_00000552,3,0,22,704.0,,10.0
simu5g_00000552,3,0,23,984.0,,13.0
simu5g_00000552,3,0,24,704.0,,10.0
simu5g_00000552,4,1,0,1160.0,,15.0
simu5g_00000552,4,1,1,984.0,,13.0
simu5g_00000552,4,1,2,1160.0,,15.0
simu5g_00000552,4,1,3,608.0,,9.0
simu5g_00000552,4,1,4,1160.0,,15.0
simu5g_00000552,4,1,5,1160.0,,15.0
simu5g_00000552,4,1,6,1160.0,,15.0
simu5g_00000552,4,1,7,808.0,,11.0
simu5g_00000552,4,1,8,984.0,,13.0
simu5g_00000552,4,1,9,1160.0,,15.0
simu5g_00000552,4,1,10,1128.0,,14.0
simu5g_00000552,4,1,11,1160.0,,15.0
simu5g_00000552,4,1,12,1160.0,,15.0
simu5g_00000552,4,1,13,1128.0,,14.0
simu5g_00000552,4,1,14,1160.0,,15.0
simu5g_00000552,4,1,15,984.0,,13.0
simu5g_00000552,4,1,16,1128.0,,14.0
simu5g_00000552,4,1,17,1128.0,,14.0
simu5g_00000552,4,1,18,1160.0,,15.0
simu5g_00000552,4,1,19,1160.0,,15.0
simu5g_00000552,4,1,20,1128.0,,14.0
simu5g_00000552,4,1,21,1128.0,,14.0
simu5g_00000552,4,1,22,1160.0,,15.0
simu5g_00000552,4,1,23,1160.0,,15.0
simu5g_00000552,4,1,24,1128.0,,14.0
simu5g_00000552,5,2,0,984.0,,13.0
simu5g_00000552,5,2,1,808.0,,11.0
simu5g_00000552,5,2,2,888.0,,12.0
simu5g_00000552,5,2,3,704.0,,10.0
simu5g_00000552,5,2,4,1128.0,,14.0
simu5g_00000552,5,2,5,808.0,,11.0
simu5g_00000552,5,2,6,888.0,,12.0
simu5g_00000552,5,2,7,888.0,,12.0
simu5g_00000552,5,2,8,888.0,,12.0
simu5g_00000552,5,2,9,1128.0,,14.0
simu5g_00000552,5,2,10,984.0,,13.0
simu5g_00000552,5,2,11,984.0,,13.0
simu5g_00000552,5,2,12,888.0,,12.0
simu5g_00000552,5,2,13,608.0,,9.0
simu5g_00000552,5,2,14,608.0,,9.0
simu5g_00000552,5,2,15,704.0,,10.0
simu5g_00000552,5,2,16,304.0,,5.0
simu5g_00000552,5,2,17,1128.0,,14.0
simu5g_00000552,5,2,18,984.0,,13.0
simu5g_00000552,5,2,19,888.0,,12.0
simu5g_00000552,5,2,20,808.0,,11.0
simu5g_00000552,5,2,21,528.0,,8.0
simu5g_00000552,5,2,22,1128.0,,14.0
simu5g_00000552,5,2,23,704.0,,10.0
simu5g_00000552,5,2,24,808.0,,11.0
simu5g_00000552,6,3,0,1128.0,,14.0
simu5g_00000552,6,3,1,984.0,,13.0
simu5g_00000552,6,3,2,1128.0,,14.0
simu5g_00000552,6,3,3,368.0,,6.0
simu5g_00000552,6,3,4,888.0,,12.0
simu5g_00000552,6,3,5,984.0,,13.0
simu5g_00000552,6,3,6,1160.0,,15.0
simu5g_00000552,6,3,7,984.0,,13.0
simu5g_00000552,6,3,8,1128.0,,14.0
simu5g_00000552,6,3,9,808.0,,11.0
simu5g_00000552,6,3,10,888.0,,12.0
simu5g_00000552,6,3,11,984.0,,13.0
simu5g_00000552,6,3,12,1160.0,,15.0
simu5g_00000552,6,3,13,888.0,,12.0
simu5g_00000552,6,3,14,1128.0,,14.0
simu5g_00000552,6,3,15,1160.0,,15.0
simu5g_00000552,6,3,16,608.0,,9.0
simu5g_00000552,6,3,17,1128.0,,14.0
simu5g_00000552,6,3,18,1128.0,,14.0
simu5g_00000552,6,3,19,984.0,,13.0
simu5g_00000552,6,3,20,1128.0,,14.0
simu5g_00000552,6,3,21,984.0,,13.0
simu5g_00000552,6,3,22,1128.0,,14.0
simu5g_00000552,6,3,23,1128.0,,14.0
simu5g_00000552,6,3,24,1160.0,,15.0
simu5g_00000553,0,0,0,1160.0,,15.0
simu5g_00000553,0,0,1,984.0,,13.0
simu5g_00000553,0,0,2,1160.0,,15.0
simu5g_00000553,0,0,3,1160.0,,15.0
simu5g_00000553,0,0,4,1160.0,,15.0
simu5g_00000553,0,0,5,1160.0,,15.0
simu5g_00000553,0,0,6,1160.0,,15.0
simu5g_00000553,0,0,7,1160.0,,15.0
simu5g_00000553,0,0,8,1128.0,,14.0
simu5g_00000553,0,0,9,1160.0,,15.0
simu5g_00000553,0,0,10,1160.0,,15.0
simu5g_00000553,0,0,11,1160.0,,15.0
simu5g_00000553,0,0,12,1160.0,,15.0
simu5g_00000553,0,0,13,1160.0,,15.0
simu5g_00000553,0,0,14,1160.0,,15.0
simu5g_00000553,0,0,15,1160.0,,15.0
simu5g_00000553,0,0,16,1160.0,,15.0
simu5g_00000553,0,0,17,1160.0,,15.0
simu5g_00000553,0,0,18,1160.0,,15.0
simu5g_00000553,0,0,19,1160.0,,15.0
simu5g_00000553,0,0,20,1160.0,,15.0
simu5g_00000553,0,0,21,1160.0,,15.0
simu5g_00000553,0,0,22,1160.0,,15.0
simu5g_00000553,0,0,23,1160.0,,15.0
simu5g_00000553,0,0,24,1160.0,,15.0
simu5g_00000553,1,1,0,1160.0,,15.0
simu5g_00000553,1,1,1,1160.0,,15.0
simu5g_00000553,1,1,2,1160.0,,15.0
simu5g_00000553,1,1,3,1160.0,,15.0
simu5g_00000553,1,1,4,1160.0,,15.0
simu5g_00000553,1,1,5,1160.0,,15.0
simu5g_00000553,1,1,6,1160.0,,15.0
simu5g_00000553,1,1,7,1160.0,,15.0
simu5g_00000553,1,1,8,1128.0,,14.0
simu5g_00000553,1,1,9,1160.0,,15.0
simu5g_00000553,1,1,10,1160.0,,15.0
simu5g_00000553,1,1,11,1160.0,,15.0
simu5g_00000553,1,1,12,1160.0,,15.0
simu5g_00000553,1,1,13,1160.0,,15.0
simu5g_00000553,1,1,14,1160.0,,15.0
simu5g_00000553,1,1,15,1160.0,,15.0
simu5g_00000553,1,1,16,1160.0,,15.0
simu5g_00000553,1,1,17,1160.0,,15.0
simu5g_00000553,1,1,18,1160.0,,15.0
simu5g_00000553,1,1,19,1160.0,,15.0
simu5g_00000553,1,1,20,1160.0,,15.0
simu5g_00000553,1,1,21,1128.0,,14.0
simu5g_00000553,1,1,22,1160.0,,15.0
simu5g_00000553,1,1,23,1160.0,,15.0
simu5g_00000553,1,1,24,1160.0,,15.0
simu5g_00000553,15,2,0,1160.0,,15.0
simu5g_00000553,15,2,1,1160.0,,15.0
simu5g_00000553,15,2,2,1160.0,,15.0
simu5g_00000553,15,2,3,1160.0,,15.0
simu5g_00000553,15,2,4,1160.0,,15.0
simu5g_00000553,15,2,5,1128.0,,14.0
simu5g_00000553,15,2,6,1160.0,,15.0
simu5g_00000553,15,2,7,1160.0,,15.0
simu5g_00000553,15,2,8,1160.0,,15.0
simu5g_00000553,15,2,9,1160.0,,15.0
simu5g_00000553,15,2,10,1160.0,,15.0
simu5g_00000553,15,2,11,1160.0,,15.0
simu5g_00000553,15,2,12,1160.0,,15.0
simu5g_00000553,15,2,13,1160.0,,15.0
simu5g_00000553,15,2,14,1160.0,,15.0
simu5g_00000553,15,2,15,1160.0,,15.0
simu5g_00000553,15,2,16,1160.0,,15.0
simu5g_00000553,15,2,17,1160.0,,15.0
simu5g_00000553,15,2,18,1160.0,,15.0
simu5g_00000553,15,2,19,1160.0,,15.0
simu5g_00000553,15,2,20,1160.0,,15.0
simu5g_00000553,15,2,21,1160.0,,15.0
simu5g_00000553,15,2,22,1160.0,,15.0
simu5g_00000553,15,2,23,1160.0,,15.0
simu5g_00000553,15,2,24,1160.0,,15.0
simu5g_00000553,2,3,0,1128.0,,14.0
simu5g_00000553,2,3,1,1160.0,,15.0
simu5g_00000553,2,3,2,1128.0,,14.0
simu5g_00000553,2,3,3,1160.0,,15.0
simu5g_00000553,2,3,4,1128.0,,14.0
simu5g_00000553,2,3,5,984.0,,13.0
simu5g_00000553,2,3,6,1128.0,,14.0
simu5g_00000553,2,3,7,704.0,,10.0
simu5g_00000553,2,3,8,1160.0,,15.0
simu5g_00000553,2,3,9,1160.0,,15.0
simu5g_00000553,2,3,10,1128.0,,14.0
simu5g_00000553,2,3,11,888.0,,12.0
simu5g_00000553,2,3,12,1128.0,,14.0
simu5g_00000553,2,3,13,1160.0,,15.0
simu5g_00000553,2,3,14,1160.0,,15.0
simu5g_00000553,2,3,15,1160.0,,15.0
simu5g_00000553,2,3,16,984.0,,13.0
simu5g_00000553,2,3,17,1128.0,,14.0
simu5g_00000553,2,3,18,1128.0,,14.0
simu5g_00000553,2,3,19,1160.0,,15.0
simu5g_00000553,2,3,20,1160.0,,15.0
simu5g_00000553,2,3,21,1128.0,,14.0
simu5g_00000553,2,3,22,984.0,,13.0
simu5g_00000553,2,3,23,1160.0,,15.0
simu5g_00000553,2,3,24,984.0,,13.0
simu5g_00000553,31,4,0,808.0,,11.0
simu5g_00000553,31,4,1,704.0,,10.0
simu5g_00000553,31,4,2,1128.0,,14.0
simu5g_00000553,31,4,3,984.0,,13.0
simu5g_00000553,31,4,4,1128.0,,14.0
simu5g_00000553,31,4,5,984.0,,13.0
simu5g_00000553,31,4,6,1128.0,,14.0
simu5g_00000553,31,4,7,984.0,,13.0
simu5g_00000553,31,4,8,1160.0,,15.0
simu5g_00000553,31,4,9,1160.0,,15.0
simu5g_00000553,31,4,10,984.0,,13.0
simu5g_00000553,31,4,11,888.0,,12.0
simu5g_00000553,31,4,12,368.0,,6.0
simu5g_00000553,31,4,13,984.0,,13.0
simu5g_00000553,31,4,14,1128.0,,14.0
simu5g_00000553,31,4,15,1128.0,,14.0
simu5g_00000553,31,4,16,888.0,,12.0
simu5g_00000553,31,4,17,1160.0,,15.0
simu5g_00000553,31,4,18,1160.0,,15.0
simu5g_00000553,31,4,19,888.0,,12.0
simu5g_00000553,31,4,20,808.0,,11.0
simu5g_00000553,31,4,21,1128.0,,14.0
simu5g_00000553,31,4,22,984.0,,13.0
simu5g_00000553,31,4,23,1128.0,,14.0
simu5g_00000553,31,4,24,1160.0,,15.0
simu5g_00000554,3,0,0,808.0,,11.0
simu5g_00000554,3,0,1,1128.0,,14.0
simu5g_00000554,3,0,2,888.0,,12.0
simu5g_00000554,3,0,3,984.0,,13.0
simu5g_00000554,3,0,4,1128.0,,14.0
simu5g_00000554,3,0,5,984.0,,13.0
simu5g_00000554,3,0,6,984.0,,13.0
simu5g_00000554,3,0,7,888.0,,12.0
simu5g_00000554,3,0,8,432.0,,7.0
simu5g_00000554,3,0,9,432.0,,7.0
simu5g_00000554,3,0,10,984.0,,13.0
simu5g_00000554,3,0,11,888.0,,12.0
simu5g_00000554,3,0,12,984.0,,13.0
simu5g_00000554,3,0,13,984.0,,13.0
simu5g_00000554,3,0,14,1128.0,,14.0
simu5g_00000554,3,0,15,984.0,,13.0
simu5g_00000554,3,0,16,984.0,,13.0
simu5g_00000554,3,0,17,984.0,,13.0
simu5g_00000554,3,0,18,984.0,,13.0
simu5g_00000554,3,0,19,984.0,,13.0
simu5g_00000554,3,0,20,984.0,,13.0
simu5g_00000554,3,0,21,808.0,,11.0
simu5g_00000554,3,0,22,704.0,,10.0
simu5g_00000554,3,0,23,984.0,,13.0
simu5g_00000554,3,0,24,704.0,,10.0
simu5g_00000554,4,1,0,1160.0,,15.0
simu5g_00000554,4,1,1,984.0,,13.0
simu5g_00000554,4,1,2,1160.0,,15.0
simu5g_00000554,4,1,3,608.0,,9.0
simu5g_00000554,4,1,4,1160.0,,15.0
simu5g_00000554,4,1,5,1160.0,,15.0
simu5g_00000554,4,1,6,1160.0,,15.0
simu5g_00000554,4,1,7,808.0,,11.0
simu5g_00000554,4,1,8,984.0,,13.0
simu5g_00000554,4,1,9,1160.0,,15.0
simu5g_00000554,4,1,10,1128.0,,14.0
simu5g_00000554,4,1,11,1160.0,,15.0
simu5g_00000554,4,1,12,1160.0,,15.0
simu5g_00000554,4,1,13,1128.0,,14.0
simu5g_00000554,4,1,14,1160.0,,15.0
simu5g_00000554,4,1,15,984.0,,13.0
simu5g_00000554,4,1,16,1128.0,,14.0
simu5g_00000554,4,1,17,1128.0,,14.0
simu5g_00000554,4,1,18,1160.0,,15.0
simu5g_00000554,4,1,19,1160.0,,15.0
simu5g_00000554,4,1,20,1128.0,,14.0
simu5g_00000554,4,1,21,1128.0,,14.0
simu5g_00000554,4,1,22,1160.0,,15.0
simu5g_00000554,4,1,23,1160.0,,15.0
simu5g_00000554,4,1,24,1128.0,,14.0
simu5g_00000554,5,2,0,984.0,,13.0
simu5g_00000554,5,2,1,808.0,,11.0
simu5g_00000554,5,2,2,888.0,,12.0
simu5g_00000554,5,2,3,704.0,,10.0
simu5g_00000554,5,2,4,1128.0,,14.0
simu5g_00000554,5,2,5,808.0,,11.0
simu5g_00000554,5,2,6,888.0,,12.0
simu5g_00000554,5,2,7,888.0,,12.0
simu5g_00000554,5,2,8,888.0,,12.0
simu5g_00000554,5,2,9,1128.0,,14.0
simu5g_00000554,5,2,10,984.0,,13.0
simu5g_00000554,5,2,11,984.0,,13.0
simu5g_00000554,5,2,12,888.0,,12.0
simu5g_00000554,5,2,13,608.0,,9.0
simu5g_00000554,5,2,14,608.0,,9.0
simu5g_00000554,5,2,15,704.0,,10.0
simu5g_00000554,5,2,16,304.0,,5.0
simu5g_00000554,5,2,17,1128.0,,14.0
simu5g_00000554,5,2,18,984.0,,13.0
simu5g_00000554,5,2,19,888.0,,12.0
simu5g_00000554,5,2,20,808.0,,11.0
simu5g_00000554,5,2,21,528.0,,8.0
simu5g_00000554,5,2,22,1128.0,,14.0
simu5g_00000554,5,2,23,704.0,,10.0
simu5g_00000554,5,2,24,808.0,,11.0
simu5g_00000554,6,3,0,1160.0,,15.0
simu5g_00000554,6,3,1,1128.0,,14.0
simu5g_00000554,6,3,2,1160.0,,15.0
simu5g_00000554,6,3,3,608.0,,9.0
simu5g_00000554,6,3,4,1128.0,,14.0
simu5g_00000554,6,3,5,1128.0,,14.0
simu5g_00000554,6,3,6,1160.0,,15.0
simu5g_00000554,6,3,7,1128.0,,14.0
simu5g_00000554,6,3,8,1160.0,,15.0
simu5g_00000554,6,3,9,984.0,,13.0
simu5g_00000554,6,3,10,984.0,,13.0
simu5g_00000554,6,3,11,1128.0,,14.0
simu5g_00000554,6,3,12,1160.0,,15.0
simu5g_00000554,6,3,13,1128.0,,14.0
simu5g_00000554,6,3,14,1160.0,,15.0
simu5g_00000554,6,3,15,1160.0,,15.0
simu5g_00000554,6,3,16,888.0,,12.0
simu5g_00000554,6,3,17,1160.0,,15.0
simu5g_00000554,6,3,18,1160.0,,15.0
simu5g_00000554,6,3,19,1128.0,,14.0
simu5g_00000554,6,3,20,1160.0,,15.0
simu5g_00000554,6,3,21,1128.0,,14.0
simu5g_00000554,6,3,22,1160.0,,15.0
simu5g_00000554,6,3,23,1160.0,,15.0
simu5g_00000554,6,3,24,1160.0,,15.0
simu5g_00000555,0,0,0,1160.0,,15.0
simu5g_00000555,0,0,1,984.0,,13.0
simu5g_00000555,0,0,2,1160.0,,15.0
simu5g_00000555,0,0,3,1160.0,,15.0
simu5g_00000555,0,0,4,1160.0,,15.0
simu5g_00000555,0,0,5,1160.0,,15.0
simu5g_00000555,0,0,6,1160.0,,15.0
simu5g_00000555,0,0,7,1160.0,,15.0
simu5g_00000555,0,0,8,1128.0,,14.0
simu5g_00000555,0,0,9,1160.0,,15.0
simu5g_00000555,0,0,10,1160.0,,15.0
simu5g_00000555,0,0,11,1160.0,,15.0
simu5g_00000555,0,0,12,1160.0,,15.0
simu5g_00000555,0,0,13,1160.0,,15.0
simu5g_00000555,0,0,14,1160.0,,15.0
simu5g_00000555,0,0,15,1160.0,,15.0
simu5g_00000555,0,0,16,1160.0,,15.0
simu5g_00000555,0,0,17,1160.0,,15.0
simu5g_00000555,0,0,18,1160.0,,15.0
simu5g_00000555,0,0,19,1160.0,,15.0
simu5g_00000555,0,0,20,1160.0,,15.0
simu5g_00000555,0,0,21,1160.0,,15.0
simu5g_00000555,0,0,22,1160.0,,15.0
simu5g_00000555,0,0,23,1160.0,,15.0
simu5g_00000555,0,0,24,1160.0,,15.0
simu5g_00000555,1,1,0,1160.0,,15.0
simu5g_00000555,1,1,1,1160.0,,15.0
simu5g_00000555,1,1,2,1160.0,,15.0
simu5g_00000555,1,1,3,1160.0,,15.0
simu5g_00000555,1,1,4,1160.0,,15.0
simu5g_00000555,1,1,5,1160.0,,15.0
simu5g_00000555,1,1,6,1160.0,,15.0
simu5g_00000555,1,1,7,1160.0,,15.0
simu5g_00000555,1,1,8,1128.0,,14.0
simu5g_00000555,1,1,9,1160.0,,15.0
simu5g_00000555,1,1,10,1160.0,,15.0
simu5g_00000555,1,1,11,1160.0,,15.0
simu5g_00000555,1,1,12,1160.0,,15.0
simu5g_00000555,1,1,13,1160.0,,15.0
simu5g_00000555,1,1,14,1160.0,,15.0
simu5g_00000555,1,1,15,1160.0,,15.0
simu5g_00000555,1,1,16,1160.0,,15.0
simu5g_00000555,1,1,17,1160.0,,15.0
simu5g_00000555,1,1,18,1160.0,,15.0
simu5g_00000555,1,1,19,1160.0,,15.0
simu5g_00000555,1,1,20,1160.0,,15.0
simu5g_00000555,1,1,21,1128.0,,14.0
simu5g_00000555,1,1,22,1160.0,,15.0
simu5g_00000555,1,1,23,1160.0,,15.0
simu5g_00000555,1,1,24,1160.0,,15.0
simu5g_00000555,15,2,0,1160.0,,15.0
simu5g_00000555,15,2,1,1160.0,,15.0
simu5g_00000555,15,2,2,1160.0,,15.0
simu5g_00000555,15,2,3,1160.0,,15.0
simu5g_00000555,15,2,4,1160.0,,15.0
simu5g_00000555,15,2,5,1160.0,,15.0
simu5g_00000555,15,2,6,1160.0,,15.0
simu5g_00000555,15,2,7,1160.0,,15.0
simu5g_00000555,15,2,8,1160.0,,15.0
simu5g_00000555,15,2,9,1160.0,,15.0
simu5g_00000555,15,2,10,1160.0,,15.0
simu5g_00000555,15,2,11,1160.0,,15.0
simu5g_00000555,15,2,12,1160.0,,15.0
simu5g_00000555,15,2,13,1160.0,,15.0
simu5g_00000555,15,2,14,1160.0,,15.0
simu5g_00000555,15,2,15,1160.0,,15.0
simu5g_00000555,15,2,16,1160.0,,15.0
simu5g_00000555,15,2,17,1160.0,,15.0
simu5g_00000555,15,2,18,1160.0,,15.0
simu5g_00000555,15,2,19,1160.0,,15.0
simu5g_00000555,15,2,20,1160.0,,15.0
simu5g_00000555,15,2,21,1160.0,,15.0
simu5g_00000555,15,2,22,1160.0,,15.0
simu5g_00000555,15,2,23,1160.0,,15.0
simu5g_00000555,15,2,24,1160.0,,15.0
simu5g_00000555,2,3,0,1160.0,,15.0
simu5g_00000555,2,3,1,1160.0,,15.0
simu5g_00000555,2,3,2,1160.0,,15.0
simu5g_00000555,2,3,3,1160.0,,15.0
simu5g_00000555,2,3,4,1160.0,,15.0
simu5g_00000555,2,3,5,1160.0,,15.0
simu5g_00000555,2,3,6,1160.0,,15.0
simu5g_00000555,2,3,7,984.0,,13.0
simu5g_00000555,2,3,8,1160.0,,15.0
simu5g_00000555,2,3,9,1160.0,,15.0
simu5g_00000555,2,3,10,1160.0,,15.0
simu5g_00000555,2,3,11,1128.0,,14.0
simu5g_00000555,2,3,12,1160.0,,15.0
simu5g_00000555,2,3,13,1160.0,,15.0
simu5g_00000555,2,3,14,1160.0,,15.0
simu5g_00000555,2,3,15,1160.0,,15.0
simu5g_00000555,2,3,16,1128.0,,14.0
simu5g_00000555,2,3,17,1160.0,,15.0
simu5g_00000555,2,3,18,1160.0,,15.0
simu5g_00000555,2,3,19,1160.0,,15.0
simu5g_00000555,2,3,20,1160.0,,15.0
simu5g_00000555,2,3,21,1160.0,,15.0
simu5g_00000555,2,3,22,1160.0,,15.0
simu5g_00000555,2,3,23,1160.0,,15.0
simu5g_00000555,2,3,24,1128.0,,14.0
simu5g_00000555,31,4,0,808.0,,11.0
simu5g_00000555,31,4,1,608.0,,9.0
simu5g_00000555,31,4,2,1128.0,,14.0
simu5g_00000555,31,4,3,984.0,,13.0
simu5g_00000555,31,4,4,1128.0,,14.0
simu5g_00000555,31,4,5,984.0,,13.0
simu5g_00000555,31,4,6,1128.0,,14.0
simu5g_00000555,31,4,7,984.0,,13.0
simu5g_00000555,31,4,8,1160.0,,15.0
simu5g_00000555,31,4,9,1160.0,,15.0
simu5g_00000555,31,4,10,984.0,,13.0
simu5g_00000555,31,4,11,888.0,,12.0
simu5g_00000555,31,4,12,368.0,,6.0
simu5g_00000555,31,4,13,984.0,,13.0
simu5g_00000555,31,4,14,1128.0,,14.0
simu5g_00000555,31,4,15,1128.0,,14.0
simu5g_00000555,31,4,16,888.0,,12.0
simu5g_00000555,31,4,17,1160.0,,15.0
simu5g_00000555,31,4,18,1160.0,,15.0
simu5g_00000555,31,4,19,888.0,,12.0
simu5g_00000555,31,4,20,808.0,,11.0
simu5g_00000555,31,4,21,1128.0,,14.0
simu5g_00000555,31,4,22,984.0,,13.0
simu5g_00000555,31,4,23,1128.0,,14.0
simu5g_00000555,31,4,24,1160.0,,15.0
simu5g_00000556,3,0,0,808.0,,11.0
simu5g_00000556,3,0,1,1128.0,,14.0
simu5g_00000556,3,0,2,888.0,,12.0
simu5g_00000556,3,0,3,984.0,,13.0
simu5g_00000556,3,0,4,1128.0,,14.0
simu5g_00000556,3,0,5,984.0,,13.0
simu5g_00000556,3,0,6,984.0,,13.0
simu5g_00000556,3,0,7,888.0,,12.0
simu5g_00000556,3,0,8,432.0,,7.0
simu5g_00000556,3,0,9,432.0,,7.0
simu5g_00000556,3,0,10,984.0,,13.0
simu5g_00000556,3,0,11,888.0,,12.0
simu5g_00000556,3,0,12,984.0,,13.0
simu5g_00000556,3,0,13,984.0,,13.0
simu5g_00000556,3,0,14,1128.0,,14.0
simu5g_00000556,3,0,15,984.0,,13.0
simu5g_00000556,3,0,16,984.0,,13.0
simu5g_00000556,3,0,17,984.0,,13.0
simu5g_00000556,3,0,18,984.0,,13.0
simu5g_00000556,3,0,19,984.0,,13.0
simu5g_00000556,3,0,20,984.0,,13.0
simu5g_00000556,3,0,21,808.0,,11.0
simu5g_00000556,3,0,22,704.0,,10.0
simu5g_00000556,3,0,23,984.0,,13.0
simu5g_00000556,3,0,24,704.0,,10.0
simu5g_00000556,4,1,0,1160.0,,15.0
simu5g_00000556,4,1,1,984.0,,13.0
simu5g_00000556,4,1,2,1160.0,,15.0
simu5g_00000556,4,1,3,608.0,,9.0
simu5g_00000556,4,1,4,1160.0,,15.0
simu5g_00000556,4,1,5,1160.0,,15.0
simu5g_00000556,4,1,6,1160.0,,15.0
simu5g_00000556,4,1,7,808.0,,11.0
simu5g_00000556,4,1,8,984.0,,13.0
simu5g_00000556,4,1,9,1160.0,,15.0
simu5g_00000556,4,1,10,1128.0,,14.0
simu5g_00000556,4,1,11,1160.0,,15.0
simu5g_00000556,4,1,12,1160.0,,15.0
simu5g_00000556,4,1,13,1128.0,,14.0
simu5g_00000556,4,1,14,1160.0,,15.0
simu5g_00000556,4,1,15,984.0,,13.0
simu5g_00000556,4,1,16,1128.0,,14.0
simu5g_00000556,4,1,17,1128.0,,14.0
simu5g_00000556,4,1,18,1160.0,,15.0
simu5g_00000556,4,1,19,1160.0,,15.0
simu5g_00000556,4,1,20,1128.0,,14.0
simu5g_00000556,4,1,21,1128.0,,14.0
simu5g_00000556,4,1,22,1160.0,,15.0
simu5g_00000556,4,1,23,1160.0,,15.0
simu5g_00000556,4,1,24,1128.0,,14.0
simu5g_00000556,5,2,0,984.0,,13.0
simu5g_00000556,5,2,1,808.0,,11.0
simu5g_00000556,5,2,2,888.0,,12.0
simu5g_00000556,5,2,3,704.0,,10.0
simu5g_00000556,5,2,4,1128.0,,14.0
simu5g_00000556,5,2,5,808.0,,11.0
simu5g_00000556,5,2,6,888.0,,12.0
simu5g_00000556,5,2,7,888.0,,12.0
simu5g_00000556,5,2,8,888.0,,12.0
simu5g_00000556,5,2,9,1128.0,,14.0
simu5g_00000556,5,2,10,984.0,,13.0
simu5g_00000556,5,2,11,984.0,,13.0
simu5g_00000556,5,2,12,888.0,,12.0
simu5g_00000556,5,2,13,608.0,,9.0
simu5g_00000556,5,2,14,608.0,,9.0
simu5g_00000556,5,2,15,704.0,,10.0
simu5g_00000556,5,2,16,304.0,,5.0
simu5g_00000556,5,2,17,1128.0,,14.0
simu5g_00000556,5,2,18,984.0,,13.0
simu5g_00000556,5,2,19,888.0,,12.0
simu5g_00000556,5,2,20,808.0,,11.0
simu5g_00000556,5,2,21,528.0,,8.0
simu5g_00000556,5,2,22,1128.0,,14.0
simu5g_00000556,5,2,23,704.0,,10.0
simu5g_00000556,5,2,24,808.0,,11.0
simu5g_00000556,6,3,0,1160.0,,15.0
simu5g_00000556,6,3,1,1128.0,,14.0
simu5g_00000556,6,3,2,1160.0,,15.0
simu5g_00000556,6,3,3,608.0,,9.0
simu5g_00000556,6,3,4,1128.0,,14.0
simu5g_00000556,6,3,5,1128.0,,14.0
simu5g_00000556,6,3,6,1160.0,,15.0
simu5g_00000556,6,3,7,1128.0,,14.0
simu5g_00000556,6,3,8,1160.0,,15.0
simu5g_00000556,6,3,9,984.0,,13.0
simu5g_00000556,6,3,10,984.0,,13.0
simu5g_00000556,6,3,11,1128.0,,14.0
simu5g_00000556,6,3,12,1160.0,,15.0
simu5g_00000556,6,3,13,1128.0,,14.0
simu5g_00000556,6,3,14,1160.0,,15.0
simu5g_00000556,6,3,15,1160.0,,15.0
simu5g_00000556,6,3,16,888.0,,12.0
simu5g_00000556,6,3,17,1160.0,,15.0
simu5g_00000556,6,3,18,1160.0,,15.0
simu5g_00000556,6,3,19,1128.0,,14.0
simu5g_00000556,6,3,20,1160.0,,15.0
simu5g_00000556,6,3,21,1128.0,,14.0
simu5g_00000556,6,3,22,1160.0,,15.0
simu5g_00000556,6,3,23,1160.0,,15.0
simu5g_00000556,6,3,24,1160.0,,15.0
simu5g_00000557,0,0,0,1160.0,,15.0
simu5g_00000557,0,0,1,1128.0,,14.0
simu5g_00000557,0,0,2,1160.0,,15.0
simu5g_00000557,0,0,3,1160.0,,15.0
simu5g_00000557,0,0,4,1160.0,,15.0
simu5g_00000557,0,0,5,1160.0,,15.0
simu5g_00000557,0,0,6,1160.0,,15.0
simu5g_00000557,0,0,7,1160.0,,15.0
simu5g_00000557,0,0,8,1160.0,,15.0
simu5g_00000557,0,0,9,1160.0,,15.0
simu5g_00000557,0,0,10,1160.0,,15.0
simu5g_00000557,0,0,11,1160.0,,15.0
simu5g_00000557,0,0,12,1160.0,,15.0
simu5g_00000557,0,0,13,1160.0,,15.0
simu5g_00000557,0,0,14,1160.0,,15.0
simu5g_00000557,0,0,15,1160.0,,15.0
simu5g_00000557,0,0,16,1160.0,,15.0
simu5g_00000557,0,0,17,1160.0,,15.0
simu5g_00000557,0,0,18,1160.0,,15.0
simu5g_00000557,0,0,19,1160.0,,15.0
simu5g_00000557,0,0,20,1160.0,,15.0
simu5g_00000557,0,0,21,1160.0,,15.0
simu5g_00000557,0,0,22,1160.0,,15.0
simu5g_00000557,0,0,23,1160.0,,15.0
simu5g_00000557,0,0,24,1160.0,,15.0
simu5g_00000557,1,1,0,1160.0,,15.0
simu5g_00000557,1,1,1,1160.0,,15.0
simu5g_00000557,1,1,2,1160.0,,15.0
simu5g_00000557,1,1,3,1160.0,,15.0
simu5g_00000557,1,1,4,1160.0,,15.0
simu5g_00000557,1,1,5,1160.0,,15.0
simu5g_00000557,1,1,6,1160.0,,15.0
simu5g_00000557,1,1,7,1160.0,,15.0
simu5g_00000557,1,1,8,1160.0,,15.0
simu5g_00000557,1,1,9,1160.0,,15.0
simu5g_00000557,1,1,10,1160.0,,15.0
simu5g_00000557,1,1,11,1160.0,,15.0
simu5g_00000557,1,1,12,1160.0,,15.0
simu5g_00000557,1,1,13,1160.0,,15.0
simu5g_00000557,1,1,14,1160.0,,15.0
simu5g_00000557,1,1,15,1160.0,,15.0
simu5g_00000557,1,1,16,1160.0,,15.0
simu5g_00000557,1,1,17,1160.0,,15.0
simu5g_00000557,1,1,18,1160.0,,15.0
simu5g_00000557,1,1,19,1160.0,,15.0
simu5g_00000557,1,1,20,1160.0,,15.0
simu5g_00000557,1,1,21,1160.0,,15.0
simu5g_00000557,1,1,22,1160.0,,15.0
simu5g_00000557,1,1,23,1160.0,,15.0
simu5g_00000557,1,1,24,1160.0,,15.0
simu5g_00000557,15,2,0,1160.0,,15.0
simu5g_00000557,15,2,1,1160.0,,15.0
simu5g_00000557,15,2,2,1160.0,,15.0
simu5g_00000557,15,2,3,1160.0,,15.0
simu5g_00000557,15,2,4,1160.0,,15.0
simu5g_00000557,15,2,5,1160.0,,15.0
simu5g_00000557,15,2,6,1160.0,,15.0
simu5g_00000557,15,2,7,1160.0,,15.0
simu5g_00000557,15,2,8,1160.0,,15.0
simu5g_00000557,15,2,9,1160.0,,15.0
simu5g_00000557,15,2,10,1160.0,,15.0
simu5g_00000557,15,2,11,1160.0,,15.0
simu5g_00000557,15,2,12,1160.0,,15.0
simu5g_00000557,15,2,13,1160.0,,15.0
simu5g_00000557,15,2,14,1160.0,,15.0
simu5g_00000557,15,2,15,1160.0,,15.0
simu5g_00000557,15,2,16,1160.0,,15.0
simu5g_00000557,15,2,17,1160.0,,15.0
simu5g_00000557,15,2,18,1160.0,,15.0
simu5g_00000557,15,2,19,1160.0,,15.0
simu5g_00000557,15,2,20,1160.0,,15.0
simu5g_00000557,15,2,21,1160.0,,15.0
simu5g_00000557,15,2,22,1160.0,,15.0
simu5g_00000557,15,2,23,1160.0,,15.0
simu5g_00000557,15,2,24,1160.0,,15.0
simu5g_00000557,2,3,0,1160.0,,15.0
simu5g_00000557,2,3,1,1160.0,,15.0
simu5g_00000557,2,3,2,1160.0,,15.0
simu5g_00000557,2,3,3,1160.0,,15.0
simu5g_00000557,2,3,4,1160.0,,15.0
simu5g_00000557,2,3,5,1160.0,,15.0
simu5g_00000557,2,3,6,1160.0,,15.0
simu5g_00000557,2,3,7,984.0,,13.0
simu5g_00000557,2,3,8,1160.0,,15.0
simu5g_00000557,2,3,9,1160.0,,15.0
simu5g_00000557,2,3,10,1160.0,,15.0
simu5g_00000557,2,3,11,1128.0,,14.0
simu5g_00000557,2,3,12,1160.0,,15.0
simu5g_00000557,2,3,13,1160.0,,15.0
simu5g_00000557,2,3,14,1160.0,,15.0
simu5g_00000557,2,3,15,1160.0,,15.0
simu5g_00000557,2,3,16,1128.0,,14.0
simu5g_00000557,2,3,17,1160.0,,15.0
simu5g_00000557,2,3,18,1160.0,,15.0
simu5g_00000557,2,3,19,1160.0,,15.0
simu5g_00000557,2,3,20,1160.0,,15.0
simu5g_00000557,2,3,21,1160.0,,15.0
simu5g_00000557,2,3,22,1160.0,,15.0
simu5g_00000557,2,3,23,1160.0,,15.0
simu5g_00000557,2,3,24,1128.0,,14.0
simu5g_00000557,31,4,0,808.0,,11.0
simu5g_00000557,31,4,1,608.0,,9.0
simu5g_00000557,31,4,2,1128.0,,14.0
simu5g_00000557,31,4,3,984.0,,13.0
simu5g_00000557,31,4,4,1128.0,,14.0
simu5g_00000557,31,4,5,984.0,,13.0
simu5g_00000557,31,4,6,1128.0,,14.0
simu5g_00000557,31,4,7,984.0,,13.0
simu5g_00000557,31,4,8,1160.0,,15.0
simu5g_00000557,31,4,9,1128.0,,14.0
simu5g_00000557,31,4,10,984.0,,13.0
simu5g_00000557,31,4,11,888.0,,12.0
simu5g_00000557,31,4,12,368.0,,6.0
simu5g_00000557,31,4,13,984.0,,13.0
simu5g_00000557,31,4,14,1128.0,,14.0
simu5g_00000557,31,4,15,1128.0,,14.0
simu5g_00000557,31,4,16,888.0,,12.0
simu5g_00000557,31,4,17,1160.0,,15.0
simu5g_00000557,31,4,18,1160.0,,15.0
simu5g_00000557,31,4,19,888.0,,12.0
simu5g_00000557,31,4,20,808.0,,11.0
simu5g_00000557,31,4,21,984.0,,13.0
simu5g_00000557,31,4,22,888.0,,12.0
simu5g_00000557,31,4,23,1128.0,,14.0
simu5g_00000557,31,4,24,1160.0,,15.0
simu5g_00000558,3,0,0,1128.0,,14.0
simu5g_00000558,3,0,1,1160.0,,15.0
simu5g_00000558,3,0,2,1128.0,,14.0
simu5g_00000558,3,0,3,1128.0,,14.0
simu5g_00000558,3,0,4,1160.0,,15.0
simu5g_00000558,3,0,5,1160.0,,15.0
simu5g_00000558,3,0,6,1160.0,,15.0
simu5g_00000558,3,0,7,1128.0,,14.0
simu5g_00000558,3,0,8,808.0,,11.0
simu5g_00000558,3,0,9,808.0,,11.0
simu5g_00000558,3,0,10,1160.0,,15.0
simu5g_00000558,3,0,11,1128.0,,14.0
simu5g_00000558,3,0,12,1160.0,,15.0
simu5g_00000558,3,0,13,1160.0,,15.0
simu5g_00000558,3,0,14,1160.0,,15.0
simu5g_00000558,3,0,15,1160.0,,15.0
simu5g_00000558,3,0,16,1160.0,,15.0
simu5g_00000558,3,0,17,1160.0,,15.0
simu5g_00000558,3,0,18,1160.0,,15.0
simu5g_00000558,3,0,19,1160.0,,15.0
simu5g_00000558,3,0,20,1160.0,,15.0
simu5g_00000558,3,0,21,1128.0,,14.0
simu5g_00000558,3,0,22,984.0,,13.0
simu5g_00000558,3,0,23,1160.0,,15.0
simu5g_00000558,3,0,24,984.0,,13.0
simu5g_00000558,4,1,0,1160.0,,15.0
simu5g_00000558,4,1,1,984.0,,13.0
simu5g_00000558,4,1,2,1160.0,,15.0
simu5g_00000558,4,1,3,608.0,,9.0
simu5g_00000558,4,1,4,1160.0,,15.0
simu5g_00000558,4,1,5,1160.0,,15.0
simu5g_00000558,4,1,6,1160.0,,15.0
simu5g_00000558,4,1,7,808.0,,11.0
simu5g_00000558,4,1,8,984.0,,13.0
simu5g_00000558,4,1,9,1160.0,,15.0
simu5g_00000558,4,1,10,1128.0,,14.0
simu5g_00000558,4,1,11,1160.0,,15.0
simu5g_00000558,4,1,12,1160.0,,15.0
simu5g_00000558,4,1,13,1128.0,,14.0
simu5g_00000558,4,1,14,1160.0,,15.0
simu5g_00000558,4,1,15,984.0,,13.0
simu5g_00000558,4,1,16,1128.0,,14.0
simu5g_00000558,4,1,17,1128.0,,14.0
simu5g_00000558,4,1,18,1160.0,,15.0
simu5g_00000558,4,1,19,1160.0,,15.0
simu5g_00000558,4,1,20,1128.0,,14.0
simu5g_00000558,4,1,21,1128.0,,14.0
simu5g_00000558,4,1,22,1160.0,,15.0
simu5g_00000558,4,1,23,1160.0,,15.0
simu5g_00000558,4,1,24,1128.0,,14.0
simu5g_00000558,5,2,0,704.0,,10.0
simu5g_00000558,5,2,1,528.0,,8.0
simu5g_00000558,5,2,2,608.0,,9.0
simu5g_00000558,5,2,3,528.0,,8.0
simu5g_00000558,5,2,4,984.0,,13.0
simu5g_00000558,5,2,5,608.0,,9.0
simu5g_00000558,5,2,6,608.0,,9.0
simu5g_00000558,5,2,7,608.0,,9.0
simu5g_00000558,5,2,8,608.0,,9.0
simu5g_00000558,5,2,9,984.0,,13.0
simu5g_00000558,5,2,10,888.0,,12.0
simu5g_00000558,5,2,11,704.0,,10.0
simu5g_00000558,5,2,12,608.0,,9.0
simu5g_00000558,5,2,13,368.0,,6.0
simu5g_00000558,5,2,14,368.0,,6.0
simu5g_00000558,5,2,15,528.0,,8.0
simu5g_00000558,5,2,16,136.0,,3.0
simu5g_00000558,5,2,17,984.0,,13.0
simu5g_00000558,5,2,18,808.0,,11.0
simu5g_00000558,5,2,19,608.0,,9.0
simu5g_00000558,5,2,20,528.0,,8.0
simu5g_00000558,5,2,21,368.0,,6.0
simu5g_00000558,5,2,22,888.0,,12.0
simu5g_00000558,5,2,23,528.0,,8.0
simu5g_00000558,5,2,24,608.0,,9.0
simu5g_00000558,6,3,0,1160.0,,15.0
simu5g_00000558,6,3,1,1128.0,,14.0
simu5g_00000558,6,3,2,1160.0,,15.0
simu5g_00000558,6,3,3,608.0,,9.0
simu5g_00000558,6,3,4,1128.0,,14.0
simu5g_00000558,6,3,5,1128.0,,14.0
simu5g_00000558,6,3,6,1160.0,,15.0
simu5g_00000558,6,3,7,1128.0,,14.0
simu5g_00000558,6,3,8,1160.0,,15.0
simu5g_00000558,6,3,9,984.0,,13.0
simu5g_00000558,6,3,10,984.0,,13.0
simu5g_00000558,6,3,11,1128.0,,14.0
simu5g_00000558,6,3,12,1160.0,,15.0
simu5g_00000558,6,3,13,1128.0,,14.0
simu5g_00000558,6,3,14,1160.0,,15.0
simu5g_00000558,6,3,15,1160.0,,15.0
simu5g_00000558,6,3,16,888.0,,12.0
simu5g_00000558,6,3,17,1160.0,,15.0
simu5g_00000558,6,3,18,1160.0,,15.0
simu5g_00000558,6,3,19,1128.0,,14.0
simu5g_00000558,6,3,20,1160.0,,15.0
simu5g_00000558,6,3,21,1128.0,,14.0
simu5g_00000558,6,3,22,1160.0,,15.0
simu5g_00000558,6,3,23,1160.0,,15.0
simu5g_00000558,6,3,24,1160.0,,15.0
simu5g_00000559,0,0,0,1160.0,,15.0
simu5g_00000559,0,0,1,1128.0,,14.0
simu5g_00000559,0,0,2,1160.0,,15.0
simu5g_00000559,0,0,3,1160.0,,15.0
simu5g_00000559,0,0,4,1160.0,,15.0
simu5g_00000559,0,0,5,1160.0,,15.0
simu5g_00000559,0,0,6,1160.0,,15.0
simu5g_00000559,0,0,7,1160.0,,15.0
simu5g_00000559,0,0,8,1160.0,,15.0
simu5g_00000559,0,0,9,1160.0,,15.0
simu5g_00000559,0,0,10,1160.0,,15.0
simu5g_00000559,0,0,11,1160.0,,15.0
simu5g_00000559,0,0,12,1160.0,,15.0
simu5g_00000559,0,0,13,1160.0,,15.0
simu5g_00000559,0,0,14,1160.0,,15.0
simu5g_00000559,0,0,15,1160.0,,15.0
simu5g_00000559,0,0,16,1160.0,,15.0
simu5g_00000559,0,0,17,1160.0,,15.0
simu5g_00000559,0,0,18,1160.0,,15.0
simu5g_00000559,0,0,19,1160.0,,15.0
simu5g_00000559,0,0,20,1160.0,,15.0
simu5g_00000559,0,0,21,1160.0,,15.0
simu5g_00000559,0,0,22,1160.0,,15.0
simu5g_00000559,0,0,23,1160.0,,15.0
simu5g_00000559,0,0,24,1160.0,,15.0
simu5g_00000559,1,1,0,1160.0,,15.0
simu5g_00000559,1,1,1,1160.0,,15.0
simu5g_00000559,1,1,2,1160.0,,15.0
simu5g_00000559,1,1,3,1160.0,,15.0
simu5g_00000559,1,1,4,1160.0,,15.0
simu5g_00000559,1,1,5,1160.0,,15.0
simu5g_00000559,1,1,6,1160.0,,15.0
simu5g_00000559,1,1,7,1160.0,,15.0
simu5g_00000559,1,1,8,1160.0,,15.0
simu5g_00000559,1,1,9,1160.0,,15.0
simu5g_00000559,1,1,10,1160.0,,15.0
simu5g_00000559,1,1,11,1160.0,,15.0
simu5g_00000559,1,1,12,1160.0,,15.0
simu5g_00000559,1,1,13,1160.0,,15.0
simu5g_00000559,1,1,14,1160.0,,15.0
simu5g_00000559,1,1,15,1160.0,,15.0
simu5g_00000559,1,1,16,1160.0,,15.0
simu5g_00000559,1,1,17,1160.0,,15.0
simu5g_00000559,1,1,18,1160.0,,15.0
simu5g_00000559,1,1,19,1160.0,,15.0
simu5g_00000559,1,1,20,1160.0,,15.0
simu5g_00000559,1,1,21,1160.0,,15.0
simu5g_00000559,1,1,22,1160.0,,15.0
simu5g_00000559,1,1,23,1160.0,,15.0
simu5g_00000559,1,1,24,1160.0,,15.0
simu5g_00000559,15,2,0,1160.0,,15.0
simu5g_00000559,15,2,1,1160.0,,15.0
simu5g_00000559,15,2,2,1160.0,,15.0
simu5g_00000559,15,2,3,1160.0,,15.0
simu5g_00000559,15,2,4,1160.0,,15.0
simu5g_00000559,15,2,5,1160.0,,15.0
simu5g_00000559,15,2,6,1160.0,,15.0
simu5g_00000559,15,2,7,1160.0,,15.0
simu5g_00000559,15,2,8,1160.0,,15.0
simu5g_00000559,15,2,9,1160.0,,15.0
simu5g_00000559,15,2,10,1160.0,,15.0
simu5g_00000559,15,2,11,1160.0,,15.0
simu5g_00000559,15,2,12,1160.0,,15.0
simu5g_00000559,15,2,13,1160.0,,15.0
simu5g_00000559,15,2,14,1160.0,,15.0
simu5g_00000559,15,2,15,1160.0,,15.0
simu5g_00000559,15,2,16,1160.0,,15.0
simu5g_00000559,15,2,17,1160.0,,15.0
simu5g_00000559,15,2,18,1160.0,,15.0
simu5g_00000559,15,2,19,1160.0,,15.0
simu5g_00000559,15,2,20,1160.0,,15.0
simu5g_00000559,15,2,21,1160.0,,15.0
simu5g_00000559,15,2,22,1160.0,,15.0
simu5g_00000559,15,2,23,1160.0,,15.0
simu5g_00000559,15,2,24,1160.0,,15.0
simu5g_00000559,2,3,0,1160.0,,15.0
simu5g_00000559,2,3,1,1160.0,,15.0
simu5g_00000559,2,3,2,1160.0,,15.0
simu5g_00000559,2,3,3,1160.0,,15.0
simu5g_00000559,2,3,4,1160.0,,15.0
simu5g_00000559,2,3,5,1160.0,,15.0
simu5g_00000559,2,3,6,1160.0,,15.0
simu5g_00000559,2,3,7,984.0,,13.0
simu5g_00000559,2,3,8,1160.0,,15.0
simu5g_00000559,2,3,9,1160.0,,15.0
simu5g_00000559,2,3,10,1160.0,,15.0
simu5g_00000559,2,3,11,1128.0,,14.0
simu5g_00000559,2,3,12,1160.0,,15.0
simu5g_00000559,2,3,13,1160.0,,15.0
simu5g_00000559,2,3,14,1160.0,,15.0
simu5g_00000559,2,3,15,1160.0,,15.0
simu5g_00000559,2,3,16,1128.0,,14.0
simu5g_00000559,2,3,17,1160.0,,15.0
simu5g_00000559,2,3,18,1160.0,,15.0
simu5g_00000559,2,3,19,1160.0,,15.0
simu5g_00000559,2,3,20,1160.0,,15.0
simu5g_00000559,2,3,21,1160.0,,15.0
simu5g_00000559,2,3,22,1160.0,,15.0
simu5g_00000559,2,3,23,1160.0,,15.0
simu5g_00000559,2,3,24,1128.0,,14.0
simu5g_00000559,31,4,0,808.0,,11.0
simu5g_00000559,31,4,1,608.0,,9.0
simu5g_00000559,31,4,2,1128.0,,14.0
simu5g_00000559,31,4,3,984.0,,13.0
simu5g_00000559,31,4,4,1128.0,,14.0
simu5g_00000559,31,4,5,984.0,,13.0
simu5g_00000559,31,4,6,1128.0,,14.0
simu5g_00000559,31,4,7,984.0,,13.0
simu5g_00000559,31,4,8,1160.0,,15.0
simu5g_00000559,31,4,9,1128.0,,14.0
simu5g_00000559,31,4,10,984.0,,13.0
simu5g_00000559,31,4,11,888.0,,12.0
simu5g_00000559,31,4,12,368.0,,6.0
simu5g_00000559,31,4,13,984.0,,13.0
simu5g_00000559,31,4,14,1128.0,,14.0
simu5g_00000559,31,4,15,1128.0,,14.0
simu5g_00000559,31,4,16,888.0,,12.0
simu5g_00000559,31,4,17,1160.0,,15.0
simu5g_00000559,31,4,18,1160.0,,15.0
simu5g_00000559,31,4,19,888.0,,12.0
simu5g_00000559,31,4,20,808.0,,11.0
simu5g_00000559,31,4,21,984.0,,13.0
simu5g_00000559,31,4,22,888.0,,12.0
simu5g_00000559,31,4,23,1128.0,,14.0
simu5g_00000559,31,4,24,1160.0,,15.0
simu5g_00000560,3,0,0,1128.0,,14.0
simu5g_00000560,3,0,1,1160.0,,15.0
simu5g_00000560,3,0,2,1128.0,,14.0
simu5g_00000560,3,0,3,1128.0,,14.0
simu5g_00000560,3,0,4,1160.0,,15.0
simu5g_00000560,3,0,5,1160.0,,15.0
simu5g_00000560,3,0,6,1160.0,,15.0
simu5g_00000560,3,0,7,1128.0,,14.0
simu5g_00000560,3,0,8,808.0,,11.0
simu5g_00000560,3,0,9,808.0,,11.0
simu5g_00000560,3,0,10,1160.0,,15.0
simu5g_00000560,3,0,11,1128.0,,14.0
simu5g_00000560,3,0,12,1160.0,,15.0
simu5g_00000560,3,0,13,1160.0,,15.0
simu5g_00000560,3,0,14,1160.0,,15.0
simu5g_00000560,3,0,15,1160.0,,15.0
simu5g_00000560,3,0,16,1160.0,,15.0
simu5g_00000560,3,0,17,1160.0,,15.0
simu5g_00000560,3,0,18,1160.0,,15.0
simu5g_00000560,3,0,19,1160.0,,15.0
simu5g_00000560,3,0,20,1160.0,,15.0
simu5g_00000560,3,0,21,1128.0,,14.0
simu5g_00000560,3,0,22,984.0,,13.0
simu5g_00000560,3,0,23,1160.0,,15.0
simu5g_00000560,3,0,24,984.0,,13.0
simu5g_00000560,4,1,0,1160.0,,15.0
simu5g_00000560,4,1,1,984.0,,13.0
simu5g_00000560,4,1,2,1160.0,,15.0
simu5g_00000560,4,1,3,608.0,,9.0
simu5g_00000560,4,1,4,1160.0,,15.0
simu5g_00000560,4,1,5,1160.0,,15.0
simu5g_00000560,4,1,6,1160.0,,15.0
simu5g_00000560,4,1,7,808.0,,11.0
simu5g_00000560,4,1,8,984.0,,13.0
simu5g_00000560,4,1,9,1160.0,,15.0
simu5g_00000560,4,1,10,1128.0,,14.0
simu5g_00000560,4,1,11,1160.0,,15.0
simu5g_00000560,4,1,12,1160.0,,15.0
simu5g_00000560,4,1,13,1128.0,,14.0
simu5g_00000560,4,1,14,1160.0,,15.0
simu5g_00000560,4,1,15,984.0,,13.0
simu5g_00000560,4,1,16,1128.0,,14.0
simu5g_00000560,4,1,17,1128.0,,14.0
simu5g_00000560,4,1,18,1160.0,,15.0
simu5g_00000560,4,1,19,1160.0,,15.0
simu5g_00000560,4,1,20,1128.0,,14.0
simu5g_00000560,4,1,21,1128.0,,14.0
simu5g_00000560,4,1,22,1160.0,,15.0
simu5g_00000560,4,1,23,1160.0,,15.0
simu5g_00000560,4,1,24,1128.0,,14.0
simu5g_00000560,5,2,0,704.0,,10.0
simu5g_00000560,5,2,1,528.0,,8.0
simu5g_00000560,5,2,2,608.0,,9.0
simu5g_00000560,5,2,3,528.0,,8.0
simu5g_00000560,5,2,4,984.0,,13.0
simu5g_00000560,5,2,5,608.0,,9.0
simu5g_00000560,5,2,6,608.0,,9.0
simu5g_00000560,5,2,7,608.0,,9.0
simu5g_00000560,5,2,8,608.0,,9.0
simu5g_00000560,5,2,9,984.0,,13.0
simu5g_00000560,5,2,10,888.0,,12.0
simu5g_00000560,5,2,11,704.0,,10.0
simu5g_00000560,5,2,12,608.0,,9.0
simu5g_00000560,5,2,13,368.0,,6.0
simu5g_00000560,5,2,14,368.0,,6.0
simu5g_00000560,5,2,15,528.0,,8.0
simu5g_00000560,5,2,16,136.0,,3.0
simu5g_00000560,5,2,17,984.0,,13.0
simu5g_00000560,5,2,18,808.0,,11.0
simu5g_00000560,5,2,19,608.0,,9.0
simu5g_00000560,5,2,20,528.0,,8.0
simu5g_00000560,5,2,21,368.0,,6.0
simu5g_00000560,5,2,22,888.0,,12.0
simu5g_00000560,5,2,23,528.0,,8.0
simu5g_00000560,5,2,24,608.0,,9.0
simu5g_00000560,6,3,0,1160.0,,15.0
simu5g_00000560,6,3,1,1128.0,,14.0
simu5g_00000560,6,3,2,1160.0,,15.0
simu5g_00000560,6,3,3,608.0,,9.0
simu5g_00000560,6,3,4,1128.0,,14.0
simu5g_00000560,6,3,5,1128.0,,14.0
simu5g_00000560,6,3,6,1160.0,,15.0
simu5g_00000560,6,3,7,1128.0,,14.0
simu5g_00000560,6,3,8,1160.0,,15.0
simu5g_00000560,6,3,9,984.0,,13.0
simu5g_00000560,6,3,10,984.0,,13.0
simu5g_00000560,6,3,11,1128.0,,14.0
simu5g_00000560,6,3,12,1160.0,,15.0
simu5g_00000560,6,3,13,1128.0,,14.0
simu5g_00000560,6,3,14,1160.0,,15.0
simu5g_00000560,6,3,15,1160.0,,15.0
simu5g_00000560,6,3,16,888.0,,12.0
simu5g_00000560,6,3,17,1160.0,,15.0
simu5g_00000560,6,3,18,1160.0,,15.0
simu5g_00000560,6,3,19,1128.0,,14.0
simu5g_00000560,6,3,20,1160.0,,15.0
simu5g_00000560,6,3,21,1128.0,,14.0
simu5g_00000560,6,3,22,1160.0,,15.0
simu5g_00000560,6,3,23,1160.0,,15.0
simu5g_00000560,6,3,24,1160.0,,15.0
simu5g_00000561,0,0,0,1160.0,,15.0
simu5g_00000561,0,0,1,1128.0,,14.0
simu5g_00000561,0,0,2,1160.0,,15.0
simu5g_00000561,0,0,3,1160.0,,15.0
simu5g_00000561,0,0,4,1160.0,,15.0
simu5g_00000561,0,0,5,1160.0,,15.0
simu5g_00000561,0,0,6,1160.0,,15.0
simu5g_00000561,0,0,7,1160.0,,15.0
simu5g_00000561,0,0,8,1160.0,,15.0
simu5g_00000561,0,0,9,1160.0,,15.0
simu5g_00000561,0,0,10,1160.0,,15.0
simu5g_00000561,0,0,11,1160.0,,15.0
simu5g_00000561,0,0,12,1160.0,,15.0
simu5g_00000561,0,0,13,1160.0,,15.0
simu5g_00000561,0,0,14,1160.0,,15.0
simu5g_00000561,0,0,15,1160.0,,15.0
simu5g_00000561,0,0,16,1160.0,,15.0
simu5g_00000561,0,0,17,1160.0,,15.0
simu5g_00000561,0,0,18,1160.0,,15.0
simu5g_00000561,0,0,19,1160.0,,15.0
simu5g_00000561,0,0,20,1160.0,,15.0
simu5g_00000561,0,0,21,1160.0,,15.0
simu5g_00000561,0,0,22,1160.0,,15.0
simu5g_00000561,0,0,23,1160.0,,15.0
simu5g_00000561,0,0,24,1160.0,,15.0
simu5g_00000561,1,1,0,1160.0,,15.0
simu5g_00000561,1,1,1,1160.0,,15.0
simu5g_00000561,1,1,2,1160.0,,15.0
simu5g_00000561,1,1,3,1160.0,,15.0
simu5g_00000561,1,1,4,1160.0,,15.0
simu5g_00000561,1,1,5,1160.0,,15.0
simu5g_00000561,1,1,6,1160.0,,15.0
simu5g_00000561,1,1,7,1160.0,,15.0
simu5g_00000561,1,1,8,1160.0,,15.0
simu5g_00000561,1,1,9,1160.0,,15.0
simu5g_00000561,1,1,10,1160.0,,15.0
simu5g_00000561,1,1,11,1160.0,,15.0
simu5g_00000561,1,1,12,1160.0,,15.0
simu5g_00000561,1,1,13,1160.0,,15.0
simu5g_00000561,1,1,14,1160.0,,15.0
simu5g_00000561,1,1,15,1160.0,,15.0
simu5g_00000561,1,1,16,1160.0,,15.0
simu5g_00000561,1,1,17,1160.0,,15.0
simu5g_00000561,1,1,18,1160.0,,15.0
simu5g_00000561,1,1,19,1160.0,,15.0
simu5g_00000561,1,1,20,1160.0,,15.0
simu5g_00000561,1,1,21,1160.0,,15.0
simu5g_00000561,1,1,22,1160.0,,15.0
simu5g_00000561,1,1,23,1160.0,,15.0
simu5g_00000561,1,1,24,1160.0,,15.0
simu5g_00000561,15,2,0,1160.0,,15.0
simu5g_00000561,15,2,1,1160.0,,15.0
simu5g_00000561,15,2,2,1160.0,,15.0
simu5g_00000561,15,2,3,1160.0,,15.0
simu5g_00000561,15,2,4,1160.0,,15.0
simu5g_00000561,15,2,5,1128.0,,14.0
simu5g_00000561,15,2,6,1160.0,,15.0
simu5g_00000561,15,2,7,1160.0,,15.0
simu5g_00000561,15,2,8,1160.0,,15.0
simu5g_00000561,15,2,9,1160.0,,15.0
simu5g_00000561,15,2,10,1160.0,,15.0
simu5g_00000561,15,2,11,1160.0,,15.0
simu5g_00000561,15,2,12,1160.0,,15.0
simu5g_00000561,15,2,13,1160.0,,15.0
simu5g_00000561,15,2,14,1160.0,,15.0
simu5g_00000561,15,2,15,1160.0,,15.0
simu5g_00000561,15,2,16,1160.0,,15.0
simu5g_00000561,15,2,17,1160.0,,15.0
simu5g_00000561,15,2,18,1160.0,,15.0
simu5g_00000561,15,2,19,1160.0,,15.0
simu5g_00000561,15,2,20,1160.0,,15.0
simu5g_00000561,15,2,21,1160.0,,15.0
simu5g_00000561,15,2,22,1160.0,,15.0
simu5g_00000561,15,2,23,1160.0,,15.0
simu5g_00000561,15,2,24,1160.0,,15.0
simu5g_00000561,2,3,0,1160.0,,15.0
simu5g_00000561,2,3,1,1160.0,,15.0
simu5g_00000561,2,3,2,1160.0,,15.0
simu5g_00000561,2,3,3,1160.0,,15.0
simu5g_00000561,2,3,4,1160.0,,15.0
simu5g_00000561,2,3,5,1160.0,,15.0
simu5g_00000561,2,3,6,1160.0,,15.0
simu5g_00000561,2,3,7,984.0,,13.0
simu5g_00000561,2,3,8,1160.0,,15.0
simu5g_00000561,2,3,9,1160.0,,15.0
simu5g_00000561,2,3,10,1160.0,,15.0
simu5g_00000561,2,3,11,1128.0,,14.0
simu5g_00000561,2,3,12,1160.0,,15.0
simu5g_00000561,2,3,13,1160.0,,15.0
simu5g_00000561,2,3,14,1160.0,,15.0
simu5g_00000561,2,3,15,1160.0,,15.0
simu5g_00000561,2,3,16,1128.0,,14.0
simu5g_00000561,2,3,17,1160.0,,15.0
simu5g_00000561,2,3,18,1160.0,,15.0
simu5g_00000561,2,3,19,1160.0,,15.0
simu5g_00000561,2,3,20,1160.0,,15.0
simu5g_00000561,2,3,21,1160.0,,15.0
simu5g_00000561,2,3,22,1160.0,,15.0
simu5g_00000561,2,3,23,1160.0,,15.0
simu5g_00000561,2,3,24,1128.0,,14.0
simu5g_00000561,31,4,0,808.0,,11.0
simu5g_00000561,31,4,1,608.0,,9.0
simu5g_00000561,31,4,2,1128.0,,14.0
simu5g_00000561,31,4,3,984.0,,13.0
simu5g_00000561,31,4,4,1128.0,,14.0
simu5g_00000561,31,4,5,984.0,,13.0
simu5g_00000561,31,4,6,1128.0,,14.0
simu5g_00000561,31,4,7,888.0,,12.0
simu5g_00000561,31,4,8,1160.0,,15.0
simu5g_00000561,31,4,9,1128.0,,14.0
simu5g_00000561,31,4,10,984.0,,13.0
simu5g_00000561,31,4,11,888.0,,12.0
simu5g_00000561,31,4,12,368.0,,6.0
simu5g_00000561,31,4,13,984.0,,13.0
simu5g_00000561,31,4,14,1128.0,,14.0
simu5g_00000561,31,4,15,1128.0,,14.0
simu5g_00000561,31,4,16,888.0,,12.0
simu5g_00000561,31,4,17,1160.0,,15.0
simu5g_00000561,31,4,18,1160.0,,15.0
simu5g_00000561,31,4,19,888.0,,12.0
simu5g_00000561,31,4,20,808.0,,11.0
simu5g_00000561,31,4,21,984.0,,13.0
simu5g_00000561,31,4,22,888.0,,12.0
simu5g_00000561,31,4,23,1128.0,,14.0
simu5g_00000561,31,4,24,1160.0,,15.0
simu5g_00000562,3,0,0,1128.0,,14.0
simu5g_00000562,3,0,1,1160.0,,15.0
simu5g_00000562,3,0,2,1128.0,,14.0
simu5g_00000562,3,0,3,1128.0,,14.0
simu5g_00000562,3,0,4,1160.0,,15.0
simu5g_00000562,3,0,5,1160.0,,15.0
simu5g_00000562,3,0,6,1160.0,,15.0
simu5g_00000562,3,0,7,1128.0,,14.0
simu5g_00000562,3,0,8,808.0,,11.0
simu5g_00000562,3,0,9,808.0,,11.0
simu5g_00000562,3,0,10,1128.0,,14.0
simu5g_00000562,3,0,11,1128.0,,14.0
simu5g_00000562,3,0,12,1160.0,,15.0
simu5g_00000562,3,0,13,1160.0,,15.0
simu5g_00000562,3,0,14,1160.0,,15.0
simu5g_00000562,3,0,15,1160.0,,15.0
simu5g_00000562,3,0,16,1160.0,,15.0
simu5g_00000562,3,0,17,1160.0,,15.0
simu5g_00000562,3,0,18,1160.0,,15.0
simu5g_00000562,3,0,19,1160.0,,15.0
simu5g_00000562,3,0,20,1160.0,,15.0
simu5g_00000562,3,0,21,1128.0,,14.0
simu5g_00000562,3,0,22,984.0,,13.0
simu5g_00000562,3,0,23,1160.0,,15.0
simu5g_00000562,3,0,24,984.0,,13.0
simu5g_00000562,4,1,0,1160.0,,15.0
simu5g_00000562,4,1,1,1160.0,,15.0
simu5g_00000562,4,1,2,1160.0,,15.0
simu5g_00000562,4,1,3,888.0,,12.0
simu5g_00000562,4,1,4,1160.0,,15.0
simu5g_00000562,4,1,5,1160.0,,15.0
simu5g_00000562,4,1,6,1160.0,,15.0
simu5g_00000562,4,1,7,984.0,,13.0
simu5g_00000562,4,1,8,1128.0,,14.0
simu5g_00000562,4,1,9,1160.0,,15.0
simu5g_00000562,4,1,10,1160.0,,15.0
simu5g_00000562,4,1,11,1160.0,,15.0
simu5g_00000562,4,1,12,1160.0,,15.0
simu5g_00000562,4,1,13,1160.0,,15.0
simu5g_00000562,4,1,14,1160.0,,15.0
simu5g_00000562,4,1,15,1160.0,,15.0
simu5g_00000562,4,1,16,1160.0,,15.0
simu5g_00000562,4,1,17,1160.0,,15.0
simu5g_00000562,4,1,18,1160.0,,15.0
simu5g_00000562,4,1,19,1160.0,,15.0
simu5g_00000562,4,1,20,1160.0,,15.0
simu5g_00000562,4,1,21,1160.0,,15.0
simu5g_00000562,4,1,22,1160.0,,15.0
simu5g_00000562,4,1,23,1160.0,,15.0
simu5g_00000562,4,1,24,1160.0,,15.0
simu5g_00000562,5,2,0,704.0,,10.0
simu5g_00000562,5,2,1,528.0,,8.0
simu5g_00000562,5,2,2,608.0,,9.0
simu5g_00000562,5,2,3,528.0,,8.0
simu5g_00000562,5,2,4,984.0,,13.0
simu5g_00000562,5,2,5,608.0,,9.0
simu5g_00000562,5,2,6,608.0,,9.0
simu5g_00000562,5,2,7,608.0,,9.0
simu5g_00000562,5,2,8,608.0,,9.0
simu5g_00000562,5,2,9,984.0,,13.0
simu5g_00000562,5,2,10,888.0,,12.0
simu5g_00000562,5,2,11,704.0,,10.0
simu5g_00000562,5,2,12,608.0,,9.0
simu5g_00000562,5,2,13,368.0,,6.0
simu5g_00000562,5,2,14,368.0,,6.0
simu5g_00000562,5,2,15,528.0,,8.0
simu5g_00000562,5,2,16,136.0,,3.0
simu5g_00000562,5,2,17,984.0,,13.0
simu5g_00000562,5,2,18,808.0,,11.0
simu5g_00000562,5,2,19,608.0,,9.0
simu5g_00000562,5,2,20,528.0,,8.0
simu5g_00000562,5,2,21,368.0,,6.0
simu5g_00000562,5,2,22,888.0,,12.0
simu5g_00000562,5,2,23,528.0,,8.0
simu5g_00000562,5,2,24,608.0,,9.0
simu5g_00000562,6,3,0,1160.0,,15.0
simu5g_00000562,6,3,1,1128.0,,14.0
simu5g_00000562,6,3,2,1160.0,,15.0
simu5g_00000562,6,3,3,608.0,,9.0
simu5g_00000562,6,3,4,1128.0,,14.0
simu5g_00000562,6,3,5,1128.0,,14.0
simu5g_00000562,6,3,6,1160.0,,15.0
simu5g_00000562,6,3,7,1128.0,,14.0
simu5g_00000562,6,3,8,1160.0,,15.0
simu5g_00000562,6,3,9,984.0,,13.0
simu5g_00000562,6,3,10,984.0,,13.0
simu5g_00000562,6,3,11,1128.0,,14.0
simu5g_00000562,6,3,12,1160.0,,15.0
simu5g_00000562,6,3,13,1128.0,,14.0
simu5g_00000562,6,3,14,1160.0,,15.0
simu5g_00000562,6,3,15,1160.0,,15.0
simu5g_00000562,6,3,16,888.0,,12.0
simu5g_00000562,6,3,17,1160.0,,15.0
simu5g_00000562,6,3,18,1160.0,,15.0
simu5g_00000562,6,3,19,1128.0,,14.0
simu5g_00000562,6,3,20,1160.0,,15.0
simu5g_00000562,6,3,21,1128.0,,14.0
simu5g_00000562,6,3,22,1160.0,,15.0
simu5g_00000562,6,3,23,1160.0,,15.0
simu5g_00000562,6,3,24,1160.0,,15.0
simu5g_00000563,0,0,0,1160.0,,15.0
simu5g_00000563,0,0,1,1128.0,,14.0
simu5g_00000563,0,0,2,1160.0,,15.0
simu5g_00000563,0,0,3,1160.0,,15.0
simu5g_00000563,0,0,4,1160.0,,15.0
simu5g_00000563,0,0,5,1160.0,,15.0
simu5g_00000563,0,0,6,1160.0,,15.0
simu5g_00000563,0,0,7,1160.0,,15.0
simu5g_00000563,0,0,8,1160.0,,15.0
simu5g_00000563,0,0,9,1160.0,,15.0
simu5g_00000563,0,0,10,1160.0,,15.0
simu5g_00000563,0,0,11,1160.0,,15.0
simu5g_00000563,0,0,12,1160.0,,15.0
simu5g_00000563,0,0,13,1160.0,,15.0
simu5g_00000563,0,0,14,1160.0,,15.0
simu5g_00000563,0,0,15,1160.0,,15.0
simu5g_00000563,0,0,16,1160.0,,15.0
simu5g_00000563,0,0,17,1160.0,,15.0
simu5g_00000563,0,0,18,1160.0,,15.0
simu5g_00000563,0,0,19,1160.0,,15.0
simu5g_00000563,0,0,20,1160.0,,15.0
simu5g_00000563,0,0,21,1160.0,,15.0
simu5g_00000563,0,0,22,1160.0,,15.0
simu5g_00000563,0,0,23,1160.0,,15.0
simu5g_00000563,0,0,24,1160.0,,15.0
simu5g_00000563,1,1,0,1160.0,,15.0
simu5g_00000563,1,1,1,1160.0,,15.0
simu5g_00000563,1,1,2,1160.0,,15.0
simu5g_00000563,1,1,3,1160.0,,15.0
simu5g_00000563,1,1,4,1160.0,,15.0
simu5g_00000563,1,1,5,1160.0,,15.0
simu5g_00000563,1,1,6,1160.0,,15.0
simu5g_00000563,1,1,7,1160.0,,15.0
simu5g_00000563,1,1,8,1160.0,,15.0
simu5g_00000563,1,1,9,1160.0,,15.0
simu5g_00000563,1,1,10,1160.0,,15.0
simu5g_00000563,1,1,11,1160.0,,15.0
simu5g_00000563,1,1,12,1160.0,,15.0
simu5g_00000563,1,1,13,1160.0,,15.0
simu5g_00000563,1,1,14,1160.0,,15.0
simu5g_00000563,1,1,15,1160.0,,15.0
simu5g_00000563,1,1,16,1160.0,,15.0
simu5g_00000563,1,1,17,1160.0,,15.0
simu5g_00000563,1,1,18,1160.0,,15.0
simu5g_00000563,1,1,19,1160.0,,15.0
simu5g_00000563,1,1,20,1160.0,,15.0
simu5g_00000563,1,1,21,1160.0,,15.0
simu5g_00000563,1,1,22,1160.0,,15.0
simu5g_00000563,1,1,23,1160.0,,15.0
simu5g_00000563,1,1,24,1160.0,,15.0
simu5g_00000563,15,2,0,1160.0,,15.0
simu5g_00000563,15,2,1,1160.0,,15.0
simu5g_00000563,15,2,2,1160.0,,15.0
simu5g_00000563,15,2,3,1160.0,,15.0
simu5g_00000563,15,2,4,1160.0,,15.0
simu5g_00000563,15,2,5,1128.0,,14.0
simu5g_00000563,15,2,6,1160.0,,15.0
simu5g_00000563,15,2,7,1160.0,,15.0
simu5g_00000563,15,2,8,1160.0,,15.0
simu5g_00000563,15,2,9,1160.0,,15.0
simu5g_00000563,15,2,10,1160.0,,15.0
simu5g_00000563,15,2,11,1160.0,,15.0
simu5g_00000563,15,2,12,1160.0,,15.0
simu5g_00000563,15,2,13,1160.0,,15.0
simu5g_00000563,15,2,14,1160.0,,15.0
simu5g_00000563,15,2,15,1160.0,,15.0
simu5g_00000563,15,2,16,1160.0,,15.0
simu5g_00000563,15,2,17,1160.0,,15.0
simu5g_00000563,15,2,18,1160.0,,15.0
simu5g_00000563,15,2,19,1160.0,,15.0
simu5g_00000563,15,2,20,1160.0,,15.0
simu5g_00000563,15,2,21,1160.0,,15.0
simu5g_00000563,15,2,22,1160.0,,15.0
simu5g_00000563,15,2,23,1160.0,,15.0
simu5g_00000563,15,2,24,1160.0,,15.0
simu5g_00000563,2,3,0,1160.0,,15.0
simu5g_00000563,2,3,1,1160.0,,15.0
simu5g_00000563,2,3,2,1128.0,,14.0
simu5g_00000563,2,3,3,1160.0,,15.0
simu5g_00000563,2,3,4,1128.0,,14.0
simu5g_00000563,2,3,5,1128.0,,14.0
simu5g_00000563,2,3,6,1160.0,,15.0
simu5g_00000563,2,3,7,888.0,,12.0
simu5g_00000563,2,3,8,1160.0,,15.0
simu5g_00000563,2,3,9,1160.0,,15.0
simu5g_00000563,2,3,10,1160.0,,15.0
simu5g_00000563,2,3,11,984.0,,13.0
simu5g_00000563,2,3,12,1128.0,,14.0
simu5g_00000563,2,3,13,1160.0,,15.0
simu5g_00000563,2,3,14,1160.0,,15.0
simu5g_00000563,2,3,15,1160.0,,15.0
simu5g_00000563,2,3,16,984.0,,13.0
simu5g_00000563,2,3,17,1128.0,,14.0
simu5g_00000563,2,3,18,1128.0,,14.0
simu5g_00000563,2,3,19,1160.0,,15.0
simu5g_00000563,2,3,20,1160.0,,15.0
simu5g_00000563,2,3,21,1128.0,,14.0
simu5g_00000563,2,3,22,1128.0,,14.0
simu5g_00000563,2,3,23,1160.0,,15.0
simu5g_00000563,2,3,24,984.0,,13.0
simu5g_00000563,31,4,0,1128.0,,14.0
simu5g_00000563,31,4,1,984.0,,13.0
simu5g_00000563,31,4,2,1160.0,,15.0
simu5g_00000563,31,4,3,1160.0,,15.0
simu5g_00000563,31,4,4,1160.0,,15.0
simu5g_00000563,31,4,5,1128.0,,14.0
simu5g_00000563,31,4,6,1160.0,,15.0
simu5g_00000563,31,4,7,1128.0,,14.0
simu5g_00000563,31,4,8,1160.0,,15.0
simu5g_00000563,31,4,9,1160.0,,15.0
simu5g_00000563,31,4,10,1160.0,,15.0
simu5g_00000563,31,4,11,1128.0,,14.0
simu5g_00000563,31,4,12,608.0,,9.0
simu5g_00000563,31,4,13,1160.0,,15.0
simu5g_00000563,31,4,14,1160.0,,15.0
simu5g_00000563,31,4,15,1160.0,,15.0
simu5g_00000563,31,4,16,1128.0,,14.0
simu5g_00000563,31,4,17,1160.0,,15.0
simu5g_00000563,31,4,18,1160.0,,15.0
simu5g_00000563,31,4,19,1128.0,,14.0
simu5g_00000563,31,4,20,1128.0,,14.0
simu5g_00000563,31,4,21,1160.0,,15.0
simu5g_00000563,31,4,22,1128.0,,14.0
simu5g_00000563,31,4,23,1160.0,,15.0
simu5g_00000563,31,4,24,1160.0,,15.0
simu5g_00000564,3,0,0,1128.0,,14.0
simu5g_00000564,3,0,1,1160.0,,15.0
simu5g_00000564,3,0,2,1128.0,,14.0
simu5g_00000564,3,0,3,1128.0,,14.0
simu5g_00000564,3,0,4,1160.0,,15.0
simu5g_00000564,3,0,5,1160.0,,15.0
simu5g_00000564,3,0,6,1160.0,,15.0
simu5g_00000564,3,0,7,1128.0,,14.0
simu5g_00000564,3,0,8,808.0,,11.0
simu5g_00000564,3,0,9,808.0,,11.0
simu5g_00000564,3,0,10,1128.0,,14.0
simu5g_00000564,3,0,11,1128.0,,14.0
simu5g_00000564,3,0,12,1160.0,,15.0
simu5g_00000564,3,0,13,1160.0,,15.0
simu5g_00000564,3,0,14,1160.0,,15.0
simu5g_00000564,3,0,15,1160.0,,15.0
simu5g_00000564,3,0,16,1160.0,,15.0
simu5g_00000564,3,0,17,1160.0,,15.0
simu5g_00000564,3,0,18,1160.0,,15.0
simu5g_00000564,3,0,19,1128.0,,14.0
simu5g_00000564,3,0,20,1160.0,,15.0
simu5g_00000564,3,0,21,1128.0,,14.0
simu5g_00000564,3,0,22,984.0,,13.0
simu5g_00000564,3,0,23,1160.0,,15.0
simu5g_00000564,3,0,24,984.0,,13.0
simu5g_00000564,4,1,0,1160.0,,15.0
simu5g_00000564,4,1,1,1160.0,,15.0
simu5g_00000564,4,1,2,1160.0,,15.0
simu5g_00000564,4,1,3,888.0,,12.0
simu5g_00000564,4,1,4,1160.0,,15.0
simu5g_00000564,4,1,5,1160.0,,15.0
simu5g_00000564,4,1,6,1160.0,,15.0
simu5g_00000564,4,1,7,984.0,,13.0
simu5g_00000564,4,1,8,1128.0,,14.0
simu5g_00000564,4,1,9,1160.0,,15.0
simu5g_00000564,4,1,10,1160.0,,15.0
simu5g_00000564,4,1,11,1160.0,,15.0
simu5g_00000564,4,1,12,1160.0,,15.0
simu5g_00000564,4,1,13,1160.0,,15.0
simu5g_00000564,4,1,14,1160.0,,15.0
simu5g_00000564,4,1,15,1160.0,,15.0
simu5g_00000564,4,1,16,1160.0,,15.0
simu5g_00000564,4,1,17,1160.0,,15.0
simu5g_00000564,4,1,18,1160.0,,15.0
simu5g_00000564,4,1,19,1160.0,,15.0
simu5g_00000564,4,1,20,1160.0,,15.0
simu5g_00000564,4,1,21,1160.0,,15.0
simu5g_00000564,4,1,22,1160.0,,15.0
simu5g_00000564,4,1,23,1160.0,,15.0
simu5g_00000564,4,1,24,1160.0,,15.0
simu5g_00000564,5,2,0,704.0,,10.0
simu5g_00000564,5,2,1,528.0,,8.0
simu5g_00000564,5,2,2,608.0,,9.0
simu5g_00000564,5,2,3,528.0,,8.0
simu5g_00000564,5,2,4,984.0,,13.0
simu5g_00000564,5,2,5,608.0,,9.0
simu5g_00000564,5,2,6,608.0,,9.0
simu5g_00000564,5,2,7,608.0,,9.0
simu5g_00000564,5,2,8,608.0,,9.0
simu5g_00000564,5,2,9,984.0,,13.0
simu5g_00000564,5,2,10,888.0,,12.0
simu5g_00000564,5,2,11,704.0,,10.0
simu5g_00000564,5,2,12,608.0,,9.0
simu5g_00000564,5,2,13,432.0,,7.0
simu5g_00000564,5,2,14,368.0,,6.0
simu5g_00000564,5,2,15,528.0,,8.0
simu5g_00000564,5,2,16,136.0,,3.0
simu5g_00000564,5,2,17,984.0,,13.0
simu5g_00000564,5,2,18,808.0,,11.0
simu5g_00000564,5,2,19,608.0,,9.0
simu5g_00000564,5,2,20,528.0,,8.0
simu5g_00000564,5,2,21,368.0,,6.0
simu5g_00000564,5,2,22,888.0,,12.0
simu5g_00000564,5,2,23,528.0,,8.0
simu5g_00000564,5,2,24,608.0,,9.0
simu5g_00000564,6,3,0,1160.0,,15.0
simu5g_00000564,6,3,1,1128.0,,14.0
simu5g_00000564,6,3,2,1160.0,,15.0
simu5g_00000564,6,3,3,608.0,,9.0
simu5g_00000564,6,3,4,1128.0,,14.0
simu5g_00000564,6,3,5,1128.0,,14.0
simu5g_00000564,6,3,6,1160.0,,15.0
simu5g_00000564,6,3,7,1128.0,,14.0
simu5g_00000564,6,3,8,1160.0,,15.0
simu5g_00000564,6,3,9,984.0,,13.0
simu5g_00000564,6,3,10,984.0,,13.0
simu5g_00000564,6,3,11,1128.0,,14.0
simu5g_00000564,6,3,12,1160.0,,15.0
simu5g_00000564,6,3,13,1128.0,,14.0
simu5g_00000564,6,3,14,1160.0,,15.0
simu5g_00000564,6,3,15,1160.0,,15.0
simu5g_00000564,6,3,16,888.0,,12.0
simu5g_00000564,6,3,17,1160.0,,15.0
simu5g_00000564,6,3,18,1160.0,,15.0
simu5g_00000564,6,3,19,1128.0,,14.0
simu5g_00000564,6,3,20,1160.0,,15.0
simu5g_00000564,6,3,21,1128.0,,14.0
simu5g_00000564,6,3,22,1160.0,,15.0
simu5g_00000564,6,3,23,1160.0,,15.0
simu5g_00000564,6,3,24,1160.0,,15.0
simu5g_00000565,0,0,0,1160.0,,15.0
simu5g_00000565,0,0,1,1128.0,,14.0
simu5g_00000565,0,0,2,1160.0,,15.0
simu5g_00000565,0,0,3,1160.0,,15.0
simu5g_00000565,0,0,4,1160.0,,15.0
simu5g_00000565,0,0,5,1160.0,,15.0
simu5g_00000565,0,0,6,1160.0,,15.0
simu5g_00000565,0,0,7,1160.0,,15.0
simu5g_00000565,0,0,8,1160.0,,15.0
simu5g_00000565,0,0,9,1160.0,,15.0
simu5g_00000565,0,0,10,1160.0,,15.0
simu5g_00000565,0,0,11,1160.0,,15.0
simu5g_00000565,0,0,12,1160.0,,15.0
simu5g_00000565,0,0,13,1160.0,,15.0
simu5g_00000565,0,0,14,1160.0,,15.0
simu5g_00000565,0,0,15,1160.0,,15.0
simu5g_00000565,0,0,16,1160.0,,15.0
simu5g_00000565,0,0,17,1160.0,,15.0
simu5g_00000565,0,0,18,1160.0,,15.0
simu5g_00000565,0,0,19,1160.0,,15.0
simu5g_00000565,0,0,20,1160.0,,15.0
simu5g_00000565,0,0,21,1160.0,,15.0
simu5g_00000565,0,0,22,1160.0,,15.0
simu5g_00000565,0,0,23,1160.0,,15.0
simu5g_00000565,0,0,24,1160.0,,15.0
simu5g_00000565,1,1,0,1160.0,,15.0
simu5g_00000565,1,1,1,1160.0,,15.0
simu5g_00000565,1,1,2,1160.0,,15.0
simu5g_00000565,1,1,3,1160.0,,15.0
simu5g_00000565,1,1,4,1160.0,,15.0
simu5g_00000565,1,1,5,1160.0,,15.0
simu5g_00000565,1,1,6,1160.0,,15.0
simu5g_00000565,1,1,7,1160.0,,15.0
simu5g_00000565,1,1,8,1160.0,,15.0
simu5g_00000565,1,1,9,1160.0,,15.0
simu5g_00000565,1,1,10,1160.0,,15.0
simu5g_00000565,1,1,11,1160.0,,15.0
simu5g_00000565,1,1,12,1160.0,,15.0
simu5g_00000565,1,1,13,1160.0,,15.0
simu5g_00000565,1,1,14,1160.0,,15.0
simu5g_00000565,1,1,15,1160.0,,15.0
simu5g_00000565,1,1,16,1160.0,,15.0
simu5g_00000565,1,1,17,1160.0,,15.0
simu5g_00000565,1,1,18,1160.0,,15.0
simu5g_00000565,1,1,19,1160.0,,15.0
simu5g_00000565,1,1,20,1160.0,,15.0
simu5g_00000565,1,1,21,1160.0,,15.0
simu5g_00000565,1,1,22,1160.0,,15.0
simu5g_00000565,1,1,23,1160.0,,15.0
simu5g_00000565,1,1,24,1160.0,,15.0
simu5g_00000565,15,2,0,1160.0,,15.0
simu5g_00000565,15,2,1,1160.0,,15.0
simu5g_00000565,15,2,2,1160.0,,15.0
simu5g_00000565,15,2,3,1160.0,,15.0
simu5g_00000565,15,2,4,1160.0,,15.0
simu5g_00000565,15,2,5,1128.0,,14.0
simu5g_00000565,15,2,6,1160.0,,15.0
simu5g_00000565,15,2,7,1160.0,,15.0
simu5g_00000565,15,2,8,1160.0,,15.0
simu5g_00000565,15,2,9,1160.0,,15.0
simu5g_00000565,15,2,10,1160.0,,15.0
simu5g_00000565,15,2,11,1160.0,,15.0
simu5g_00000565,15,2,12,1160.0,,15.0
simu5g_00000565,15,2,13,1160.0,,15.0
simu5g_00000565,15,2,14,1160.0,,15.0
simu5g_00000565,15,2,15,1160.0,,15.0
simu5g_00000565,15,2,16,1160.0,,15.0
simu5g_00000565,15,2,17,1160.0,,15.0
simu5g_00000565,15,2,18,1160.0,,15.0
simu5g_00000565,15,2,19,1160.0,,15.0
simu5g_00000565,15,2,20,1160.0,,15.0
simu5g_00000565,15,2,21,1160.0,,15.0
simu5g_00000565,15,2,22,1160.0,,15.0
simu5g_00000565,15,2,23,1160.0,,15.0
simu5g_00000565,15,2,24,1160.0,,15.0
simu5g_00000565,2,3,0,1160.0,,15.0
simu5g_00000565,2,3,1,1160.0,,15.0
simu5g_00000565,2,3,2,1160.0,,15.0
simu5g_00000565,2,3,3,1160.0,,15.0
simu5g_00000565,2,3,4,1128.0,,14.0
simu5g_00000565,2,3,5,1128.0,,14.0
simu5g_00000565,2,3,6,1160.0,,15.0
simu5g_00000565,2,3,7,888.0,,12.0
simu5g_00000565,2,3,8,1160.0,,15.0
simu5g_00000565,2,3,9,1160.0,,15.0
simu5g_00000565,2,3,10,1160.0,,15.0
simu5g_00000565,2,3,11,984.0,,13.0
simu5g_00000565,2,3,12,1128.0,,14.0
simu5g_00000565,2,3,13,1160.0,,15.0
simu5g_00000565,2,3,14,1160.0,,15.0
simu5g_00000565,2,3,15,1160.0,,15.0
simu5g_00000565,2,3,16,984.0,,13.0
simu5g_00000565,2,3,17,1128.0,,14.0
simu5g_00000565,2,3,18,1128.0,,14.0
simu5g_00000565,2,3,19,1160.0,,15.0
simu5g_00000565,2,3,20,1160.0,,15.0
simu5g_00000565,2,3,21,1128.0,,14.0
simu5g_00000565,2,3,22,1128.0,,14.0
simu5g_00000565,2,3,23,1160.0,,15.0
simu5g_00000565,2,3,24,1128.0,,14.0
simu5g_00000565,31,4,0,1128.0,,14.0
simu5g_00000565,31,4,1,984.0,,13.0
simu5g_00000565,31,4,2,1160.0,,15.0
simu5g_00000565,31,4,3,1160.0,,15.0
simu5g_00000565,31,4,4,1160.0,,15.0
simu5g_00000565,31,4,5,1128.0,,14.0
simu5g_00000565,31,4,6,1160.0,,15.0
simu5g_00000565,31,4,7,1128.0,,14.0
simu5g_00000565,31,4,8,1160.0,,15.0
simu5g_00000565,31,4,9,1160.0,,15.0
simu5g_00000565,31,4,10,1160.0,,15.0
simu5g_00000565,31,4,11,1128.0,,14.0
simu5g_00000565,31,4,12,608.0,,9.0
simu5g_00000565,31,4,13,1160.0,,15.0
simu5g_00000565,31,4,14,1160.0,,15.0
simu5g_00000565,31,4,15,1160.0,,15.0
simu5g_00000565,31,4,16,1128.0,,14.0
simu5g_00000565,31,4,17,1160.0,,15.0
simu5g_00000565,31,4,18,1160.0,,15.0
simu5g_00000565,31,4,19,1128.0,,14.0
simu5g_00000565,31,4,20,1128.0,,14.0
simu5g_00000565,31,4,21,1160.0,,15.0
simu5g_00000565,31,4,22,1128.0,,14.0
simu5g_00000565,31,4,23,1160.0,,15.0
simu5g_00000565,31,4,24,1160.0,,15.0
simu5g_00000566,3,0,0,1128.0,,14.0
simu5g_00000566,3,0,1,1160.0,,15.0
simu5g_00000566,3,0,2,1128.0,,14.0
simu5g_00000566,3,0,3,1128.0,,14.0
simu5g_00000566,3,0,4,1160.0,,15.0
simu5g_00000566,3,0,5,1160.0,,15.0
simu5g_00000566,3,0,6,1160.0,,15.0
simu5g_00000566,3,0,7,1128.0,,14.0
simu5g_00000566,3,0,8,808.0,,11.0
simu5g_00000566,3,0,9,808.0,,11.0
simu5g_00000566,3,0,10,1128.0,,14.0
simu5g_00000566,3,0,11,1128.0,,14.0
simu5g_00000566,3,0,12,1160.0,,15.0
simu5g_00000566,3,0,13,1160.0,,15.0
simu5g_00000566,3,0,14,1160.0,,15.0
simu5g_00000566,3,0,15,1160.0,,15.0
simu5g_00000566,3,0,16,1160.0,,15.0
simu5g_00000566,3,0,17,1160.0,,15.0
simu5g_00000566,3,0,18,1160.0,,15.0
simu5g_00000566,3,0,19,1128.0,,14.0
simu5g_00000566,3,0,20,1160.0,,15.0
simu5g_00000566,3,0,21,1128.0,,14.0
simu5g_00000566,3,0,22,984.0,,13.0
simu5g_00000566,3,0,23,1160.0,,15.0
simu5g_00000566,3,0,24,984.0,,13.0
simu5g_00000566,4,1,0,1160.0,,15.0
simu5g_00000566,4,1,1,1160.0,,15.0
simu5g_00000566,4,1,2,1160.0,,15.0
simu5g_00000566,4,1,3,888.0,,12.0
simu5g_00000566,4,1,4,1160.0,,15.0
simu5g_00000566,4,1,5,1160.0,,15.0
simu5g_00000566,4,1,6,1160.0,,15.0
simu5g_00000566,4,1,7,984.0,,13.0
simu5g_00000566,4,1,8,1128.0,,14.0
simu5g_00000566,4,1,9,1160.0,,15.0
simu5g_00000566,4,1,10,1160.0,,15.0
simu5g_00000566,4,1,11,1160.0,,15.0
simu5g_00000566,4,1,12,1160.0,,15.0
simu5g_00000566,4,1,13,1160.0,,15.0
simu5g_00000566,4,1,14,1160.0,,15.0
simu5g_00000566,4,1,15,1160.0,,15.0
simu5g_00000566,4,1,16,1160.0,,15.0
simu5g_00000566,4,1,17,1160.0,,15.0
simu5g_00000566,4,1,18,1160.0,,15.0
simu5g_00000566,4,1,19,1160.0,,15.0
simu5g_00000566,4,1,20,1160.0,,15.0
simu5g_00000566,4,1,21,1160.0,,15.0
simu5g_00000566,4,1,22,1160.0,,15.0
simu5g_00000566,4,1,23,1160.0,,15.0
simu5g_00000566,4,1,24,1160.0,,15.0
simu5g_00000566,5,2,0,704.0,,10.0
simu5g_00000566,5,2,1,528.0,,8.0
simu5g_00000566,5,2,2,608.0,,9.0
simu5g_00000566,5,2,3,528.0,,8.0
simu5g_00000566,5,2,4,984.0,,13.0
simu5g_00000566,5,2,5,608.0,,9.0
simu5g_00000566,5,2,6,608.0,,9.0
simu5g_00000566,5,2,7,608.0,,9.0
simu5g_00000566,5,2,8,608.0,,9.0
simu5g_00000566,5,2,9,984.0,,13.0
simu5g_00000566,5,2,10,888.0,,12.0
simu5g_00000566,5,2,11,704.0,,10.0
simu5g_00000566,5,2,12,608.0,,9.0
simu5g_00000566,5,2,13,432.0,,7.0
simu5g_00000566,5,2,14,368.0,,6.0
simu5g_00000566,5,2,15,528.0,,8.0
simu5g_00000566,5,2,16,136.0,,3.0
simu5g_00000566,5,2,17,984.0,,13.0
simu5g_00000566,5,2,18,808.0,,11.0
simu5g_00000566,5,2,19,608.0,,9.0
simu5g_00000566,5,2,20,528.0,,8.0
simu5g_00000566,5,2,21,368.0,,6.0
simu5g_00000566,5,2,22,888.0,,12.0
simu5g_00000566,5,2,23,528.0,,8.0
simu5g_00000566,5,2,24,608.0,,9.0
simu5g_00000566,6,3,0,1160.0,,15.0
simu5g_00000566,6,3,1,1128.0,,14.0
simu5g_00000566,6,3,2,1160.0,,15.0
simu5g_00000566,6,3,3,608.0,,9.0
simu5g_00000566,6,3,4,1128.0,,14.0
simu5g_00000566,6,3,5,1128.0,,14.0
simu5g_00000566,6,3,6,1160.0,,15.0
simu5g_00000566,6,3,7,1128.0,,14.0
simu5g_00000566,6,3,8,1160.0,,15.0
simu5g_00000566,6,3,9,984.0,,13.0
simu5g_00000566,6,3,10,984.0,,13.0
simu5g_00000566,6,3,11,1128.0,,14.0
simu5g_00000566,6,3,12,1160.0,,15.0
simu5g_00000566,6,3,13,1128.0,,14.0
simu5g_00000566,6,3,14,1160.0,,15.0
simu5g_00000566,6,3,15,1160.0,,15.0
simu5g_00000566,6,3,16,888.0,,12.0
simu5g_00000566,6,3,17,1160.0,,15.0
simu5g_00000566,6,3,18,1160.0,,15.0
simu5g_00000566,6,3,19,1128.0,,14.0
simu5g_00000566,6,3,20,1160.0,,15.0
simu5g_00000566,6,3,21,1128.0,,14.0
simu5g_00000566,6,3,22,1160.0,,15.0
simu5g_00000566,6,3,23,1160.0,,15.0
simu5g_00000566,6,3,24,1160.0,,15.0
simu5g_00000567,0,0,0,1160.0,,15.0
simu5g_00000567,0,0,1,1128.0,,14.0
simu5g_00000567,0,0,2,1160.0,,15.0
simu5g_00000567,0,0,3,1160.0,,15.0
simu5g_00000567,0,0,4,1160.0,,15.0
simu5g_00000567,0,0,5,1160.0,,15.0
simu5g_00000567,0,0,6,1160.0,,15.0
simu5g_00000567,0,0,7,1160.0,,15.0
simu5g_00000567,0,0,8,1160.0,,15.0
simu5g_00000567,0,0,9,1160.0,,15.0
simu5g_00000567,0,0,10,1160.0,,15.0
simu5g_00000567,0,0,11,1160.0,,15.0
simu5g_00000567,0,0,12,1160.0,,15.0
simu5g_00000567,0,0,13,1160.0,,15.0
simu5g_00000567,0,0,14,1160.0,,15.0
simu5g_00000567,0,0,15,1160.0,,15.0
simu5g_00000567,0,0,16,1160.0,,15.0
simu5g_00000567,0,0,17,1160.0,,15.0
simu5g_00000567,0,0,18,1160.0,,15.0
simu5g_00000567,0,0,19,1160.0,,15.0
simu5g_00000567,0,0,20,1160.0,,15.0
simu5g_00000567,0,0,21,1160.0,,15.0
simu5g_00000567,0,0,22,1160.0,,15.0
simu5g_00000567,0,0,23,1160.0,,15.0
simu5g_00000567,0,0,24,1160.0,,15.0
simu5g_00000567,1,1,0,1160.0,,15.0
simu5g_00000567,1,1,1,1160.0,,15.0
simu5g_00000567,1,1,2,1160.0,,15.0
simu5g_00000567,1,1,3,1160.0,,15.0
simu5g_00000567,1,1,4,1160.0,,15.0
simu5g_00000567,1,1,5,1160.0,,15.0
simu5g_00000567,1,1,6,1160.0,,15.0
simu5g_00000567,1,1,7,1160.0,,15.0
simu5g_00000567,1,1,8,1160.0,,15.0
simu5g_00000567,1,1,9,1160.0,,15.0
simu5g_00000567,1,1,10,1160.0,,15.0
simu5g_00000567,1,1,11,1160.0,,15.0
simu5g_00000567,1,1,12,1160.0,,15.0
simu5g_00000567,1,1,13,1160.0,,15.0
simu5g_00000567,1,1,14,1160.0,,15.0
simu5g_00000567,1,1,15,1160.0,,15.0
simu5g_00000567,1,1,16,1160.0,,15.0
simu5g_00000567,1,1,17,1160.0,,15.0
simu5g_00000567,1,1,18,1160.0,,15.0
simu5g_00000567,1,1,19,1160.0,,15.0
simu5g_00000567,1,1,20,1160.0,,15.0
simu5g_00000567,1,1,21,1160.0,,15.0
simu5g_00000567,1,1,22,1160.0,,15.0
simu5g_00000567,1,1,23,1160.0,,15.0
simu5g_00000567,1,1,24,1160.0,,15.0
simu5g_00000567,15,2,0,1160.0,,15.0
simu5g_00000567,15,2,1,1160.0,,15.0
simu5g_00000567,15,2,2,1160.0,,15.0
simu5g_00000567,15,2,3,1160.0,,15.0
simu5g_00000567,15,2,4,1160.0,,15.0
simu5g_00000567,15,2,5,1160.0,,15.0
simu5g_00000567,15,2,6,1160.0,,15.0
simu5g_00000567,15,2,7,1160.0,,15.0
simu5g_00000567,15,2,8,1160.0,,15.0
simu5g_00000567,15,2,9,1160.0,,15.0
simu5g_00000567,15,2,10,1160.0,,15.0
simu5g_00000567,15,2,11,1160.0,,15.0
simu5g_00000567,15,2,12,1160.0,,15.0
simu5g_00000567,15,2,13,1160.0,,15.0
simu5g_00000567,15,2,14,1160.0,,15.0
simu5g_00000567,15,2,15,1160.0,,15.0
simu5g_00000567,15,2,16,1160.0,,15.0
simu5g_00000567,15,2,17,1160.0,,15.0
simu5g_00000567,15,2,18,1160.0,,15.0
simu5g_00000567,15,2,19,1160.0,,15.0
simu5g_00000567,15,2,20,1160.0,,15.0
simu5g_00000567,15,2,21,1160.0,,15.0
simu5g_00000567,15,2,22,1160.0,,15.0
simu5g_00000567,15,2,23,1160.0,,15.0
simu5g_00000567,15,2,24,1160.0,,15.0
simu5g_00000567,2,3,0,1160.0,,15.0
simu5g_00000567,2,3,1,1160.0,,15.0
simu5g_00000567,2,3,2,1160.0,,15.0
simu5g_00000567,2,3,3,1160.0,,15.0
simu5g_00000567,2,3,4,1160.0,,15.0
simu5g_00000567,2,3,5,1128.0,,14.0
simu5g_00000567,2,3,6,1160.0,,15.0
simu5g_00000567,2,3,7,888.0,,12.0
simu5g_00000567,2,3,8,1160.0,,15.0
simu5g_00000567,2,3,9,1160.0,,15.0
simu5g_00000567,2,3,10,1160.0,,15.0
simu5g_00000567,2,3,11,984.0,,13.0
simu5g_00000567,2,3,12,1128.0,,14.0
simu5g_00000567,2,3,13,1160.0,,15.0
simu5g_00000567,2,3,14,1160.0,,15.0
simu5g_00000567,2,3,15,1160.0,,15.0
simu5g_00000567,2,3,16,984.0,,13.0
simu5g_00000567,2,3,17,1128.0,,14.0
simu5g_00000567,2,3,18,1128.0,,14.0
simu5g_00000567,2,3,19,1160.0,,15.0
simu5g_00000567,2,3,20,1160.0,,15.0
simu5g_00000567,2,3,21,1128.0,,14.0
simu5g_00000567,2,3,22,1128.0,,14.0
simu5g_00000567,2,3,23,1160.0,,15.0
simu5g_00000567,2,3,24,1128.0,,14.0
simu5g_00000567,31,4,0,1128.0,,14.0
simu5g_00000567,31,4,1,984.0,,13.0
simu5g_00000567,31,4,2,1160.0,,15.0
simu5g_00000567,31,4,3,1160.0,,15.0
simu5g_00000567,31,4,4,1160.0,,15.0
simu5g_00000567,31,4,5,1128.0,,14.0
simu5g_00000567,31,4,6,1160.0,,15.0
simu5g_00000567,31,4,7,1128.0,,14.0
simu5g_00000567,31,4,8,1160.0,,15.0
simu5g_00000567,31,4,9,1160.0,,15.0
simu5g_00000567,31,4,10,1160.0,,15.0
simu5g_00000567,31,4,11,1128.0,,14.0
simu5g_00000567,31,4,12,608.0,,9.0
simu5g_00000567,31,4,13,1160.0,,15.0
simu5g_00000567,31,4,14,1160.0,,15.0
simu5g_00000567,31,4,15,1160.0,,15.0
simu5g_00000567,31,4,16,1128.0,,14.0
simu5g_00000567,31,4,17,1160.0,,15.0
simu5g_00000567,31,4,18,1160.0,,15.0
simu5g_00000567,31,4,19,1128.0,,14.0
simu5g_00000567,31,4,20,1128.0,,14.0
simu5g_00000567,31,4,21,1160.0,,15.0
simu5g_00000567,31,4,22,1128.0,,14.0
simu5g_00000567,31,4,23,1160.0,,15.0
simu5g_00000567,31,4,24,1160.0,,15.0
simu5g_00000568,3,0,0,1128.0,,14.0
simu5g_00000568,3,0,1,1160.0,,15.0
simu5g_00000568,3,0,2,1128.0,,14.0
simu5g_00000568,3,0,3,1128.0,,14.0
simu5g_00000568,3,0,4,1160.0,,15.0
simu5g_00000568,3,0,5,1160.0,,15.0
simu5g_00000568,3,0,6,1160.0,,15.0
simu5g_00000568,3,0,7,1128.0,,14.0
simu5g_00000568,3,0,8,808.0,,11.0
simu5g_00000568,3,0,9,808.0,,11.0
simu5g_00000568,3,0,10,1128.0,,14.0
simu5g_00000568,3,0,11,1128.0,,14.0
simu5g_00000568,3,0,12,1160.0,,15.0
simu5g_00000568,3,0,13,1160.0,,15.0
simu5g_00000568,3,0,14,1160.0,,15.0
simu5g_00000568,3,0,15,1160.0,,15.0
simu5g_00000568,3,0,16,1160.0,,15.0
simu5g_00000568,3,0,17,1160.0,,15.0
simu5g_00000568,3,0,18,1160.0,,15.0
simu5g_00000568,3,0,19,1128.0,,14.0
simu5g_00000568,3,0,20,1160.0,,15.0
simu5g_00000568,3,0,21,1128.0,,14.0
simu5g_00000568,3,0,22,984.0,,13.0
simu5g_00000568,3,0,23,1160.0,,15.0
simu5g_00000568,3,0,24,984.0,,13.0
simu5g_00000568,4,1,0,1160.0,,15.0
simu5g_00000568,4,1,1,1160.0,,15.0
simu5g_00000568,4,1,2,1160.0,,15.0
simu5g_00000568,4,1,3,888.0,,12.0
simu5g_00000568,4,1,4,1160.0,,15.0
simu5g_00000568,4,1,5,1160.0,,15.0
simu5g_00000568,4,1,6,1160.0,,15.0
simu5g_00000568,4,1,7,984.0,,13.0
simu5g_00000568,4,1,8,1128.0,,14.0
simu5g_00000568,4,1,9,1160.0,,15.0
simu5g_00000568,4,1,10,1160.0,,15.0
simu5g_00000568,4,1,11,1160.0,,15.0
simu5g_00000568,4,1,12,1160.0,,15.0
simu5g_00000568,4,1,13,1160.0,,15.0
simu5g_00000568,4,1,14,1160.0,,15.0
simu5g_00000568,4,1,15,1160.0,,15.0
simu5g_00000568,4,1,16,1160.0,,15.0
simu5g_00000568,4,1,17,1160.0,,15.0
simu5g_00000568,4,1,18,1160.0,,15.0
simu5g_00000568,4,1,19,1160.0,,15.0
simu5g_00000568,4,1,20,1160.0,,15.0
simu5g_00000568,4,1,21,1160.0,,15.0
simu5g_00000568,4,1,22,1160.0,,15.0
simu5g_00000568,4,1,23,1160.0,,15.0
simu5g_00000568,4,1,24,1160.0,,15.0
simu5g_00000568,5,2,0,808.0,,11.0
simu5g_00000568,5,2,1,608.0,,9.0
simu5g_00000568,5,2,2,704.0,,10.0
simu5g_00000568,5,2,3,528.0,,8.0
simu5g_00000568,5,2,4,984.0,,13.0
simu5g_00000568,5,2,5,608.0,,9.0
simu5g_00000568,5,2,6,704.0,,10.0
simu5g_00000568,5,2,7,608.0,,9.0
simu5g_00000568,5,2,8,608.0,,9.0
simu5g_00000568,5,2,9,984.0,,13.0
simu5g_00000568,5,2,10,888.0,,12.0
simu5g_00000568,5,2,11,808.0,,11.0
simu5g_00000568,5,2,12,704.0,,10.0
simu5g_00000568,5,2,13,528.0,,8.0
simu5g_00000568,5,2,14,432.0,,7.0
simu5g_00000568,5,2,15,528.0,,8.0
simu5g_00000568,5,2,16,224.0,,4.0
simu5g_00000568,5,2,17,984.0,,13.0
simu5g_00000568,5,2,18,888.0,,12.0
simu5g_00000568,5,2,19,808.0,,11.0
simu5g_00000568,5,2,20,608.0,,9.0
simu5g_00000568,5,2,21,368.0,,6.0
simu5g_00000568,5,2,22,984.0,,13.0
simu5g_00000568,5,2,23,528.0,,8.0
simu5g_00000568,5,2,24,608.0,,9.0
simu5g_00000568,6,3,0,1160.0,,15.0
simu5g_00000568,6,3,1,1128.0,,14.0
simu5g_00000568,6,3,2,1160.0,,15.0
simu5g_00000568,6,3,3,608.0,,9.0
simu5g_00000568,6,3,4,1128.0,,14.0
simu5g_00000568,6,3,5,1128.0,,14.0
simu5g_00000568,6,3,6,1160.0,,15.0
simu5g_00000568,6,3,7,1128.0,,14.0
simu5g_00000568,6,3,8,1160.0,,15.0
simu5g_00000568,6,3,9,984.0,,13.0
simu5g_00000568,6,3,10,984.0,,13.0
simu5g_00000568,6,3,11,1128.0,,14.0
simu5g_00000568,6,3,12,1160.0,,15.0
simu5g_00000568,6,3,13,1128.0,,14.0
simu5g_00000568,6,3,14,1160.0,,15.0
simu5g_00000568,6,3,15,1160.0,,15.0
simu5g_00000568,6,3,16,888.0,,12.0
simu5g_00000568,6,3,17,1160.0,,15.0
simu5g_00000568,6,3,18,1160.0,,15.0
simu5g_00000568,6,3,19,1128.0,,14.0
simu5g_00000568,6,3,20,1160.0,,15.0
simu5g_00000568,6,3,21,1128.0,,14.0
simu5g_00000568,6,3,22,1160.0,,15.0
simu5g_00000568,6,3,23,1160.0,,15.0
simu5g_00000568,6,3,24,1160.0,,15.0
simu5g_00000569,0,0,0,1160.0,,15.0
simu5g_00000569,0,0,1,1128.0,,14.0
simu5g_00000569,0,0,2,1160.0,,15.0
simu5g_00000569,0,0,3,1160.0,,15.0
simu5g_00000569,0,0,4,1160.0,,15.0
simu5g_00000569,0,0,5,1160.0,,15.0
simu5g_00000569,0,0,6,1160.0,,15.0
simu5g_00000569,0,0,7,1160.0,,15.0
simu5g_00000569,0,0,8,1160.0,,15.0
simu5g_00000569,0,0,9,1160.0,,15.0
simu5g_00000569,0,0,10,1160.0,,15.0
simu5g_00000569,0,0,11,1160.0,,15.0
simu5g_00000569,0,0,12,1160.0,,15.0
simu5g_00000569,0,0,13,1160.0,,15.0
simu5g_00000569,0,0,14,1160.0,,15.0
simu5g_00000569,0,0,15,1160.0,,15.0
simu5g_00000569,0,0,16,1160.0,,15.0
simu5g_00000569,0,0,17,1160.0,,15.0
simu5g_00000569,0,0,18,1160.0,,15.0
simu5g_00000569,0,0,19,1160.0,,15.0
simu5g_00000569,0,0,20,1160.0,,15.0
simu5g_00000569,0,0,21,1160.0,,15.0
simu5g_00000569,0,0,22,1160.0,,15.0
simu5g_00000569,0,0,23,1160.0,,15.0
simu5g_00000569,0,0,24,1160.0,,15.0
simu5g_00000569,1,1,0,1160.0,,15.0
simu5g_00000569,1,1,1,1160.0,,15.0
simu5g_00000569,1,1,2,1160.0,,15.0
simu5g_00000569,1,1,3,1160.0,,15.0
simu5g_00000569,1,1,4,1160.0,,15.0
simu5g_00000569,1,1,5,1160.0,,15.0
simu5g_00000569,1,1,6,1160.0,,15.0
simu5g_00000569,1,1,7,1160.0,,15.0
simu5g_00000569,1,1,8,1160.0,,15.0
simu5g_00000569,1,1,9,1160.0,,15.0
simu5g_00000569,1,1,10,1160.0,,15.0
simu5g_00000569,1,1,11,1160.0,,15.0
simu5g_00000569,1,1,12,1160.0,,15.0
simu5g_00000569,1,1,13,1160.0,,15.0
simu5g_00000569,1,1,14,1160.0,,15.0
simu5g_00000569,1,1,15,1160.0,,15.0
simu5g_00000569,1,1,16,1160.0,,15.0
simu5g_00000569,1,1,17,1160.0,,15.0
simu5g_00000569,1,1,18,1160.0,,15.0
simu5g_00000569,1,1,19,1160.0,,15.0
simu5g_00000569,1,1,20,1160.0,,15.0
simu5g_00000569,1,1,21,1160.0,,15.0
simu5g_00000569,1,1,22,1160.0,,15.0
simu5g_00000569,1,1,23,1160.0,,15.0
simu5g_00000569,1,1,24,1160.0,,15.0
simu5g_00000569,15,2,0,1160.0,,15.0
simu5g_00000569,15,2,1,1160.0,,15.0
simu5g_00000569,15,2,2,1160.0,,15.0
simu5g_00000569,15,2,3,1160.0,,15.0
simu5g_00000569,15,2,4,1160.0,,15.0
simu5g_00000569,15,2,5,1160.0,,15.0
simu5g_00000569,15,2,6,1160.0,,15.0
simu5g_00000569,15,2,7,1160.0,,15.0
simu5g_00000569,15,2,8,1160.0,,15.0
simu5g_00000569,15,2,9,1160.0,,15.0
simu5g_00000569,15,2,10,1160.0,,15.0
simu5g_00000569,15,2,11,1160.0,,15.0
simu5g_00000569,15,2,12,1160.0,,15.0
simu5g_00000569,15,2,13,1160.0,,15.0
simu5g_00000569,15,2,14,1160.0,,15.0
simu5g_00000569,15,2,15,1160.0,,15.0
simu5g_00000569,15,2,16,1160.0,,15.0
simu5g_00000569,15,2,17,1160.0,,15.0
simu5g_00000569,15,2,18,1160.0,,15.0
simu5g_00000569,15,2,19,1160.0,,15.0
simu5g_00000569,15,2,20,1160.0,,15.0
simu5g_00000569,15,2,21,1160.0,,15.0
simu5g_00000569,15,2,22,1160.0,,15.0
simu5g_00000569,15,2,23,1160.0,,15.0
simu5g_00000569,15,2,24,1160.0,,15.0
simu5g_00000569,2,3,0,1160.0,,15.0
simu5g_00000569,2,3,1,1160.0,,15.0
simu5g_00000569,2,3,2,1160.0,,15.0
simu5g_00000569,2,3,3,1160.0,,15.0
simu5g_00000569,2,3,4,1160.0,,15.0
simu5g_00000569,2,3,5,1128.0,,14.0
simu5g_00000569,2,3,6,1160.0,,15.0
simu5g_00000569,2,3,7,888.0,,12.0
simu5g_00000569,2,3,8,1160.0,,15.0
simu5g_00000569,2,3,9,1160.0,,15.0
simu5g_00000569,2,3,10,1160.0,,15.0
simu5g_00000569,2,3,11,984.0,,13.0
simu5g_00000569,2,3,12,1128.0,,14.0
simu5g_00000569,2,3,13,1160.0,,15.0
simu5g_00000569,2,3,14,1160.0,,15.0
simu5g_00000569,2,3,15,1160.0,,15.0
simu5g_00000569,2,3,16,984.0,,13.0
simu5g_00000569,2,3,17,1128.0,,14.0
simu5g_00000569,2,3,18,1128.0,,14.0
simu5g_00000569,2,3,19,1160.0,,15.0
simu5g_00000569,2,3,20,1160.0,,15.0
simu5g_00000569,2,3,21,1128.0,,14.0
simu5g_00000569,2,3,22,1128.0,,14.0
simu5g_00000569,2,3,23,1160.0,,15.0
simu5g_00000569,2,3,24,1128.0,,14.0
simu5g_00000569,31,4,0,1128.0,,14.0
simu5g_00000569,31,4,1,1128.0,,14.0
simu5g_00000569,31,4,2,1160.0,,15.0
simu5g_00000569,31,4,3,1160.0,,15.0
simu5g_00000569,31,4,4,1160.0,,15.0
simu5g_00000569,31,4,5,1160.0,,15.0
simu5g_00000569,31,4,6,1160.0,,15.0
simu5g_00000569,31,4,7,1160.0,,15.0
simu5g_00000569,31,4,8,1160.0,,15.0
simu5g_00000569,31,4,9,1160.0,,15.0
simu5g_00000569,31,4,10,1160.0,,15.0
simu5g_00000569,31,4,11,1128.0,,14.0
simu5g_00000569,31,4,12,808.0,,11.0
simu5g_00000569,31,4,13,1160.0,,15.0
simu5g_00000569,31,4,14,1160.0,,15.0
simu5g_00000569,31,4,15,1160.0,,15.0
simu5g_00000569,31,4,16,1160.0,,15.0
simu5g_00000569,31,4,17,1160.0,,15.0
simu5g_00000569,31,4,18,1160.0,,15.0
simu5g_00000569,31,4,19,1128.0,,14.0
simu5g_00000569,31,4,20,1128.0,,14.0
simu5g_00000569,31,4,21,1160.0,,15.0
simu5g_00000569,31,4,22,1160.0,,15.0
simu5g_00000569,31,4,23,1160.0,,15.0
simu5g_00000569,31,4,24,1160.0,,15.0
simu5g_00000570,3,0,0,1128.0,,14.0
simu5g_00000570,3,0,1,1160.0,,15.0
simu5g_00000570,3,0,2,1128.0,,14.0
simu5g_00000570,3,0,3,1128.0,,14.0
simu5g_00000570,3,0,4,1160.0,,15.0
simu5g_00000570,3,0,5,1160.0,,15.0
simu5g_00000570,3,0,6,1160.0,,15.0
simu5g_00000570,3,0,7,1128.0,,14.0
simu5g_00000570,3,0,8,808.0,,11.0
simu5g_00000570,3,0,9,808.0,,11.0
simu5g_00000570,3,0,10,1128.0,,14.0
simu5g_00000570,3,0,11,1128.0,,14.0
simu5g_00000570,3,0,12,1160.0,,15.0
simu5g_00000570,3,0,13,1160.0,,15.0
simu5g_00000570,3,0,14,1160.0,,15.0
simu5g_00000570,3,0,15,1128.0,,14.0
simu5g_00000570,3,0,16,1160.0,,15.0
simu5g_00000570,3,0,17,1128.0,,14.0
simu5g_00000570,3,0,18,1160.0,,15.0
simu5g_00000570,3,0,19,1128.0,,14.0
simu5g_00000570,3,0,20,1160.0,,15.0
simu5g_00000570,3,0,21,1128.0,,14.0
simu5g_00000570,3,0,22,984.0,,13.0
simu5g_00000570,3,0,23,1160.0,,15.0
simu5g_00000570,3,0,24,984.0,,13.0
simu5g_00000570,4,1,0,1160.0,,15.0
simu5g_00000570,4,1,1,1160.0,,15.0
simu5g_00000570,4,1,2,1160.0,,15.0
simu5g_00000570,4,1,3,888.0,,12.0
simu5g_00000570,4,1,4,1160.0,,15.0
simu5g_00000570,4,1,5,1160.0,,15.0
simu5g_00000570,4,1,6,1160.0,,15.0
simu5g_00000570,4,1,7,984.0,,13.0
simu5g_00000570,4,1,8,1128.0,,14.0
simu5g_00000570,4,1,9,1160.0,,15.0
simu5g_00000570,4,1,10,1160.0,,15.0
simu5g_00000570,4,1,11,1160.0,,15.0
simu5g_00000570,4,1,12,1160.0,,15.0
simu5g_00000570,4,1,13,1160.0,,15.0
simu5g_00000570,4,1,14,1160.0,,15.0
simu5g_00000570,4,1,15,1160.0,,15.0
simu5g_00000570,4,1,16,1160.0,,15.0
simu5g_00000570,4,1,17,1160.0,,15.0
simu5g_00000570,4,1,18,1160.0,,15.0
simu5g_00000570,4,1,19,1160.0,,15.0
simu5g_00000570,4,1,20,1160.0,,15.0
simu5g_00000570,4,1,21,1160.0,,15.0
simu5g_00000570,4,1,22,1160.0,,15.0
simu5g_00000570,4,1,23,1160.0,,15.0
simu5g_00000570,4,1,24,1160.0,,15.0
simu5g_00000570,5,2,0,808.0,,11.0
simu5g_00000570,5,2,1,608.0,,9.0
simu5g_00000570,5,2,2,704.0,,10.0
simu5g_00000570,5,2,3,528.0,,8.0
simu5g_00000570,5,2,4,984.0,,13.0
simu5g_00000570,5,2,5,608.0,,9.0
simu5g_00000570,5,2,6,704.0,,10.0
simu5g_00000570,5,2,7,608.0,,9.0
simu5g_00000570,5,2,8,608.0,,9.0
simu5g_00000570,5,2,9,984.0,,13.0
simu5g_00000570,5,2,10,888.0,,12.0
simu5g_00000570,5,2,11,808.0,,11.0
simu5g_00000570,5,2,12,704.0,,10.0
simu5g_00000570,5,2,13,528.0,,8.0
simu5g_00000570,5,2,14,432.0,,7.0
simu5g_00000570,5,2,15,528.0,,8.0
simu5g_00000570,5,2,16,224.0,,4.0
simu5g_00000570,5,2,17,984.0,,13.0
simu5g_00000570,5,2,18,888.0,,12.0
simu5g_00000570,5,2,19,808.0,,11.0
simu5g_00000570,5,2,20,608.0,,9.0
simu5g_00000570,5,2,21,368.0,,6.0
simu5g_00000570,5,2,22,984.0,,13.0
simu5g_00000570,5,2,23,528.0,,8.0
simu5g_00000570,5,2,24,608.0,,9.0
simu5g_00000570,6,3,0,1160.0,,15.0
simu5g_00000570,6,3,1,1128.0,,14.0
simu5g_00000570,6,3,2,1160.0,,15.0
simu5g_00000570,6,3,3,608.0,,9.0
simu5g_00000570,6,3,4,1128.0,,14.0
simu5g_00000570,6,3,5,1128.0,,14.0
simu5g_00000570,6,3,6,1160.0,,15.0
simu5g_00000570,6,3,7,1128.0,,14.0
simu5g_00000570,6,3,8,1160.0,,15.0
simu5g_00000570,6,3,9,984.0,,13.0
simu5g_00000570,6,3,10,984.0,,13.0
simu5g_00000570,6,3,11,1128.0,,14.0
simu5g_00000570,6,3,12,1160.0,,15.0
simu5g_00000570,6,3,13,1128.0,,14.0
simu5g_00000570,6,3,14,1160.0,,15.0
simu5g_00000570,6,3,15,1160.0,,15.0
simu5g_00000570,6,3,16,888.0,,12.0
simu5g_00000570,6,3,17,1160.0,,15.0
simu5g_00000570,6,3,18,1160.0,,15.0
simu5g_00000570,6,3,19,1128.0,,14.0
simu5g_00000570,6,3,20,1160.0,,15.0
simu5g_00000570,6,3,21,1128.0,,14.0
simu5g_00000570,6,3,22,1160.0,,15.0
simu5g_00000570,6,3,23,1160.0,,15.0
simu5g_00000570,6,3,24,1160.0,,15.0
simu5g_00000571,0,0,0,1160.0,,15.0
simu5g_00000571,0,0,1,1128.0,,14.0
simu5g_00000571,0,0,2,1160.0,,15.0
simu5g_00000571,0,0,3,1160.0,,15.0
simu5g_00000571,0,0,4,1160.0,,15.0
simu5g_00000571,0,0,5,1160.0,,15.0
simu5g_00000571,0,0,6,1160.0,,15.0
simu5g_00000571,0,0,7,1160.0,,15.0
simu5g_00000571,0,0,8,1160.0,,15.0
simu5g_00000571,0,0,9,1160.0,,15.0
simu5g_00000571,0,0,10,1160.0,,15.0
simu5g_00000571,0,0,11,1160.0,,15.0
simu5g_00000571,0,0,12,1160.0,,15.0
simu5g_00000571,0,0,13,1160.0,,15.0
simu5g_00000571,0,0,14,1160.0,,15.0
simu5g_00000571,0,0,15,1160.0,,15.0
simu5g_00000571,0,0,16,1160.0,,15.0
simu5g_00000571,0,0,17,1160.0,,15.0
simu5g_00000571,0,0,18,1160.0,,15.0
simu5g_00000571,0,0,19,1160.0,,15.0
simu5g_00000571,0,0,20,1160.0,,15.0
simu5g_00000571,0,0,21,1160.0,,15.0
simu5g_00000571,0,0,22,1160.0,,15.0
simu5g_00000571,0,0,23,1160.0,,15.0
simu5g_00000571,0,0,24,1160.0,,15.0
simu5g_00000571,1,1,0,1160.0,,15.0
simu5g_00000571,1,1,1,1160.0,,15.0
simu5g_00000571,1,1,2,1160.0,,15.0
simu5g_00000571,1,1,3,1160.0,,15.0
simu5g_00000571,1,1,4,1160.0,,15.0
simu5g_00000571,1,1,5,1160.0,,15.0
simu5g_00000571,1,1,6,1160.0,,15.0
simu5g_00000571,1,1,7,1160.0,,15.0
simu5g_00000571,1,1,8,1160.0,,15.0
simu5g_00000571,1,1,9,1160.0,,15.0
simu5g_00000571,1,1,10,1160.0,,15.0
simu5g_00000571,1,1,11,1160.0,,15.0
simu5g_00000571,1,1,12,1160.0,,15.0
simu5g_00000571,1,1,13,1160.0,,15.0
simu5g_00000571,1,1,14,1160.0,,15.0
simu5g_00000571,1,1,15,1160.0,,15.0
simu5g_00000571,1,1,16,1160.0,,15.0
simu5g_00000571,1,1,17,1160.0,,15.0
simu5g_00000571,1,1,18,1160.0,,15.0
simu5g_00000571,1,1,19,1160.0,,15.0
simu5g_00000571,1,1,20,1160.0,,15.0
simu5g_00000571,1,1,21,1160.0,,15.0
simu5g_00000571,1,1,22,1160.0,,15.0
simu5g_00000571,1,1,23,1160.0,,15.0
simu5g_00000571,1,1,24,1160.0,,15.0
simu5g_00000571,15,2,0,1160.0,,15.0
simu5g_00000571,15,2,1,1160.0,,15.0
simu5g_00000571,15,2,2,1160.0,,15.0
simu5g_00000571,15,2,3,1160.0,,15.0
simu5g_00000571,15,2,4,1160.0,,15.0
simu5g_00000571,15,2,5,1160.0,,15.0
simu5g_00000571,15,2,6,1160.0,,15.0
simu5g_00000571,15,2,7,1160.0,,15.0
simu5g_00000571,15,2,8,1160.0,,15.0
simu5g_00000571,15,2,9,1160.0,,15.0
simu5g_00000571,15,2,10,1160.0,,15.0
simu5g_00000571,15,2,11,1160.0,,15.0
simu5g_00000571,15,2,12,1160.0,,15.0
simu5g_00000571,15,2,13,1160.0,,15.0
simu5g_00000571,15,2,14,1160.0,,15.0
simu5g_00000571,15,2,15,1160.0,,15.0
simu5g_00000571,15,2,16,1160.0,,15.0
simu5g_00000571,15,2,17,1160.0,,15.0
simu5g_00000571,15,2,18,1160.0,,15.0
simu5g_00000571,15,2,19,1160.0,,15.0
simu5g_00000571,15,2,20,1160.0,,15.0
simu5g_00000571,15,2,21,1160.0,,15.0
simu5g_00000571,15,2,22,1160.0,,15.0
simu5g_00000571,15,2,23,1160.0,,15.0
simu5g_00000571,15,2,24,1160.0,,15.0
simu5g_00000571,2,3,0,1160.0,,15.0
simu5g_00000571,2,3,1,1160.0,,15.0
simu5g_00000571,2,3,2,1128.0,,14.0
simu5g_00000571,2,3,3,1160.0,,15.0
simu5g_00000571,2,3,4,1128.0,,14.0
simu5g_00000571,2,3,5,1128.0,,14.0
simu5g_00000571,2,3,6,1160.0,,15.0
simu5g_00000571,2,3,7,808.0,,11.0
simu5g_00000571,2,3,8,1160.0,,15.0
simu5g_00000571,2,3,9,1160.0,,15.0
simu5g_00000571,2,3,10,1160.0,,15.0
simu5g_00000571,2,3,11,984.0,,13.0
simu5g_00000571,2,3,12,1128.0,,14.0
simu5g_00000571,2,3,13,1160.0,,15.0
simu5g_00000571,2,3,14,1160.0,,15.0
simu5g_00000571,2,3,15,1160.0,,15.0
simu5g_00000571,2,3,16,984.0,,13.0
simu5g_00000571,2,3,17,1128.0,,14.0
simu5g_00000571,2,3,18,1128.0,,14.0
simu5g_00000571,2,3,19,1160.0,,15.0
simu5g_00000571,2,3,20,1160.0,,15.0
simu5g_00000571,2,3,21,1128.0,,14.0
simu5g_00000571,2,3,22,1128.0,,14.0
simu5g_00000571,2,3,23,1160.0,,15.0
simu5g_00000571,2,3,24,984.0,,13.0
simu5g_00000571,31,4,0,1128.0,,14.0
simu5g_00000571,31,4,1,1128.0,,14.0
simu5g_00000571,31,4,2,1160.0,,15.0
simu5g_00000571,31,4,3,1160.0,,15.0
simu5g_00000571,31,4,4,1160.0,,15.0
simu5g_00000571,31,4,5,1160.0,,15.0
simu5g_00000571,31,4,6,1160.0,,15.0
simu5g_00000571,31,4,7,1160.0,,15.0
simu5g_00000571,31,4,8,1160.0,,15.0
simu5g_00000571,31,4,9,1160.0,,15.0
simu5g_00000571,31,4,10,1160.0,,15.0
simu5g_00000571,31,4,11,1128.0,,14.0
simu5g_00000571,31,4,12,808.0,,11.0
simu5g_00000571,31,4,13,1160.0,,15.0
simu5g_00000571,31,4,14,1160.0,,15.0
simu5g_00000571,31,4,15,1160.0,,15.0
simu5g_00000571,31,4,16,1160.0,,15.0
simu5g_00000571,31,4,17,1160.0,,15.0
simu5g_00000571,31,4,18,1160.0,,15.0
simu5g_00000571,31,4,19,1128.0,,14.0
simu5g_00000571,31,4,20,1128.0,,14.0
simu5g_00000571,31,4,21,1160.0,,15.0
simu5g_00000571,31,4,22,1160.0,,15.0
simu5g_00000571,31,4,23,1160.0,,15.0
simu5g_00000571,31,4,24,1160.0,,15.0
simu5g_00000572,3,0,0,1128.0,,14.0
simu5g_00000572,3,0,1,1160.0,,15.0
simu5g_00000572,3,0,2,1128.0,,14.0
simu5g_00000572,3,0,3,1128.0,,14.0
simu5g_00000572,3,0,4,1160.0,,15.0
simu5g_00000572,3,0,5,1160.0,,15.0
simu5g_00000572,3,0,6,1160.0,,15.0
simu5g_00000572,3,0,7,1128.0,,14.0
simu5g_00000572,3,0,8,808.0,,11.0
simu5g_00000572,3,0,9,808.0,,11.0
simu5g_00000572,3,0,10,1128.0,,14.0
simu5g_00000572,3,0,11,1128.0,,14.0
simu5g_00000572,3,0,12,1160.0,,15.0
simu5g_00000572,3,0,13,1160.0,,15.0
simu5g_00000572,3,0,14,1160.0,,15.0
simu5g_00000572,3,0,15,1128.0,,14.0
simu5g_00000572,3,0,16,1160.0,,15.0
simu5g_00000572,3,0,17,1128.0,,14.0
simu5g_00000572,3,0,18,1160.0,,15.0
simu5g_00000572,3,0,19,1128.0,,14.0
simu5g_00000572,3,0,20,1160.0,,15.0
simu5g_00000572,3,0,21,1128.0,,14.0
simu5g_00000572,3,0,22,984.0,,13.0
simu5g_00000572,3,0,23,1160.0,,15.0
simu5g_00000572,3,0,24,984.0,,13.0
simu5g_00000572,4,1,0,1160.0,,15.0
simu5g_00000572,4,1,1,1128.0,,14.0
simu5g_00000572,4,1,2,1160.0,,15.0
simu5g_00000572,4,1,3,704.0,,10.0
simu5g_00000572,4,1,4,1160.0,,15.0
simu5g_00000572,4,1,5,1160.0,,15.0
simu5g_00000572,4,1,6,1160.0,,15.0
simu5g_00000572,4,1,7,888.0,,12.0
simu5g_00000572,4,1,8,1128.0,,14.0
simu5g_00000572,4,1,9,1160.0,,15.0
simu5g_00000572,4,1,10,1160.0,,15.0
simu5g_00000572,4,1,11,1160.0,,15.0
simu5g_00000572,4,1,12,1160.0,,15.0
simu5g_00000572,4,1,13,1160.0,,15.0
simu5g_00000572,4,1,14,1160.0,,15.0
simu5g_00000572,4,1,15,1128.0,,14.0
simu5g_00000572,4,1,16,1128.0,,14.0
simu5g_00000572,4,1,17,1160.0,,15.0
simu5g_00000572,4,1,18,1160.0,,15.0
simu5g_00000572,4,1,19,1160.0,,15.0
simu5g_00000572,4,1,20,1160.0,,15.0
simu5g_00000572,4,1,21,1128.0,,14.0
simu5g_00000572,4,1,22,1160.0,,15.0
simu5g_00000572,4,1,23,1160.0,,15.0
simu5g_00000572,4,1,24,1128.0,,14.0
simu5g_00000572,5,2,0,808.0,,11.0
simu5g_00000572,5,2,1,608.0,,9.0
simu5g_00000572,5,2,2,704.0,,10.0
simu5g_00000572,5,2,3,528.0,,8.0
simu5g_00000572,5,2,4,984.0,,13.0
simu5g_00000572,5,2,5,608.0,,9.0
simu5g_00000572,5,2,6,704.0,,10.0
simu5g_00000572,5,2,7,608.0,,9.0
simu5g_00000572,5,2,8,608.0,,9.0
simu5g_00000572,5,2,9,984.0,,13.0
simu5g_00000572,5,2,10,888.0,,12.0
simu5g_00000572,5,2,11,808.0,,11.0
simu5g_00000572,5,2,12,704.0,,10.0
simu5g_00000572,5,2,13,528.0,,8.0
simu5g_00000572,5,2,14,432.0,,7.0
simu5g_00000572,5,2,15,528.0,,8.0
simu5g_00000572,5,2,16,224.0,,4.0
simu5g_00000572,5,2,17,984.0,,13.0
simu5g_00000572,5,2,18,888.0,,12.0
simu5g_00000572,5,2,19,808.0,,11.0
simu5g_00000572,5,2,20,608.0,,9.0
simu5g_00000572,5,2,21,368.0,,6.0
simu5g_00000572,5,2,22,984.0,,13.0
simu5g_00000572,5,2,23,528.0,,8.0
simu5g_00000572,5,2,24,608.0,,9.0
simu5g_00000572,6,3,0,1160.0,,15.0
simu5g_00000572,6,3,1,1128.0,,14.0
simu5g_00000572,6,3,2,1160.0,,15.0
simu5g_00000572,6,3,3,608.0,,9.0
simu5g_00000572,6,3,4,1128.0,,14.0
simu5g_00000572,6,3,5,1128.0,,14.0
simu5g_00000572,6,3,6,1160.0,,15.0
simu5g_00000572,6,3,7,1128.0,,14.0
simu5g_00000572,6,3,8,1160.0,,15.0
simu5g_00000572,6,3,9,984.0,,13.0
simu5g_00000572,6,3,10,984.0,,13.0
simu5g_00000572,6,3,11,1128.0,,14.0
simu5g_00000572,6,3,12,1160.0,,15.0
simu5g_00000572,6,3,13,1128.0,,14.0
simu5g_00000572,6,3,14,1160.0,,15.0
simu5g_00000572,6,3,15,1160.0,,15.0
simu5g_00000572,6,3,16,888.0,,12.0
simu5g_00000572,6,3,17,1160.0,,15.0
simu5g_00000572,6,3,18,1160.0,,15.0
simu5g_00000572,6,3,19,1128.0,,14.0
simu5g_00000572,6,3,20,1160.0,,15.0
simu5g_00000572,6,3,21,1128.0,,14.0
simu5g_00000572,6,3,22,1160.0,,15.0
simu5g_00000572,6,3,23,1160.0,,15.0
simu5g_00000572,6,3,24,1160.0,,15.0
simu5g_00000573,0,0,0,1160.0,,15.0
simu5g_00000573,0,0,1,1128.0,,14.0
simu5g_00000573,0,0,2,1160.0,,15.0
simu5g_00000573,0,0,3,1160.0,,15.0
simu5g_00000573,0,0,4,1160.0,,15.0
simu5g_00000573,0,0,5,1160.0,,15.0
simu5g_00000573,0,0,6,1160.0,,15.0
simu5g_00000573,0,0,7,1160.0,,15.0
simu5g_00000573,0,0,8,1160.0,,15.0
simu5g_00000573,0,0,9,1160.0,,15.0
simu5g_00000573,0,0,10,1160.0,,15.0
simu5g_00000573,0,0,11,1160.0,,15.0
simu5g_00000573,0,0,12,1160.0,,15.0
simu5g_00000573,0,0,13,1160.0,,15.0
simu5g_00000573,0,0,14,1160.0,,15.0
simu5g_00000573,0,0,15,1160.0,,15.0
simu5g_00000573,0,0,16,1160.0,,15.0
simu5g_00000573,0,0,17,1160.0,,15.0
simu5g_00000573,0,0,18,1160.0,,15.0
simu5g_00000573,0,0,19,1160.0,,15.0
simu5g_00000573,0,0,20,1160.0,,15.0
simu5g_00000573,0,0,21,1160.0,,15.0
simu5g_00000573,0,0,22,1160.0,,15.0
simu5g_00000573,0,0,23,1160.0,,15.0
simu5g_00000573,0,0,24,1160.0,,15.0
simu5g_00000573,1,1,0,1160.0,,15.0
simu5g_00000573,1,1,1,1160.0,,15.0
simu5g_00000573,1,1,2,1160.0,,15.0
simu5g_00000573,1,1,3,1160.0,,15.0
simu5g_00000573,1,1,4,1160.0,,15.0
simu5g_00000573,1,1,5,1160.0,,15.0
simu5g_00000573,1,1,6,1160.0,,15.0
simu5g_00000573,1,1,7,1160.0,,15.0
simu5g_00000573,1,1,8,1128.0,,14.0
simu5g_00000573,1,1,9,1160.0,,15.0
simu5g_00000573,1,1,10,1160.0,,15.0
simu5g_00000573,1,1,11,1160.0,,15.0
simu5g_00000573,1,1,12,1160.0,,15.0
simu5g_00000573,1,1,13,1160.0,,15.0
simu5g_00000573,1,1,14,1160.0,,15.0
simu5g_00000573,1,1,15,1160.0,,15.0
simu5g_00000573,1,1,16,1160.0,,15.0
simu5g_00000573,1,1,17,1160.0,,15.0
simu5g_00000573,1,1,18,1160.0,,15.0
simu5g_00000573,1,1,19,1160.0,,15.0
simu5g_00000573,1,1,20,1160.0,,15.0
simu5g_00000573,1,1,21,1128.0,,14.0
simu5g_00000573,1,1,22,1160.0,,15.0
simu5g_00000573,1,1,23,1160.0,,15.0
simu5g_00000573,1,1,24,1160.0,,15.0
simu5g_00000573,15,2,0,1160.0,,15.0
simu5g_00000573,15,2,1,1160.0,,15.0
simu5g_00000573,15,2,2,1160.0,,15.0
simu5g_00000573,15,2,3,1160.0,,15.0
simu5g_00000573,15,2,4,1160.0,,15.0
simu5g_00000573,15,2,5,1160.0,,15.0
simu5g_00000573,15,2,6,1160.0,,15.0
simu5g_00000573,15,2,7,1160.0,,15.0
simu5g_00000573,15,2,8,1160.0,,15.0
simu5g_00000573,15,2,9,1160.0,,15.0
simu5g_00000573,15,2,10,1160.0,,15.0
simu5g_00000573,15,2,11,1160.0,,15.0
simu5g_00000573,15,2,12,1160.0,,15.0
simu5g_00000573,15,2,13,1160.0,,15.0
simu5g_00000573,15,2,14,1160.0,,15.0
simu5g_00000573,15,2,15,1160.0,,15.0
simu5g_00000573,15,2,16,1160.0,,15.0
simu5g_00000573,15,2,17,1160.0,,15.0
simu5g_00000573,15,2,18,1160.0,,15.0
simu5g_00000573,15,2,19,1160.0,,15.0
simu5g_00000573,15,2,20,1160.0,,15.0
simu5g_00000573,15,2,21,1160.0,,15.0
simu5g_00000573,15,2,22,1160.0,,15.0
simu5g_00000573,15,2,23,1160.0,,15.0
simu5g_00000573,15,2,24,1160.0,,15.0
simu5g_00000573,2,3,0,1160.0,,15.0
simu5g_00000573,2,3,1,1160.0,,15.0
simu5g_00000573,2,3,2,1128.0,,14.0
simu5g_00000573,2,3,3,1160.0,,15.0
simu5g_00000573,2,3,4,1128.0,,14.0
simu5g_00000573,2,3,5,1128.0,,14.0
simu5g_00000573,2,3,6,1160.0,,15.0
simu5g_00000573,2,3,7,808.0,,11.0
simu5g_00000573,2,3,8,1160.0,,15.0
simu5g_00000573,2,3,9,1160.0,,15.0
simu5g_00000573,2,3,10,1160.0,,15.0
simu5g_00000573,2,3,11,984.0,,13.0
simu5g_00000573,2,3,12,1128.0,,14.0
simu5g_00000573,2,3,13,1160.0,,15.0
simu5g_00000573,2,3,14,1160.0,,15.0
simu5g_00000573,2,3,15,1160.0,,15.0
simu5g_00000573,2,3,16,984.0,,13.0
simu5g_00000573,2,3,17,1128.0,,14.0
simu5g_00000573,2,3,18,1128.0,,14.0
simu5g_00000573,2,3,19,1160.0,,15.0
simu5g_00000573,2,3,20,1160.0,,15.0
simu5g_00000573,2,3,21,1128.0,,14.0
simu5g_00000573,2,3,22,1128.0,,14.0
simu5g_00000573,2,3,23,1160.0,,15.0
simu5g_00000573,2,3,24,984.0,,13.0
simu5g_00000573,3,4,0,984.0,,13.0
simu5g_00000573,3,4,1,1160.0,,15.0
simu5g_00000573,3,4,2,1128.0,,14.0
simu5g_00000573,3,4,3,1128.0,,14.0
simu5g_00000573,3,4,4,1160.0,,15.0
simu5g_00000573,3,4,5,1160.0,,15.0
simu5g_00000573,3,4,6,1160.0,,15.0
simu5g_00000573,3,4,7,1128.0,,14.0
simu5g_00000573,3,4,8,808.0,,11.0
simu5g_00000573,3,4,9,704.0,,10.0
simu5g_00000573,3,4,10,1128.0,,14.0
simu5g_00000573,3,4,11,1128.0,,14.0
simu5g_00000573,3,4,12,1128.0,,14.0
simu5g_00000573,3,4,13,1160.0,,15.0
simu5g_00000573,3,4,14,1160.0,,15.0
simu5g_00000573,3,4,15,1128.0,,14.0
simu5g_00000573,3,4,16,1160.0,,15.0
simu5g_00000573,3,4,17,1128.0,,14.0
simu5g_00000573,3,4,18,1128.0,,14.0
simu5g_00000573,3,4,19,1128.0,,14.0
simu5g_00000573,3,4,20,1160.0,,15.0
simu5g_00000573,3,4,21,1128.0,,14.0
simu5g_00000573,3,4,22,984.0,,13.0
simu5g_00000573,3,4,23,1160.0,,15.0
simu5g_00000573,3,4,24,984.0,,13.0
simu5g_00000574,31,0,0,1160.0,,15.0
simu5g_00000574,31,0,1,1128.0,,14.0
simu5g_00000574,31,0,2,1160.0,,15.0
simu5g_00000574,31,0,3,1160.0,,15.0
simu5g_00000574,31,0,4,1160.0,,15.0
simu5g_00000574,31,0,5,1160.0,,15.0
simu5g_00000574,31,0,6,1160.0,,15.0
simu5g_00000574,31,0,7,1160.0,,15.0
simu5g_00000574,31,0,8,1160.0,,15.0
simu5g_00000574,31,0,9,1160.0,,15.0
simu5g_00000574,31,0,10,1160.0,,15.0
simu5g_00000574,31,0,11,1160.0,,15.0
simu5g_00000574,31,0,12,888.0,,12.0
simu5g_00000574,31,0,13,1160.0,,15.0
simu5g_00000574,31,0,14,1160.0,,15.0
simu5g_00000574,31,0,15,1160.0,,15.0
simu5g_00000574,31,0,16,1160.0,,15.0
simu5g_00000574,31,0,17,1160.0,,15.0
simu5g_00000574,31,0,18,1160.0,,15.0
simu5g_00000574,31,0,19,1160.0,,15.0
simu5g_00000574,31,0,20,1160.0,,15.0
simu5g_00000574,31,0,21,1160.0,,15.0
simu5g_00000574,31,0,22,1160.0,,15.0
simu5g_00000574,31,0,23,1160.0,,15.0
simu5g_00000574,31,0,24,1160.0,,15.0
simu5g_00000574,4,1,0,1160.0,,15.0
simu5g_00000574,4,1,1,1128.0,,14.0
simu5g_00000574,4,1,2,1160.0,,15.0
simu5g_00000574,4,1,3,704.0,,10.0
simu5g_00000574,4,1,4,1160.0,,15.0
simu5g_00000574,4,1,5,1160.0,,15.0
simu5g_00000574,4,1,6,1160.0,,15.0
simu5g_00000574,4,1,7,888.0,,12.0
simu5g_00000574,4,1,8,1128.0,,14.0
simu5g_00000574,4,1,9,1160.0,,15.0
simu5g_00000574,4,1,10,1160.0,,15.0
simu5g_00000574,4,1,11,1160.0,,15.0
simu5g_00000574,4,1,12,1160.0,,15.0
simu5g_00000574,4,1,13,1160.0,,15.0
simu5g_00000574,4,1,14,1160.0,,15.0
simu5g_00000574,4,1,15,1128.0,,14.0
simu5g_00000574,4,1,16,1128.0,,14.0
simu5g_00000574,4,1,17,1160.0,,15.0
simu5g_00000574,4,1,18,1160.0,,15.0
simu5g_00000574,4,1,19,1160.0,,15.0
simu5g_00000574,4,1,20,1160.0,,15.0
simu5g_00000574,4,1,21,1128.0,,14.0
simu5g_00000574,4,1,22,1160.0,,15.0
simu5g_00000574,4,1,23,1160.0,,15.0
simu5g_00000574,4,1,24,1128.0,,14.0
simu5g_00000574,5,2,0,808.0,,11.0
simu5g_00000574,5,2,1,608.0,,9.0
simu5g_00000574,5,2,2,704.0,,10.0
simu5g_00000574,5,2,3,528.0,,8.0
simu5g_00000574,5,2,4,984.0,,13.0
simu5g_00000574,5,2,5,608.0,,9.0
simu5g_00000574,5,2,6,704.0,,10.0
simu5g_00000574,5,2,7,608.0,,9.0
simu5g_00000574,5,2,8,608.0,,9.0
simu5g_00000574,5,2,9,984.0,,13.0
simu5g_00000574,5,2,10,888.0,,12.0
simu5g_00000574,5,2,11,808.0,,11.0
simu5g_00000574,5,2,12,704.0,,10.0
simu5g_00000574,5,2,13,528.0,,8.0
simu5g_00000574,5,2,14,432.0,,7.0
simu5g_00000574,5,2,15,528.0,,8.0
simu5g_00000574,5,2,16,224.0,,4.0
simu5g_00000574,5,2,17,984.0,,13.0
simu5g_00000574,5,2,18,888.0,,12.0
simu5g_00000574,5,2,19,808.0,,11.0
simu5g_00000574,5,2,20,608.0,,9.0
simu5g_00000574,5,2,21,368.0,,6.0
simu5g_00000574,5,2,22,984.0,,13.0
simu5g_00000574,5,2,23,528.0,,8.0
simu5g_00000574,5,2,24,608.0,,9.0
simu5g_00000574,6,3,0,1160.0,,15.0
simu5g_00000574,6,3,1,1128.0,,14.0
simu5g_00000574,6,3,2,1160.0,,15.0
simu5g_00000574,6,3,3,608.0,,9.0
simu5g_00000574,6,3,4,1128.0,,14.0
simu5g_00000574,6,3,5,1128.0,,14.0
simu5g_00000574,6,3,6,1160.0,,15.0
simu5g_00000574,6,3,7,1128.0,,14.0
simu5g_00000574,6,3,8,1160.0,,15.0
simu5g_00000574,6,3,9,984.0,,13.0
simu5g_00000574,6,3,10,984.0,,13.0
simu5g_00000574,6,3,11,1128.0,,14.0
simu5g_00000574,6,3,12,1160.0,,15.0
simu5g_00000574,6,3,13,1128.0,,14.0
simu5g_00000574,6,3,14,1160.0,,15.0
simu5g_00000574,6,3,15,1160.0,,15.0
simu5g_00000574,6,3,16,888.0,,12.0
simu5g_00000574,6,3,17,1160.0,,15.0
simu5g_00000574,6,3,18,1160.0,,15.0
simu5g_00000574,6,3,19,1128.0,,14.0
simu5g_00000574,6,3,20,1160.0,,15.0
simu5g_00000574,6,3,21,1128.0,,14.0
simu5g_00000574,6,3,22,1160.0,,15.0
simu5g_00000574,6,3,23,1160.0,,15.0
simu5g_00000574,6,3,24,1160.0,,15.0
simu5g_00000575,0,0,0,1160.0,,15.0
simu5g_00000575,0,0,1,1128.0,,14.0
simu5g_00000575,0,0,2,1160.0,,15.0
simu5g_00000575,0,0,3,1160.0,,15.0
simu5g_00000575,0,0,4,1160.0,,15.0
simu5g_00000575,0,0,5,1160.0,,15.0
simu5g_00000575,0,0,6,1160.0,,15.0
simu5g_00000575,0,0,7,1160.0,,15.0
simu5g_00000575,0,0,8,1160.0,,15.0
simu5g_00000575,0,0,9,1160.0,,15.0
simu5g_00000575,0,0,10,1160.0,,15.0
simu5g_00000575,0,0,11,1160.0,,15.0
simu5g_00000575,0,0,12,1160.0,,15.0
simu5g_00000575,0,0,13,1160.0,,15.0
simu5g_00000575,0,0,14,1160.0,,15.0
simu5g_00000575,0,0,15,1160.0,,15.0
simu5g_00000575,0,0,16,1160.0,,15.0
simu5g_00000575,0,0,17,1160.0,,15.0
simu5g_00000575,0,0,18,1160.0,,15.0
simu5g_00000575,0,0,19,1160.0,,15.0
simu5g_00000575,0,0,20,1160.0,,15.0
simu5g_00000575,0,0,21,1160.0,,15.0
simu5g_00000575,0,0,22,1160.0,,15.0
simu5g_00000575,0,0,23,1160.0,,15.0
simu5g_00000575,0,0,24,1160.0,,15.0
simu5g_00000575,1,1,0,1160.0,,15.0
simu5g_00000575,1,1,1,1160.0,,15.0
simu5g_00000575,1,1,2,1160.0,,15.0
simu5g_00000575,1,1,3,1160.0,,15.0
simu5g_00000575,1,1,4,1160.0,,15.0
simu5g_00000575,1,1,5,1160.0,,15.0
simu5g_00000575,1,1,6,1160.0,,15.0
simu5g_00000575,1,1,7,1160.0,,15.0
simu5g_00000575,1,1,8,1128.0,,14.0
simu5g_00000575,1,1,9,1160.0,,15.0
simu5g_00000575,1,1,10,1160.0,,15.0
simu5g_00000575,1,1,11,1160.0,,15.0
simu5g_00000575,1,1,12,1160.0,,15.0
simu5g_00000575,1,1,13,1160.0,,15.0
simu5g_00000575,1,1,14,1160.0,,15.0
simu5g_00000575,1,1,15,1160.0,,15.0
simu5g_00000575,1,1,16,1160.0,,15.0
simu5g_00000575,1,1,17,1160.0,,15.0
simu5g_00000575,1,1,18,1160.0,,15.0
simu5g_00000575,1,1,19,1160.0,,15.0
simu5g_00000575,1,1,20,1160.0,,15.0
simu5g_00000575,1,1,21,1128.0,,14.0
simu5g_00000575,1,1,22,1160.0,,15.0
simu5g_00000575,1,1,23,1160.0,,15.0
simu5g_00000575,1,1,24,1160.0,,15.0
simu5g_00000575,15,2,0,1160.0,,15.0
simu5g_00000575,15,2,1,1160.0,,15.0
simu5g_00000575,15,2,2,1160.0,,15.0
simu5g_00000575,15,2,3,1160.0,,15.0
simu5g_00000575,15,2,4,1160.0,,15.0
simu5g_00000575,15,2,5,1160.0,,15.0
simu5g_00000575,15,2,6,1160.0,,15.0
simu5g_00000575,15,2,7,1160.0,,15.0
simu5g_00000575,15,2,8,1160.0,,15.0
simu5g_00000575,15,2,9,1160.0,,15.0
simu5g_00000575,15,2,10,1160.0,,15.0
simu5g_00000575,15,2,11,1160.0,,15.0
simu5g_00000575,15,2,12,1160.0,,15.0
simu5g_00000575,15,2,13,1160.0,,15.0
simu5g_00000575,15,2,14,1160.0,,15.0
simu5g_00000575,15,2,15,1160.0,,15.0
simu5g_00000575,15,2,16,1160.0,,15.0
simu5g_00000575,15,2,17,1160.0,,15.0
simu5g_00000575,15,2,18,1160.0,,15.0
simu5g_00000575,15,2,19,1160.0,,15.0
simu5g_00000575,15,2,20,1160.0,,15.0
simu5g_00000575,15,2,21,1160.0,,15.0
simu5g_00000575,15,2,22,1160.0,,15.0
simu5g_00000575,15,2,23,1160.0,,15.0
simu5g_00000575,15,2,24,1160.0,,15.0
simu5g_00000575,2,3,0,1160.0,,15.0
simu5g_00000575,2,3,1,1160.0,,15.0
simu5g_00000575,2,3,2,1128.0,,14.0
simu5g_00000575,2,3,3,1160.0,,15.0
simu5g_00000575,2,3,4,1128.0,,14.0
simu5g_00000575,2,3,5,1128.0,,14.0
simu5g_00000575,2,3,6,1160.0,,15.0
simu5g_00000575,2,3,7,808.0,,11.0
simu5g_00000575,2,3,8,1160.0,,15.0
simu5g_00000575,2,3,9,1160.0,,15.0
simu5g_00000575,2,3,10,1160.0,,15.0
simu5g_00000575,2,3,11,984.0,,13.0
simu5g_00000575,2,3,12,1128.0,,14.0
simu5g_00000575,2,3,13,1160.0,,15.0
simu5g_00000575,2,3,14,1160.0,,15.0
simu5g_00000575,2,3,15,1160.0,,15.0
simu5g_00000575,2,3,16,984.0,,13.0
simu5g_00000575,2,3,17,1128.0,,14.0
simu5g_00000575,2,3,18,1128.0,,14.0
simu5g_00000575,2,3,19,1160.0,,15.0
simu5g_00000575,2,3,20,1160.0,,15.0
simu5g_00000575,2,3,21,1128.0,,14.0
simu5g_00000575,2,3,22,1128.0,,14.0
simu5g_00000575,2,3,23,1160.0,,15.0
simu5g_00000575,2,3,24,984.0,,13.0
simu5g_00000575,3,4,0,984.0,,13.0
simu5g_00000575,3,4,1,1160.0,,15.0
simu5g_00000575,3,4,2,1128.0,,14.0
simu5g_00000575,3,4,3,1128.0,,14.0
simu5g_00000575,3,4,4,1160.0,,15.0
simu5g_00000575,3,4,5,1160.0,,15.0
simu5g_00000575,3,4,6,1128.0,,14.0
simu5g_00000575,3,4,7,1128.0,,14.0
simu5g_00000575,3,4,8,704.0,,10.0
simu5g_00000575,3,4,9,608.0,,9.0
simu5g_00000575,3,4,10,1128.0,,14.0
simu5g_00000575,3,4,11,1128.0,,14.0
simu5g_00000575,3,4,12,1128.0,,14.0
simu5g_00000575,3,4,13,1128.0,,14.0
simu5g_00000575,3,4,14,1160.0,,15.0
simu5g_00000575,3,4,15,1128.0,,14.0
simu5g_00000575,3,4,16,1160.0,,15.0
simu5g_00000575,3,4,17,1128.0,,14.0
simu5g_00000575,3,4,18,1128.0,,14.0
simu5g_00000575,3,4,19,1128.0,,14.0
simu5g_00000575,3,4,20,1128.0,,14.0
simu5g_00000575,3,4,21,984.0,,13.0
simu5g_00000575,3,4,22,984.0,,13.0
simu5g_00000575,3,4,23,1128.0,,14.0
simu5g_00000575,3,4,24,984.0,,13.0
simu5g_00000576,31,0,0,1128.0,,14.0
simu5g_00000576,31,0,1,1128.0,,14.0
simu5g_00000576,31,0,2,1160.0,,15.0
simu5g_00000576,31,0,3,1160.0,,15.0
simu5g_00000576,31,0,4,1160.0,,15.0
simu5g_00000576,31,0,5,1160.0,,15.0
simu5g_00000576,31,0,6,1160.0,,15.0
simu5g_00000576,31,0,7,1160.0,,15.0
simu5g_00000576,31,0,8,1160.0,,15.0
simu5g_00000576,31,0,9,1160.0,,15.0
simu5g_00000576,31,0,10,1160.0,,15.0
simu5g_00000576,31,0,11,1160.0,,15.0
simu5g_00000576,31,0,12,888.0,,12.0
simu5g_00000576,31,0,13,1160.0,,15.0
simu5g_00000576,31,0,14,1160.0,,15.0
simu5g_00000576,31,0,15,1160.0,,15.0
simu5g_00000576,31,0,16,1160.0,,15.0
simu5g_00000576,31,0,17,1160.0,,15.0
simu5g_00000576,31,0,18,1160.0,,15.0
simu5g_00000576,31,0,19,1160.0,,15.0
simu5g_00000576,31,0,20,1128.0,,14.0
simu5g_00000576,31,0,21,1160.0,,15.0
simu5g_00000576,31,0,22,1160.0,,15.0
simu5g_00000576,31,0,23,1160.0,,15.0
simu5g_00000576,31,0,24,1160.0,,15.0
simu5g_00000576,4,1,0,1160.0,,15.0
simu5g_00000576,4,1,1,1128.0,,14.0
simu5g_00000576,4,1,2,1160.0,,15.0
simu5g_00000576,4,1,3,704.0,,10.0
simu5g_00000576,4,1,4,1160.0,,15.0
simu5g_00000576,4,1,5,1160.0,,15.0
simu5g_00000576,4,1,6,1160.0,,15.0
simu5g_00000576,4,1,7,888.0,,12.0
simu5g_00000576,4,1,8,1128.0,,14.0
simu5g_00000576,4,1,9,1160.0,,15.0
simu5g_00000576,4,1,10,1160.0,,15.0
simu5g_00000576,4,1,11,1160.0,,15.0
simu5g_00000576,4,1,12,1160.0,,15.0
simu5g_00000576,4,1,13,1160.0,,15.0
simu5g_00000576,4,1,14,1160.0,,15.0
simu5g_00000576,4,1,15,1128.0,,14.0
simu5g_00000576,4,1,16,1128.0,,14.0
simu5g_00000576,4,1,17,1160.0,,15.0
simu5g_00000576,4,1,18,1160.0,,15.0
simu5g_00000576,4,1,19,1160.0,,15.0
simu5g_00000576,4,1,20,1160.0,,15.0
simu5g_00000576,4,1,21,1128.0,,14.0
simu5g_00000576,4,1,22,1160.0,,15.0
simu5g_00000576,4,1,23,1160.0,,15.0
simu5g_00000576,4,1,24,1128.0,,14.0
simu5g_00000576,5,2,0,808.0,,11.0
simu5g_00000576,5,2,1,608.0,,9.0
simu5g_00000576,5,2,2,704.0,,10.0
simu5g_00000576,5,2,3,528.0,,8.0
simu5g_00000576,5,2,4,984.0,,13.0
simu5g_00000576,5,2,5,608.0,,9.0
simu5g_00000576,5,2,6,704.0,,10.0
simu5g_00000576,5,2,7,608.0,,9.0
simu5g_00000576,5,2,8,608.0,,9.0
simu5g_00000576,5,2,9,984.0,,13.0
simu5g_00000576,5,2,10,888.0,,12.0
simu5g_00000576,5,2,11,808.0,,11.0
simu5g_00000576,5,2,12,704.0,,10.0
simu5g_00000576,5,2,13,528.0,,8.0
simu5g_00000576,5,2,14,432.0,,7.0
simu5g_00000576,5,2,15,528.0,,8.0
simu5g_00000576,5,2,16,224.0,,4.0
simu5g_00000576,5,2,17,984.0,,13.0
simu5g_00000576,5,2,18,888.0,,12.0
simu5g_00000576,5,2,19,808.0,,11.0
simu5g_00000576,5,2,20,608.0,,9.0
simu5g_00000576,5,2,21,368.0,,6.0
simu5g_00000576,5,2,22,984.0,,13.0
simu5g_00000576,5,2,23,528.0,,8.0
simu5g_00000576,5,2,24,608.0,,9.0
simu5g_00000576,6,3,0,1160.0,,15.0
simu5g_00000576,6,3,1,1160.0,,15.0
simu5g_00000576,6,3,2,1160.0,,15.0
simu5g_00000576,6,3,3,888.0,,12.0
simu5g_00000576,6,3,4,1160.0,,15.0
simu5g_00000576,6,3,5,1160.0,,15.0
simu5g_00000576,6,3,6,1160.0,,15.0
simu5g_00000576,6,3,7,1160.0,,15.0
simu5g_00000576,6,3,8,1160.0,,15.0
simu5g_00000576,6,3,9,1160.0,,15.0
simu5g_00000576,6,3,10,1160.0,,15.0
simu5g_00000576,6,3,11,1160.0,,15.0
simu5g_00000576,6,3,12,1160.0,,15.0
simu5g_00000576,6,3,13,1160.0,,15.0
simu5g_00000576,6,3,14,1160.0,,15.0
simu5g_00000576,6,3,15,1160.0,,15.0
simu5g_00000576,6,3,16,1128.0,,14.0
simu5g_00000576,6,3,17,1160.0,,15.0
simu5g_00000576,6,3,18,1160.0,,15.0
simu5g_00000576,6,3,19,1160.0,,15.0
simu5g_00000576,6,3,20,1160.0,,15.0
simu5g_00000576,6,3,21,1160.0,,15.0
simu5g_00000576,6,3,22,1160.0,,15.0
simu5g_00000576,6,3,23,1160.0,,15.0
simu5g_00000576,6,3,24,1160.0,,15.0
simu5g_00000577,0,0,0,1160.0,,15.0
simu5g_00000577,0,0,1,1128.0,,14.0
simu5g_00000577,0,0,2,1160.0,,15.0
simu5g_00000577,0,0,3,1160.0,,15.0
simu5g_00000577,0,0,4,1160.0,,15.0
simu5g_00000577,0,0,5,1160.0,,15.0
simu5g_00000577,0,0,6,1160.0,,15.0
simu5g_00000577,0,0,7,1160.0,,15.0
simu5g_00000577,0,0,8,1160.0,,15.0
simu5g_00000577,0,0,9,1160.0,,15.0
simu5g_00000577,0,0,10,1160.0,,15.0
simu5g_00000577,0,0,11,1160.0,,15.0
simu5g_00000577,0,0,12,1160.0,,15.0
simu5g_00000577,0,0,13,1160.0,,15.0
simu5g_00000577,0,0,14,1160.0,,15.0
simu5g_00000577,0,0,15,1160.0,,15.0
simu5g_00000577,0,0,16,1160.0,,15.0
simu5g_00000577,0,0,17,1160.0,,15.0
simu5g_00000577,0,0,18,1160.0,,15.0
simu5g_00000577,0,0,19,1160.0,,15.0
simu5g_00000577,0,0,20,1160.0,,15.0
simu5g_00000577,0,0,21,1160.0,,15.0
simu5g_00000577,0,0,22,1160.0,,15.0
simu5g_00000577,0,0,23,1160.0,,15.0
simu5g_00000577,0,0,24,1160.0,,15.0
simu5g_00000577,1,1,0,1160.0,,15.0
simu5g_00000577,1,1,1,1160.0,,15.0
simu5g_00000577,1,1,2,1160.0,,15.0
simu5g_00000577,1,1,3,1160.0,,15.0
simu5g_00000577,1,1,4,1160.0,,15.0
simu5g_00000577,1,1,5,1160.0,,15.0
simu5g_00000577,1,1,6,1160.0,,15.0
simu5g_00000577,1,1,7,1160.0,,15.0
simu5g_00000577,1,1,8,1128.0,,14.0
simu5g_00000577,1,1,9,1160.0,,15.0
simu5g_00000577,1,1,10,1160.0,,15.0
simu5g_00000577,1,1,11,1160.0,,15.0
simu5g_00000577,1,1,12,1160.0,,15.0
simu5g_00000577,1,1,13,1160.0,,15.0
simu5g_00000577,1,1,14,1160.0,,15.0
simu5g_00000577,1,1,15,1160.0,,15.0
simu5g_00000577,1,1,16,1160.0,,15.0
simu5g_00000577,1,1,17,1160.0,,15.0
simu5g_00000577,1,1,18,1160.0,,15.0
simu5g_00000577,1,1,19,1160.0,,15.0
simu5g_00000577,1,1,20,1160.0,,15.0
simu5g_00000577,1,1,21,1128.0,,14.0
simu5g_00000577,1,1,22,1160.0,,15.0
simu5g_00000577,1,1,23,1160.0,,15.0
simu5g_00000577,1,1,24,1160.0,,15.0
simu5g_00000577,15,2,0,1160.0,,15.0
simu5g_00000577,15,2,1,1160.0,,15.0
simu5g_00000577,15,2,2,1160.0,,15.0
simu5g_00000577,15,2,3,1160.0,,15.0
simu5g_00000577,15,2,4,1160.0,,15.0
simu5g_00000577,15,2,5,1160.0,,15.0
simu5g_00000577,15,2,6,1160.0,,15.0
simu5g_00000577,15,2,7,1160.0,,15.0
simu5g_00000577,15,2,8,1160.0,,15.0
simu5g_00000577,15,2,9,1160.0,,15.0
simu5g_00000577,15,2,10,1160.0,,15.0
simu5g_00000577,15,2,11,1160.0,,15.0
simu5g_00000577,15,2,12,1160.0,,15.0
simu5g_00000577,15,2,13,1160.0,,15.0
simu5g_00000577,15,2,14,1160.0,,15.0
simu5g_00000577,15,2,15,1160.0,,15.0
simu5g_00000577,15,2,16,1160.0,,15.0
simu5g_00000577,15,2,17,1160.0,,15.0
simu5g_00000577,15,2,18,1160.0,,15.0
simu5g_00000577,15,2,19,1160.0,,15.0
simu5g_00000577,15,2,20,1160.0,,15.0
simu5g_00000577,15,2,21,1160.0,,15.0
simu5g_00000577,15,2,22,1160.0,,15.0
simu5g_00000577,15,2,23,1160.0,,15.0
simu5g_00000577,15,2,24,1160.0,,15.0
simu5g_00000577,2,3,0,1160.0,,15.0
simu5g_00000577,2,3,1,1160.0,,15.0
simu5g_00000577,2,3,2,1128.0,,14.0
simu5g_00000577,2,3,3,1160.0,,15.0
simu5g_00000577,2,3,4,1128.0,,14.0
simu5g_00000577,2,3,5,1128.0,,14.0
simu5g_00000577,2,3,6,1160.0,,15.0
simu5g_00000577,2,3,7,888.0,,12.0
simu5g_00000577,2,3,8,1160.0,,15.0
simu5g_00000577,2,3,9,1160.0,,15.0
simu5g_00000577,2,3,10,1160.0,,15.0
simu5g_00000577,2,3,11,984.0,,13.0
simu5g_00000577,2,3,12,1128.0,,14.0
simu5g_00000577,2,3,13,1160.0,,15.0
simu5g_00000577,2,3,14,1160.0,,15.0
simu5g_00000577,2,3,15,1160.0,,15.0
simu5g_00000577,2,3,16,984.0,,13.0
simu5g_00000577,2,3,17,1128.0,,14.0
simu5g_00000577,2,3,18,1128.0,,14.0
simu5g_00000577,2,3,19,1160.0,,15.0
simu5g_00000577,2,3,20,1160.0,,15.0
simu5g_00000577,2,3,21,1128.0,,14.0
simu5g_00000577,2,3,22,1128.0,,14.0
simu5g_00000577,2,3,23,1160.0,,15.0
simu5g_00000577,2,3,24,984.0,,13.0
simu5g_00000577,3,4,0,984.0,,13.0
simu5g_00000577,3,4,1,1160.0,,15.0
simu5g_00000577,3,4,2,1128.0,,14.0
simu5g_00000577,3,4,3,1128.0,,14.0
simu5g_00000577,3,4,4,1160.0,,15.0
simu5g_00000577,3,4,5,1160.0,,15.0
simu5g_00000577,3,4,6,1128.0,,14.0
simu5g_00000577,3,4,7,1128.0,,14.0
simu5g_00000577,3,4,8,704.0,,10.0
simu5g_00000577,3,4,9,704.0,,10.0
simu5g_00000577,3,4,10,1128.0,,14.0
simu5g_00000577,3,4,11,1128.0,,14.0
simu5g_00000577,3,4,12,1128.0,,14.0
simu5g_00000577,3,4,13,1160.0,,15.0
simu5g_00000577,3,4,14,1160.0,,15.0
simu5g_00000577,3,4,15,1128.0,,14.0
simu5g_00000577,3,4,16,1160.0,,15.0
simu5g_00000577,3,4,17,1128.0,,14.0
simu5g_00000577,3,4,18,1128.0,,14.0
simu5g_00000577,3,4,19,1128.0,,14.0
simu5g_00000577,3,4,20,1128.0,,14.0
simu5g_00000577,3,4,21,984.0,,13.0
simu5g_00000577,3,4,22,984.0,,13.0
simu5g_00000577,3,4,23,1128.0,,14.0
simu5g_00000577,3,4,24,984.0,,13.0
simu5g_00000578,31,0,0,1128.0,,14.0
simu5g_00000578,31,0,1,1128.0,,14.0
simu5g_00000578,31,0,2,1160.0,,15.0
simu5g_00000578,31,0,3,1160.0,,15.0
simu5g_00000578,31,0,4,1160.0,,15.0
simu5g_00000578,31,0,5,1160.0,,15.0
simu5g_00000578,31,0,6,1160.0,,15.0
simu5g_00000578,31,0,7,1160.0,,15.0
simu5g_00000578,31,0,8,1160.0,,15.0
simu5g_00000578,31,0,9,1160.0,,15.0
simu5g_00000578,31,0,10,1160.0,,15.0
simu5g_00000578,31,0,11,1160.0,,15.0
simu5g_00000578,31,0,12,888.0,,12.0
simu5g_00000578,31,0,13,1160.0,,15.0
simu5g_00000578,31,0,14,1160.0,,15.0
simu5g_00000578,31,0,15,1160.0,,15.0
simu5g_00000578,31,0,16,1160.0,,15.0
simu5g_00000578,31,0,17,1160.0,,15.0
simu5g_00000578,31,0,18,1160.0,,15.0
simu5g_00000578,31,0,19,1160.0,,15.0
simu5g_00000578,31,0,20,1128.0,,14.0
simu5g_00000578,31,0,21,1160.0,,15.0
simu5g_00000578,31,0,22,1160.0,,15.0
simu5g_00000578,31,0,23,1160.0,,15.0
simu5g_00000578,31,0,24,1160.0,,15.0
simu5g_00000578,4,1,0,1160.0,,15.0
simu5g_00000578,4,1,1,1128.0,,14.0
simu5g_00000578,4,1,2,1160.0,,15.0
simu5g_00000578,4,1,3,704.0,,10.0
simu5g_00000578,4,1,4,1160.0,,15.0
simu5g_00000578,4,1,5,1160.0,,15.0
simu5g_00000578,4,1,6,1160.0,,15.0
simu5g_00000578,4,1,7,888.0,,12.0
simu5g_00000578,4,1,8,1128.0,,14.0
simu5g_00000578,4,1,9,1160.0,,15.0
simu5g_00000578,4,1,10,1160.0,,15.0
simu5g_00000578,4,1,11,1160.0,,15.0
simu5g_00000578,4,1,12,1160.0,,15.0
simu5g_00000578,4,1,13,1160.0,,15.0
simu5g_00000578,4,1,14,1160.0,,15.0
simu5g_00000578,4,1,15,1128.0,,14.0
simu5g_00000578,4,1,16,1128.0,,14.0
simu5g_00000578,4,1,17,1160.0,,15.0
simu5g_00000578,4,1,18,1160.0,,15.0
simu5g_00000578,4,1,19,1160.0,,15.0
simu5g_00000578,4,1,20,1160.0,,15.0
simu5g_00000578,4,1,21,1128.0,,14.0
simu5g_00000578,4,1,22,1160.0,,15.0
simu5g_00000578,4,1,23,1160.0,,15.0
simu5g_00000578,4,1,24,1128.0,,14.0
simu5g_00000578,5,2,0,1128.0,,14.0
simu5g_00000578,5,2,1,984.0,,13.0
simu5g_00000578,5,2,2,1128.0,,14.0
simu5g_00000578,5,2,3,984.0,,13.0
simu5g_00000578,5,2,4,1160.0,,15.0
simu5g_00000578,5,2,5,1128.0,,14.0
simu5g_00000578,5,2,6,1128.0,,14.0
simu5g_00000578,5,2,7,1128.0,,14.0
simu5g_00000578,5,2,8,1128.0,,14.0
simu5g_00000578,5,2,9,1160.0,,15.0
simu5g_00000578,5,2,10,1160.0,,15.0
simu5g_00000578,5,2,11,1128.0,,14.0
simu5g_00000578,5,2,12,1128.0,,14.0
simu5g_00000578,5,2,13,984.0,,13.0
simu5g_00000578,5,2,14,888.0,,12.0
simu5g_00000578,5,2,15,984.0,,13.0
simu5g_00000578,5,2,16,528.0,,8.0
simu5g_00000578,5,2,17,1160.0,,15.0
simu5g_00000578,5,2,18,1128.0,,14.0
simu5g_00000578,5,2,19,1128.0,,14.0
simu5g_00000578,5,2,20,984.0,,13.0
simu5g_00000578,5,2,21,808.0,,11.0
simu5g_00000578,5,2,22,1160.0,,15.0
simu5g_00000578,5,2,23,984.0,,13.0
simu5g_00000578,5,2,24,1128.0,,14.0
simu5g_00000578,6,3,0,1160.0,,15.0
simu5g_00000578,6,3,1,1160.0,,15.0
simu5g_00000578,6,3,2,1160.0,,15.0
simu5g_00000578,6,3,3,888.0,,12.0
simu5g_00000578,6,3,4,1160.0,,15.0
simu5g_00000578,6,3,5,1160.0,,15.0
simu5g_00000578,6,3,6,1160.0,,15.0
simu5g_00000578,6,3,7,1160.0,,15.0
simu5g_00000578,6,3,8,1160.0,,15.0
simu5g_00000578,6,3,9,1160.0,,15.0
simu5g_00000578,6,3,10,1160.0,,15.0
simu5g_00000578,6,3,11,1160.0,,15.0
simu5g_00000578,6,3,12,1160.0,,15.0
simu5g_00000578,6,3,13,1160.0,,15.0
simu5g_00000578,6,3,14,1160.0,,15.0
simu5g_00000578,6,3,15,1160.0,,15.0
simu5g_00000578,6,3,16,1128.0,,14.0
simu5g_00000578,6,3,17,1160.0,,15.0
simu5g_00000578,6,3,18,1160.0,,15.0
simu5g_00000578,6,3,19,1160.0,,15.0
simu5g_00000578,6,3,20,1160.0,,15.0
simu5g_00000578,6,3,21,1160.0,,15.0
simu5g_00000578,6,3,22,1160.0,,15.0
simu5g_00000578,6,3,23,1160.0,,15.0
simu5g_00000578,6,3,24,1160.0,,15.0
simu5g_00000579,0,0,0,1160.0,,15.0
simu5g_00000579,0,0,1,1128.0,,14.0
simu5g_00000579,0,0,2,1160.0,,15.0
simu5g_00000579,0,0,3,1160.0,,15.0
simu5g_00000579,0,0,4,1160.0,,15.0
simu5g_00000579,0,0,5,1160.0,,15.0
simu5g_00000579,0,0,6,1160.0,,15.0
simu5g_00000579,0,0,7,1160.0,,15.0
simu5g_00000579,0,0,8,1160.0,,15.0
simu5g_00000579,0,0,9,1160.0,,15.0
simu5g_00000579,0,0,10,1160.0,,15.0
simu5g_00000579,0,0,11,1160.0,,15.0
simu5g_00000579,0,0,12,1160.0,,15.0
simu5g_00000579,0,0,13,1160.0,,15.0
simu5g_00000579,0,0,14,1160.0,,15.0
simu5g_00000579,0,0,15,1160.0,,15.0
simu5g_00000579,0,0,16,1160.0,,15.0
simu5g_00000579,0,0,17,1160.0,,15.0
simu5g_00000579,0,0,18,1160.0,,15.0
simu5g_00000579,0,0,19,1160.0,,15.0
simu5g_00000579,0,0,20,1160.0,,15.0
simu5g_00000579,0,0,21,1160.0,,15.0
simu5g_00000579,0,0,22,1160.0,,15.0
simu5g_00000579,0,0,23,1160.0,,15.0
simu5g_00000579,0,0,24,1160.0,,15.0
simu5g_00000579,1,1,0,1160.0,,15.0
simu5g_00000579,1,1,1,1160.0,,15.0
simu5g_00000579,1,1,2,1160.0,,15.0
simu5g_00000579,1,1,3,1160.0,,15.0
simu5g_00000579,1,1,4,1160.0,,15.0
simu5g_00000579,1,1,5,1160.0,,15.0
simu5g_00000579,1,1,6,1160.0,,15.0
simu5g_00000579,1,1,7,1160.0,,15.0
simu5g_00000579,1,1,8,1128.0,,14.0
simu5g_00000579,1,1,9,1160.0,,15.0
simu5g_00000579,1,1,10,1160.0,,15.0
simu5g_00000579,1,1,11,1160.0,,15.0
simu5g_00000579,1,1,12,1160.0,,15.0
simu5g_00000579,1,1,13,1160.0,,15.0
simu5g_00000579,1,1,14,1160.0,,15.0
simu5g_00000579,1,1,15,1160.0,,15.0
simu5g_00000579,1,1,16,1160.0,,15.0
simu5g_00000579,1,1,17,1160.0,,15.0
simu5g_00000579,1,1,18,1160.0,,15.0
simu5g_00000579,1,1,19,1160.0,,15.0
simu5g_00000579,1,1,20,1160.0,,15.0
simu5g_00000579,1,1,21,1128.0,,14.0
simu5g_00000579,1,1,22,1160.0,,15.0
simu5g_00000579,1,1,23,1160.0,,15.0
simu5g_00000579,1,1,24,1160.0,,15.0
simu5g_00000579,15,2,0,1160.0,,15.0
simu5g_00000579,15,2,1,1160.0,,15.0
simu5g_00000579,15,2,2,1160.0,,15.0
simu5g_00000579,15,2,3,1160.0,,15.0
simu5g_00000579,15,2,4,1160.0,,15.0
simu5g_00000579,15,2,5,1160.0,,15.0
simu5g_00000579,15,2,6,1160.0,,15.0
simu5g_00000579,15,2,7,1160.0,,15.0
simu5g_00000579,15,2,8,1160.0,,15.0
simu5g_00000579,15,2,9,1160.0,,15.0
simu5g_00000579,15,2,10,1160.0,,15.0
simu5g_00000579,15,2,11,1160.0,,15.0
simu5g_00000579,15,2,12,1160.0,,15.0
simu5g_00000579,15,2,13,1160.0,,15.0
simu5g_00000579,15,2,14,1160.0,,15.0
simu5g_00000579,15,2,15,1160.0,,15.0
simu5g_00000579,15,2,16,1160.0,,15.0
simu5g_00000579,15,2,17,1160.0,,15.0
simu5g_00000579,15,2,18,1160.0,,15.0
simu5g_00000579,15,2,19,1160.0,,15.0
simu5g_00000579,15,2,20,1160.0,,15.0
simu5g_00000579,15,2,21,1160.0,,15.0
simu5g_00000579,15,2,22,1160.0,,15.0
simu5g_00000579,15,2,23,1160.0,,15.0
simu5g_00000579,15,2,24,1160.0,,15.0
simu5g_00000579,2,3,0,1128.0,,14.0
simu5g_00000579,2,3,1,1160.0,,15.0
simu5g_00000579,2,3,2,1128.0,,14.0
simu5g_00000579,2,3,3,1160.0,,15.0
simu5g_00000579,2,3,4,1128.0,,14.0
simu5g_00000579,2,3,5,1128.0,,14.0
simu5g_00000579,2,3,6,1128.0,,14.0
simu5g_00000579,2,3,7,808.0,,11.0
simu5g_00000579,2,3,8,1160.0,,15.0
simu5g_00000579,2,3,9,1160.0,,15.0
simu5g_00000579,2,3,10,1160.0,,15.0
simu5g_00000579,2,3,11,888.0,,12.0
simu5g_00000579,2,3,12,1128.0,,14.0
simu5g_00000579,2,3,13,1160.0,,15.0
simu5g_00000579,2,3,14,1160.0,,15.0
simu5g_00000579,2,3,15,1160.0,,15.0
simu5g_00000579,2,3,16,984.0,,13.0
simu5g_00000579,2,3,17,1128.0,,14.0
simu5g_00000579,2,3,18,1128.0,,14.0
simu5g_00000579,2,3,19,1160.0,,15.0
simu5g_00000579,2,3,20,1160.0,,15.0
simu5g_00000579,2,3,21,1128.0,,14.0
simu5g_00000579,2,3,22,984.0,,13.0
simu5g_00000579,2,3,23,1160.0,,15.0
simu5g_00000579,2,3,24,984.0,,13.0
simu5g_00000579,3,4,0,984.0,,13.0
simu5g_00000579,3,4,1,1160.0,,15.0
simu5g_00000579,3,4,2,1128.0,,14.0
simu5g_00000579,3,4,3,1128.0,,14.0
simu5g_00000579,3,4,4,1160.0,,15.0
simu5g_00000579,3,4,5,1160.0,,15.0
simu5g_00000579,3,4,6,1128.0,,14.0
simu5g_00000579,3,4,7,1128.0,,14.0
simu5g_00000579,3,4,8,704.0,,10.0
simu5g_00000579,3,4,9,704.0,,10.0
simu5g_00000579,3,4,10,1128.0,,14.0
simu5g_00000579,3,4,11,1128.0,,14.0
simu5g_00000579,3,4,12,1128.0,,14.0
simu5g_00000579,3,4,13,1160.0,,15.0
simu5g_00000579,3,4,14,1160.0,,15.0
simu5g_00000579,3,4,15,1128.0,,14.0
simu5g_00000579,3,4,16,1160.0,,15.0
simu5g_00000579,3,4,17,1128.0,,14.0
simu5g_00000579,3,4,18,1128.0,,14.0
simu5g_00000579,3,4,19,1128.0,,14.0
simu5g_00000579,3,4,20,1128.0,,14.0
simu5g_00000579,3,4,21,984.0,,13.0
simu5g_00000579,3,4,22,984.0,,13.0
simu5g_00000579,3,4,23,1128.0,,14.0
simu5g_00000579,3,4,24,984.0,,13.0
simu5g_00000580,31,0,0,1128.0,,14.0
simu5g_00000580,31,0,1,1128.0,,14.0
simu5g_00000580,31,0,2,1160.0,,15.0
simu5g_00000580,31,0,3,1160.0,,15.0
simu5g_00000580,31,0,4,1160.0,,15.0
simu5g_00000580,31,0,5,1160.0,,15.0
simu5g_00000580,31,0,6,1160.0,,15.0
simu5g_00000580,31,0,7,1160.0,,15.0
simu5g_00000580,31,0,8,1160.0,,15.0
simu5g_00000580,31,0,9,1160.0,,15.0
simu5g_00000580,31,0,10,1160.0,,15.0
simu5g_00000580,31,0,11,1160.0,,15.0
simu5g_00000580,31,0,12,888.0,,12.0
simu5g_00000580,31,0,13,1160.0,,15.0
simu5g_00000580,31,0,14,1160.0,,15.0
simu5g_00000580,31,0,15,1160.0,,15.0
simu5g_00000580,31,0,16,1160.0,,15.0
simu5g_00000580,31,0,17,1160.0,,15.0
simu5g_00000580,31,0,18,1160.0,,15.0
simu5g_00000580,31,0,19,1160.0,,15.0
simu5g_00000580,31,0,20,1128.0,,14.0
simu5g_00000580,31,0,21,1160.0,,15.0
simu5g_00000580,31,0,22,1160.0,,15.0
simu5g_00000580,31,0,23,1160.0,,15.0
simu5g_00000580,31,0,24,1160.0,,15.0
simu5g_00000580,4,1,0,1160.0,,15.0
simu5g_00000580,4,1,1,984.0,,13.0
simu5g_00000580,4,1,2,1160.0,,15.0
simu5g_00000580,4,1,3,608.0,,9.0
simu5g_00000580,4,1,4,1128.0,,14.0
simu5g_00000580,4,1,5,1160.0,,15.0
simu5g_00000580,4,1,6,1160.0,,15.0
simu5g_00000580,4,1,7,704.0,,10.0
simu5g_00000580,4,1,8,984.0,,13.0
simu5g_00000580,4,1,9,1128.0,,14.0
simu5g_00000580,4,1,10,1128.0,,14.0
simu5g_00000580,4,1,11,1160.0,,15.0
simu5g_00000580,4,1,12,1160.0,,15.0
simu5g_00000580,4,1,13,1128.0,,14.0
simu5g_00000580,4,1,14,1160.0,,15.0
simu5g_00000580,4,1,15,984.0,,13.0
simu5g_00000580,4,1,16,1128.0,,14.0
simu5g_00000580,4,1,17,1128.0,,14.0
simu5g_00000580,4,1,18,1160.0,,15.0
simu5g_00000580,4,1,19,1160.0,,15.0
simu5g_00000580,4,1,20,1128.0,,14.0
simu5g_00000580,4,1,21,984.0,,13.0
simu5g_00000580,4,1,22,1160.0,,15.0
simu5g_00000580,4,1,23,1160.0,,15.0
simu5g_00000580,4,1,24,1128.0,,14.0
simu5g_00000580,5,2,0,1128.0,,14.0
simu5g_00000580,5,2,1,984.0,,13.0
simu5g_00000580,5,2,2,1128.0,,14.0
simu5g_00000580,5,2,3,984.0,,13.0
simu5g_00000580,5,2,4,1160.0,,15.0
simu5g_00000580,5,2,5,1128.0,,14.0
simu5g_00000580,5,2,6,1128.0,,14.0
simu5g_00000580,5,2,7,1128.0,,14.0
simu5g_00000580,5,2,8,1128.0,,14.0
simu5g_00000580,5,2,9,1160.0,,15.0
simu5g_00000580,5,2,10,1160.0,,15.0
simu5g_00000580,5,2,11,1128.0,,14.0
simu5g_00000580,5,2,12,1128.0,,14.0
simu5g_00000580,5,2,13,984.0,,13.0
simu5g_00000580,5,2,14,888.0,,12.0
simu5g_00000580,5,2,15,984.0,,13.0
simu5g_00000580,5,2,16,528.0,,8.0
simu5g_00000580,5,2,17,1160.0,,15.0
simu5g_00000580,5,2,18,1128.0,,14.0
simu5g_00000580,5,2,19,1128.0,,14.0
simu5g_00000580,5,2,20,984.0,,13.0
simu5g_00000580,5,2,21,808.0,,11.0
simu5g_00000580,5,2,22,1160.0,,15.0
simu5g_00000580,5,2,23,984.0,,13.0
simu5g_00000580,5,2,24,1128.0,,14.0
simu5g_00000580,6,3,0,1160.0,,15.0
simu5g_00000580,6,3,1,1160.0,,15.0
simu5g_00000580,6,3,2,1160.0,,15.0
simu5g_00000580,6,3,3,888.0,,12.0
simu5g_00000580,6,3,4,1160.0,,15.0
simu5g_00000580,6,3,5,1160.0,,15.0
simu5g_00000580,6,3,6,1160.0,,15.0
simu5g_00000580,6,3,7,1160.0,,15.0
simu5g_00000580,6,3,8,1160.0,,15.0
simu5g_00000580,6,3,9,1160.0,,15.0
simu5g_00000580,6,3,10,1160.0,,15.0
simu5g_00000580,6,3,11,1160.0,,15.0
simu5g_00000580,6,3,12,1160.0,,15.0
simu5g_00000580,6,3,13,1160.0,,15.0
simu5g_00000580,6,3,14,1160.0,,15.0
simu5g_00000580,6,3,15,1160.0,,15.0
simu5g_00000580,6,3,16,1128.0,,14.0
simu5g_00000580,6,3,17,1160.0,,15.0
simu5g_00000580,6,3,18,1160.0,,15.0
simu5g_00000580,6,3,19,1160.0,,15.0
simu5g_00000580,6,3,20,1160.0,,15.0
simu5g_00000580,6,3,21,1160.0,,15.0
simu5g_00000580,6,3,22,1160.0,,15.0
simu5g_00000580,6,3,23,1160.0,,15.0
simu5g_00000580,6,3,24,1160.0,,15.0
simu5g_00000581,0,0,0,1160.0,,15.0
simu5g_00000581,0,0,1,704.0,,10.0
simu5g_00000581,0,0,2,1160.0,,15.0
simu5g_00000581,0,0,3,1128.0,,14.0
simu5g_00000581,0,0,4,1160.0,,15.0
simu5g_00000581,0,0,5,1128.0,,14.0
simu5g_00000581,0,0,6,1128.0,,14.0
simu5g_00000581,0,0,7,1160.0,,15.0
simu5g_00000581,0,0,8,984.0,,13.0
simu5g_00000581,0,0,9,1160.0,,15.0
simu5g_00000581,0,0,10,1160.0,,15.0
simu5g_00000581,0,0,11,1160.0,,15.0
simu5g_00000581,0,0,12,1160.0,,15.0
simu5g_00000581,0,0,13,1160.0,,15.0
simu5g_00000581,0,0,14,1160.0,,15.0
simu5g_00000581,0,0,15,1160.0,,15.0
simu5g_00000581,0,0,16,1128.0,,14.0
simu5g_00000581,0,0,17,1160.0,,15.0
simu5g_00000581,0,0,18,1160.0,,15.0
simu5g_00000581,0,0,19,1128.0,,14.0
simu5g_00000581,0,0,20,1160.0,,15.0
simu5g_00000581,0,0,21,984.0,,13.0
simu5g_00000581,0,0,22,1160.0,,15.0
simu5g_00000581,0,0,23,1160.0,,15.0
simu5g_00000581,0,0,24,1128.0,,14.0
simu5g_00000581,1,1,0,1160.0,,15.0
simu5g_00000581,1,1,1,1160.0,,15.0
simu5g_00000581,1,1,2,1160.0,,15.0
simu5g_00000581,1,1,3,1160.0,,15.0
simu5g_00000581,1,1,4,1160.0,,15.0
simu5g_00000581,1,1,5,1160.0,,15.0
simu5g_00000581,1,1,6,1160.0,,15.0
simu5g_00000581,1,1,7,984.0,,13.0
simu5g_00000581,1,1,8,984.0,,13.0
simu5g_00000581,1,1,9,1160.0,,15.0
simu5g_00000581,1,1,10,1160.0,,15.0
simu5g_00000581,1,1,11,1160.0,,15.0
simu5g_00000581,1,1,12,1160.0,,15.0
simu5g_00000581,1,1,13,1160.0,,15.0
simu5g_00000581,1,1,14,1160.0,,15.0
simu5g_00000581,1,1,15,1160.0,,15.0
simu5g_00000581,1,1,16,1160.0,,15.0
simu5g_00000581,1,1,17,1160.0,,15.0
simu5g_00000581,1,1,18,1160.0,,15.0
simu5g_00000581,1,1,19,1160.0,,15.0
simu5g_00000581,1,1,20,1160.0,,15.0
simu5g_00000581,1,1,21,888.0,,12.0
simu5g_00000581,1,1,22,1160.0,,15.0
simu5g_00000581,1,1,23,1128.0,,14.0
simu5g_00000581,1,1,24,1160.0,,15.0
simu5g_00000581,15,2,0,1160.0,,15.0
simu5g_00000581,15,2,1,1160.0,,15.0
simu5g_00000581,15,2,2,1160.0,,15.0
simu5g_00000581,15,2,3,1160.0,,15.0
simu5g_00000581,15,2,4,1160.0,,15.0
simu5g_00000581,15,2,5,1160.0,,15.0
simu5g_00000581,15,2,6,1160.0,,15.0
simu5g_00000581,15,2,7,1160.0,,15.0
simu5g_00000581,15,2,8,1160.0,,15.0
simu5g_00000581,15,2,9,1160.0,,15.0
simu5g_00000581,15,2,10,1160.0,,15.0
simu5g_00000581,15,2,11,1160.0,,15.0
simu5g_00000581,15,2,12,1160.0,,15.0
simu5g_00000581,15,2,13,1160.0,,15.0
simu5g_00000581,15,2,14,1160.0,,15.0
simu5g_00000581,15,2,15,1160.0,,15.0
simu5g_00000581,15,2,16,1160.0,,15.0
simu5g_00000581,15,2,17,1160.0,,15.0
simu5g_00000581,15,2,18,1160.0,,15.0
simu5g_00000581,15,2,19,1160.0,,15.0
simu5g_00000581,15,2,20,1160.0,,15.0
simu5g_00000581,15,2,21,1160.0,,15.0
simu5g_00000581,15,2,22,1160.0,,15.0
simu5g_00000581,15,2,23,1160.0,,15.0
simu5g_00000581,15,2,24,1160.0,,15.0
simu5g_00000581,2,3,0,1128.0,,14.0
simu5g_00000581,2,3,1,1160.0,,15.0
simu5g_00000581,2,3,2,1128.0,,14.0
simu5g_00000581,2,3,3,1160.0,,15.0
simu5g_00000581,2,3,4,1128.0,,14.0
simu5g_00000581,2,3,5,1128.0,,14.0
simu5g_00000581,2,3,6,1160.0,,15.0
simu5g_00000581,2,3,7,808.0,,11.0
simu5g_00000581,2,3,8,1160.0,,15.0
simu5g_00000581,2,3,9,1160.0,,15.0
simu5g_00000581,2,3,10,1160.0,,15.0
simu5g_00000581,2,3,11,984.0,,13.0
simu5g_00000581,2,3,12,1128.0,,14.0
simu5g_00000581,2,3,13,1160.0,,15.0
simu5g_00000581,2,3,14,1160.0,,15.0
simu5g_00000581,2,3,15,1160.0,,15.0
simu5g_00000581,2,3,16,984.0,,13.0
simu5g_00000581,2,3,17,1128.0,,14.0
simu5g_00000581,2,3,18,1128.0,,14.0
simu5g_00000581,2,3,19,1160.0,,15.0
simu5g_00000581,2,3,20,1160.0,,15.0
simu5g_00000581,2,3,21,1128.0,,14.0
simu5g_00000581,2,3,22,984.0,,13.0
simu5g_00000581,2,3,23,1160.0,,15.0
simu5g_00000581,2,3,24,984.0,,13.0
simu5g_00000581,3,4,0,984.0,,13.0
simu5g_00000581,3,4,1,1160.0,,15.0
simu5g_00000581,3,4,2,984.0,,13.0
simu5g_00000581,3,4,3,1128.0,,14.0
simu5g_00000581,3,4,4,1160.0,,15.0
simu5g_00000581,3,4,5,1128.0,,14.0
simu5g_00000581,3,4,6,1128.0,,14.0
simu5g_00000581,3,4,7,1128.0,,14.0
simu5g_00000581,3,4,8,608.0,,9.0
simu5g_00000581,3,4,9,608.0,,9.0
simu5g_00000581,3,4,10,1128.0,,14.0
simu5g_00000581,3,4,11,984.0,,13.0
simu5g_00000581,3,4,12,1128.0,,14.0
simu5g_00000581,3,4,13,1128.0,,14.0
simu5g_00000581,3,4,14,1160.0,,15.0
simu5g_00000581,3,4,15,1128.0,,14.0
simu5g_00000581,3,4,16,1128.0,,14.0
simu5g_00000581,3,4,17,1128.0,,14.0
simu5g_00000581,3,4,18,1128.0,,14.0
simu5g_00000581,3,4,19,1128.0,,14.0
simu5g_00000581,3,4,20,1128.0,,14.0
simu5g_00000581,3,4,21,984.0,,13.0
simu5g_00000581,3,4,22,888.0,,12.0
simu5g_00000581,3,4,23,1128.0,,14.0
simu5g_00000581,3,4,24,888.0,,12.0
simu5g_00000582,31,0,0,984.0,,13.0
simu5g_00000582,31,0,1,984.0,,13.0
simu5g_00000582,31,0,2,1160.0,,15.0
simu5g_00000582,31,0,3,1128.0,,14.0
simu5g_00000582,31,0,4,1160.0,,15.0
simu5g_00000582,31,0,5,1128.0,,14.0
simu5g_00000582,31,0,6,1160.0,,15.0
simu5g_00000582,31,0,7,1128.0,,14.0
simu5g_00000582,31,0,8,1160.0,,15.0
simu5g_00000582,31,0,9,1160.0,,15.0
simu5g_00000582,31,0,10,1128.0,,14.0
simu5g_00000582,31,0,11,1128.0,,14.0
simu5g_00000582,31,0,12,528.0,,8.0
simu5g_00000582,31,0,13,1128.0,,14.0
simu5g_00000582,31,0,14,1160.0,,15.0
simu5g_00000582,31,0,15,1160.0,,15.0
simu5g_00000582,31,0,16,1128.0,,14.0
simu5g_00000582,31,0,17,1160.0,,15.0
simu5g_00000582,31,0,18,1160.0,,15.0
simu5g_00000582,31,0,19,984.0,,13.0
simu5g_00000582,31,0,20,984.0,,13.0
simu5g_00000582,31,0,21,1160.0,,15.0
simu5g_00000582,31,0,22,1128.0,,14.0
simu5g_00000582,31,0,23,1160.0,,15.0
simu5g_00000582,31,0,24,1160.0,,15.0
simu5g_00000582,4,1,0,1160.0,,15.0
simu5g_00000582,4,1,1,984.0,,13.0
simu5g_00000582,4,1,2,1160.0,,15.0
simu5g_00000582,4,1,3,608.0,,9.0
simu5g_00000582,4,1,4,1128.0,,14.0
simu5g_00000582,4,1,5,1160.0,,15.0
simu5g_00000582,4,1,6,1160.0,,15.0
simu5g_00000582,4,1,7,704.0,,10.0
simu5g_00000582,4,1,8,984.0,,13.0
simu5g_00000582,4,1,9,1128.0,,14.0
simu5g_00000582,4,1,10,1128.0,,14.0
simu5g_00000582,4,1,11,1160.0,,15.0
simu5g_00000582,4,1,12,1160.0,,15.0
simu5g_00000582,4,1,13,1128.0,,14.0
simu5g_00000582,4,1,14,1160.0,,15.0
simu5g_00000582,4,1,15,984.0,,13.0
simu5g_00000582,4,1,16,1128.0,,14.0
simu5g_00000582,4,1,17,1128.0,,14.0
simu5g_00000582,4,1,18,1160.0,,15.0
simu5g_00000582,4,1,19,1160.0,,15.0
simu5g_00000582,4,1,20,1128.0,,14.0
simu5g_00000582,4,1,21,984.0,,13.0
simu5g_00000582,4,1,22,1160.0,,15.0
simu5g_00000582,4,1,23,1160.0,,15.0
simu5g_00000582,4,1,24,1128.0,,14.0
simu5g_00000582,5,2,0,1128.0,,14.0
simu5g_00000582,5,2,1,984.0,,13.0
simu5g_00000582,5,2,2,1128.0,,14.0
simu5g_00000582,5,2,3,984.0,,13.0
simu5g_00000582,5,2,4,1160.0,,15.0
simu5g_00000582,5,2,5,1128.0,,14.0
simu5g_00000582,5,2,6,1128.0,,14.0
simu5g_00000582,5,2,7,1128.0,,14.0
simu5g_00000582,5,2,8,1128.0,,14.0
simu5g_00000582,5,2,9,1160.0,,15.0
simu5g_00000582,5,2,10,1160.0,,15.0
simu5g_00000582,5,2,11,1128.0,,14.0
simu5g_00000582,5,2,12,1128.0,,14.0
simu5g_00000582,5,2,13,984.0,,13.0
simu5g_00000582,5,2,14,888.0,,12.0
simu5g_00000582,5,2,15,984.0,,13.0
simu5g_00000582,5,2,16,528.0,,8.0
simu5g_00000582,5,2,17,1160.0,,15.0
simu5g_00000582,5,2,18,1128.0,,14.0
simu5g_00000582,5,2,19,1128.0,,14.0
simu5g_00000582,5,2,20,984.0,,13.0
simu5g_00000582,5,2,21,808.0,,11.0
simu5g_00000582,5,2,22,1160.0,,15.0
simu5g_00000582,5,2,23,984.0,,13.0
simu5g_00000582,5,2,24,1128.0,,14.0
simu5g_00000582,6,3,0,1160.0,,15.0
simu5g_00000582,6,3,1,1160.0,,15.0
simu5g_00000582,6,3,2,1160.0,,15.0
simu5g_00000582,6,3,3,888.0,,12.0
simu5g_00000582,6,3,4,1160.0,,15.0
simu5g_00000582,6,3,5,1160.0,,15.0
simu5g_00000582,6,3,6,1160.0,,15.0
simu5g_00000582,6,3,7,1160.0,,15.0
simu5g_00000582,6,3,8,1160.0,,15.0
simu5g_00000582,6,3,9,1160.0,,15.0
simu5g_00000582,6,3,10,1160.0,,15.0
simu5g_00000582,6,3,11,1160.0,,15.0
simu5g_00000582,6,3,12,1160.0,,15.0
simu5g_00000582,6,3,13,1160.0,,15.0
simu5g_00000582,6,3,14,1160.0,,15.0
simu5g_00000582,6,3,15,1160.0,,15.0
simu5g_00000582,6,3,16,1128.0,,14.0
simu5g_00000582,6,3,17,1160.0,,15.0
simu5g_00000582,6,3,18,1160.0,,15.0
simu5g_00000582,6,3,19,1160.0,,15.0
simu5g_00000582,6,3,20,1160.0,,15.0
simu5g_00000582,6,3,21,1160.0,,15.0
simu5g_00000582,6,3,22,1160.0,,15.0
simu5g_00000582,6,3,23,1160.0,,15.0
simu5g_00000582,6,3,24,1160.0,,15.0
simu5g_00000583,0,0,0,1160.0,,15.0
simu5g_00000583,0,0,1,704.0,,10.0
simu5g_00000583,0,0,2,1160.0,,15.0
simu5g_00000583,0,0,3,1128.0,,14.0
simu5g_00000583,0,0,4,1160.0,,15.0
simu5g_00000583,0,0,5,1128.0,,14.0
simu5g_00000583,0,0,6,1128.0,,14.0
simu5g_00000583,0,0,7,1160.0,,15.0
simu5g_00000583,0,0,8,984.0,,13.0
simu5g_00000583,0,0,9,1160.0,,15.0
simu5g_00000583,0,0,10,1160.0,,15.0
simu5g_00000583,0,0,11,1160.0,,15.0
simu5g_00000583,0,0,12,1160.0,,15.0
simu5g_00000583,0,0,13,1160.0,,15.0
simu5g_00000583,0,0,14,1160.0,,15.0
simu5g_00000583,0,0,15,1160.0,,15.0
simu5g_00000583,0,0,16,1128.0,,14.0
simu5g_00000583,0,0,17,1160.0,,15.0
simu5g_00000583,0,0,18,1160.0,,15.0
simu5g_00000583,0,0,19,1128.0,,14.0
simu5g_00000583,0,0,20,1160.0,,15.0
simu5g_00000583,0,0,21,984.0,,13.0
simu5g_00000583,0,0,22,1160.0,,15.0
simu5g_00000583,0,0,23,1160.0,,15.0
simu5g_00000583,0,0,24,1128.0,,14.0
simu5g_00000583,1,1,0,1160.0,,15.0
simu5g_00000583,1,1,1,1160.0,,15.0
simu5g_00000583,1,1,2,1160.0,,15.0
simu5g_00000583,1,1,3,1160.0,,15.0
simu5g_00000583,1,1,4,1160.0,,15.0
simu5g_00000583,1,1,5,1160.0,,15.0
simu5g_00000583,1,1,6,1160.0,,15.0
simu5g_00000583,1,1,7,984.0,,13.0
simu5g_00000583,1,1,8,984.0,,13.0
simu5g_00000583,1,1,9,1160.0,,15.0
simu5g_00000583,1,1,10,1160.0,,15.0
simu5g_00000583,1,1,11,1160.0,,15.0
simu5g_00000583,1,1,12,1160.0,,15.0
simu5g_00000583,1,1,13,1160.0,,15.0
simu5g_00000583,1,1,14,1160.0,,15.0
simu5g_00000583,1,1,15,1160.0,,15.0
simu5g_00000583,1,1,16,1160.0,,15.0
simu5g_00000583,1,1,17,1160.0,,15.0
simu5g_00000583,1,1,18,1160.0,,15.0
simu5g_00000583,1,1,19,1160.0,,15.0
simu5g_00000583,1,1,20,1160.0,,15.0
simu5g_00000583,1,1,21,888.0,,12.0
simu5g_00000583,1,1,22,1160.0,,15.0
simu5g_00000583,1,1,23,1128.0,,14.0
simu5g_00000583,1,1,24,1160.0,,15.0
simu5g_00000583,15,2,0,1160.0,,15.0
simu5g_00000583,15,2,1,1160.0,,15.0
simu5g_00000583,15,2,2,1160.0,,15.0
simu5g_00000583,15,2,3,1160.0,,15.0
simu5g_00000583,15,2,4,1160.0,,15.0
simu5g_00000583,15,2,5,1160.0,,15.0
simu5g_00000583,15,2,6,1160.0,,15.0
simu5g_00000583,15,2,7,1160.0,,15.0
simu5g_00000583,15,2,8,1160.0,,15.0
simu5g_00000583,15,2,9,1160.0,,15.0
simu5g_00000583,15,2,10,1160.0,,15.0
simu5g_00000583,15,2,11,1160.0,,15.0
simu5g_00000583,15,2,12,1160.0,,15.0
simu5g_00000583,15,2,13,1160.0,,15.0
simu5g_00000583,15,2,14,1160.0,,15.0
simu5g_00000583,15,2,15,1160.0,,15.0
simu5g_00000583,15,2,16,1160.0,,15.0
simu5g_00000583,15,2,17,1160.0,,15.0
simu5g_00000583,15,2,18,1160.0,,15.0
simu5g_00000583,15,2,19,1160.0,,15.0
simu5g_00000583,15,2,20,1160.0,,15.0
simu5g_00000583,15,2,21,1160.0,,15.0
simu5g_00000583,15,2,22,1160.0,,15.0
simu5g_00000583,15,2,23,1160.0,,15.0
simu5g_00000583,15,2,24,1160.0,,15.0
simu5g_00000583,2,3,0,1128.0,,14.0
simu5g_00000583,2,3,1,1160.0,,15.0
simu5g_00000583,2,3,2,1128.0,,14.0
simu5g_00000583,2,3,3,1160.0,,15.0
simu5g_00000583,2,3,4,1128.0,,14.0
simu5g_00000583,2,3,5,1128.0,,14.0
simu5g_00000583,2,3,6,1160.0,,15.0
simu5g_00000583,2,3,7,808.0,,11.0
simu5g_00000583,2,3,8,1160.0,,15.0
simu5g_00000583,2,3,9,1160.0,,15.0
simu5g_00000583,2,3,10,1160.0,,15.0
simu5g_00000583,2,3,11,984.0,,13.0
simu5g_00000583,2,3,12,1128.0,,14.0
simu5g_00000583,2,3,13,1160.0,,15.0
simu5g_00000583,2,3,14,1160.0,,15.0
simu5g_00000583,2,3,15,1160.0,,15.0
simu5g_00000583,2,3,16,984.0,,13.0
simu5g_00000583,2,3,17,1128.0,,14.0
simu5g_00000583,2,3,18,1128.0,,14.0
simu5g_00000583,2,3,19,1160.0,,15.0
simu5g_00000583,2,3,20,1160.0,,15.0
simu5g_00000583,2,3,21,1128.0,,14.0
simu5g_00000583,2,3,22,1128.0,,14.0
simu5g_00000583,2,3,23,1160.0,,15.0
simu5g_00000583,2,3,24,984.0,,13.0
simu5g_00000583,3,4,0,984.0,,13.0
simu5g_00000583,3,4,1,1160.0,,15.0
simu5g_00000583,3,4,2,984.0,,13.0
simu5g_00000583,3,4,3,1128.0,,14.0
simu5g_00000583,3,4,4,1160.0,,15.0
simu5g_00000583,3,4,5,1128.0,,14.0
simu5g_00000583,3,4,6,1128.0,,14.0
simu5g_00000583,3,4,7,1128.0,,14.0
simu5g_00000583,3,4,8,608.0,,9.0
simu5g_00000583,3,4,9,608.0,,9.0
simu5g_00000583,3,4,10,1128.0,,14.0
simu5g_00000583,3,4,11,984.0,,13.0
simu5g_00000583,3,4,12,1128.0,,14.0
simu5g_00000583,3,4,13,1128.0,,14.0
simu5g_00000583,3,4,14,1160.0,,15.0
simu5g_00000583,3,4,15,1128.0,,14.0
simu5g_00000583,3,4,16,1128.0,,14.0
simu5g_00000583,3,4,17,1128.0,,14.0
simu5g_00000583,3,4,18,1128.0,,14.0
simu5g_00000583,3,4,19,1128.0,,14.0
simu5g_00000583,3,4,20,1128.0,,14.0
simu5g_00000583,3,4,21,984.0,,13.0
simu5g_00000583,3,4,22,984.0,,13.0
simu5g_00000583,3,4,23,1128.0,,14.0
simu5g_00000583,3,4,24,984.0,,13.0
simu5g_00000584,31,0,0,984.0,,13.0
simu5g_00000584,31,0,1,984.0,,13.0
simu5g_00000584,31,0,2,1160.0,,15.0
simu5g_00000584,31,0,3,1128.0,,14.0
simu5g_00000584,31,0,4,1160.0,,15.0
simu5g_00000584,31,0,5,1128.0,,14.0
simu5g_00000584,31,0,6,1160.0,,15.0
simu5g_00000584,31,0,7,1128.0,,14.0
simu5g_00000584,31,0,8,1160.0,,15.0
simu5g_00000584,31,0,9,1160.0,,15.0
simu5g_00000584,31,0,10,1128.0,,14.0
simu5g_00000584,31,0,11,1128.0,,14.0
simu5g_00000584,31,0,12,528.0,,8.0
simu5g_00000584,31,0,13,1128.0,,14.0
simu5g_00000584,31,0,14,1160.0,,15.0
simu5g_00000584,31,0,15,1160.0,,15.0
simu5g_00000584,31,0,16,1128.0,,14.0
simu5g_00000584,31,0,17,1160.0,,15.0
simu5g_00000584,31,0,18,1160.0,,15.0
simu5g_00000584,31,0,19,984.0,,13.0
simu5g_00000584,31,0,20,984.0,,13.0
simu5g_00000584,31,0,21,1160.0,,15.0
simu5g_00000584,31,0,22,1128.0,,14.0
simu5g_00000584,31,0,23,1160.0,,15.0
simu5g_00000584,31,0,24,1160.0,,15.0
simu5g_00000584,4,1,0,1160.0,,15.0
simu5g_00000584,4,1,1,984.0,,13.0
simu5g_00000584,4,1,2,1160.0,,15.0
simu5g_00000584,4,1,3,608.0,,9.0
simu5g_00000584,4,1,4,1128.0,,14.0
simu5g_00000584,4,1,5,1160.0,,15.0
simu5g_00000584,4,1,6,1160.0,,15.0
simu5g_00000584,4,1,7,808.0,,11.0
simu5g_00000584,4,1,8,984.0,,13.0
simu5g_00000584,4,1,9,1128.0,,14.0
simu5g_00000584,4,1,10,1128.0,,14.0
simu5g_00000584,4,1,11,1160.0,,15.0
simu5g_00000584,4,1,12,1160.0,,15.0
simu5g_00000584,4,1,13,1128.0,,14.0
simu5g_00000584,4,1,14,1160.0,,15.0
simu5g_00000584,4,1,15,984.0,,13.0
simu5g_00000584,4,1,16,1128.0,,14.0
simu5g_00000584,4,1,17,1128.0,,14.0
simu5g_00000584,4,1,18,1160.0,,15.0
simu5g_00000584,4,1,19,1160.0,,15.0
simu5g_00000584,4,1,20,1128.0,,14.0
simu5g_00000584,4,1,21,984.0,,13.0
simu5g_00000584,4,1,22,1160.0,,15.0
simu5g_00000584,4,1,23,1160.0,,15.0
simu5g_00000584,4,1,24,1128.0,,14.0
simu5g_00000584,5,2,0,1128.0,,14.0
simu5g_00000584,5,2,1,984.0,,13.0
simu5g_00000584,5,2,2,1128.0,,14.0
simu5g_00000584,5,2,3,984.0,,13.0
simu5g_00000584,5,2,4,1160.0,,15.0
simu5g_00000584,5,2,5,1128.0,,14.0
simu5g_00000584,5,2,6,1128.0,,14.0
simu5g_00000584,5,2,7,1128.0,,14.0
simu5g_00000584,5,2,8,1128.0,,14.0
simu5g_00000584,5,2,9,1160.0,,15.0
simu5g_00000584,5,2,10,1160.0,,15.0
simu5g_00000584,5,2,11,1128.0,,14.0
simu5g_00000584,5,2,12,1128.0,,14.0
simu5g_00000584,5,2,13,984.0,,13.0
simu5g_00000584,5,2,14,888.0,,12.0
simu5g_00000584,5,2,15,984.0,,13.0
simu5g_00000584,5,2,16,528.0,,8.0
simu5g_00000584,5,2,17,1160.0,,15.0
simu5g_00000584,5,2,18,1128.0,,14.0
simu5g_00000584,5,2,19,1128.0,,14.0
simu5g_00000584,5,2,20,984.0,,13.0
simu5g_00000584,5,2,21,808.0,,11.0
simu5g_00000584,5,2,22,1160.0,,15.0
simu5g_00000584,5,2,23,984.0,,13.0
simu5g_00000584,5,2,24,1128.0,,14.0
simu5g_00000584,6,3,0,1160.0,,15.0
simu5g_00000584,6,3,1,1160.0,,15.0
simu5g_00000584,6,3,2,1160.0,,15.0
simu5g_00000584,6,3,3,888.0,,12.0
simu5g_00000584,6,3,4,1160.0,,15.0
simu5g_00000584,6,3,5,1160.0,,15.0
simu5g_00000584,6,3,6,1160.0,,15.0
simu5g_00000584,6,3,7,1160.0,,15.0
simu5g_00000584,6,3,8,1160.0,,15.0
simu5g_00000584,6,3,9,1160.0,,15.0
simu5g_00000584,6,3,10,1160.0,,15.0
simu5g_00000584,6,3,11,1160.0,,15.0
simu5g_00000584,6,3,12,1160.0,,15.0
simu5g_00000584,6,3,13,1160.0,,15.0
simu5g_00000584,6,3,14,1160.0,,15.0
simu5g_00000584,6,3,15,1160.0,,15.0
simu5g_00000584,6,3,16,1128.0,,14.0
simu5g_00000584,6,3,17,1160.0,,15.0
simu5g_00000584,6,3,18,1160.0,,15.0
simu5g_00000584,6,3,19,1160.0,,15.0
simu5g_00000584,6,3,20,1160.0,,15.0
simu5g_00000584,6,3,21,1160.0,,15.0
simu5g_00000584,6,3,22,1160.0,,15.0
simu5g_00000584,6,3,23,1160.0,,15.0
simu5g_00000584,6,3,24,1160.0,,15.0
simu5g_00000584,7,4,0,1128.0,,14.0
simu5g_00000584,7,4,1,1160.0,,15.0
simu5g_00000584,7,4,2,1128.0,,14.0
simu5g_00000584,7,4,3,608.0,,9.0
simu5g_00000584,7,4,4,888.0,,12.0
simu5g_00000584,7,4,5,1160.0,,15.0
simu5g_00000584,7,4,6,984.0,,13.0
simu5g_00000584,7,4,7,1160.0,,15.0
simu5g_00000584,7,4,8,1160.0,,15.0
simu5g_00000584,7,4,9,1128.0,,14.0
simu5g_00000584,7,4,10,1128.0,,14.0
simu5g_00000584,7,4,11,1128.0,,14.0
simu5g_00000584,7,4,12,1160.0,,15.0
simu5g_00000584,7,4,13,1160.0,,15.0
simu5g_00000584,7,4,14,1128.0,,14.0
simu5g_00000584,7,4,15,1160.0,,15.0
simu5g_00000584,7,4,16,1128.0,,14.0
simu5g_00000584,7,4,17,608.0,,9.0
simu5g_00000584,7,4,18,1160.0,,15.0
simu5g_00000584,7,4,19,1128.0,,14.0
simu5g_00000584,7,4,20,984.0,,13.0
simu5g_00000584,7,4,21,1128.0,,14.0
simu5g_00000584,7,4,22,1160.0,,15.0
simu5g_00000584,7,4,23,1160.0,,15.0
simu5g_00000584,7,4,24,1160.0,,15.0
simu5g_00000585,0,0,0,1160.0,,15.0
simu5g_00000585,0,0,1,704.0,,10.0
simu5g_00000585,0,0,2,1160.0,,15.0
simu5g_00000585,0,0,3,1128.0,,14.0
simu5g_00000585,0,0,4,1160.0,,15.0
simu5g_00000585,0,0,5,1128.0,,14.0
simu5g_00000585,0,0,6,1128.0,,14.0
simu5g_00000585,0,0,7,1160.0,,15.0
simu5g_00000585,0,0,8,984.0,,13.0
simu5g_00000585,0,0,9,1160.0,,15.0
simu5g_00000585,0,0,10,1160.0,,15.0
simu5g_00000585,0,0,11,1160.0,,15.0
simu5g_00000585,0,0,12,1160.0,,15.0
simu5g_00000585,0,0,13,1160.0,,15.0
simu5g_00000585,0,0,14,1160.0,,15.0
simu5g_00000585,0,0,15,1160.0,,15.0
simu5g_00000585,0,0,16,1128.0,,14.0
simu5g_00000585,0,0,17,1160.0,,15.0
simu5g_00000585,0,0,18,1160.0,,15.0
simu5g_00000585,0,0,19,1128.0,,14.0
simu5g_00000585,0,0,20,1160.0,,15.0
simu5g_00000585,0,0,21,984.0,,13.0
simu5g_00000585,0,0,22,1160.0,,15.0
simu5g_00000585,0,0,23,1160.0,,15.0
simu5g_00000585,0,0,24,1128.0,,14.0
simu5g_00000585,1,1,0,1160.0,,15.0
simu5g_00000585,1,1,1,1160.0,,15.0
simu5g_00000585,1,1,2,1160.0,,15.0
simu5g_00000585,1,1,3,1160.0,,15.0
simu5g_00000585,1,1,4,1160.0,,15.0
simu5g_00000585,1,1,5,1160.0,,15.0
simu5g_00000585,1,1,6,1160.0,,15.0
simu5g_00000585,1,1,7,984.0,,13.0
simu5g_00000585,1,1,8,984.0,,13.0
simu5g_00000585,1,1,9,1160.0,,15.0
simu5g_00000585,1,1,10,1160.0,,15.0
simu5g_00000585,1,1,11,1160.0,,15.0
simu5g_00000585,1,1,12,1160.0,,15.0
simu5g_00000585,1,1,13,1160.0,,15.0
simu5g_00000585,1,1,14,1160.0,,15.0
simu5g_00000585,1,1,15,1160.0,,15.0
simu5g_00000585,1,1,16,1160.0,,15.0
simu5g_00000585,1,1,17,1160.0,,15.0
simu5g_00000585,1,1,18,1160.0,,15.0
simu5g_00000585,1,1,19,1160.0,,15.0
simu5g_00000585,1,1,20,1160.0,,15.0
simu5g_00000585,1,1,21,888.0,,12.0
simu5g_00000585,1,1,22,1160.0,,15.0
simu5g_00000585,1,1,23,1128.0,,14.0
simu5g_00000585,1,1,24,1160.0,,15.0
simu5g_00000585,15,2,0,1160.0,,15.0
simu5g_00000585,15,2,1,1160.0,,15.0
simu5g_00000585,15,2,2,1160.0,,15.0
simu5g_00000585,15,2,3,1160.0,,15.0
simu5g_00000585,15,2,4,1160.0,,15.0
simu5g_00000585,15,2,5,1160.0,,15.0
simu5g_00000585,15,2,6,1160.0,,15.0
simu5g_00000585,15,2,7,1160.0,,15.0
simu5g_00000585,15,2,8,1160.0,,15.0
simu5g_00000585,15,2,9,1160.0,,15.0
simu5g_00000585,15,2,10,1160.0,,15.0
simu5g_00000585,15,2,11,1160.0,,15.0
simu5g_00000585,15,2,12,1160.0,,15.0
simu5g_00000585,15,2,13,1160.0,,15.0
simu5g_00000585,15,2,14,1160.0,,15.0
simu5g_00000585,15,2,15,1160.0,,15.0
simu5g_00000585,15,2,16,1160.0,,15.0
simu5g_00000585,15,2,17,1160.0,,15.0
simu5g_00000585,15,2,18,1160.0,,15.0
simu5g_00000585,15,2,19,1160.0,,15.0
simu5g_00000585,15,2,20,1160.0,,15.0
simu5g_00000585,15,2,21,1160.0,,15.0
simu5g_00000585,15,2,22,1160.0,,15.0
simu5g_00000585,15,2,23,1160.0,,15.0
simu5g_00000585,15,2,24,1160.0,,15.0
simu5g_00000585,2,3,0,1128.0,,14.0
simu5g_00000585,2,3,1,1160.0,,15.0
simu5g_00000585,2,3,2,1128.0,,14.0
simu5g_00000585,2,3,3,1160.0,,15.0
simu5g_00000585,2,3,4,1128.0,,14.0
simu5g_00000585,2,3,5,1128.0,,14.0
simu5g_00000585,2,3,6,1160.0,,15.0
simu5g_00000585,2,3,7,808.0,,11.0
simu5g_00000585,2,3,8,1160.0,,15.0
simu5g_00000585,2,3,9,1160.0,,15.0
simu5g_00000585,2,3,10,1160.0,,15.0
simu5g_00000585,2,3,11,984.0,,13.0
simu5g_00000585,2,3,12,1128.0,,14.0
simu5g_00000585,2,3,13,1160.0,,15.0
simu5g_00000585,2,3,14,1160.0,,15.0
simu5g_00000585,2,3,15,1160.0,,15.0
simu5g_00000585,2,3,16,984.0,,13.0
simu5g_00000585,2,3,17,1128.0,,14.0
simu5g_00000585,2,3,18,1128.0,,14.0
simu5g_00000585,2,3,19,1160.0,,15.0
simu5g_00000585,2,3,20,1160.0,,15.0
simu5g_00000585,2,3,21,1128.0,,14.0
simu5g_00000585,2,3,22,1128.0,,14.0
simu5g_00000585,2,3,23,1160.0,,15.0
simu5g_00000585,2,3,24,984.0,,13.0
simu5g_00000585,3,4,0,984.0,,13.0
simu5g_00000585,3,4,1,1160.0,,15.0
simu5g_00000585,3,4,2,984.0,,13.0
simu5g_00000585,3,4,3,1128.0,,14.0
simu5g_00000585,3,4,4,1160.0,,15.0
simu5g_00000585,3,4,5,1128.0,,14.0
simu5g_00000585,3,4,6,1128.0,,14.0
simu5g_00000585,3,4,7,1128.0,,14.0
simu5g_00000585,3,4,8,608.0,,9.0
simu5g_00000585,3,4,9,608.0,,9.0
simu5g_00000585,3,4,10,1128.0,,14.0
simu5g_00000585,3,4,11,984.0,,13.0
simu5g_00000585,3,4,12,1128.0,,14.0
simu5g_00000585,3,4,13,1128.0,,14.0
simu5g_00000585,3,4,14,1160.0,,15.0
simu5g_00000585,3,4,15,1128.0,,14.0
simu5g_00000585,3,4,16,1128.0,,14.0
simu5g_00000585,3,4,17,1128.0,,14.0
simu5g_00000585,3,4,18,1128.0,,14.0
simu5g_00000585,3,4,19,1128.0,,14.0
simu5g_00000585,3,4,20,1128.0,,14.0
simu5g_00000585,3,4,21,984.0,,13.0
simu5g_00000585,3,4,22,984.0,,13.0
simu5g_00000585,3,4,23,1128.0,,14.0
simu5g_00000585,3,4,24,984.0,,13.0
simu5g_00000586,31,0,0,984.0,,13.0
simu5g_00000586,31,0,1,984.0,,13.0
simu5g_00000586,31,0,2,1160.0,,15.0
simu5g_00000586,31,0,3,1128.0,,14.0
simu5g_00000586,31,0,4,1160.0,,15.0
simu5g_00000586,31,0,5,1128.0,,14.0
simu5g_00000586,31,0,6,1160.0,,15.0
simu5g_00000586,31,0,7,1128.0,,14.0
simu5g_00000586,31,0,8,1160.0,,15.0
simu5g_00000586,31,0,9,1160.0,,15.0
simu5g_00000586,31,0,10,1128.0,,14.0
simu5g_00000586,31,0,11,1128.0,,14.0
simu5g_00000586,31,0,12,528.0,,8.0
simu5g_00000586,31,0,13,1128.0,,14.0
simu5g_00000586,31,0,14,1160.0,,15.0
simu5g_00000586,31,0,15,1160.0,,15.0
simu5g_00000586,31,0,16,1128.0,,14.0
simu5g_00000586,31,0,17,1160.0,,15.0
simu5g_00000586,31,0,18,1160.0,,15.0
simu5g_00000586,31,0,19,1128.0,,14.0
simu5g_00000586,31,0,20,984.0,,13.0
simu5g_00000586,31,0,21,1160.0,,15.0
simu5g_00000586,31,0,22,1128.0,,14.0
simu5g_00000586,31,0,23,1160.0,,15.0
simu5g_00000586,31,0,24,1160.0,,15.0
simu5g_00000586,4,1,0,1160.0,,15.0
simu5g_00000586,4,1,1,984.0,,13.0
simu5g_00000586,4,1,2,1160.0,,15.0
simu5g_00000586,4,1,3,608.0,,9.0
simu5g_00000586,4,1,4,1128.0,,14.0
simu5g_00000586,4,1,5,1160.0,,15.0
simu5g_00000586,4,1,6,1160.0,,15.0
simu5g_00000586,4,1,7,808.0,,11.0
simu5g_00000586,4,1,8,984.0,,13.0
simu5g_00000586,4,1,9,1128.0,,14.0
simu5g_00000586,4,1,10,1128.0,,14.0
simu5g_00000586,4,1,11,1160.0,,15.0
simu5g_00000586,4,1,12,1160.0,,15.0
simu5g_00000586,4,1,13,1128.0,,14.0
simu5g_00000586,4,1,14,1160.0,,15.0
simu5g_00000586,4,1,15,984.0,,13.0
simu5g_00000586,4,1,16,1128.0,,14.0
simu5g_00000586,4,1,17,1128.0,,14.0
simu5g_00000586,4,1,18,1160.0,,15.0
simu5g_00000586,4,1,19,1160.0,,15.0
simu5g_00000586,4,1,20,1128.0,,14.0
simu5g_00000586,4,1,21,984.0,,13.0
simu5g_00000586,4,1,22,1160.0,,15.0
simu5g_00000586,4,1,23,1160.0,,15.0
simu5g_00000586,4,1,24,1128.0,,14.0
simu5g_00000586,5,2,0,1128.0,,14.0
simu5g_00000586,5,2,1,984.0,,13.0
simu5g_00000586,5,2,2,1128.0,,14.0
simu5g_00000586,5,2,3,984.0,,13.0
simu5g_00000586,5,2,4,1160.0,,15.0
simu5g_00000586,5,2,5,1128.0,,14.0
simu5g_00000586,5,2,6,1128.0,,14.0
simu5g_00000586,5,2,7,1128.0,,14.0
simu5g_00000586,5,2,8,1128.0,,14.0
simu5g_00000586,5,2,9,1160.0,,15.0
simu5g_00000586,5,2,10,1160.0,,15.0
simu5g_00000586,5,2,11,1128.0,,14.0
simu5g_00000586,5,2,12,1128.0,,14.0
simu5g_00000586,5,2,13,984.0,,13.0
simu5g_00000586,5,2,14,888.0,,12.0
simu5g_00000586,5,2,15,984.0,,13.0
simu5g_00000586,5,2,16,528.0,,8.0
simu5g_00000586,5,2,17,1160.0,,15.0
simu5g_00000586,5,2,18,1128.0,,14.0
simu5g_00000586,5,2,19,1128.0,,14.0
simu5g_00000586,5,2,20,984.0,,13.0
simu5g_00000586,5,2,21,808.0,,11.0
simu5g_00000586,5,2,22,1160.0,,15.0
simu5g_00000586,5,2,23,984.0,,13.0
simu5g_00000586,5,2,24,1128.0,,14.0
simu5g_00000586,6,3,0,1160.0,,15.0
simu5g_00000586,6,3,1,1160.0,,15.0
simu5g_00000586,6,3,2,1160.0,,15.0
simu5g_00000586,6,3,3,888.0,,12.0
simu5g_00000586,6,3,4,1160.0,,15.0
simu5g_00000586,6,3,5,1160.0,,15.0
simu5g_00000586,6,3,6,1160.0,,15.0
simu5g_00000586,6,3,7,1160.0,,15.0
simu5g_00000586,6,3,8,1160.0,,15.0
simu5g_00000586,6,3,9,1160.0,,15.0
simu5g_00000586,6,3,10,1160.0,,15.0
simu5g_00000586,6,3,11,1160.0,,15.0
simu5g_00000586,6,3,12,1160.0,,15.0
simu5g_00000586,6,3,13,1160.0,,15.0
simu5g_00000586,6,3,14,1160.0,,15.0
simu5g_00000586,6,3,15,1160.0,,15.0
simu5g_00000586,6,3,16,1128.0,,14.0
simu5g_00000586,6,3,17,1160.0,,15.0
simu5g_00000586,6,3,18,1160.0,,15.0
simu5g_00000586,6,3,19,1160.0,,15.0
simu5g_00000586,6,3,20,1160.0,,15.0
simu5g_00000586,6,3,21,1160.0,,15.0
simu5g_00000586,6,3,22,1160.0,,15.0
simu5g_00000586,6,3,23,1160.0,,15.0
simu5g_00000586,6,3,24,1160.0,,15.0
simu5g_00000586,7,4,0,1128.0,,14.0
simu5g_00000586,7,4,1,1160.0,,15.0
simu5g_00000586,7,4,2,1128.0,,14.0
simu5g_00000586,7,4,3,608.0,,9.0
simu5g_00000586,7,4,4,888.0,,12.0
simu5g_00000586,7,4,5,1160.0,,15.0
simu5g_00000586,7,4,6,984.0,,13.0
simu5g_00000586,7,4,7,1160.0,,15.0
simu5g_00000586,7,4,8,1160.0,,15.0
simu5g_00000586,7,4,9,1128.0,,14.0
simu5g_00000586,7,4,10,1128.0,,14.0
simu5g_00000586,7,4,11,1128.0,,14.0
simu5g_00000586,7,4,12,1160.0,,15.0
simu5g_00000586,7,4,13,1160.0,,15.0
simu5g_00000586,7,4,14,1128.0,,14.0
simu5g_00000586,7,4,15,1160.0,,15.0
simu5g_00000586,7,4,16,1128.0,,14.0
simu5g_00000586,7,4,17,608.0,,9.0
simu5g_00000586,7,4,18,1160.0,,15.0
simu5g_00000586,7,4,19,1128.0,,14.0
simu5g_00000586,7,4,20,984.0,,13.0
simu5g_00000586,7,4,21,1128.0,,14.0
simu5g_00000586,7,4,22,1160.0,,15.0
simu5g_00000586,7,4,23,1160.0,,15.0
simu5g_00000586,7,4,24,1160.0,,15.0
simu5g_00000587,0,0,0,1160.0,,15.0
simu5g_00000587,0,0,1,704.0,,10.0
simu5g_00000587,0,0,2,1160.0,,15.0
simu5g_00000587,0,0,3,1128.0,,14.0
simu5g_00000587,0,0,4,1160.0,,15.0
simu5g_00000587,0,0,5,1128.0,,14.0
simu5g_00000587,0,0,6,1128.0,,14.0
simu5g_00000587,0,0,7,1160.0,,15.0
simu5g_00000587,0,0,8,984.0,,13.0
simu5g_00000587,0,0,9,1160.0,,15.0
simu5g_00000587,0,0,10,1160.0,,15.0
simu5g_00000587,0,0,11,1160.0,,15.0
simu5g_00000587,0,0,12,1160.0,,15.0
simu5g_00000587,0,0,13,1160.0,,15.0
simu5g_00000587,0,0,14,1160.0,,15.0
simu5g_00000587,0,0,15,1160.0,,15.0
simu5g_00000587,0,0,16,1128.0,,14.0
simu5g_00000587,0,0,17,1160.0,,15.0
simu5g_00000587,0,0,18,1160.0,,15.0
simu5g_00000587,0,0,19,1128.0,,14.0
simu5g_00000587,0,0,20,1160.0,,15.0
simu5g_00000587,0,0,21,984.0,,13.0
simu5g_00000587,0,0,22,1160.0,,15.0
simu5g_00000587,0,0,23,1160.0,,15.0
simu5g_00000587,0,0,24,1128.0,,14.0
simu5g_00000587,1,1,0,1160.0,,15.0
simu5g_00000587,1,1,1,1160.0,,15.0
simu5g_00000587,1,1,2,1160.0,,15.0
simu5g_00000587,1,1,3,1160.0,,15.0
simu5g_00000587,1,1,4,1160.0,,15.0
simu5g_00000587,1,1,5,1160.0,,15.0
simu5g_00000587,1,1,6,1160.0,,15.0
simu5g_00000587,1,1,7,1128.0,,14.0
simu5g_00000587,1,1,8,984.0,,13.0
simu5g_00000587,1,1,9,1160.0,,15.0
simu5g_00000587,1,1,10,1160.0,,15.0
simu5g_00000587,1,1,11,1160.0,,15.0
simu5g_00000587,1,1,12,1160.0,,15.0
simu5g_00000587,1,1,13,1160.0,,15.0
simu5g_00000587,1,1,14,1160.0,,15.0
simu5g_00000587,1,1,15,1160.0,,15.0
simu5g_00000587,1,1,16,1160.0,,15.0
simu5g_00000587,1,1,17,1160.0,,15.0
simu5g_00000587,1,1,18,1160.0,,15.0
simu5g_00000587,1,1,19,1160.0,,15.0
simu5g_00000587,1,1,20,1160.0,,15.0
simu5g_00000587,1,1,21,888.0,,12.0
simu5g_00000587,1,1,22,1160.0,,15.0
simu5g_00000587,1,1,23,1128.0,,14.0
simu5g_00000587,1,1,24,1160.0,,15.0
simu5g_00000587,15,2,0,1160.0,,15.0
simu5g_00000587,15,2,1,1160.0,,15.0
simu5g_00000587,15,2,2,1160.0,,15.0
simu5g_00000587,15,2,3,1160.0,,15.0
simu5g_00000587,15,2,4,1160.0,,15.0
simu5g_00000587,15,2,5,1160.0,,15.0
simu5g_00000587,15,2,6,1160.0,,15.0
simu5g_00000587,15,2,7,1160.0,,15.0
simu5g_00000587,15,2,8,1160.0,,15.0
simu5g_00000587,15,2,9,1160.0,,15.0
simu5g_00000587,15,2,10,1160.0,,15.0
simu5g_00000587,15,2,11,1160.0,,15.0
simu5g_00000587,15,2,12,1160.0,,15.0
simu5g_00000587,15,2,13,1160.0,,15.0
simu5g_00000587,15,2,14,1160.0,,15.0
simu5g_00000587,15,2,15,1160.0,,15.0
simu5g_00000587,15,2,16,1160.0,,15.0
simu5g_00000587,15,2,17,1160.0,,15.0
simu5g_00000587,15,2,18,1160.0,,15.0
simu5g_00000587,15,2,19,1160.0,,15.0
simu5g_00000587,15,2,20,1160.0,,15.0
simu5g_00000587,15,2,21,1160.0,,15.0
simu5g_00000587,15,2,22,1160.0,,15.0
simu5g_00000587,15,2,23,1160.0,,15.0
simu5g_00000587,15,2,24,1160.0,,15.0
simu5g_00000587,2,3,0,1160.0,,15.0
simu5g_00000587,2,3,1,1160.0,,15.0
simu5g_00000587,2,3,2,1160.0,,15.0
simu5g_00000587,2,3,3,1160.0,,15.0
simu5g_00000587,2,3,4,1160.0,,15.0
simu5g_00000587,2,3,5,1160.0,,15.0
simu5g_00000587,2,3,6,1160.0,,15.0
simu5g_00000587,2,3,7,984.0,,13.0
simu5g_00000587,2,3,8,1160.0,,15.0
simu5g_00000587,2,3,9,1160.0,,15.0
simu5g_00000587,2,3,10,1160.0,,15.0
simu5g_00000587,2,3,11,1128.0,,14.0
simu5g_00000587,2,3,12,1160.0,,15.0
simu5g_00000587,2,3,13,1160.0,,15.0
simu5g_00000587,2,3,14,1160.0,,15.0
simu5g_00000587,2,3,15,1160.0,,15.0
simu5g_00000587,2,3,16,1128.0,,14.0
simu5g_00000587,2,3,17,1160.0,,15.0
simu5g_00000587,2,3,18,1160.0,,15.0
simu5g_00000587,2,3,19,1160.0,,15.0
simu5g_00000587,2,3,20,1160.0,,15.0
simu5g_00000587,2,3,21,1160.0,,15.0
simu5g_00000587,2,3,22,1160.0,,15.0
simu5g_00000587,2,3,23,1160.0,,15.0
simu5g_00000587,2,3,24,1128.0,,14.0
simu5g_00000587,3,4,0,1160.0,,15.0
simu5g_00000587,3,4,1,1160.0,,15.0
simu5g_00000587,3,4,2,1160.0,,15.0
simu5g_00000587,3,4,3,1160.0,,15.0
simu5g_00000587,3,4,4,1160.0,,15.0
simu5g_00000587,3,4,5,1160.0,,15.0
simu5g_00000587,3,4,6,1160.0,,15.0
simu5g_00000587,3,4,7,1160.0,,15.0
simu5g_00000587,3,4,8,984.0,,13.0
simu5g_00000587,3,4,9,984.0,,13.0
simu5g_00000587,3,4,10,1160.0,,15.0
simu5g_00000587,3,4,11,1160.0,,15.0
simu5g_00000587,3,4,12,1160.0,,15.0
simu5g_00000587,3,4,13,1160.0,,15.0
simu5g_00000587,3,4,14,1160.0,,15.0
simu5g_00000587,3,4,15,1160.0,,15.0
simu5g_00000587,3,4,16,1160.0,,15.0
simu5g_00000587,3,4,17,1160.0,,15.0
simu5g_00000587,3,4,18,1160.0,,15.0
simu5g_00000587,3,4,19,1160.0,,15.0
simu5g_00000587,3,4,20,1160.0,,15.0
simu5g_00000587,3,4,21,1160.0,,15.0
simu5g_00000587,3,4,22,1128.0,,14.0
simu5g_00000587,3,4,23,1160.0,,15.0
simu5g_00000587,3,4,24,1128.0,,14.0
simu5g_00000588,31,0,0,888.0,,12.0
simu5g_00000588,31,0,1,808.0,,11.0
simu5g_00000588,31,0,2,1128.0,,14.0
simu5g_00000588,31,0,3,1128.0,,14.0
simu5g_00000588,31,0,4,1128.0,,14.0
simu5g_00000588,31,0,5,984.0,,13.0
simu5g_00000588,31,0,6,1128.0,,14.0
simu5g_00000588,31,0,7,984.0,,13.0
simu5g_00000588,31,0,8,1160.0,,15.0
simu5g_00000588,31,0,9,1160.0,,15.0
simu5g_00000588,31,0,10,1128.0,,14.0
simu5g_00000588,31,0,11,984.0,,13.0
simu5g_00000588,31,0,12,368.0,,6.0
simu5g_00000588,31,0,13,1128.0,,14.0
simu5g_00000588,31,0,14,1160.0,,15.0
simu5g_00000588,31,0,15,1160.0,,15.0
simu5g_00000588,31,0,16,984.0,,13.0
simu5g_00000588,31,0,17,1160.0,,15.0
simu5g_00000588,31,0,18,1160.0,,15.0
simu5g_00000588,31,0,19,984.0,,13.0
simu5g_00000588,31,0,20,888.0,,12.0
simu5g_00000588,31,0,21,1128.0,,14.0
simu5g_00000588,31,0,22,984.0,,13.0
simu5g_00000588,31,0,23,1160.0,,15.0
simu5g_00000588,31,0,24,1160.0,,15.0
simu5g_00000588,4,1,0,1160.0,,15.0
simu5g_00000588,4,1,1,984.0,,13.0
simu5g_00000588,4,1,2,1160.0,,15.0
simu5g_00000588,4,1,3,608.0,,9.0
simu5g_00000588,4,1,4,1128.0,,14.0
simu5g_00000588,4,1,5,1160.0,,15.0
simu5g_00000588,4,1,6,1160.0,,15.0
simu5g_00000588,4,1,7,808.0,,11.0
simu5g_00000588,4,1,8,984.0,,13.0
simu5g_00000588,4,1,9,1128.0,,14.0
simu5g_00000588,4,1,10,1128.0,,14.0
simu5g_00000588,4,1,11,1160.0,,15.0
simu5g_00000588,4,1,12,1160.0,,15.0
simu5g_00000588,4,1,13,1128.0,,14.0
simu5g_00000588,4,1,14,1160.0,,15.0
simu5g_00000588,4,1,15,984.0,,13.0
simu5g_00000588,4,1,16,1128.0,,14.0
simu5g_00000588,4,1,17,1128.0,,14.0
simu5g_00000588,4,1,18,1160.0,,15.0
simu5g_00000588,4,1,19,1160.0,,15.0
simu5g_00000588,4,1,20,1128.0,,14.0
simu5g_00000588,4,1,21,984.0,,13.0
simu5g_00000588,4,1,22,1160.0,,15.0
simu5g_00000588,4,1,23,1160.0,,15.0
simu5g_00000588,4,1,24,1128.0,,14.0
simu5g_00000588,5,2,0,1160.0,,15.0
simu5g_00000588,5,2,1,1128.0,,14.0
simu5g_00000588,5,2,2,1160.0,,15.0
simu5g_00000588,5,2,3,1128.0,,14.0
simu5g_00000588,5,2,4,1160.0,,15.0
simu5g_00000588,5,2,5,1128.0,,14.0
simu5g_00000588,5,2,6,1160.0,,15.0
simu5g_00000588,5,2,7,1128.0,,14.0
simu5g_00000588,5,2,8,1128.0,,14.0
simu5g_00000588,5,2,9,1160.0,,15.0
simu5g_00000588,5,2,10,1160.0,,15.0
simu5g_00000588,5,2,11,1160.0,,15.0
simu5g_00000588,5,2,12,1160.0,,15.0
simu5g_00000588,5,2,13,1128.0,,14.0
simu5g_00000588,5,2,14,984.0,,13.0
simu5g_00000588,5,2,15,1128.0,,14.0
simu5g_00000588,5,2,16,608.0,,9.0
simu5g_00000588,5,2,17,1160.0,,15.0
simu5g_00000588,5,2,18,1160.0,,15.0
simu5g_00000588,5,2,19,1160.0,,15.0
simu5g_00000588,5,2,20,1128.0,,14.0
simu5g_00000588,5,2,21,984.0,,13.0
simu5g_00000588,5,2,22,1160.0,,15.0
simu5g_00000588,5,2,23,1128.0,,14.0
simu5g_00000588,5,2,24,1128.0,,14.0
simu5g_00000588,6,3,0,1160.0,,15.0
simu5g_00000588,6,3,1,1160.0,,15.0
simu5g_00000588,6,3,2,1160.0,,15.0
simu5g_00000588,6,3,3,888.0,,12.0
simu5g_00000588,6,3,4,1160.0,,15.0
simu5g_00000588,6,3,5,1160.0,,15.0
simu5g_00000588,6,3,6,1160.0,,15.0
simu5g_00000588,6,3,7,1160.0,,15.0
simu5g_00000588,6,3,8,1160.0,,15.0
simu5g_00000588,6,3,9,1160.0,,15.0
simu5g_00000588,6,3,10,1160.0,,15.0
simu5g_00000588,6,3,11,1160.0,,15.0
simu5g_00000588,6,3,12,1160.0,,15.0
simu5g_00000588,6,3,13,1160.0,,15.0
simu5g_00000588,6,3,14,1160.0,,15.0
simu5g_00000588,6,3,15,1160.0,,15.0
simu5g_00000588,6,3,16,1128.0,,14.0
simu5g_00000588,6,3,17,1160.0,,15.0
simu5g_00000588,6,3,18,1160.0,,15.0
simu5g_00000588,6,3,19,1160.0,,15.0
simu5g_00000588,6,3,20,1160.0,,15.0
simu5g_00000588,6,3,21,1160.0,,15.0
simu5g_00000588,6,3,22,1160.0,,15.0
simu5g_00000588,6,3,23,1160.0,,15.0
simu5g_00000588,6,3,24,1160.0,,15.0
simu5g_00000588,7,4,0,1128.0,,14.0
simu5g_00000588,7,4,1,1160.0,,15.0
simu5g_00000588,7,4,2,1128.0,,14.0
simu5g_00000588,7,4,3,608.0,,9.0
simu5g_00000588,7,4,4,888.0,,12.0
simu5g_00000588,7,4,5,1160.0,,15.0
simu5g_00000588,7,4,6,984.0,,13.0
simu5g_00000588,7,4,7,1160.0,,15.0
simu5g_00000588,7,4,8,1160.0,,15.0
simu5g_00000588,7,4,9,1128.0,,14.0
simu5g_00000588,7,4,10,1128.0,,14.0
simu5g_00000588,7,4,11,1128.0,,14.0
simu5g_00000588,7,4,12,1160.0,,15.0
simu5g_00000588,7,4,13,1160.0,,15.0
simu5g_00000588,7,4,14,1128.0,,14.0
simu5g_00000588,7,4,15,1160.0,,15.0
simu5g_00000588,7,4,16,1128.0,,14.0
simu5g_00000588,7,4,17,608.0,,9.0
simu5g_00000588,7,4,18,1160.0,,15.0
simu5g_00000588,7,4,19,1128.0,,14.0
simu5g_00000588,7,4,20,984.0,,13.0
simu5g_00000588,7,4,21,1128.0,,14.0
simu5g_00000588,7,4,22,1160.0,,15.0
simu5g_00000588,7,4,23,1160.0,,15.0
simu5g_00000588,7,4,24,1160.0,,15.0
simu5g_00000589,0,0,0,1160.0,,15.0
simu5g_00000589,0,0,1,808.0,,11.0
simu5g_00000589,0,0,2,1160.0,,15.0
simu5g_00000589,0,0,3,1128.0,,14.0
simu5g_00000589,0,0,4,1160.0,,15.0
simu5g_00000589,0,0,5,1128.0,,14.0
simu5g_00000589,0,0,6,1160.0,,15.0
simu5g_00000589,0,0,7,1160.0,,15.0
simu5g_00000589,0,0,8,984.0,,13.0
simu5g_00000589,0,0,9,1160.0,,15.0
simu5g_00000589,0,0,10,1160.0,,15.0
simu5g_00000589,0,0,11,1160.0,,15.0
simu5g_00000589,0,0,12,1160.0,,15.0
simu5g_00000589,0,0,13,1160.0,,15.0
simu5g_00000589,0,0,14,1160.0,,15.0
simu5g_00000589,0,0,15,1160.0,,15.0
simu5g_00000589,0,0,16,1160.0,,15.0
simu5g_00000589,0,0,17,1160.0,,15.0
simu5g_00000589,0,0,18,1160.0,,15.0
simu5g_00000589,0,0,19,1160.0,,15.0
simu5g_00000589,0,0,20,1160.0,,15.0
simu5g_00000589,0,0,21,1128.0,,14.0
simu5g_00000589,0,0,22,1160.0,,15.0
simu5g_00000589,0,0,23,1160.0,,15.0
simu5g_00000589,0,0,24,1128.0,,14.0
simu5g_00000589,1,1,0,1128.0,,14.0
simu5g_00000589,1,1,1,984.0,,13.0
simu5g_00000589,1,1,2,984.0,,13.0
simu5g_00000589,1,1,3,1128.0,,14.0
simu5g_00000589,1,1,4,984.0,,13.0
simu5g_00000589,1,1,5,1128.0,,14.0
simu5g_00000589,1,1,6,984.0,,13.0
simu5g_00000589,1,1,7,608.0,,9.0
simu5g_00000589,1,1,8,608.0,,9.0
simu5g_00000589,1,1,9,1128.0,,14.0
simu5g_00000589,1,1,10,984.0,,13.0
simu5g_00000589,1,1,11,984.0,,13.0
simu5g_00000589,1,1,12,984.0,,13.0
simu5g_00000589,1,1,13,1128.0,,14.0
simu5g_00000589,1,1,14,1128.0,,14.0
simu5g_00000589,1,1,15,1128.0,,14.0
simu5g_00000589,1,1,16,984.0,,13.0
simu5g_00000589,1,1,17,984.0,,13.0
simu5g_00000589,1,1,18,984.0,,13.0
simu5g_00000589,1,1,19,1128.0,,14.0
simu5g_00000589,1,1,20,1128.0,,14.0
simu5g_00000589,1,1,21,528.0,,8.0
simu5g_00000589,1,1,22,1128.0,,14.0
simu5g_00000589,1,1,23,888.0,,12.0
simu5g_00000589,1,1,24,984.0,,13.0
simu5g_00000589,15,2,0,1160.0,,15.0
simu5g_00000589,15,2,1,1160.0,,15.0
simu5g_00000589,15,2,2,1160.0,,15.0
simu5g_00000589,15,2,3,1160.0,,15.0
simu5g_00000589,15,2,4,1160.0,,15.0
simu5g_00000589,15,2,5,1160.0,,15.0
simu5g_00000589,15,2,6,1160.0,,15.0
simu5g_00000589,15,2,7,1160.0,,15.0
simu5g_00000589,15,2,8,1160.0,,15.0
simu5g_00000589,15,2,9,1160.0,,15.0
simu5g_00000589,15,2,10,1160.0,,15.0
simu5g_00000589,15,2,11,1160.0,,15.0
simu5g_00000589,15,2,12,1160.0,,15.0
simu5g_00000589,15,2,13,1160.0,,15.0
simu5g_00000589,15,2,14,1160.0,,15.0
simu5g_00000589,15,2,15,1160.0,,15.0
simu5g_00000589,15,2,16,1160.0,,15.0
simu5g_00000589,15,2,17,1160.0,,15.0
simu5g_00000589,15,2,18,1160.0,,15.0
simu5g_00000589,15,2,19,1160.0,,15.0
simu5g_00000589,15,2,20,1160.0,,15.0
simu5g_00000589,15,2,21,1160.0,,15.0
simu5g_00000589,15,2,22,1160.0,,15.0
simu5g_00000589,15,2,23,1160.0,,15.0
simu5g_00000589,15,2,24,1160.0,,15.0
simu5g_00000589,2,3,0,1160.0,,15.0
simu5g_00000589,2,3,1,1160.0,,15.0
simu5g_00000589,2,3,2,1160.0,,15.0
simu5g_00000589,2,3,3,1160.0,,15.0
simu5g_00000589,2,3,4,1160.0,,15.0
simu5g_00000589,2,3,5,1160.0,,15.0
simu5g_00000589,2,3,6,1160.0,,15.0
simu5g_00000589,2,3,7,984.0,,13.0
simu5g_00000589,2,3,8,1160.0,,15.0
simu5g_00000589,2,3,9,1160.0,,15.0
simu5g_00000589,2,3,10,1160.0,,15.0
simu5g_00000589,2,3,11,1128.0,,14.0
simu5g_00000589,2,3,12,1160.0,,15.0
simu5g_00000589,2,3,13,1160.0,,15.0
simu5g_00000589,2,3,14,1160.0,,15.0
simu5g_00000589,2,3,15,1160.0,,15.0
simu5g_00000589,2,3,16,1128.0,,14.0
simu5g_00000589,2,3,17,1160.0,,15.0
simu5g_00000589,2,3,18,1160.0,,15.0
simu5g_00000589,2,3,19,1160.0,,15.0
simu5g_00000589,2,3,20,1160.0,,15.0
simu5g_00000589,2,3,21,1160.0,,15.0
simu5g_00000589,2,3,22,1160.0,,15.0
simu5g_00000589,2,3,23,1160.0,,15.0
simu5g_00000589,2,3,24,1160.0,,15.0
simu5g_00000589,3,4,0,1160.0,,15.0
simu5g_00000589,3,4,1,1160.0,,15.0
simu5g_00000589,3,4,2,1160.0,,15.0
simu5g_00000589,3,4,3,1160.0,,15.0
simu5g_00000589,3,4,4,1160.0,,15.0
simu5g_00000589,3,4,5,1160.0,,15.0
simu5g_00000589,3,4,6,1160.0,,15.0
simu5g_00000589,3,4,7,1160.0,,15.0
simu5g_00000589,3,4,8,984.0,,13.0
simu5g_00000589,3,4,9,984.0,,13.0
simu5g_00000589,3,4,10,1160.0,,15.0
simu5g_00000589,3,4,11,1160.0,,15.0
simu5g_00000589,3,4,12,1160.0,,15.0
simu5g_00000589,3,4,13,1160.0,,15.0
simu5g_00000589,3,4,14,1160.0,,15.0
simu5g_00000589,3,4,15,1160.0,,15.0
simu5g_00000589,3,4,16,1160.0,,15.0
simu5g_00000589,3,4,17,1160.0,,15.0
simu5g_00000589,3,4,18,1160.0,,15.0
simu5g_00000589,3,4,19,1160.0,,15.0
simu5g_00000589,3,4,20,1160.0,,15.0
simu5g_00000589,3,4,21,1160.0,,15.0
simu5g_00000589,3,4,22,1128.0,,14.0
simu5g_00000589,3,4,23,1160.0,,15.0
simu5g_00000589,3,4,24,1128.0,,14.0
simu5g_00000590,31,0,0,888.0,,12.0
simu5g_00000590,31,0,1,808.0,,11.0
simu5g_00000590,31,0,2,1128.0,,14.0
simu5g_00000590,31,0,3,1128.0,,14.0
simu5g_00000590,31,0,4,1128.0,,14.0
simu5g_00000590,31,0,5,984.0,,13.0
simu5g_00000590,31,0,6,1128.0,,14.0
simu5g_00000590,31,0,7,984.0,,13.0
simu5g_00000590,31,0,8,1160.0,,15.0
simu5g_00000590,31,0,9,1160.0,,15.0
simu5g_00000590,31,0,10,1128.0,,14.0
simu5g_00000590,31,0,11,984.0,,13.0
simu5g_00000590,31,0,12,432.0,,7.0
simu5g_00000590,31,0,13,1128.0,,14.0
simu5g_00000590,31,0,14,1160.0,,15.0
simu5g_00000590,31,0,15,1160.0,,15.0
simu5g_00000590,31,0,16,984.0,,13.0
simu5g_00000590,31,0,17,1160.0,,15.0
simu5g_00000590,31,0,18,1160.0,,15.0
simu5g_00000590,31,0,19,984.0,,13.0
simu5g_00000590,31,0,20,888.0,,12.0
simu5g_00000590,31,0,21,1128.0,,14.0
simu5g_00000590,31,0,22,984.0,,13.0
simu5g_00000590,31,0,23,1160.0,,15.0
simu5g_00000590,31,0,24,1160.0,,15.0
simu5g_00000590,4,1,0,1160.0,,15.0
simu5g_00000590,4,1,1,984.0,,13.0
simu5g_00000590,4,1,2,1160.0,,15.0
simu5g_00000590,4,1,3,608.0,,9.0
simu5g_00000590,4,1,4,1128.0,,14.0
simu5g_00000590,4,1,5,1160.0,,15.0
simu5g_00000590,4,1,6,1160.0,,15.0
simu5g_00000590,4,1,7,808.0,,11.0
simu5g_00000590,4,1,8,984.0,,13.0
simu5g_00000590,4,1,9,1128.0,,14.0
simu5g_00000590,4,1,10,1128.0,,14.0
simu5g_00000590,4,1,11,1160.0,,15.0
simu5g_00000590,4,1,12,1160.0,,15.0
simu5g_00000590,4,1,13,1128.0,,14.0
simu5g_00000590,4,1,14,1160.0,,15.0
simu5g_00000590,4,1,15,984.0,,13.0
simu5g_00000590,4,1,16,1128.0,,14.0
simu5g_00000590,4,1,17,1128.0,,14.0
simu5g_00000590,4,1,18,1160.0,,15.0
simu5g_00000590,4,1,19,1160.0,,15.0
simu5g_00000590,4,1,20,1128.0,,14.0
simu5g_00000590,4,1,21,984.0,,13.0
simu5g_00000590,4,1,22,1160.0,,15.0
simu5g_00000590,4,1,23,1160.0,,15.0
simu5g_00000590,4,1,24,1128.0,,14.0
simu5g_00000590,5,2,0,1160.0,,15.0
simu5g_00000590,5,2,1,1128.0,,14.0
simu5g_00000590,5,2,2,1160.0,,15.0
simu5g_00000590,5,2,3,1128.0,,14.0
simu5g_00000590,5,2,4,1160.0,,15.0
simu5g_00000590,5,2,5,1128.0,,14.0
simu5g_00000590,5,2,6,1160.0,,15.0
simu5g_00000590,5,2,7,1128.0,,14.0
simu5g_00000590,5,2,8,1128.0,,14.0
simu5g_00000590,5,2,9,1160.0,,15.0
simu5g_00000590,5,2,10,1160.0,,15.0
simu5g_00000590,5,2,11,1160.0,,15.0
simu5g_00000590,5,2,12,1160.0,,15.0
simu5g_00000590,5,2,13,1128.0,,14.0
simu5g_00000590,5,2,14,984.0,,13.0
simu5g_00000590,5,2,15,1128.0,,14.0
simu5g_00000590,5,2,16,608.0,,9.0
simu5g_00000590,5,2,17,1160.0,,15.0
simu5g_00000590,5,2,18,1160.0,,15.0
simu5g_00000590,5,2,19,1160.0,,15.0
simu5g_00000590,5,2,20,1128.0,,14.0
simu5g_00000590,5,2,21,984.0,,13.0
simu5g_00000590,5,2,22,1160.0,,15.0
simu5g_00000590,5,2,23,1128.0,,14.0
simu5g_00000590,5,2,24,1128.0,,14.0
simu5g_00000590,6,3,0,1160.0,,15.0
simu5g_00000590,6,3,1,1160.0,,15.0
simu5g_00000590,6,3,2,1160.0,,15.0
simu5g_00000590,6,3,3,888.0,,12.0
simu5g_00000590,6,3,4,1160.0,,15.0
simu5g_00000590,6,3,5,1160.0,,15.0
simu5g_00000590,6,3,6,1160.0,,15.0
simu5g_00000590,6,3,7,1160.0,,15.0
simu5g_00000590,6,3,8,1160.0,,15.0
simu5g_00000590,6,3,9,1160.0,,15.0
simu5g_00000590,6,3,10,1160.0,,15.0
simu5g_00000590,6,3,11,1160.0,,15.0
simu5g_00000590,6,3,12,1160.0,,15.0
simu5g_00000590,6,3,13,1160.0,,15.0
simu5g_00000590,6,3,14,1160.0,,15.0
simu5g_00000590,6,3,15,1160.0,,15.0
simu5g_00000590,6,3,16,1128.0,,14.0
simu5g_00000590,6,3,17,1160.0,,15.0
simu5g_00000590,6,3,18,1160.0,,15.0
simu5g_00000590,6,3,19,1160.0,,15.0
simu5g_00000590,6,3,20,1160.0,,15.0
simu5g_00000590,6,3,21,1160.0,,15.0
simu5g_00000590,6,3,22,1160.0,,15.0
simu5g_00000590,6,3,23,1160.0,,15.0
simu5g_00000590,6,3,24,1160.0,,15.0
simu5g_00000590,7,4,0,1128.0,,14.0
simu5g_00000590,7,4,1,1160.0,,15.0
simu5g_00000590,7,4,2,1128.0,,14.0
simu5g_00000590,7,4,3,608.0,,9.0
simu5g_00000590,7,4,4,888.0,,12.0
simu5g_00000590,7,4,5,1160.0,,15.0
simu5g_00000590,7,4,6,984.0,,13.0
simu5g_00000590,7,4,7,1160.0,,15.0
simu5g_00000590,7,4,8,1160.0,,15.0
simu5g_00000590,7,4,9,1128.0,,14.0
simu5g_00000590,7,4,10,1128.0,,14.0
simu5g_00000590,7,4,11,1128.0,,14.0
simu5g_00000590,7,4,12,1160.0,,15.0
simu5g_00000590,7,4,13,1160.0,,15.0
simu5g_00000590,7,4,14,1128.0,,14.0
simu5g_00000590,7,4,15,1160.0,,15.0
simu5g_00000590,7,4,16,1128.0,,14.0
simu5g_00000590,7,4,17,608.0,,9.0
simu5g_00000590,7,4,18,1160.0,,15.0
simu5g_00000590,7,4,19,1128.0,,14.0
simu5g_00000590,7,4,20,984.0,,13.0
simu5g_00000590,7,4,21,1128.0,,14.0
simu5g_00000590,7,4,22,1160.0,,15.0
simu5g_00000590,7,4,23,1160.0,,15.0
simu5g_00000590,7,4,24,1160.0,,15.0
simu5g_00000591,0,0,0,1160.0,,15.0
simu5g_00000591,0,0,1,808.0,,11.0
simu5g_00000591,0,0,2,1160.0,,15.0
simu5g_00000591,0,0,3,1128.0,,14.0
simu5g_00000591,0,0,4,1160.0,,15.0
simu5g_00000591,0,0,5,1128.0,,14.0
simu5g_00000591,0,0,6,1160.0,,15.0
simu5g_00000591,0,0,7,1160.0,,15.0
simu5g_00000591,0,0,8,984.0,,13.0
simu5g_00000591,0,0,9,1160.0,,15.0
simu5g_00000591,0,0,10,1160.0,,15.0
simu5g_00000591,0,0,11,1160.0,,15.0
simu5g_00000591,0,0,12,1160.0,,15.0
simu5g_00000591,0,0,13,1160.0,,15.0
simu5g_00000591,0,0,14,1160.0,,15.0
simu5g_00000591,0,0,15,1160.0,,15.0
simu5g_00000591,0,0,16,1160.0,,15.0
simu5g_00000591,0,0,17,1160.0,,15.0
simu5g_00000591,0,0,18,1160.0,,15.0
simu5g_00000591,0,0,19,1160.0,,15.0
simu5g_00000591,0,0,20,1160.0,,15.0
simu5g_00000591,0,0,21,1128.0,,14.0
simu5g_00000591,0,0,22,1160.0,,15.0
simu5g_00000591,0,0,23,1160.0,,15.0
simu5g_00000591,0,0,24,1128.0,,14.0
simu5g_00000591,1,1,0,1128.0,,14.0
simu5g_00000591,1,1,1,984.0,,13.0
simu5g_00000591,1,1,2,984.0,,13.0
simu5g_00000591,1,1,3,1128.0,,14.0
simu5g_00000591,1,1,4,984.0,,13.0
simu5g_00000591,1,1,5,1128.0,,14.0
simu5g_00000591,1,1,6,984.0,,13.0
simu5g_00000591,1,1,7,608.0,,9.0
simu5g_00000591,1,1,8,608.0,,9.0
simu5g_00000591,1,1,9,1128.0,,14.0
simu5g_00000591,1,1,10,984.0,,13.0
simu5g_00000591,1,1,11,984.0,,13.0
simu5g_00000591,1,1,12,984.0,,13.0
simu5g_00000591,1,1,13,1128.0,,14.0
simu5g_00000591,1,1,14,1128.0,,14.0
simu5g_00000591,1,1,15,1128.0,,14.0
simu5g_00000591,1,1,16,984.0,,13.0
simu5g_00000591,1,1,17,984.0,,13.0
simu5g_00000591,1,1,18,984.0,,13.0
simu5g_00000591,1,1,19,1128.0,,14.0
simu5g_00000591,1,1,20,1128.0,,14.0
simu5g_00000591,1,1,21,528.0,,8.0
simu5g_00000591,1,1,22,1128.0,,14.0
simu5g_00000591,1,1,23,888.0,,12.0
simu5g_00000591,1,1,24,984.0,,13.0
simu5g_00000591,15,2,0,1160.0,,15.0
simu5g_00000591,15,2,1,1160.0,,15.0
simu5g_00000591,15,2,2,1160.0,,15.0
simu5g_00000591,15,2,3,1160.0,,15.0
simu5g_00000591,15,2,4,1160.0,,15.0
simu5g_00000591,15,2,5,1128.0,,14.0
simu5g_00000591,15,2,6,1160.0,,15.0
simu5g_00000591,15,2,7,1160.0,,15.0
simu5g_00000591,15,2,8,1160.0,,15.0
simu5g_00000591,15,2,9,1160.0,,15.0
simu5g_00000591,15,2,10,1160.0,,15.0
simu5g_00000591,15,2,11,1160.0,,15.0
simu5g_00000591,15,2,12,1160.0,,15.0
simu5g_00000591,15,2,13,1160.0,,15.0
simu5g_00000591,15,2,14,1160.0,,15.0
simu5g_00000591,15,2,15,1160.0,,15.0
simu5g_00000591,15,2,16,1160.0,,15.0
simu5g_00000591,15,2,17,1160.0,,15.0
simu5g_00000591,15,2,18,1160.0,,15.0
simu5g_00000591,15,2,19,1160.0,,15.0
simu5g_00000591,15,2,20,1160.0,,15.0
simu5g_00000591,15,2,21,1160.0,,15.0
simu5g_00000591,15,2,22,1160.0,,15.0
simu5g_00000591,15,2,23,1160.0,,15.0
simu5g_00000591,15,2,24,1160.0,,15.0
simu5g_00000591,2,3,0,1160.0,,15.0
simu5g_00000591,2,3,1,1160.0,,15.0
simu5g_00000591,2,3,2,1160.0,,15.0
simu5g_00000591,2,3,3,1160.0,,15.0
simu5g_00000591,2,3,4,1160.0,,15.0
simu5g_00000591,2,3,5,1160.0,,15.0
simu5g_00000591,2,3,6,1160.0,,15.0
simu5g_00000591,2,3,7,984.0,,13.0
simu5g_00000591,2,3,8,1160.0,,15.0
simu5g_00000591,2,3,9,1160.0,,15.0
simu5g_00000591,2,3,10,1160.0,,15.0
simu5g_00000591,2,3,11,1128.0,,14.0
simu5g_00000591,2,3,12,1160.0,,15.0
simu5g_00000591,2,3,13,1160.0,,15.0
simu5g_00000591,2,3,14,1160.0,,15.0
simu5g_00000591,2,3,15,1160.0,,15.0
simu5g_00000591,2,3,16,1128.0,,14.0
simu5g_00000591,2,3,17,1160.0,,15.0
simu5g_00000591,2,3,18,1160.0,,15.0
simu5g_00000591,2,3,19,1160.0,,15.0
simu5g_00000591,2,3,20,1160.0,,15.0
simu5g_00000591,2,3,21,1160.0,,15.0
simu5g_00000591,2,3,22,1160.0,,15.0
simu5g_00000591,2,3,23,1160.0,,15.0
simu5g_00000591,2,3,24,1160.0,,15.0
simu5g_00000591,3,4,0,1160.0,,15.0
simu5g_00000591,3,4,1,1160.0,,15.0
simu5g_00000591,3,4,2,1160.0,,15.0
simu5g_00000591,3,4,3,1160.0,,15.0
simu5g_00000591,3,4,4,1160.0,,15.0
simu5g_00000591,3,4,5,1160.0,,15.0
simu5g_00000591,3,4,6,1160.0,,15.0
simu5g_00000591,3,4,7,1160.0,,15.0
simu5g_00000591,3,4,8,984.0,,13.0
simu5g_00000591,3,4,9,984.0,,13.0
simu5g_00000591,3,4,10,1160.0,,15.0
simu5g_00000591,3,4,11,1160.0,,15.0
simu5g_00000591,3,4,12,1160.0,,15.0
simu5g_00000591,3,4,13,1160.0,,15.0
simu5g_00000591,3,4,14,1160.0,,15.0
simu5g_00000591,3,4,15,1160.0,,15.0
simu5g_00000591,3,4,16,1160.0,,15.0
simu5g_00000591,3,4,17,1160.0,,15.0
simu5g_00000591,3,4,18,1160.0,,15.0
simu5g_00000591,3,4,19,1160.0,,15.0
simu5g_00000591,3,4,20,1160.0,,15.0
simu5g_00000591,3,4,21,1160.0,,15.0
simu5g_00000591,3,4,22,1128.0,,14.0
simu5g_00000591,3,4,23,1160.0,,15.0
simu5g_00000591,3,4,24,1128.0,,14.0
simu5g_00000592,31,0,0,888.0,,12.0
simu5g_00000592,31,0,1,808.0,,11.0
simu5g_00000592,31,0,2,1128.0,,14.0
simu5g_00000592,31,0,3,1128.0,,14.0
simu5g_00000592,31,0,4,1128.0,,14.0
simu5g_00000592,31,0,5,984.0,,13.0
simu5g_00000592,31,0,6,1128.0,,14.0
simu5g_00000592,31,0,7,984.0,,13.0
simu5g_00000592,31,0,8,1160.0,,15.0
simu5g_00000592,31,0,9,1160.0,,15.0
simu5g_00000592,31,0,10,1128.0,,14.0
simu5g_00000592,31,0,11,984.0,,13.0
simu5g_00000592,31,0,12,432.0,,7.0
simu5g_00000592,31,0,13,1128.0,,14.0
simu5g_00000592,31,0,14,1160.0,,15.0
simu5g_00000592,31,0,15,1160.0,,15.0
simu5g_00000592,31,0,16,984.0,,13.0
simu5g_00000592,31,0,17,1160.0,,15.0
simu5g_00000592,31,0,18,1160.0,,15.0
simu5g_00000592,31,0,19,984.0,,13.0
simu5g_00000592,31,0,20,888.0,,12.0
simu5g_00000592,31,0,21,1128.0,,14.0
simu5g_00000592,31,0,22,984.0,,13.0
simu5g_00000592,31,0,23,1160.0,,15.0
simu5g_00000592,31,0,24,1160.0,,15.0
simu5g_00000592,4,1,0,1160.0,,15.0
simu5g_00000592,4,1,1,984.0,,13.0
simu5g_00000592,4,1,2,1160.0,,15.0
simu5g_00000592,4,1,3,608.0,,9.0
simu5g_00000592,4,1,4,1128.0,,14.0
simu5g_00000592,4,1,5,1160.0,,15.0
simu5g_00000592,4,1,6,1160.0,,15.0
simu5g_00000592,4,1,7,808.0,,11.0
simu5g_00000592,4,1,8,984.0,,13.0
simu5g_00000592,4,1,9,1128.0,,14.0
simu5g_00000592,4,1,10,1128.0,,14.0
simu5g_00000592,4,1,11,1160.0,,15.0
simu5g_00000592,4,1,12,1160.0,,15.0
simu5g_00000592,4,1,13,1128.0,,14.0
simu5g_00000592,4,1,14,1160.0,,15.0
simu5g_00000592,4,1,15,984.0,,13.0
simu5g_00000592,4,1,16,1128.0,,14.0
simu5g_00000592,4,1,17,1128.0,,14.0
simu5g_00000592,4,1,18,1160.0,,15.0
simu5g_00000592,4,1,19,1160.0,,15.0
simu5g_00000592,4,1,20,1128.0,,14.0
simu5g_00000592,4,1,21,984.0,,13.0
simu5g_00000592,4,1,22,1160.0,,15.0
simu5g_00000592,4,1,23,1160.0,,15.0
simu5g_00000592,4,1,24,1128.0,,14.0
simu5g_00000592,5,2,0,1160.0,,15.0
simu5g_00000592,5,2,1,1128.0,,14.0
simu5g_00000592,5,2,2,1160.0,,15.0
simu5g_00000592,5,2,3,1128.0,,14.0
simu5g_00000592,5,2,4,1160.0,,15.0
simu5g_00000592,5,2,5,1128.0,,14.0
simu5g_00000592,5,2,6,1160.0,,15.0
simu5g_00000592,5,2,7,1128.0,,14.0
simu5g_00000592,5,2,8,1128.0,,14.0
simu5g_00000592,5,2,9,1160.0,,15.0
simu5g_00000592,5,2,10,1160.0,,15.0
simu5g_00000592,5,2,11,1160.0,,15.0
simu5g_00000592,5,2,12,1160.0,,15.0
simu5g_00000592,5,2,13,1128.0,,14.0
simu5g_00000592,5,2,14,984.0,,13.0
simu5g_00000592,5,2,15,1128.0,,14.0
simu5g_00000592,5,2,16,608.0,,9.0
simu5g_00000592,5,2,17,1160.0,,15.0
simu5g_00000592,5,2,18,1160.0,,15.0
simu5g_00000592,5,2,19,1160.0,,15.0
simu5g_00000592,5,2,20,1128.0,,14.0
simu5g_00000592,5,2,21,984.0,,13.0
simu5g_00000592,5,2,22,1160.0,,15.0
simu5g_00000592,5,2,23,1128.0,,14.0
simu5g_00000592,5,2,24,1128.0,,14.0
simu5g_00000592,6,3,0,1160.0,,15.0
simu5g_00000592,6,3,1,1160.0,,15.0
simu5g_00000592,6,3,2,1160.0,,15.0
simu5g_00000592,6,3,3,888.0,,12.0
simu5g_00000592,6,3,4,1160.0,,15.0
simu5g_00000592,6,3,5,1160.0,,15.0
simu5g_00000592,6,3,6,1160.0,,15.0
simu5g_00000592,6,3,7,1160.0,,15.0
simu5g_00000592,6,3,8,1160.0,,15.0
simu5g_00000592,6,3,9,1160.0,,15.0
simu5g_00000592,6,3,10,1160.0,,15.0
simu5g_00000592,6,3,11,1160.0,,15.0
simu5g_00000592,6,3,12,1160.0,,15.0
simu5g_00000592,6,3,13,1160.0,,15.0
simu5g_00000592,6,3,14,1160.0,,15.0
simu5g_00000592,6,3,15,1160.0,,15.0
simu5g_00000592,6,3,16,1128.0,,14.0
simu5g_00000592,6,3,17,1160.0,,15.0
simu5g_00000592,6,3,18,1160.0,,15.0
simu5g_00000592,6,3,19,1160.0,,15.0
simu5g_00000592,6,3,20,1160.0,,15.0
simu5g_00000592,6,3,21,1160.0,,15.0
simu5g_00000592,6,3,22,1160.0,,15.0
simu5g_00000592,6,3,23,1160.0,,15.0
simu5g_00000592,6,3,24,1160.0,,15.0
simu5g_00000592,7,4,0,1128.0,,14.0
simu5g_00000592,7,4,1,1160.0,,15.0
simu5g_00000592,7,4,2,1128.0,,14.0
simu5g_00000592,7,4,3,608.0,,9.0
simu5g_00000592,7,4,4,888.0,,12.0
simu5g_00000592,7,4,5,1160.0,,15.0
simu5g_00000592,7,4,6,984.0,,13.0
simu5g_00000592,7,4,7,1160.0,,15.0
simu5g_00000592,7,4,8,1160.0,,15.0
simu5g_00000592,7,4,9,1128.0,,14.0
simu5g_00000592,7,4,10,1128.0,,14.0
simu5g_00000592,7,4,11,1128.0,,14.0
simu5g_00000592,7,4,12,1160.0,,15.0
simu5g_00000592,7,4,13,1160.0,,15.0
simu5g_00000592,7,4,14,1128.0,,14.0
simu5g_00000592,7,4,15,1160.0,,15.0
simu5g_00000592,7,4,16,1128.0,,14.0
simu5g_00000592,7,4,17,608.0,,9.0
simu5g_00000592,7,4,18,1160.0,,15.0
simu5g_00000592,7,4,19,1128.0,,14.0
simu5g_00000592,7,4,20,984.0,,13.0
simu5g_00000592,7,4,21,1128.0,,14.0
simu5g_00000592,7,4,22,1160.0,,15.0
simu5g_00000592,7,4,23,1160.0,,15.0
simu5g_00000592,7,4,24,1160.0,,15.0
simu5g_00000593,0,0,0,1160.0,,15.0
simu5g_00000593,0,0,1,808.0,,11.0
simu5g_00000593,0,0,2,1160.0,,15.0
simu5g_00000593,0,0,3,1128.0,,14.0
simu5g_00000593,0,0,4,1160.0,,15.0
simu5g_00000593,0,0,5,1128.0,,14.0
simu5g_00000593,0,0,6,1160.0,,15.0
simu5g_00000593,0,0,7,1160.0,,15.0
simu5g_00000593,0,0,8,984.0,,13.0
simu5g_00000593,0,0,9,1160.0,,15.0
simu5g_00000593,0,0,10,1160.0,,15.0
simu5g_00000593,0,0,11,1160.0,,15.0
simu5g_00000593,0,0,12,1160.0,,15.0
simu5g_00000593,0,0,13,1160.0,,15.0
simu5g_00000593,0,0,14,1160.0,,15.0
simu5g_00000593,0,0,15,1160.0,,15.0
simu5g_00000593,0,0,16,1160.0,,15.0
simu5g_00000593,0,0,17,1160.0,,15.0
simu5g_00000593,0,0,18,1160.0,,15.0
simu5g_00000593,0,0,19,1160.0,,15.0
simu5g_00000593,0,0,20,1160.0,,15.0
simu5g_00000593,0,0,21,1128.0,,14.0
simu5g_00000593,0,0,22,1160.0,,15.0
simu5g_00000593,0,0,23,1160.0,,15.0
simu5g_00000593,0,0,24,1128.0,,14.0
simu5g_00000593,1,1,0,1128.0,,14.0
simu5g_00000593,1,1,1,984.0,,13.0
simu5g_00000593,1,1,2,984.0,,13.0
simu5g_00000593,1,1,3,1128.0,,14.0
simu5g_00000593,1,1,4,984.0,,13.0
simu5g_00000593,1,1,5,1128.0,,14.0
simu5g_00000593,1,1,6,984.0,,13.0
simu5g_00000593,1,1,7,608.0,,9.0
simu5g_00000593,1,1,8,608.0,,9.0
simu5g_00000593,1,1,9,1128.0,,14.0
simu5g_00000593,1,1,10,984.0,,13.0
simu5g_00000593,1,1,11,984.0,,13.0
simu5g_00000593,1,1,12,984.0,,13.0
simu5g_00000593,1,1,13,1128.0,,14.0
simu5g_00000593,1,1,14,1128.0,,14.0
simu5g_00000593,1,1,15,1128.0,,14.0
simu5g_00000593,1,1,16,984.0,,13.0
simu5g_00000593,1,1,17,984.0,,13.0
simu5g_00000593,1,1,18,984.0,,13.0
simu5g_00000593,1,1,19,1128.0,,14.0
simu5g_00000593,1,1,20,1128.0,,14.0
simu5g_00000593,1,1,21,528.0,,8.0
simu5g_00000593,1,1,22,1128.0,,14.0
simu5g_00000593,1,1,23,888.0,,12.0
simu5g_00000593,1,1,24,984.0,,13.0
simu5g_00000593,15,2,0,1160.0,,15.0
simu5g_00000593,15,2,1,1160.0,,15.0
simu5g_00000593,15,2,2,1160.0,,15.0
simu5g_00000593,15,2,3,1160.0,,15.0
simu5g_00000593,15,2,4,1160.0,,15.0
simu5g_00000593,15,2,5,1128.0,,14.0
simu5g_00000593,15,2,6,1160.0,,15.0
simu5g_00000593,15,2,7,1160.0,,15.0
simu5g_00000593,15,2,8,1160.0,,15.0
simu5g_00000593,15,2,9,1160.0,,15.0
simu5g_00000593,15,2,10,1160.0,,15.0
simu5g_00000593,15,2,11,1160.0,,15.0
simu5g_00000593,15,2,12,1160.0,,15.0
simu5g_00000593,15,2,13,1160.0,,15.0
simu5g_00000593,15,2,14,1160.0,,15.0
simu5g_00000593,15,2,15,1160.0,,15.0
simu5g_00000593,15,2,16,1160.0,,15.0
simu5g_00000593,15,2,17,1160.0,,15.0
simu5g_00000593,15,2,18,1160.0,,15.0
simu5g_00000593,15,2,19,1160.0,,15.0
simu5g_00000593,15,2,20,1160.0,,15.0
simu5g_00000593,15,2,21,1160.0,,15.0
simu5g_00000593,15,2,22,1160.0,,15.0
simu5g_00000593,15,2,23,1160.0,,15.0
simu5g_00000593,15,2,24,1160.0,,15.0
simu5g_00000593,2,3,0,1160.0,,15.0
simu5g_00000593,2,3,1,1160.0,,15.0
simu5g_00000593,2,3,2,1160.0,,15.0
simu5g_00000593,2,3,3,1160.0,,15.0
simu5g_00000593,2,3,4,1160.0,,15.0
simu5g_00000593,2,3,5,1160.0,,15.0
simu5g_00000593,2,3,6,1160.0,,15.0
simu5g_00000593,2,3,7,984.0,,13.0
simu5g_00000593,2,3,8,1160.0,,15.0
simu5g_00000593,2,3,9,1160.0,,15.0
simu5g_00000593,2,3,10,1160.0,,15.0
simu5g_00000593,2,3,11,1128.0,,14.0
simu5g_00000593,2,3,12,1160.0,,15.0
simu5g_00000593,2,3,13,1160.0,,15.0
simu5g_00000593,2,3,14,1160.0,,15.0
simu5g_00000593,2,3,15,1160.0,,15.0
simu5g_00000593,2,3,16,1128.0,,14.0
simu5g_00000593,2,3,17,1160.0,,15.0
simu5g_00000593,2,3,18,1160.0,,15.0
simu5g_00000593,2,3,19,1160.0,,15.0
simu5g_00000593,2,3,20,1160.0,,15.0
simu5g_00000593,2,3,21,1160.0,,15.0
simu5g_00000593,2,3,22,1160.0,,15.0
simu5g_00000593,2,3,23,1160.0,,15.0
simu5g_00000593,2,3,24,1160.0,,15.0
simu5g_00000593,3,4,0,1128.0,,14.0
simu5g_00000593,3,4,1,1160.0,,15.0
simu5g_00000593,3,4,2,1160.0,,15.0
simu5g_00000593,3,4,3,1160.0,,15.0
simu5g_00000593,3,4,4,1160.0,,15.0
simu5g_00000593,3,4,5,1160.0,,15.0
simu5g_00000593,3,4,6,1160.0,,15.0
simu5g_00000593,3,4,7,1160.0,,15.0
simu5g_00000593,3,4,8,984.0,,13.0
simu5g_00000593,3,4,9,888.0,,12.0
simu5g_00000593,3,4,10,1160.0,,15.0
simu5g_00000593,3,4,11,1160.0,,15.0
simu5g_00000593,3,4,12,1160.0,,15.0
simu5g_00000593,3,4,13,1160.0,,15.0
simu5g_00000593,3,4,14,1160.0,,15.0
simu5g_00000593,3,4,15,1160.0,,15.0
simu5g_00000593,3,4,16,1160.0,,15.0
simu5g_00000593,3,4,17,1160.0,,15.0
simu5g_00000593,3,4,18,1160.0,,15.0
simu5g_00000593,3,4,19,1160.0,,15.0
simu5g_00000593,3,4,20,1160.0,,15.0
simu5g_00000593,3,4,21,1128.0,,14.0
simu5g_00000593,3,4,22,1128.0,,14.0
simu5g_00000593,3,4,23,1160.0,,15.0
simu5g_00000593,3,4,24,1128.0,,14.0
simu5g_00000593,5,5,0,1128.0,,14.0
simu5g_00000593,5,5,1,984.0,,13.0
simu5g_00000593,5,5,2,984.0,,13.0
simu5g_00000593,5,5,3,888.0,,12.0
simu5g_00000593,5,5,4,1160.0,,15.0
simu5g_00000593,5,5,5,984.0,,13.0
simu5g_00000593,5,5,6,984.0,,13.0
simu5g_00000593,5,5,7,984.0,,13.0
simu5g_00000593,5,5,8,984.0,,13.0
simu5g_00000593,5,5,9,1160.0,,15.0
simu5g_00000593,5,5,10,1128.0,,14.0
simu5g_00000593,5,5,11,1128.0,,14.0
simu5g_00000593,5,5,12,984.0,,13.0
simu5g_00000593,5,5,13,888.0,,12.0
simu5g_00000593,5,5,14,808.0,,11.0
simu5g_00000593,5,5,15,888.0,,12.0
simu5g_00000593,5,5,16,368.0,,6.0
simu5g_00000593,5,5,17,1160.0,,15.0
simu5g_00000593,5,5,18,1128.0,,14.0
simu5g_00000593,5,5,19,1128.0,,14.0
simu5g_00000593,5,5,20,984.0,,13.0
simu5g_00000593,5,5,21,608.0,,9.0
simu5g_00000593,5,5,22,1128.0,,14.0
simu5g_00000593,5,5,23,888.0,,12.0
simu5g_00000593,5,5,24,984.0,,13.0
simu5g_00000594,31,0,0,1128.0,,14.0
simu5g_00000594,31,0,1,984.0,,13.0
simu5g_00000594,31,0,2,1160.0,,15.0
simu5g_00000594,31,0,3,1160.0,,15.0
simu5g_00000594,31,0,4,1160.0,,15.0
simu5g_00000594,31,0,5,1128.0,,14.0
simu5g_00000594,31,0,6,1160.0,,15.0
simu5g_00000594,31,0,7,1128.0,,14.0
simu5g_00000594,31,0,8,1160.0,,15.0
simu5g_00000594,31,0,9,1160.0,,15.0
simu5g_00000594,31,0,10,1160.0,,15.0
simu5g_00000594,31,0,11,1128.0,,14.0
simu5g_00000594,31,0,12,608.0,,9.0
simu5g_00000594,31,0,13,1160.0,,15.0
simu5g_00000594,31,0,14,1160.0,,15.0
simu5g_00000594,31,0,15,1160.0,,15.0
simu5g_00000594,31,0,16,1128.0,,14.0
simu5g_00000594,31,0,17,1160.0,,15.0
simu5g_00000594,31,0,18,1160.0,,15.0
simu5g_00000594,31,0,19,1128.0,,14.0
simu5g_00000594,31,0,20,1128.0,,14.0
simu5g_00000594,31,0,21,1160.0,,15.0
simu5g_00000594,31,0,22,1128.0,,14.0
simu5g_00000594,31,0,23,1160.0,,15.0
simu5g_00000594,31,0,24,1160.0,,15.0
simu5g_00000594,4,1,0,1160.0,,15.0
simu5g_00000594,4,1,1,984.0,,13.0
simu5g_00000594,4,1,2,1160.0,,15.0
simu5g_00000594,4,1,3,608.0,,9.0
simu5g_00000594,4,1,4,1128.0,,14.0
simu5g_00000594,4,1,5,1160.0,,15.0
simu5g_00000594,4,1,6,1160.0,,15.0
simu5g_00000594,4,1,7,808.0,,11.0
simu5g_00000594,4,1,8,984.0,,13.0
simu5g_00000594,4,1,9,1128.0,,14.0
simu5g_00000594,4,1,10,1128.0,,14.0
simu5g_00000594,4,1,11,1160.0,,15.0
simu5g_00000594,4,1,12,1160.0,,15.0
simu5g_00000594,4,1,13,1128.0,,14.0
simu5g_00000594,4,1,14,1160.0,,15.0
simu5g_00000594,4,1,15,984.0,,13.0
simu5g_00000594,4,1,16,1128.0,,14.0
simu5g_00000594,4,1,17,1128.0,,14.0
simu5g_00000594,4,1,18,1160.0,,15.0
simu5g_00000594,4,1,19,1160.0,,15.0
simu5g_00000594,4,1,20,1128.0,,14.0
simu5g_00000594,4,1,21,984.0,,13.0
simu5g_00000594,4,1,22,1160.0,,15.0
simu5g_00000594,4,1,23,1160.0,,15.0
simu5g_00000594,4,1,24,1128.0,,14.0
simu5g_00000594,6,2,0,1160.0,,15.0
simu5g_00000594,6,2,1,1160.0,,15.0
simu5g_00000594,6,2,2,1160.0,,15.0
simu5g_00000594,6,2,3,888.0,,12.0
simu5g_00000594,6,2,4,1160.0,,15.0
simu5g_00000594,6,2,5,1160.0,,15.0
simu5g_00000594,6,2,6,1160.0,,15.0
simu5g_00000594,6,2,7,1160.0,,15.0
simu5g_00000594,6,2,8,1160.0,,15.0
simu5g_00000594,6,2,9,1160.0,,15.0
simu5g_00000594,6,2,10,1160.0,,15.0
simu5g_00000594,6,2,11,1160.0,,15.0
simu5g_00000594,6,2,12,1160.0,,15.0
simu5g_00000594,6,2,13,1160.0,,15.0
simu5g_00000594,6,2,14,1160.0,,15.0
simu5g_00000594,6,2,15,1160.0,,15.0
simu5g_00000594,6,2,16,1128.0,,14.0
simu5g_00000594,6,2,17,1160.0,,15.0
simu5g_00000594,6,2,18,1160.0,,15.0
simu5g_00000594,6,2,19,1160.0,,15.0
simu5g_00000594,6,2,20,1160.0,,15.0
simu5g_00000594,6,2,21,1160.0,,15.0
simu5g_00000594,6,2,22,1160.0,,15.0
simu5g_00000594,6,2,23,1160.0,,15.0
simu5g_00000594,6,2,24,1160.0,,15.0
simu5g_00000594,7,3,0,1128.0,,14.0
simu5g_00000594,7,3,1,1160.0,,15.0
simu5g_00000594,7,3,2,1128.0,,14.0
simu5g_00000594,7,3,3,608.0,,9.0
simu5g_00000594,7,3,4,888.0,,12.0
simu5g_00000594,7,3,5,1160.0,,15.0
simu5g_00000594,7,3,6,984.0,,13.0
simu5g_00000594,7,3,7,1160.0,,15.0
simu5g_00000594,7,3,8,1160.0,,15.0
simu5g_00000594,7,3,9,1128.0,,14.0
simu5g_00000594,7,3,10,1128.0,,14.0
simu5g_00000594,7,3,11,1128.0,,14.0
simu5g_00000594,7,3,12,1160.0,,15.0
simu5g_00000594,7,3,13,1160.0,,15.0
simu5g_00000594,7,3,14,1128.0,,14.0
simu5g_00000594,7,3,15,1160.0,,15.0
simu5g_00000594,7,3,16,1128.0,,14.0
simu5g_00000594,7,3,17,608.0,,9.0
simu5g_00000594,7,3,18,1160.0,,15.0
simu5g_00000594,7,3,19,1128.0,,14.0
simu5g_00000594,7,3,20,984.0,,13.0
simu5g_00000594,7,3,21,1128.0,,14.0
simu5g_00000594,7,3,22,1160.0,,15.0
simu5g_00000594,7,3,23,1160.0,,15.0
simu5g_00000594,7,3,24,1160.0,,15.0
simu5g_00000595,0,0,0,1160.0,,15.0
simu5g_00000595,0,0,1,808.0,,11.0
simu5g_00000595,0,0,2,1160.0,,15.0
simu5g_00000595,0,0,3,1128.0,,14.0
simu5g_00000595,0,0,4,1160.0,,15.0
simu5g_00000595,0,0,5,1128.0,,14.0
simu5g_00000595,0,0,6,1160.0,,15.0
simu5g_00000595,0,0,7,1160.0,,15.0
simu5g_00000595,0,0,8,984.0,,13.0
simu5g_00000595,0,0,9,1160.0,,15.0
simu5g_00000595,0,0,10,1160.0,,15.0
simu5g_00000595,0,0,11,1160.0,,15.0
simu5g_00000595,0,0,12,1160.0,,15.0
simu5g_00000595,0,0,13,1160.0,,15.0
simu5g_00000595,0,0,14,1160.0,,15.0
simu5g_00000595,0,0,15,1160.0,,15.0
simu5g_00000595,0,0,16,1160.0,,15.0
simu5g_00000595,0,0,17,1160.0,,15.0
simu5g_00000595,0,0,18,1160.0,,15.0
simu5g_00000595,0,0,19,1160.0,,15.0
simu5g_00000595,0,0,20,1160.0,,15.0
simu5g_00000595,0,0,21,1128.0,,14.0
simu5g_00000595,0,0,22,1160.0,,15.0
simu5g_00000595,0,0,23,1160.0,,15.0
simu5g_00000595,0,0,24,1128.0,,14.0
simu5g_00000595,1,1,0,1128.0,,14.0
simu5g_00000595,1,1,1,984.0,,13.0
simu5g_00000595,1,1,2,984.0,,13.0
simu5g_00000595,1,1,3,1128.0,,14.0
simu5g_00000595,1,1,4,984.0,,13.0
simu5g_00000595,1,1,5,1128.0,,14.0
simu5g_00000595,1,1,6,984.0,,13.0
simu5g_00000595,1,1,7,704.0,,10.0
simu5g_00000595,1,1,8,608.0,,9.0
simu5g_00000595,1,1,9,1128.0,,14.0
simu5g_00000595,1,1,10,984.0,,13.0
simu5g_00000595,1,1,11,984.0,,13.0
simu5g_00000595,1,1,12,984.0,,13.0
simu5g_00000595,1,1,13,1128.0,,14.0
simu5g_00000595,1,1,14,1128.0,,14.0
simu5g_00000595,1,1,15,1128.0,,14.0
simu5g_00000595,1,1,16,984.0,,13.0
simu5g_00000595,1,1,17,984.0,,13.0
simu5g_00000595,1,1,18,984.0,,13.0
simu5g_00000595,1,1,19,1128.0,,14.0
simu5g_00000595,1,1,20,1128.0,,14.0
simu5g_00000595,1,1,21,528.0,,8.0
simu5g_00000595,1,1,22,1128.0,,14.0
simu5g_00000595,1,1,23,888.0,,12.0
simu5g_00000595,1,1,24,1128.0,,14.0
simu5g_00000595,15,2,0,1160.0,,15.0
simu5g_00000595,15,2,1,1160.0,,15.0
simu5g_00000595,15,2,2,1160.0,,15.0
simu5g_00000595,15,2,3,1160.0,,15.0
simu5g_00000595,15,2,4,1160.0,,15.0
simu5g_00000595,15,2,5,1128.0,,14.0
simu5g_00000595,15,2,6,1160.0,,15.0
simu5g_00000595,15,2,7,1160.0,,15.0
simu5g_00000595,15,2,8,1160.0,,15.0
simu5g_00000595,15,2,9,1160.0,,15.0
simu5g_00000595,15,2,10,1160.0,,15.0
simu5g_00000595,15,2,11,1160.0,,15.0
simu5g_00000595,15,2,12,1160.0,,15.0
simu5g_00000595,15,2,13,1160.0,,15.0
simu5g_00000595,15,2,14,1160.0,,15.0
simu5g_00000595,15,2,15,1160.0,,15.0
simu5g_00000595,15,2,16,1160.0,,15.0
simu5g_00000595,15,2,17,1160.0,,15.0
simu5g_00000595,15,2,18,1160.0,,15.0
simu5g_00000595,15,2,19,1160.0,,15.0
simu5g_00000595,15,2,20,1160.0,,15.0
simu5g_00000595,15,2,21,1160.0,,15.0
simu5g_00000595,15,2,22,1160.0,,15.0
simu5g_00000595,15,2,23,1160.0,,15.0
simu5g_00000595,15,2,24,1160.0,,15.0
simu5g_00000595,2,3,0,1160.0,,15.0
simu5g_00000595,2,3,1,1160.0,,15.0
simu5g_00000595,2,3,2,1160.0,,15.0
simu5g_00000595,2,3,3,1160.0,,15.0
simu5g_00000595,2,3,4,1128.0,,14.0
simu5g_00000595,2,3,5,1128.0,,14.0
simu5g_00000595,2,3,6,1160.0,,15.0
simu5g_00000595,2,3,7,888.0,,12.0
simu5g_00000595,2,3,8,1160.0,,15.0
simu5g_00000595,2,3,9,1160.0,,15.0
simu5g_00000595,2,3,10,1160.0,,15.0
simu5g_00000595,2,3,11,984.0,,13.0
simu5g_00000595,2,3,12,1128.0,,14.0
simu5g_00000595,2,3,13,1160.0,,15.0
simu5g_00000595,2,3,14,1160.0,,15.0
simu5g_00000595,2,3,15,1160.0,,15.0
simu5g_00000595,2,3,16,984.0,,13.0
simu5g_00000595,2,3,17,1128.0,,14.0
simu5g_00000595,2,3,18,1128.0,,14.0
simu5g_00000595,2,3,19,1160.0,,15.0
simu5g_00000595,2,3,20,1160.0,,15.0
simu5g_00000595,2,3,21,1128.0,,14.0
simu5g_00000595,2,3,22,1128.0,,14.0
simu5g_00000595,2,3,23,1160.0,,15.0
simu5g_00000595,2,3,24,1128.0,,14.0
simu5g_00000595,3,4,0,1128.0,,14.0
simu5g_00000595,3,4,1,1160.0,,15.0
simu5g_00000595,3,4,2,1160.0,,15.0
simu5g_00000595,3,4,3,1160.0,,15.0
simu5g_00000595,3,4,4,1160.0,,15.0
simu5g_00000595,3,4,5,1160.0,,15.0
simu5g_00000595,3,4,6,1160.0,,15.0
simu5g_00000595,3,4,7,1160.0,,15.0
simu5g_00000595,3,4,8,984.0,,13.0
simu5g_00000595,3,4,9,888.0,,12.0
simu5g_00000595,3,4,10,1160.0,,15.0
simu5g_00000595,3,4,11,1160.0,,15.0
simu5g_00000595,3,4,12,1160.0,,15.0
simu5g_00000595,3,4,13,1160.0,,15.0
simu5g_00000595,3,4,14,1160.0,,15.0
simu5g_00000595,3,4,15,1160.0,,15.0
simu5g_00000595,3,4,16,1160.0,,15.0
simu5g_00000595,3,4,17,1160.0,,15.0
simu5g_00000595,3,4,18,1160.0,,15.0
simu5g_00000595,3,4,19,1160.0,,15.0
simu5g_00000595,3,4,20,1160.0,,15.0
simu5g_00000595,3,4,21,1128.0,,14.0
simu5g_00000595,3,4,22,1128.0,,14.0
simu5g_00000595,3,4,23,1160.0,,15.0
simu5g_00000595,3,4,24,1128.0,,14.0
simu5g_00000595,5,5,0,1128.0,,14.0
simu5g_00000595,5,5,1,984.0,,13.0
simu5g_00000595,5,5,2,984.0,,13.0
simu5g_00000595,5,5,3,888.0,,12.0
simu5g_00000595,5,5,4,1160.0,,15.0
simu5g_00000595,5,5,5,984.0,,13.0
simu5g_00000595,5,5,6,984.0,,13.0
simu5g_00000595,5,5,7,984.0,,13.0
simu5g_00000595,5,5,8,984.0,,13.0
simu5g_00000595,5,5,9,1160.0,,15.0
simu5g_00000595,5,5,10,1128.0,,14.0
simu5g_00000595,5,5,11,1128.0,,14.0
simu5g_00000595,5,5,12,984.0,,13.0
simu5g_00000595,5,5,13,888.0,,12.0
simu5g_00000595,5,5,14,808.0,,11.0
simu5g_00000595,5,5,15,888.0,,12.0
simu5g_00000595,5,5,16,368.0,,6.0
simu5g_00000595,5,5,17,1160.0,,15.0
simu5g_00000595,5,5,18,1128.0,,14.0
simu5g_00000595,5,5,19,1128.0,,14.0
simu5g_00000595,5,5,20,984.0,,13.0
simu5g_00000595,5,5,21,608.0,,9.0
simu5g_00000595,5,5,22,1128.0,,14.0
simu5g_00000595,5,5,23,888.0,,12.0
simu5g_00000595,5,5,24,984.0,,13.0
simu5g_00000596,31,0,0,1128.0,,14.0
simu5g_00000596,31,0,1,984.0,,13.0
simu5g_00000596,31,0,2,1160.0,,15.0
simu5g_00000596,31,0,3,1160.0,,15.0
simu5g_00000596,31,0,4,1160.0,,15.0
simu5g_00000596,31,0,5,1128.0,,14.0
simu5g_00000596,31,0,6,1160.0,,15.0
simu5g_00000596,31,0,7,1128.0,,14.0
simu5g_00000596,31,0,8,1160.0,,15.0
simu5g_00000596,31,0,9,1160.0,,15.0
simu5g_00000596,31,0,10,1160.0,,15.0
simu5g_00000596,31,0,11,1128.0,,14.0
simu5g_00000596,31,0,12,608.0,,9.0
simu5g_00000596,31,0,13,1160.0,,15.0
simu5g_00000596,31,0,14,1160.0,,15.0
simu5g_00000596,31,0,15,1160.0,,15.0
simu5g_00000596,31,0,16,1128.0,,14.0
simu5g_00000596,31,0,17,1160.0,,15.0
simu5g_00000596,31,0,18,1160.0,,15.0
simu5g_00000596,31,0,19,1128.0,,14.0
simu5g_00000596,31,0,20,1128.0,,14.0
simu5g_00000596,31,0,21,1160.0,,15.0
simu5g_00000596,31,0,22,1128.0,,14.0
simu5g_00000596,31,0,23,1160.0,,15.0
simu5g_00000596,31,0,24,1160.0,,15.0
simu5g_00000596,4,1,0,1128.0,,14.0
simu5g_00000596,4,1,1,984.0,,13.0
simu5g_00000596,4,1,2,1160.0,,15.0
simu5g_00000596,4,1,3,528.0,,8.0
simu5g_00000596,4,1,4,1128.0,,14.0
simu5g_00000596,4,1,5,1160.0,,15.0
simu5g_00000596,4,1,6,1160.0,,15.0
simu5g_00000596,4,1,7,608.0,,9.0
simu5g_00000596,4,1,8,984.0,,13.0
simu5g_00000596,4,1,9,1128.0,,14.0
simu5g_00000596,4,1,10,1128.0,,14.0
simu5g_00000596,4,1,11,1128.0,,14.0
simu5g_00000596,4,1,12,1160.0,,15.0
simu5g_00000596,4,1,13,1128.0,,14.0
simu5g_00000596,4,1,14,1160.0,,15.0
simu5g_00000596,4,1,15,984.0,,13.0
simu5g_00000596,4,1,16,984.0,,13.0
simu5g_00000596,4,1,17,1128.0,,14.0
simu5g_00000596,4,1,18,1160.0,,15.0
simu5g_00000596,4,1,19,1160.0,,15.0
simu5g_00000596,4,1,20,1128.0,,14.0
simu5g_00000596,4,1,21,984.0,,13.0
simu5g_00000596,4,1,22,1160.0,,15.0
simu5g_00000596,4,1,23,1128.0,,14.0
simu5g_00000596,4,1,24,984.0,,13.0
simu5g_00000596,6,2,0,1160.0,,15.0
simu5g_00000596,6,2,1,1160.0,,15.0
simu5g_00000596,6,2,2,1160.0,,15.0
simu5g_00000596,6,2,3,984.0,,13.0
simu5g_00000596,6,2,4,1160.0,,15.0
simu5g_00000596,6,2,5,1160.0,,15.0
simu5g_00000596,6,2,6,1160.0,,15.0
simu5g_00000596,6,2,7,1160.0,,15.0
simu5g_00000596,6,2,8,1160.0,,15.0
simu5g_00000596,6,2,9,1160.0,,15.0
simu5g_00000596,6,2,10,1160.0,,15.0
simu5g_00000596,6,2,11,1160.0,,15.0
simu5g_00000596,6,2,12,1160.0,,15.0
simu5g_00000596,6,2,13,1160.0,,15.0
simu5g_00000596,6,2,14,1160.0,,15.0
simu5g_00000596,6,2,15,1160.0,,15.0
simu5g_00000596,6,2,16,1128.0,,14.0
simu5g_00000596,6,2,17,1160.0,,15.0
simu5g_00000596,6,2,18,1160.0,,15.0
simu5g_00000596,6,2,19,1160.0,,15.0
simu5g_00000596,6,2,20,1160.0,,15.0
simu5g_00000596,6,2,21,1160.0,,15.0
simu5g_00000596,6,2,22,1160.0,,15.0
simu5g_00000596,6,2,23,1160.0,,15.0
simu5g_00000596,6,2,24,1160.0,,15.0
simu5g_00000596,7,3,0,1128.0,,14.0
simu5g_00000596,7,3,1,1160.0,,15.0
simu5g_00000596,7,3,2,1128.0,,14.0
simu5g_00000596,7,3,3,608.0,,9.0
simu5g_00000596,7,3,4,888.0,,12.0
simu5g_00000596,7,3,5,1160.0,,15.0
simu5g_00000596,7,3,6,984.0,,13.0
simu5g_00000596,7,3,7,1160.0,,15.0
simu5g_00000596,7,3,8,1160.0,,15.0
simu5g_00000596,7,3,9,1128.0,,14.0
simu5g_00000596,7,3,10,1128.0,,14.0
simu5g_00000596,7,3,11,1128.0,,14.0
simu5g_00000596,7,3,12,1160.0,,15.0
simu5g_00000596,7,3,13,1160.0,,15.0
simu5g_00000596,7,3,14,1128.0,,14.0
simu5g_00000596,7,3,15,1160.0,,15.0
simu5g_00000596,7,3,16,1128.0,,14.0
simu5g_00000596,7,3,17,608.0,,9.0
simu5g_00000596,7,3,18,1160.0,,15.0
simu5g_00000596,7,3,19,1128.0,,14.0
simu5g_00000596,7,3,20,984.0,,13.0
simu5g_00000596,7,3,21,1128.0,,14.0
simu5g_00000596,7,3,22,1160.0,,15.0
simu5g_00000596,7,3,23,1160.0,,15.0
simu5g_00000596,7,3,24,1160.0,,15.0
simu5g_00000597,0,0,0,1160.0,,15.0
simu5g_00000597,0,0,1,984.0,,13.0
simu5g_00000597,0,0,2,1160.0,,15.0
simu5g_00000597,0,0,3,1160.0,,15.0
simu5g_00000597,0,0,4,1160.0,,15.0
simu5g_00000597,0,0,5,1160.0,,15.0
simu5g_00000597,0,0,6,1160.0,,15.0
simu5g_00000597,0,0,7,1160.0,,15.0
simu5g_00000597,0,0,8,1128.0,,14.0
simu5g_00000597,0,0,9,1160.0,,15.0
simu5g_00000597,0,0,10,1160.0,,15.0
simu5g_00000597,0,0,11,1160.0,,15.0
simu5g_00000597,0,0,12,1160.0,,15.0
simu5g_00000597,0,0,13,1160.0,,15.0
simu5g_00000597,0,0,14,1160.0,,15.0
simu5g_00000597,0,0,15,1160.0,,15.0
simu5g_00000597,0,0,16,1160.0,,15.0
simu5g_00000597,0,0,17,1160.0,,15.0
simu5g_00000597,0,0,18,1160.0,,15.0
simu5g_00000597,0,0,19,1160.0,,15.0
simu5g_00000597,0,0,20,1160.0,,15.0
simu5g_00000597,0,0,21,1128.0,,14.0
simu5g_00000597,0,0,22,1160.0,,15.0
simu5g_00000597,0,0,23,1160.0,,15.0
simu5g_00000597,0,0,24,1160.0,,15.0
simu5g_00000597,1,1,0,1160.0,,15.0
simu5g_00000597,1,1,1,1128.0,,14.0
simu5g_00000597,1,1,2,1128.0,,14.0
simu5g_00000597,1,1,3,1160.0,,15.0
simu5g_00000597,1,1,4,1128.0,,14.0
simu5g_00000597,1,1,5,1160.0,,15.0
simu5g_00000597,1,1,6,1160.0,,15.0
simu5g_00000597,1,1,7,984.0,,13.0
simu5g_00000597,1,1,8,984.0,,13.0
simu5g_00000597,1,1,9,1160.0,,15.0
simu5g_00000597,1,1,10,1160.0,,15.0
simu5g_00000597,1,1,11,1160.0,,15.0
simu5g_00000597,1,1,12,1160.0,,15.0
simu5g_00000597,1,1,13,1160.0,,15.0
simu5g_00000597,1,1,14,1160.0,,15.0
simu5g_00000597,1,1,15,1160.0,,15.0
simu5g_00000597,1,1,16,1160.0,,15.0
simu5g_00000597,1,1,17,1160.0,,15.0
simu5g_00000597,1,1,18,1160.0,,15.0
simu5g_00000597,1,1,19,1160.0,,15.0
simu5g_00000597,1,1,20,1160.0,,15.0
simu5g_00000597,1,1,21,888.0,,12.0
simu5g_00000597,1,1,22,1160.0,,15.0
simu5g_00000597,1,1,23,1128.0,,14.0
simu5g_00000597,1,1,24,1160.0,,15.0
simu5g_00000597,15,2,0,1160.0,,15.0
simu5g_00000597,15,2,1,1160.0,,15.0
simu5g_00000597,15,2,2,1160.0,,15.0
simu5g_00000597,15,2,3,1160.0,,15.0
simu5g_00000597,15,2,4,1160.0,,15.0
simu5g_00000597,15,2,5,984.0,,13.0
simu5g_00000597,15,2,6,1160.0,,15.0
simu5g_00000597,15,2,7,1160.0,,15.0
simu5g_00000597,15,2,8,1160.0,,15.0
simu5g_00000597,15,2,9,1160.0,,15.0
simu5g_00000597,15,2,10,1160.0,,15.0
simu5g_00000597,15,2,11,1160.0,,15.0
simu5g_00000597,15,2,12,1128.0,,14.0
simu5g_00000597,15,2,13,1160.0,,15.0
simu5g_00000597,15,2,14,1160.0,,15.0
simu5g_00000597,15,2,15,1160.0,,15.0
simu5g_00000597,15,2,16,1160.0,,15.0
simu5g_00000597,15,2,17,1160.0,,15.0
simu5g_00000597,15,2,18,1160.0,,15.0
simu5g_00000597,15,2,19,1160.0,,15.0
simu5g_00000597,15,2,20,1160.0,,15.0
simu5g_00000597,15,2,21,1160.0,,15.0
simu5g_00000597,15,2,22,1160.0,,15.0
simu5g_00000597,15,2,23,1160.0,,15.0
simu5g_00000597,15,2,24,1160.0,,15.0
simu5g_00000597,2,3,0,1160.0,,15.0
simu5g_00000597,2,3,1,1160.0,,15.0
simu5g_00000597,2,3,2,1160.0,,15.0
simu5g_00000597,2,3,3,1160.0,,15.0
simu5g_00000597,2,3,4,1160.0,,15.0
simu5g_00000597,2,3,5,1128.0,,14.0
simu5g_00000597,2,3,6,1160.0,,15.0
simu5g_00000597,2,3,7,888.0,,12.0
simu5g_00000597,2,3,8,1160.0,,15.0
simu5g_00000597,2,3,9,1160.0,,15.0
simu5g_00000597,2,3,10,1160.0,,15.0
simu5g_00000597,2,3,11,984.0,,13.0
simu5g_00000597,2,3,12,1128.0,,14.0
simu5g_00000597,2,3,13,1160.0,,15.0
simu5g_00000597,2,3,14,1160.0,,15.0
simu5g_00000597,2,3,15,1160.0,,15.0
simu5g_00000597,2,3,16,984.0,,13.0
simu5g_00000597,2,3,17,1128.0,,14.0
simu5g_00000597,2,3,18,1128.0,,14.0
simu5g_00000597,2,3,19,1160.0,,15.0
simu5g_00000597,2,3,20,1160.0,,15.0
simu5g_00000597,2,3,21,1128.0,,14.0
simu5g_00000597,2,3,22,1128.0,,14.0
simu5g_00000597,2,3,23,1160.0,,15.0
simu5g_00000597,2,3,24,1128.0,,14.0
simu5g_00000597,3,4,0,1128.0,,14.0
simu5g_00000597,3,4,1,1160.0,,15.0
simu5g_00000597,3,4,2,1160.0,,15.0
simu5g_00000597,3,4,3,1160.0,,15.0
simu5g_00000597,3,4,4,1160.0,,15.0
simu5g_00000597,3,4,5,1160.0,,15.0
simu5g_00000597,3,4,6,1160.0,,15.0
simu5g_00000597,3,4,7,1160.0,,15.0
simu5g_00000597,3,4,8,984.0,,13.0
simu5g_00000597,3,4,9,888.0,,12.0
simu5g_00000597,3,4,10,1160.0,,15.0
simu5g_00000597,3,4,11,1160.0,,15.0
simu5g_00000597,3,4,12,1160.0,,15.0
simu5g_00000597,3,4,13,1160.0,,15.0
simu5g_00000597,3,4,14,1160.0,,15.0
simu5g_00000597,3,4,15,1160.0,,15.0
simu5g_00000597,3,4,16,1160.0,,15.0
simu5g_00000597,3,4,17,1160.0,,15.0
simu5g_00000597,3,4,18,1160.0,,15.0
simu5g_00000597,3,4,19,1160.0,,15.0
simu5g_00000597,3,4,20,1160.0,,15.0
simu5g_00000597,3,4,21,1128.0,,14.0
simu5g_00000597,3,4,22,1128.0,,14.0
simu5g_00000597,3,4,23,1160.0,,15.0
simu5g_00000597,3,4,24,1128.0,,14.0
simu5g_00000597,5,5,0,984.0,,13.0
simu5g_00000597,5,5,1,808.0,,11.0
simu5g_00000597,5,5,2,888.0,,12.0
simu5g_00000597,5,5,3,704.0,,10.0
simu5g_00000597,5,5,4,1128.0,,14.0
simu5g_00000597,5,5,5,808.0,,11.0
simu5g_00000597,5,5,6,888.0,,12.0
simu5g_00000597,5,5,7,888.0,,12.0
simu5g_00000597,5,5,8,888.0,,12.0
simu5g_00000597,5,5,9,1128.0,,14.0
simu5g_00000597,5,5,10,984.0,,13.0
simu5g_00000597,5,5,11,984.0,,13.0
simu5g_00000597,5,5,12,888.0,,12.0
simu5g_00000597,5,5,13,608.0,,9.0
simu5g_00000597,5,5,14,608.0,,9.0
simu5g_00000597,5,5,15,704.0,,10.0
simu5g_00000597,5,5,16,304.0,,5.0
simu5g_00000597,5,5,17,1128.0,,14.0
simu5g_00000597,5,5,18,984.0,,13.0
simu5g_00000597,5,5,19,888.0,,12.0
simu5g_00000597,5,5,20,808.0,,11.0
simu5g_00000597,5,5,21,528.0,,8.0
simu5g_00000597,5,5,22,1128.0,,14.0
simu5g_00000597,5,5,23,704.0,,10.0
simu5g_00000597,5,5,24,808.0,,11.0
simu5g_00000598,31,0,0,1128.0,,14.0
simu5g_00000598,31,0,1,984.0,,13.0
simu5g_00000598,31,0,2,1160.0,,15.0
simu5g_00000598,31,0,3,1160.0,,15.0
simu5g_00000598,31,0,4,1160.0,,15.0
simu5g_00000598,31,0,5,1128.0,,14.0
simu5g_00000598,31,0,6,1160.0,,15.0
simu5g_00000598,31,0,7,1128.0,,14.0
simu5g_00000598,31,0,8,1160.0,,15.0
simu5g_00000598,31,0,9,1160.0,,15.0
simu5g_00000598,31,0,10,1160.0,,15.0
simu5g_00000598,31,0,11,1128.0,,14.0
simu5g_00000598,31,0,12,608.0,,9.0
simu5g_00000598,31,0,13,1160.0,,15.0
simu5g_00000598,31,0,14,1160.0,,15.0
simu5g_00000598,31,0,15,1160.0,,15.0
simu5g_00000598,31,0,16,1128.0,,14.0
simu5g_00000598,31,0,17,1160.0,,15.0
simu5g_00000598,31,0,18,1160.0,,15.0
simu5g_00000598,31,0,19,1128.0,,14.0
simu5g_00000598,31,0,20,1128.0,,14.0
simu5g_00000598,31,0,21,1160.0,,15.0
simu5g_00000598,31,0,22,1128.0,,14.0
simu5g_00000598,31,0,23,1160.0,,15.0
simu5g_00000598,31,0,24,1160.0,,15.0
simu5g_00000598,4,1,0,1128.0,,14.0
simu5g_00000598,4,1,1,984.0,,13.0
simu5g_00000598,4,1,2,1160.0,,15.0
simu5g_00000598,4,1,3,528.0,,8.0
simu5g_00000598,4,1,4,1128.0,,14.0
simu5g_00000598,4,1,5,1160.0,,15.0
simu5g_00000598,4,1,6,1160.0,,15.0
simu5g_00000598,4,1,7,608.0,,9.0
simu5g_00000598,4,1,8,984.0,,13.0
simu5g_00000598,4,1,9,1128.0,,14.0
simu5g_00000598,4,1,10,1128.0,,14.0
simu5g_00000598,4,1,11,1128.0,,14.0
simu5g_00000598,4,1,12,1160.0,,15.0
simu5g_00000598,4,1,13,1128.0,,14.0
simu5g_00000598,4,1,14,1160.0,,15.0
simu5g_00000598,4,1,15,984.0,,13.0
simu5g_00000598,4,1,16,984.0,,13.0
simu5g_00000598,4,1,17,1128.0,,14.0
simu5g_00000598,4,1,18,1160.0,,15.0
simu5g_00000598,4,1,19,1160.0,,15.0
simu5g_00000598,4,1,20,1128.0,,14.0
simu5g_00000598,4,1,21,984.0,,13.0
simu5g_00000598,4,1,22,1160.0,,15.0
simu5g_00000598,4,1,23,1160.0,,15.0
simu5g_00000598,4,1,24,984.0,,13.0
simu5g_00000598,6,2,0,1160.0,,15.0
simu5g_00000598,6,2,1,1160.0,,15.0
simu5g_00000598,6,2,2,1160.0,,15.0
simu5g_00000598,6,2,3,984.0,,13.0
simu5g_00000598,6,2,4,1160.0,,15.0
simu5g_00000598,6,2,5,1160.0,,15.0
simu5g_00000598,6,2,6,1160.0,,15.0
simu5g_00000598,6,2,7,1160.0,,15.0
simu5g_00000598,6,2,8,1160.0,,15.0
simu5g_00000598,6,2,9,1160.0,,15.0
simu5g_00000598,6,2,10,1160.0,,15.0
simu5g_00000598,6,2,11,1160.0,,15.0
simu5g_00000598,6,2,12,1160.0,,15.0
simu5g_00000598,6,2,13,1160.0,,15.0
simu5g_00000598,6,2,14,1160.0,,15.0
simu5g_00000598,6,2,15,1160.0,,15.0
simu5g_00000598,6,2,16,1128.0,,14.0
simu5g_00000598,6,2,17,1160.0,,15.0
simu5g_00000598,6,2,18,1160.0,,15.0
simu5g_00000598,6,2,19,1160.0,,15.0
simu5g_00000598,6,2,20,1160.0,,15.0
simu5g_00000598,6,2,21,1160.0,,15.0
simu5g_00000598,6,2,22,1160.0,,15.0
simu5g_00000598,6,2,23,1160.0,,15.0
simu5g_00000598,6,2,24,1160.0,,15.0
simu5g_00000598,7,3,0,1128.0,,14.0
simu5g_00000598,7,3,1,1160.0,,15.0
simu5g_00000598,7,3,2,1128.0,,14.0
simu5g_00000598,7,3,3,608.0,,9.0
simu5g_00000598,7,3,4,888.0,,12.0
simu5g_00000598,7,3,5,1160.0,,15.0
simu5g_00000598,7,3,6,984.0,,13.0
simu5g_00000598,7,3,7,1160.0,,15.0
simu5g_00000598,7,3,8,1160.0,,15.0
simu5g_00000598,7,3,9,1128.0,,14.0
simu5g_00000598,7,3,10,1128.0,,14.0
simu5g_00000598,7,3,11,1128.0,,14.0
simu5g_00000598,7,3,12,1160.0,,15.0
simu5g_00000598,7,3,13,1160.0,,15.0
simu5g_00000598,7,3,14,1128.0,,14.0
simu5g_00000598,7,3,15,1160.0,,15.0
simu5g_00000598,7,3,16,1128.0,,14.0
simu5g_00000598,7,3,17,608.0,,9.0
simu5g_00000598,7,3,18,1160.0,,15.0
simu5g_00000598,7,3,19,1128.0,,14.0
simu5g_00000598,7,3,20,984.0,,13.0
simu5g_00000598,7,3,21,1128.0,,14.0
simu5g_00000598,7,3,22,1160.0,,15.0
simu5g_00000598,7,3,23,1160.0,,15.0
simu5g_00000598,7,3,24,1160.0,,15.0
simu5g_00000599,0,0,0,1160.0,,15.0
simu5g_00000599,0,0,1,984.0,,13.0
simu5g_00000599,0,0,2,1160.0,,15.0
simu5g_00000599,0,0,3,1160.0,,15.0
simu5g_00000599,0,0,4,1160.0,,15.0
simu5g_00000599,0,0,5,1160.0,,15.0
simu5g_00000599,0,0,6,1160.0,,15.0
simu5g_00000599,0,0,7,1160.0,,15.0
simu5g_00000599,0,0,8,1128.0,,14.0
simu5g_00000599,0,0,9,1160.0,,15.0
simu5g_00000599,0,0,10,1160.0,,15.0
simu5g_00000599,0,0,11,1160.0,,15.0
simu5g_00000599,0,0,12,1160.0,,15.0
simu5g_00000599,0,0,13,1160.0,,15.0
simu5g_00000599,0,0,14,1160.0,,15.0
simu5g_00000599,0,0,15,1160.0,,15.0
simu5g_00000599,0,0,16,1160.0,,15.0
simu5g_00000599,0,0,17,1160.0,,15.0
simu5g_00000599,0,0,18,1160.0,,15.0
simu5g_00000599,0,0,19,1160.0,,15.0
simu5g_00000599,0,0,20,1160.0,,15.0
simu5g_00000599,0,0,21,1128.0,,14.0
simu5g_00000599,0,0,22,1160.0,,15.0
simu5g_00000599,0,0,23,1160.0,,15.0
simu5g_00000599,0,0,24,1160.0,,15.0
simu5g_00000599,1,1,0,1160.0,,15.0
simu5g_00000599,1,1,1,1128.0,,14.0
simu5g_00000599,1,1,2,1128.0,,14.0
simu5g_00000599,1,1,3,1160.0,,15.0
simu5g_00000599,1,1,4,1160.0,,15.0
simu5g_00000599,1,1,5,1160.0,,15.0
simu5g_00000599,1,1,6,1160.0,,15.0
simu5g_00000599,1,1,7,984.0,,13.0
simu5g_00000599,1,1,8,984.0,,13.0
simu5g_00000599,1,1,9,1160.0,,15.0
simu5g_00000599,1,1,10,1160.0,,15.0
simu5g_00000599,1,1,11,1160.0,,15.0
simu5g_00000599,1,1,12,1160.0,,15.0
simu5g_00000599,1,1,13,1160.0,,15.0
simu5g_00000599,1,1,14,1160.0,,15.0
simu5g_00000599,1,1,15,1160.0,,15.0
simu5g_00000599,1,1,16,1160.0,,15.0
simu5g_00000599,1,1,17,1160.0,,15.0
simu5g_00000599,1,1,18,1160.0,,15.0
simu5g_00000599,1,1,19,1160.0,,15.0
simu5g_00000599,1,1,20,1160.0,,15.0
simu5g_00000599,1,1,21,888.0,,12.0
simu5g_00000599,1,1,22,1160.0,,15.0
simu5g_00000599,1,1,23,1128.0,,14.0
simu5g_00000599,1,1,24,1160.0,,15.0
simu5g_00000599,15,2,0,1160.0,,15.0
simu5g_00000599,15,2,1,1160.0,,15.0
simu5g_00000599,15,2,2,1160.0,,15.0
simu5g_00000599,15,2,3,1160.0,,15.0
simu5g_00000599,15,2,4,1160.0,,15.0
simu5g_00000599,15,2,5,984.0,,13.0
simu5g_00000599,15,2,6,1160.0,,15.0
simu5g_00000599,15,2,7,1160.0,,15.0
simu5g_00000599,15,2,8,1160.0,,15.0
simu5g_00000599,15,2,9,1160.0,,15.0
simu5g_00000599,15,2,10,1160.0,,15.0
simu5g_00000599,15,2,11,1160.0,,15.0
simu5g_00000599,15,2,12,1128.0,,14.0
simu5g_00000599,15,2,13,1160.0,,15.0
simu5g_00000599,15,2,14,1160.0,,15.0
simu5g_00000599,15,2,15,1160.0,,15.0
simu5g_00000599,15,2,16,1160.0,,15.0
simu5g_00000599,15,2,17,1160.0,,15.0
simu5g_00000599,15,2,18,1160.0,,15.0
simu5g_00000599,15,2,19,1160.0,,15.0
simu5g_00000599,15,2,20,1160.0,,15.0
simu5g_00000599,15,2,21,1160.0,,15.0
simu5g_00000599,15,2,22,1160.0,,15.0
simu5g_00000599,15,2,23,1160.0,,15.0
simu5g_00000599,15,2,24,1160.0,,15.0
simu5g_00000599,2,3,0,1160.0,,15.0
simu5g_00000599,2,3,1,1160.0,,15.0
simu5g_00000599,2,3,2,1160.0,,15.0
simu5g_00000599,2,3,3,1160.0,,15.0
simu5g_00000599,2,3,4,1160.0,,15.0
simu5g_00000599,2,3,5,1128.0,,14.0
simu5g_00000599,2,3,6,1160.0,,15.0
simu5g_00000599,2,3,7,888.0,,12.0
simu5g_00000599,2,3,8,1160.0,,15.0
simu5g_00000599,2,3,9,1160.0,,15.0
simu5g_00000599,2,3,10,1160.0,,15.0
simu5g_00000599,2,3,11,984.0,,13.0
simu5g_00000599,2,3,12,1128.0,,14.0
simu5g_00000599,2,3,13,1160.0,,15.0
simu5g_00000599,2,3,14,1160.0,,15.0
simu5g_00000599,2,3,15,1160.0,,15.0
simu5g_00000599,2,3,16,984.0,,13.0
simu5g_00000599,2,3,17,1128.0,,14.0
simu5g_00000599,2,3,18,1128.0,,14.0
simu5g_00000599,2,3,19,1160.0,,15.0
simu5g_00000599,2,3,20,1160.0,,15.0
simu5g_00000599,2,3,21,1128.0,,14.0
simu5g_00000599,2,3,22,1128.0,,14.0
simu5g_00000599,2,3,23,1160.0,,15.0
simu5g_00000599,2,3,24,1128.0,,14.0
simu5g_00000599,3,4,0,1160.0,,15.0
simu5g_00000599,3,4,1,1160.0,,15.0
simu5g_00000599,3,4,2,1160.0,,15.0
simu5g_00000599,3,4,3,1160.0,,15.0
simu5g_00000599,3,4,4,1160.0,,15.0
simu5g_00000599,3,4,5,1160.0,,15.0
simu5g_00000599,3,4,6,1160.0,,15.0
simu5g_00000599,3,4,7,1160.0,,15.0
simu5g_00000599,3,4,8,984.0,,13.0
simu5g_00000599,3,4,9,984.0,,13.0
simu5g_00000599,3,4,10,1160.0,,15.0
simu5g_00000599,3,4,11,1160.0,,15.0
simu5g_00000599,3,4,12,1160.0,,15.0
simu5g_00000599,3,4,13,1160.0,,15.0
simu5g_00000599,3,4,14,1160.0,,15.0
simu5g_00000599,3,4,15,1160.0,,15.0
simu5g_00000599,3,4,16,1160.0,,15.0
simu5g_00000599,3,4,17,1160.0,,15.0
simu5g_00000599,3,4,18,1160.0,,15.0
simu5g_00000599,3,4,19,1160.0,,15.0
simu5g_00000599,3,4,20,1160.0,,15.0
simu5g_00000599,3,4,21,1160.0,,15.0
simu5g_00000599,3,4,22,1128.0,,14.0
simu5g_00000599,3,4,23,1160.0,,15.0
simu5g_00000599,3,4,24,1128.0,,14.0
simu5g_00000599,5,5,0,984.0,,13.0
simu5g_00000599,5,5,1,808.0,,11.0
simu5g_00000599,5,5,2,888.0,,12.0
simu5g_00000599,5,5,3,704.0,,10.0
simu5g_00000599,5,5,4,1128.0,,14.0
simu5g_00000599,5,5,5,808.0,,11.0
simu5g_00000599,5,5,6,888.0,,12.0
simu5g_00000599,5,5,7,888.0,,12.0
simu5g_00000599,5,5,8,888.0,,12.0
simu5g_00000599,5,5,9,1128.0,,14.0
simu5g_00000599,5,5,10,984.0,,13.0
simu5g_00000599,5,5,11,984.0,,13.0
simu5g_00000599,5,5,12,888.0,,12.0
simu5g_00000599,5,5,13,608.0,,9.0
simu5g_00000599,5,5,14,608.0,,9.0
simu5g_00000599,5,5,15,704.0,,10.0
simu5g_00000599,5,5,16,304.0,,5.0
simu5g_00000599,5,5,17,1128.0,,14.0
simu5g_00000599,5,5,18,984.0,,13.0
simu5g_00000599,5,5,19,888.0,,12.0
simu5g_00000599,5,5,20,808.0,,11.0
simu5g_00000599,5,5,21,528.0,,8.0
simu5g_00000599,5,5,22,1128.0,,14.0
simu5g_00000599,5,5,23,704.0,,10.0
simu5g_00000599,5,5,24,808.0,,11.0
simu5g_00000600,31,0,0,984.0,,13.0
simu5g_00000600,31,0,1,984.0,,13.0
simu5g_00000600,31,0,2,1160.0,,15.0
simu5g_00000600,31,0,3,1128.0,,14.0
simu5g_00000600,31,0,4,1160.0,,15.0
simu5g_00000600,31,0,5,1128.0,,14.0
simu5g_00000600,31,0,6,1160.0,,15.0
simu5g_00000600,31,0,7,1128.0,,14.0
simu5g_00000600,31,0,8,1160.0,,15.0
simu5g_00000600,31,0,9,1160.0,,15.0
simu5g_00000600,31,0,10,1128.0,,14.0
simu5g_00000600,31,0,11,1128.0,,14.0
simu5g_00000600,31,0,12,608.0,,9.0
simu5g_00000600,31,0,13,1128.0,,14.0
simu5g_00000600,31,0,14,1160.0,,15.0
simu5g_00000600,31,0,15,1160.0,,15.0
simu5g_00000600,31,0,16,1128.0,,14.0
simu5g_00000600,31,0,17,1160.0,,15.0
simu5g_00000600,31,0,18,1160.0,,15.0
simu5g_00000600,31,0,19,1128.0,,14.0
simu5g_00000600,31,0,20,984.0,,13.0
simu5g_00000600,31,0,21,1160.0,,15.0
simu5g_00000600,31,0,22,1128.0,,14.0
simu5g_00000600,31,0,23,1160.0,,15.0
simu5g_00000600,31,0,24,1160.0,,15.0
simu5g_00000600,4,1,0,1128.0,,14.0
simu5g_00000600,4,1,1,984.0,,13.0
simu5g_00000600,4,1,2,1160.0,,15.0
simu5g_00000600,4,1,3,528.0,,8.0
simu5g_00000600,4,1,4,1128.0,,14.0
simu5g_00000600,4,1,5,1160.0,,15.0
simu5g_00000600,4,1,6,1160.0,,15.0
simu5g_00000600,4,1,7,608.0,,9.0
simu5g_00000600,4,1,8,984.0,,13.0
simu5g_00000600,4,1,9,1128.0,,14.0
simu5g_00000600,4,1,10,1128.0,,14.0
simu5g_00000600,4,1,11,1128.0,,14.0
simu5g_00000600,4,1,12,1160.0,,15.0
simu5g_00000600,4,1,13,1128.0,,14.0
simu5g_00000600,4,1,14,1160.0,,15.0
simu5g_00000600,4,1,15,984.0,,13.0
simu5g_00000600,4,1,16,984.0,,13.0
simu5g_00000600,4,1,17,1128.0,,14.0
simu5g_00000600,4,1,18,1160.0,,15.0
simu5g_00000600,4,1,19,1160.0,,15.0
simu5g_00000600,4,1,20,1128.0,,14.0
simu5g_00000600,4,1,21,984.0,,13.0
simu5g_00000600,4,1,22,1160.0,,15.0
simu5g_00000600,4,1,23,1160.0,,15.0
simu5g_00000600,4,1,24,984.0,,13.0
simu5g_00000600,6,2,0,1160.0,,15.0
simu5g_00000600,6,2,1,1160.0,,15.0
simu5g_00000600,6,2,2,1160.0,,15.0
simu5g_00000600,6,2,3,984.0,,13.0
simu5g_00000600,6,2,4,1160.0,,15.0
simu5g_00000600,6,2,5,1160.0,,15.0
simu5g_00000600,6,2,6,1160.0,,15.0
simu5g_00000600,6,2,7,1160.0,,15.0
simu5g_00000600,6,2,8,1160.0,,15.0
simu5g_00000600,6,2,9,1160.0,,15.0
simu5g_00000600,6,2,10,1160.0,,15.0
simu5g_00000600,6,2,11,1160.0,,15.0
simu5g_00000600,6,2,12,1160.0,,15.0
simu5g_00000600,6,2,13,1160.0,,15.0
simu5g_00000600,6,2,14,1160.0,,15.0
simu5g_00000600,6,2,15,1160.0,,15.0
simu5g_00000600,6,2,16,1128.0,,14.0
simu5g_00000600,6,2,17,1160.0,,15.0
simu5g_00000600,6,2,18,1160.0,,15.0
simu5g_00000600,6,2,19,1160.0,,15.0
simu5g_00000600,6,2,20,1160.0,,15.0
simu5g_00000600,6,2,21,1160.0,,15.0
simu5g_00000600,6,2,22,1160.0,,15.0
simu5g_00000600,6,2,23,1160.0,,15.0
simu5g_00000600,6,2,24,1160.0,,15.0
simu5g_00000600,7,3,0,1128.0,,14.0
simu5g_00000600,7,3,1,1160.0,,15.0
simu5g_00000600,7,3,2,1128.0,,14.0
simu5g_00000600,7,3,3,608.0,,9.0
simu5g_00000600,7,3,4,888.0,,12.0
simu5g_00000600,7,3,5,1160.0,,15.0
simu5g_00000600,7,3,6,984.0,,13.0
simu5g_00000600,7,3,7,1160.0,,15.0
simu5g_00000600,7,3,8,1160.0,,15.0
simu5g_00000600,7,3,9,1128.0,,14.0
simu5g_00000600,7,3,10,1128.0,,14.0
simu5g_00000600,7,3,11,1128.0,,14.0
simu5g_00000600,7,3,12,1160.0,,15.0
simu5g_00000600,7,3,13,1160.0,,15.0
simu5g_00000600,7,3,14,1128.0,,14.0
simu5g_00000600,7,3,15,1160.0,,15.0
simu5g_00000600,7,3,16,1128.0,,14.0
simu5g_00000600,7,3,17,608.0,,9.0
simu5g_00000600,7,3,18,1160.0,,15.0
simu5g_00000600,7,3,19,1128.0,,14.0
simu5g_00000600,7,3,20,984.0,,13.0
simu5g_00000600,7,3,21,1128.0,,14.0
simu5g_00000600,7,3,22,1160.0,,15.0
simu5g_00000600,7,3,23,1160.0,,15.0
simu5g_00000600,7,3,24,1160.0,,15.0
simu5g_00000601,0,0,0,1160.0,,15.0
simu5g_00000601,0,0,1,984.0,,13.0
simu5g_00000601,0,0,2,1160.0,,15.0
simu5g_00000601,0,0,3,1160.0,,15.0
simu5g_00000601,0,0,4,1160.0,,15.0
simu5g_00000601,0,0,5,1160.0,,15.0
simu5g_00000601,0,0,6,1160.0,,15.0
simu5g_00000601,0,0,7,1160.0,,15.0
simu5g_00000601,0,0,8,1128.0,,14.0
simu5g_00000601,0,0,9,1160.0,,15.0
simu5g_00000601,0,0,10,1160.0,,15.0
simu5g_00000601,0,0,11,1160.0,,15.0
simu5g_00000601,0,0,12,1160.0,,15.0
simu5g_00000601,0,0,13,1160.0,,15.0
simu5g_00000601,0,0,14,1160.0,,15.0
simu5g_00000601,0,0,15,1160.0,,15.0
simu5g_00000601,0,0,16,1160.0,,15.0
simu5g_00000601,0,0,17,1160.0,,15.0
simu5g_00000601,0,0,18,1160.0,,15.0
simu5g_00000601,0,0,19,1160.0,,15.0
simu5g_00000601,0,0,20,1160.0,,15.0
simu5g_00000601,0,0,21,1128.0,,14.0
simu5g_00000601,0,0,22,1160.0,,15.0
simu5g_00000601,0,0,23,1160.0,,15.0
simu5g_00000601,0,0,24,1160.0,,15.0
simu5g_00000601,1,1,0,1160.0,,15.0
simu5g_00000601,1,1,1,1128.0,,14.0
simu5g_00000601,1,1,2,1128.0,,14.0
simu5g_00000601,1,1,3,1160.0,,15.0
simu5g_00000601,1,1,4,1160.0,,15.0
simu5g_00000601,1,1,5,1160.0,,15.0
simu5g_00000601,1,1,6,1160.0,,15.0
simu5g_00000601,1,1,7,984.0,,13.0
simu5g_00000601,1,1,8,984.0,,13.0
simu5g_00000601,1,1,9,1160.0,,15.0
simu5g_00000601,1,1,10,1160.0,,15.0
simu5g_00000601,1,1,11,1160.0,,15.0
simu5g_00000601,1,1,12,1160.0,,15.0
simu5g_00000601,1,1,13,1160.0,,15.0
simu5g_00000601,1,1,14,1160.0,,15.0
simu5g_00000601,1,1,15,1160.0,,15.0
simu5g_00000601,1,1,16,1160.0,,15.0
simu5g_00000601,1,1,17,1160.0,,15.0
simu5g_00000601,1,1,18,1160.0,,15.0
simu5g_00000601,1,1,19,1160.0,,15.0
simu5g_00000601,1,1,20,1160.0,,15.0
simu5g_00000601,1,1,21,888.0,,12.0
simu5g_00000601,1,1,22,1160.0,,15.0
simu5g_00000601,1,1,23,1128.0,,14.0
simu5g_00000601,1,1,24,1160.0,,15.0
simu5g_00000601,15,2,0,1160.0,,15.0
simu5g_00000601,15,2,1,1160.0,,15.0
simu5g_00000601,15,2,2,1160.0,,15.0
simu5g_00000601,15,2,3,1160.0,,15.0
simu5g_00000601,15,2,4,1160.0,,15.0
simu5g_00000601,15,2,5,984.0,,13.0
simu5g_00000601,15,2,6,1160.0,,15.0
simu5g_00000601,15,2,7,1160.0,,15.0
simu5g_00000601,15,2,8,1160.0,,15.0
simu5g_00000601,15,2,9,1160.0,,15.0
simu5g_00000601,15,2,10,1160.0,,15.0
simu5g_00000601,15,2,11,1160.0,,15.0
simu5g_00000601,15,2,12,1128.0,,14.0
simu5g_00000601,15,2,13,1160.0,,15.0
simu5g_00000601,15,2,14,1160.0,,15.0
simu5g_00000601,15,2,15,1160.0,,15.0
simu5g_00000601,15,2,16,1160.0,,15.0
simu5g_00000601,15,2,17,1160.0,,15.0
simu5g_00000601,15,2,18,1160.0,,15.0
simu5g_00000601,15,2,19,1160.0,,15.0
simu5g_00000601,15,2,20,1160.0,,15.0
simu5g_00000601,15,2,21,1160.0,,15.0
simu5g_00000601,15,2,22,1160.0,,15.0
simu5g_00000601,15,2,23,1160.0,,15.0
simu5g_00000601,15,2,24,1160.0,,15.0
simu5g_00000601,2,3,0,1160.0,,15.0
simu5g_00000601,2,3,1,1160.0,,15.0
simu5g_00000601,2,3,2,1160.0,,15.0
simu5g_00000601,2,3,3,1160.0,,15.0
simu5g_00000601,2,3,4,1160.0,,15.0
simu5g_00000601,2,3,5,1128.0,,14.0
simu5g_00000601,2,3,6,1160.0,,15.0
simu5g_00000601,2,3,7,888.0,,12.0
simu5g_00000601,2,3,8,1160.0,,15.0
simu5g_00000601,2,3,9,1160.0,,15.0
simu5g_00000601,2,3,10,1160.0,,15.0
simu5g_00000601,2,3,11,984.0,,13.0
simu5g_00000601,2,3,12,1128.0,,14.0
simu5g_00000601,2,3,13,1160.0,,15.0
simu5g_00000601,2,3,14,1160.0,,15.0
simu5g_00000601,2,3,15,1160.0,,15.0
simu5g_00000601,2,3,16,984.0,,13.0
simu5g_00000601,2,3,17,1128.0,,14.0
simu5g_00000601,2,3,18,1128.0,,14.0
simu5g_00000601,2,3,19,1160.0,,15.0
simu5g_00000601,2,3,20,1160.0,,15.0
simu5g_00000601,2,3,21,1128.0,,14.0
simu5g_00000601,2,3,22,1128.0,,14.0
simu5g_00000601,2,3,23,1160.0,,15.0
simu5g_00000601,2,3,24,1128.0,,14.0
simu5g_00000601,3,4,0,1160.0,,15.0
simu5g_00000601,3,4,1,1160.0,,15.0
simu5g_00000601,3,4,2,1160.0,,15.0
simu5g_00000601,3,4,3,1160.0,,15.0
simu5g_00000601,3,4,4,1160.0,,15.0
simu5g_00000601,3,4,5,1160.0,,15.0
simu5g_00000601,3,4,6,1160.0,,15.0
simu5g_00000601,3,4,7,1160.0,,15.0
simu5g_00000601,3,4,8,984.0,,13.0
simu5g_00000601,3,4,9,984.0,,13.0
simu5g_00000601,3,4,10,1160.0,,15.0
simu5g_00000601,3,4,11,1160.0,,15.0
simu5g_00000601,3,4,12,1160.0,,15.0
simu5g_00000601,3,4,13,1160.0,,15.0
simu5g_00000601,3,4,14,1160.0,,15.0
simu5g_00000601,3,4,15,1160.0,,15.0
simu5g_00000601,3,4,16,1160.0,,15.0
simu5g_00000601,3,4,17,1160.0,,15.0
simu5g_00000601,3,4,18,1160.0,,15.0
simu5g_00000601,3,4,19,1160.0,,15.0
simu5g_00000601,3,4,20,1160.0,,15.0
simu5g_00000601,3,4,21,1160.0,,15.0
simu5g_00000601,3,4,22,1128.0,,14.0
simu5g_00000601,3,4,23,1160.0,,15.0
simu5g_00000601,3,4,24,1128.0,,14.0
simu5g_00000601,5,5,0,984.0,,13.0
simu5g_00000601,5,5,1,808.0,,11.0
simu5g_00000601,5,5,2,888.0,,12.0
simu5g_00000601,5,5,3,704.0,,10.0
simu5g_00000601,5,5,4,1128.0,,14.0
simu5g_00000601,5,5,5,808.0,,11.0
simu5g_00000601,5,5,6,888.0,,12.0
simu5g_00000601,5,5,7,888.0,,12.0
simu5g_00000601,5,5,8,888.0,,12.0
simu5g_00000601,5,5,9,1128.0,,14.0
simu5g_00000601,5,5,10,984.0,,13.0
simu5g_00000601,5,5,11,984.0,,13.0
simu5g_00000601,5,5,12,888.0,,12.0
simu5g_00000601,5,5,13,608.0,,9.0
simu5g_00000601,5,5,14,608.0,,9.0
simu5g_00000601,5,5,15,704.0,,10.0
simu5g_00000601,5,5,16,304.0,,5.0
simu5g_00000601,5,5,17,1128.0,,14.0
simu5g_00000601,5,5,18,984.0,,13.0
simu5g_00000601,5,5,19,888.0,,12.0
simu5g_00000601,5,5,20,808.0,,11.0
simu5g_00000601,5,5,21,528.0,,8.0
simu5g_00000601,5,5,22,1128.0,,14.0
simu5g_00000601,5,5,23,704.0,,10.0
simu5g_00000601,5,5,24,808.0,,11.0
simu5g_00000602,31,0,0,984.0,,13.0
simu5g_00000602,31,0,1,984.0,,13.0
simu5g_00000602,31,0,2,1160.0,,15.0
simu5g_00000602,31,0,3,1128.0,,14.0
simu5g_00000602,31,0,4,1160.0,,15.0
simu5g_00000602,31,0,5,1128.0,,14.0
simu5g_00000602,31,0,6,1160.0,,15.0
simu5g_00000602,31,0,7,1128.0,,14.0
simu5g_00000602,31,0,8,1160.0,,15.0
simu5g_00000602,31,0,9,1160.0,,15.0
simu5g_00000602,31,0,10,1128.0,,14.0
simu5g_00000602,31,0,11,1128.0,,14.0
simu5g_00000602,31,0,12,608.0,,9.0
simu5g_00000602,31,0,13,1128.0,,14.0
simu5g_00000602,31,0,14,1160.0,,15.0
simu5g_00000602,31,0,15,1160.0,,15.0
simu5g_00000602,31,0,16,1128.0,,14.0
simu5g_00000602,31,0,17,1160.0,,15.0
simu5g_00000602,31,0,18,1160.0,,15.0
simu5g_00000602,31,0,19,1128.0,,14.0
simu5g_00000602,31,0,20,984.0,,13.0
simu5g_00000602,31,0,21,1160.0,,15.0
simu5g_00000602,31,0,22,1128.0,,14.0
simu5g_00000602,31,0,23,1160.0,,15.0
simu5g_00000602,31,0,24,1160.0,,15.0
simu5g_00000602,4,1,0,1128.0,,14.0
simu5g_00000602,4,1,1,984.0,,13.0
simu5g_00000602,4,1,2,1160.0,,15.0
simu5g_00000602,4,1,3,528.0,,8.0
simu5g_00000602,4,1,4,1128.0,,14.0
simu5g_00000602,4,1,5,1160.0,,15.0
simu5g_00000602,4,1,6,1160.0,,15.0
simu5g_00000602,4,1,7,608.0,,9.0
simu5g_00000602,4,1,8,984.0,,13.0
simu5g_00000602,4,1,9,1128.0,,14.0
simu5g_00000602,4,1,10,1128.0,,14.0
simu5g_00000602,4,1,11,1128.0,,14.0
simu5g_00000602,4,1,12,1160.0,,15.0
simu5g_00000602,4,1,13,1128.0,,14.0
simu5g_00000602,4,1,14,1160.0,,15.0
simu5g_00000602,4,1,15,984.0,,13.0
simu5g_00000602,4,1,16,984.0,,13.0
simu5g_00000602,4,1,17,1128.0,,14.0
simu5g_00000602,4,1,18,1160.0,,15.0
simu5g_00000602,4,1,19,1160.0,,15.0
simu5g_00000602,4,1,20,1128.0,,14.0
simu5g_00000602,4,1,21,984.0,,13.0
simu5g_00000602,4,1,22,1160.0,,15.0
simu5g_00000602,4,1,23,1160.0,,15.0
simu5g_00000602,4,1,24,984.0,,13.0
simu5g_00000602,6,2,0,1160.0,,15.0
simu5g_00000602,6,2,1,1160.0,,15.0
simu5g_00000602,6,2,2,1160.0,,15.0
simu5g_00000602,6,2,3,984.0,,13.0
simu5g_00000602,6,2,4,1160.0,,15.0
simu5g_00000602,6,2,5,1160.0,,15.0
simu5g_00000602,6,2,6,1160.0,,15.0
simu5g_00000602,6,2,7,1160.0,,15.0
simu5g_00000602,6,2,8,1160.0,,15.0
simu5g_00000602,6,2,9,1160.0,,15.0
simu5g_00000602,6,2,10,1160.0,,15.0
simu5g_00000602,6,2,11,1160.0,,15.0
simu5g_00000602,6,2,12,1160.0,,15.0
simu5g_00000602,6,2,13,1160.0,,15.0
simu5g_00000602,6,2,14,1160.0,,15.0
simu5g_00000602,6,2,15,1160.0,,15.0
simu5g_00000602,6,2,16,1128.0,,14.0
simu5g_00000602,6,2,17,1160.0,,15.0
simu5g_00000602,6,2,18,1160.0,,15.0
simu5g_00000602,6,2,19,1160.0,,15.0
simu5g_00000602,6,2,20,1160.0,,15.0
simu5g_00000602,6,2,21,1160.0,,15.0
simu5g_00000602,6,2,22,1160.0,,15.0
simu5g_00000602,6,2,23,1160.0,,15.0
simu5g_00000602,6,2,24,1160.0,,15.0
simu5g_00000602,7,3,0,1128.0,,14.0
simu5g_00000602,7,3,1,1160.0,,15.0
simu5g_00000602,7,3,2,1128.0,,14.0
simu5g_00000602,7,3,3,608.0,,9.0
simu5g_00000602,7,3,4,888.0,,12.0
simu5g_00000602,7,3,5,1160.0,,15.0
simu5g_00000602,7,3,6,984.0,,13.0
simu5g_00000602,7,3,7,1160.0,,15.0
simu5g_00000602,7,3,8,1160.0,,15.0
simu5g_00000602,7,3,9,1128.0,,14.0
simu5g_00000602,7,3,10,1128.0,,14.0
simu5g_00000602,7,3,11,1128.0,,14.0
simu5g_00000602,7,3,12,1160.0,,15.0
simu5g_00000602,7,3,13,1160.0,,15.0
simu5g_00000602,7,3,14,1128.0,,14.0
simu5g_00000602,7,3,15,1160.0,,15.0
simu5g_00000602,7,3,16,1128.0,,14.0
simu5g_00000602,7,3,17,608.0,,9.0
simu5g_00000602,7,3,18,1160.0,,15.0
simu5g_00000602,7,3,19,1128.0,,14.0
simu5g_00000602,7,3,20,984.0,,13.0
simu5g_00000602,7,3,21,1128.0,,14.0
simu5g_00000602,7,3,22,1160.0,,15.0
simu5g_00000602,7,3,23,1160.0,,15.0
simu5g_00000602,7,3,24,1160.0,,15.0
simu5g_00000603,0,0,0,1160.0,,15.0
simu5g_00000603,0,0,1,984.0,,13.0
simu5g_00000603,0,0,2,1160.0,,15.0
simu5g_00000603,0,0,3,1160.0,,15.0
simu5g_00000603,0,0,4,1160.0,,15.0
simu5g_00000603,0,0,5,1160.0,,15.0
simu5g_00000603,0,0,6,1160.0,,15.0
simu5g_00000603,0,0,7,1160.0,,15.0
simu5g_00000603,0,0,8,1128.0,,14.0
simu5g_00000603,0,0,9,1160.0,,15.0
simu5g_00000603,0,0,10,1160.0,,15.0
simu5g_00000603,0,0,11,1160.0,,15.0
simu5g_00000603,0,0,12,1160.0,,15.0
simu5g_00000603,0,0,13,1160.0,,15.0
simu5g_00000603,0,0,14,1160.0,,15.0
simu5g_00000603,0,0,15,1160.0,,15.0
simu5g_00000603,0,0,16,1160.0,,15.0
simu5g_00000603,0,0,17,1160.0,,15.0
simu5g_00000603,0,0,18,1160.0,,15.0
simu5g_00000603,0,0,19,1160.0,,15.0
simu5g_00000603,0,0,20,1160.0,,15.0
simu5g_00000603,0,0,21,1128.0,,14.0
simu5g_00000603,0,0,22,1160.0,,15.0
simu5g_00000603,0,0,23,1160.0,,15.0
simu5g_00000603,0,0,24,1160.0,,15.0
simu5g_00000603,1,1,0,1160.0,,15.0
simu5g_00000603,1,1,1,1128.0,,14.0
simu5g_00000603,1,1,2,1128.0,,14.0
simu5g_00000603,1,1,3,1160.0,,15.0
simu5g_00000603,1,1,4,1160.0,,15.0
simu5g_00000603,1,1,5,1160.0,,15.0
simu5g_00000603,1,1,6,1160.0,,15.0
simu5g_00000603,1,1,7,984.0,,13.0
simu5g_00000603,1,1,8,984.0,,13.0
simu5g_00000603,1,1,9,1160.0,,15.0
simu5g_00000603,1,1,10,1160.0,,15.0
simu5g_00000603,1,1,11,1160.0,,15.0
simu5g_00000603,1,1,12,1160.0,,15.0
simu5g_00000603,1,1,13,1160.0,,15.0
simu5g_00000603,1,1,14,1160.0,,15.0
simu5g_00000603,1,1,15,1160.0,,15.0
simu5g_00000603,1,1,16,1160.0,,15.0
simu5g_00000603,1,1,17,1160.0,,15.0
simu5g_00000603,1,1,18,1160.0,,15.0
simu5g_00000603,1,1,19,1160.0,,15.0
simu5g_00000603,1,1,20,1160.0,,15.0
simu5g_00000603,1,1,21,888.0,,12.0
simu5g_00000603,1,1,22,1160.0,,15.0
simu5g_00000603,1,1,23,1128.0,,14.0
simu5g_00000603,1,1,24,1160.0,,15.0
simu5g_00000603,15,2,0,1160.0,,15.0
simu5g_00000603,15,2,1,1160.0,,15.0
simu5g_00000603,15,2,2,1160.0,,15.0
simu5g_00000603,15,2,3,1160.0,,15.0
simu5g_00000603,15,2,4,1160.0,,15.0
simu5g_00000603,15,2,5,1128.0,,14.0
simu5g_00000603,15,2,6,1160.0,,15.0
simu5g_00000603,15,2,7,1160.0,,15.0
simu5g_00000603,15,2,8,1160.0,,15.0
simu5g_00000603,15,2,9,1160.0,,15.0
simu5g_00000603,15,2,10,1160.0,,15.0
simu5g_00000603,15,2,11,1160.0,,15.0
simu5g_00000603,15,2,12,1128.0,,14.0
simu5g_00000603,15,2,13,1160.0,,15.0
simu5g_00000603,15,2,14,1160.0,,15.0
simu5g_00000603,15,2,15,1160.0,,15.0
simu5g_00000603,15,2,16,1160.0,,15.0
simu5g_00000603,15,2,17,1160.0,,15.0
simu5g_00000603,15,2,18,1160.0,,15.0
simu5g_00000603,15,2,19,1160.0,,15.0
simu5g_00000603,15,2,20,1160.0,,15.0
simu5g_00000603,15,2,21,1160.0,,15.0
simu5g_00000603,15,2,22,1160.0,,15.0
simu5g_00000603,15,2,23,1160.0,,15.0
simu5g_00000603,15,2,24,1160.0,,15.0
simu5g_00000603,2,3,0,1160.0,,15.0
simu5g_00000603,2,3,1,1160.0,,15.0
simu5g_00000603,2,3,2,1160.0,,15.0
simu5g_00000603,2,3,3,1160.0,,15.0
simu5g_00000603,2,3,4,1160.0,,15.0
simu5g_00000603,2,3,5,1160.0,,15.0
simu5g_00000603,2,3,6,1160.0,,15.0
simu5g_00000603,2,3,7,984.0,,13.0
simu5g_00000603,2,3,8,1160.0,,15.0
simu5g_00000603,2,3,9,1160.0,,15.0
simu5g_00000603,2,3,10,1160.0,,15.0
simu5g_00000603,2,3,11,1128.0,,14.0
simu5g_00000603,2,3,12,1160.0,,15.0
simu5g_00000603,2,3,13,1160.0,,15.0
simu5g_00000603,2,3,14,1160.0,,15.0
simu5g_00000603,2,3,15,1160.0,,15.0
simu5g_00000603,2,3,16,1128.0,,14.0
simu5g_00000603,2,3,17,1160.0,,15.0
simu5g_00000603,2,3,18,1160.0,,15.0
simu5g_00000603,2,3,19,1160.0,,15.0
simu5g_00000603,2,3,20,1160.0,,15.0
simu5g_00000603,2,3,21,1160.0,,15.0
simu5g_00000603,2,3,22,1160.0,,15.0
simu5g_00000603,2,3,23,1160.0,,15.0
simu5g_00000603,2,3,24,1128.0,,14.0
simu5g_00000603,3,4,0,1160.0,,15.0
simu5g_00000603,3,4,1,1160.0,,15.0
simu5g_00000603,3,4,2,1160.0,,15.0
simu5g_00000603,3,4,3,1160.0,,15.0
simu5g_00000603,3,4,4,1160.0,,15.0
simu5g_00000603,3,4,5,1160.0,,15.0
simu5g_00000603,3,4,6,1160.0,,15.0
simu5g_00000603,3,4,7,1160.0,,15.0
simu5g_00000603,3,4,8,984.0,,13.0
simu5g_00000603,3,4,9,984.0,,13.0
simu5g_00000603,3,4,10,1160.0,,15.0
simu5g_00000603,3,4,11,1160.0,,15.0
simu5g_00000603,3,4,12,1160.0,,15.0
simu5g_00000603,3,4,13,1160.0,,15.0
simu5g_00000603,3,4,14,1160.0,,15.0
simu5g_00000603,3,4,15,1160.0,,15.0
simu5g_00000603,3,4,16,1160.0,,15.0
simu5g_00000603,3,4,17,1160.0,,15.0
simu5g_00000603,3,4,18,1160.0,,15.0
simu5g_00000603,3,4,19,1160.0,,15.0
simu5g_00000603,3,4,20,1160.0,,15.0
simu5g_00000603,3,4,21,1160.0,,15.0
simu5g_00000603,3,4,22,1128.0,,14.0
simu5g_00000603,3,4,23,1160.0,,15.0
simu5g_00000603,3,4,24,1128.0,,14.0
simu5g_00000603,5,5,0,984.0,,13.0
simu5g_00000603,5,5,1,808.0,,11.0
simu5g_00000603,5,5,2,888.0,,12.0
simu5g_00000603,5,5,3,704.0,,10.0
simu5g_00000603,5,5,4,1128.0,,14.0
simu5g_00000603,5,5,5,808.0,,11.0
simu5g_00000603,5,5,6,888.0,,12.0
simu5g_00000603,5,5,7,888.0,,12.0
simu5g_00000603,5,5,8,888.0,,12.0
simu5g_00000603,5,5,9,1128.0,,14.0
simu5g_00000603,5,5,10,984.0,,13.0
simu5g_00000603,5,5,11,984.0,,13.0
simu5g_00000603,5,5,12,888.0,,12.0
simu5g_00000603,5,5,13,608.0,,9.0
simu5g_00000603,5,5,14,608.0,,9.0
simu5g_00000603,5,5,15,704.0,,10.0
simu5g_00000603,5,5,16,304.0,,5.0
simu5g_00000603,5,5,17,1128.0,,14.0
simu5g_00000603,5,5,18,984.0,,13.0
simu5g_00000603,5,5,19,984.0,,13.0
simu5g_00000603,5,5,20,808.0,,11.0
simu5g_00000603,5,5,21,528.0,,8.0
simu5g_00000603,5,5,22,1128.0,,14.0
simu5g_00000603,5,5,23,704.0,,10.0
simu5g_00000603,5,5,24,808.0,,11.0
simu5g_00000604,31,0,0,984.0,,13.0
simu5g_00000604,31,0,1,984.0,,13.0
simu5g_00000604,31,0,2,1160.0,,15.0
simu5g_00000604,31,0,3,1128.0,,14.0
simu5g_00000604,31,0,4,1160.0,,15.0
simu5g_00000604,31,0,5,1128.0,,14.0
simu5g_00000604,31,0,6,1160.0,,15.0
simu5g_00000604,31,0,7,1128.0,,14.0
simu5g_00000604,31,0,8,1160.0,,15.0
simu5g_00000604,31,0,9,1160.0,,15.0
simu5g_00000604,31,0,10,1128.0,,14.0
simu5g_00000604,31,0,11,1128.0,,14.0
simu5g_00000604,31,0,12,608.0,,9.0
simu5g_00000604,31,0,13,1128.0,,14.0
simu5g_00000604,31,0,14,1160.0,,15.0
simu5g_00000604,31,0,15,1160.0,,15.0
simu5g_00000604,31,0,16,1128.0,,14.0
simu5g_00000604,31,0,17,1160.0,,15.0
simu5g_00000604,31,0,18,1160.0,,15.0
simu5g_00000604,31,0,19,1128.0,,14.0
simu5g_00000604,31,0,20,984.0,,13.0
simu5g_00000604,31,0,21,1160.0,,15.0
simu5g_00000604,31,0,22,1128.0,,14.0
simu5g_00000604,31,0,23,1160.0,,15.0
simu5g_00000604,31,0,24,1160.0,,15.0
simu5g_00000604,4,1,0,1160.0,,15.0
simu5g_00000604,4,1,1,984.0,,13.0
simu5g_00000604,4,1,2,1160.0,,15.0
simu5g_00000604,4,1,3,608.0,,9.0
simu5g_00000604,4,1,4,1128.0,,14.0
simu5g_00000604,4,1,5,1160.0,,15.0
simu5g_00000604,4,1,6,1160.0,,15.0
simu5g_00000604,4,1,7,704.0,,10.0
simu5g_00000604,4,1,8,984.0,,13.0
simu5g_00000604,4,1,9,1128.0,,14.0
simu5g_00000604,4,1,10,1128.0,,14.0
simu5g_00000604,4,1,11,1160.0,,15.0
simu5g_00000604,4,1,12,1160.0,,15.0
simu5g_00000604,4,1,13,1128.0,,14.0
simu5g_00000604,4,1,14,1160.0,,15.0
simu5g_00000604,4,1,15,984.0,,13.0
simu5g_00000604,4,1,16,1128.0,,14.0
simu5g_00000604,4,1,17,1128.0,,14.0
simu5g_00000604,4,1,18,1160.0,,15.0
simu5g_00000604,4,1,19,1160.0,,15.0
simu5g_00000604,4,1,20,1128.0,,14.0
simu5g_00000604,4,1,21,984.0,,13.0
simu5g_00000604,4,1,22,1160.0,,15.0
simu5g_00000604,4,1,23,1160.0,,15.0
simu5g_00000604,4,1,24,1128.0,,14.0
simu5g_00000604,6,2,0,1160.0,,15.0
simu5g_00000604,6,2,1,1160.0,,15.0
simu5g_00000604,6,2,2,1160.0,,15.0
simu5g_00000604,6,2,3,984.0,,13.0
simu5g_00000604,6,2,4,1160.0,,15.0
simu5g_00000604,6,2,5,1160.0,,15.0
simu5g_00000604,6,2,6,1160.0,,15.0
simu5g_00000604,6,2,7,1160.0,,15.0
simu5g_00000604,6,2,8,1160.0,,15.0
simu5g_00000604,6,2,9,1160.0,,15.0
simu5g_00000604,6,2,10,1160.0,,15.0
simu5g_00000604,6,2,11,1160.0,,15.0
simu5g_00000604,6,2,12,1160.0,,15.0
simu5g_00000604,6,2,13,1160.0,,15.0
simu5g_00000604,6,2,14,1160.0,,15.0
simu5g_00000604,6,2,15,1160.0,,15.0
simu5g_00000604,6,2,16,1128.0,,14.0
simu5g_00000604,6,2,17,1160.0,,15.0
simu5g_00000604,6,2,18,1160.0,,15.0
simu5g_00000604,6,2,19,1160.0,,15.0
simu5g_00000604,6,2,20,1160.0,,15.0
simu5g_00000604,6,2,21,1160.0,,15.0
simu5g_00000604,6,2,22,1160.0,,15.0
simu5g_00000604,6,2,23,1160.0,,15.0
simu5g_00000604,6,2,24,1160.0,,15.0
simu5g_00000604,7,3,0,1128.0,,14.0
simu5g_00000604,7,3,1,1160.0,,15.0
simu5g_00000604,7,3,2,1128.0,,14.0
simu5g_00000604,7,3,3,608.0,,9.0
simu5g_00000604,7,3,4,888.0,,12.0
simu5g_00000604,7,3,5,1160.0,,15.0
simu5g_00000604,7,3,6,984.0,,13.0
simu5g_00000604,7,3,7,1160.0,,15.0
simu5g_00000604,7,3,8,1160.0,,15.0
simu5g_00000604,7,3,9,1128.0,,14.0
simu5g_00000604,7,3,10,1128.0,,14.0
simu5g_00000604,7,3,11,1128.0,,14.0
simu5g_00000604,7,3,12,1160.0,,15.0
simu5g_00000604,7,3,13,1160.0,,15.0
simu5g_00000604,7,3,14,1128.0,,14.0
simu5g_00000604,7,3,15,1160.0,,15.0
simu5g_00000604,7,3,16,1128.0,,14.0
simu5g_00000604,7,3,17,608.0,,9.0
simu5g_00000604,7,3,18,1160.0,,15.0
simu5g_00000604,7,3,19,1128.0,,14.0
simu5g_00000604,7,3,20,984.0,,13.0
simu5g_00000604,7,3,21,1128.0,,14.0
simu5g_00000604,7,3,22,1160.0,,15.0
simu5g_00000604,7,3,23,1160.0,,15.0
simu5g_00000604,7,3,24,1160.0,,15.0
simu5g_00000605,0,0,0,1160.0,,15.0
simu5g_00000605,0,0,1,808.0,,11.0
simu5g_00000605,0,0,2,1160.0,,15.0
simu5g_00000605,0,0,3,1128.0,,14.0
simu5g_00000605,0,0,4,1160.0,,15.0
simu5g_00000605,0,0,5,1128.0,,14.0
simu5g_00000605,0,0,6,1160.0,,15.0
simu5g_00000605,0,0,7,1160.0,,15.0
simu5g_00000605,0,0,8,984.0,,13.0
simu5g_00000605,0,0,9,1160.0,,15.0
simu5g_00000605,0,0,10,1160.0,,15.0
simu5g_00000605,0,0,11,1160.0,,15.0
simu5g_00000605,0,0,12,1160.0,,15.0
simu5g_00000605,0,0,13,1160.0,,15.0
simu5g_00000605,0,0,14,1160.0,,15.0
simu5g_00000605,0,0,15,1160.0,,15.0
simu5g_00000605,0,0,16,1160.0,,15.0
simu5g_00000605,0,0,17,1160.0,,15.0
simu5g_00000605,0,0,18,1160.0,,15.0
simu5g_00000605,0,0,19,1160.0,,15.0
simu5g_00000605,0,0,20,1160.0,,15.0
simu5g_00000605,0,0,21,1128.0,,14.0
simu5g_00000605,0,0,22,1160.0,,15.0
simu5g_00000605,0,0,23,1160.0,,15.0
simu5g_00000605,0,0,24,1128.0,,14.0
simu5g_00000605,1,1,0,1160.0,,15.0
simu5g_00000605,1,1,1,1160.0,,15.0
simu5g_00000605,1,1,2,1160.0,,15.0
simu5g_00000605,1,1,3,1160.0,,15.0
simu5g_00000605,1,1,4,1160.0,,15.0
simu5g_00000605,1,1,5,1160.0,,15.0
simu5g_00000605,1,1,6,1160.0,,15.0
simu5g_00000605,1,1,7,1128.0,,14.0
simu5g_00000605,1,1,8,984.0,,13.0
simu5g_00000605,1,1,9,1160.0,,15.0
simu5g_00000605,1,1,10,1160.0,,15.0
simu5g_00000605,1,1,11,1160.0,,15.0
simu5g_00000605,1,1,12,1160.0,,15.0
simu5g_00000605,1,1,13,1160.0,,15.0
simu5g_00000605,1,1,14,1160.0,,15.0
simu5g_00000605,1,1,15,1160.0,,15.0
simu5g_00000605,1,1,16,1160.0,,15.0
simu5g_00000605,1,1,17,1160.0,,15.0
simu5g_00000605,1,1,18,1160.0,,15.0
simu5g_00000605,1,1,19,1160.0,,15.0
simu5g_00000605,1,1,20,1160.0,,15.0
simu5g_00000605,1,1,21,984.0,,13.0
simu5g_00000605,1,1,22,1160.0,,15.0
simu5g_00000605,1,1,23,1128.0,,14.0
simu5g_00000605,1,1,24,1160.0,,15.0
simu5g_00000605,15,2,0,1160.0,,15.0
simu5g_00000605,15,2,1,1160.0,,15.0
simu5g_00000605,15,2,2,1160.0,,15.0
simu5g_00000605,15,2,3,1160.0,,15.0
simu5g_00000605,15,2,4,1160.0,,15.0
simu5g_00000605,15,2,5,1128.0,,14.0
simu5g_00000605,15,2,6,1160.0,,15.0
simu5g_00000605,15,2,7,1160.0,,15.0
simu5g_00000605,15,2,8,1160.0,,15.0
simu5g_00000605,15,2,9,1160.0,,15.0
simu5g_00000605,15,2,10,1160.0,,15.0
simu5g_00000605,15,2,11,1160.0,,15.0
simu5g_00000605,15,2,12,1128.0,,14.0
simu5g_00000605,15,2,13,1160.0,,15.0
simu5g_00000605,15,2,14,1160.0,,15.0
simu5g_00000605,15,2,15,1160.0,,15.0
simu5g_00000605,15,2,16,1160.0,,15.0
simu5g_00000605,15,2,17,1160.0,,15.0
simu5g_00000605,15,2,18,1160.0,,15.0
simu5g_00000605,15,2,19,1160.0,,15.0
simu5g_00000605,15,2,20,1160.0,,15.0
simu5g_00000605,15,2,21,1160.0,,15.0
simu5g_00000605,15,2,22,1160.0,,15.0
simu5g_00000605,15,2,23,1160.0,,15.0
simu5g_00000605,15,2,24,1160.0,,15.0
simu5g_00000605,2,3,0,1160.0,,15.0
simu5g_00000605,2,3,1,1160.0,,15.0
simu5g_00000605,2,3,2,1160.0,,15.0
simu5g_00000605,2,3,3,1160.0,,15.0
simu5g_00000605,2,3,4,1160.0,,15.0
simu5g_00000605,2,3,5,1160.0,,15.0
simu5g_00000605,2,3,6,1160.0,,15.0
simu5g_00000605,2,3,7,984.0,,13.0
simu5g_00000605,2,3,8,1160.0,,15.0
simu5g_00000605,2,3,9,1160.0,,15.0
simu5g_00000605,2,3,10,1160.0,,15.0
simu5g_00000605,2,3,11,1128.0,,14.0
simu5g_00000605,2,3,12,1160.0,,15.0
simu5g_00000605,2,3,13,1160.0,,15.0
simu5g_00000605,2,3,14,1160.0,,15.0
simu5g_00000605,2,3,15,1160.0,,15.0
simu5g_00000605,2,3,16,1128.0,,14.0
simu5g_00000605,2,3,17,1160.0,,15.0
simu5g_00000605,2,3,18,1160.0,,15.0
simu5g_00000605,2,3,19,1160.0,,15.0
simu5g_00000605,2,3,20,1160.0,,15.0
simu5g_00000605,2,3,21,1160.0,,15.0
simu5g_00000605,2,3,22,1160.0,,15.0
simu5g_00000605,2,3,23,1160.0,,15.0
simu5g_00000605,2,3,24,1128.0,,14.0
simu5g_00000605,3,4,0,1160.0,,15.0
simu5g_00000605,3,4,1,1160.0,,15.0
simu5g_00000605,3,4,2,1160.0,,15.0
simu5g_00000605,3,4,3,1160.0,,15.0
simu5g_00000605,3,4,4,1160.0,,15.0
simu5g_00000605,3,4,5,1160.0,,15.0
simu5g_00000605,3,4,6,1160.0,,15.0
simu5g_00000605,3,4,7,1160.0,,15.0
simu5g_00000605,3,4,8,1128.0,,14.0
simu5g_00000605,3,4,9,1128.0,,14.0
simu5g_00000605,3,4,10,1160.0,,15.0
simu5g_00000605,3,4,11,1160.0,,15.0
simu5g_00000605,3,4,12,1160.0,,15.0
simu5g_00000605,3,4,13,1160.0,,15.0
simu5g_00000605,3,4,14,1160.0,,15.0
simu5g_00000605,3,4,15,1160.0,,15.0
simu5g_00000605,3,4,16,1160.0,,15.0
simu5g_00000605,3,4,17,1160.0,,15.0
simu5g_00000605,3,4,18,1160.0,,15.0
simu5g_00000605,3,4,19,1160.0,,15.0
simu5g_00000605,3,4,20,1160.0,,15.0
simu5g_00000605,3,4,21,1160.0,,15.0
simu5g_00000605,3,4,22,1160.0,,15.0
simu5g_00000605,3,4,23,1160.0,,15.0
simu5g_00000605,3,4,24,1160.0,,15.0
simu5g_00000605,5,5,0,984.0,,13.0
simu5g_00000605,5,5,1,704.0,,10.0
simu5g_00000605,5,5,2,888.0,,12.0
simu5g_00000605,5,5,3,704.0,,10.0
simu5g_00000605,5,5,4,1128.0,,14.0
simu5g_00000605,5,5,5,808.0,,11.0
simu5g_00000605,5,5,6,888.0,,12.0
simu5g_00000605,5,5,7,888.0,,12.0
simu5g_00000605,5,5,8,888.0,,12.0
simu5g_00000605,5,5,9,1128.0,,14.0
simu5g_00000605,5,5,10,984.0,,13.0
simu5g_00000605,5,5,11,888.0,,12.0
simu5g_00000605,5,5,12,888.0,,12.0
simu5g_00000605,5,5,13,608.0,,9.0
simu5g_00000605,5,5,14,608.0,,9.0
simu5g_00000605,5,5,15,704.0,,10.0
simu5g_00000605,5,5,16,304.0,,5.0
simu5g_00000605,5,5,17,1128.0,,14.0
simu5g_00000605,5,5,18,984.0,,13.0
simu5g_00000605,5,5,19,888.0,,12.0
simu5g_00000605,5,5,20,808.0,,11.0
simu5g_00000605,5,5,21,528.0,,8.0
simu5g_00000605,5,5,22,1128.0,,14.0
simu5g_00000605,5,5,23,608.0,,9.0
simu5g_00000605,5,5,24,808.0,,11.0
simu5g_00000606,31,0,0,1128.0,,14.0
simu5g_00000606,31,0,1,1128.0,,14.0
simu5g_00000606,31,0,2,1160.0,,15.0
simu5g_00000606,31,0,3,1160.0,,15.0
simu5g_00000606,31,0,4,1160.0,,15.0
simu5g_00000606,31,0,5,1160.0,,15.0
simu5g_00000606,31,0,6,1160.0,,15.0
simu5g_00000606,31,0,7,1160.0,,15.0
simu5g_00000606,31,0,8,1160.0,,15.0
simu5g_00000606,31,0,9,1160.0,,15.0
simu5g_00000606,31,0,10,1160.0,,15.0
simu5g_00000606,31,0,11,1128.0,,14.0
simu5g_00000606,31,0,12,808.0,,11.0
simu5g_00000606,31,0,13,1160.0,,15.0
simu5g_00000606,31,0,14,1160.0,,15.0
simu5g_00000606,31,0,15,1160.0,,15.0
simu5g_00000606,31,0,16,1160.0,,15.0
simu5g_00000606,31,0,17,1160.0,,15.0
simu5g_00000606,31,0,18,1160.0,,15.0
simu5g_00000606,31,0,19,1128.0,,14.0
simu5g_00000606,31,0,20,1128.0,,14.0
simu5g_00000606,31,0,21,1160.0,,15.0
simu5g_00000606,31,0,22,1160.0,,15.0
simu5g_00000606,31,0,23,1160.0,,15.0
simu5g_00000606,31,0,24,1160.0,,15.0
simu5g_00000606,4,1,0,1160.0,,15.0
simu5g_00000606,4,1,1,984.0,,13.0
simu5g_00000606,4,1,2,1160.0,,15.0
simu5g_00000606,4,1,3,608.0,,9.0
simu5g_00000606,4,1,4,1128.0,,14.0
simu5g_00000606,4,1,5,1160.0,,15.0
simu5g_00000606,4,1,6,1160.0,,15.0
simu5g_00000606,4,1,7,704.0,,10.0
simu5g_00000606,4,1,8,984.0,,13.0
simu5g_00000606,4,1,9,1128.0,,14.0
simu5g_00000606,4,1,10,1128.0,,14.0
simu5g_00000606,4,1,11,1160.0,,15.0
simu5g_00000606,4,1,12,1160.0,,15.0
simu5g_00000606,4,1,13,1128.0,,14.0
simu5g_00000606,4,1,14,1160.0,,15.0
simu5g_00000606,4,1,15,984.0,,13.0
simu5g_00000606,4,1,16,1128.0,,14.0
simu5g_00000606,4,1,17,1128.0,,14.0
simu5g_00000606,4,1,18,1160.0,,15.0
simu5g_00000606,4,1,19,1160.0,,15.0
simu5g_00000606,4,1,20,1128.0,,14.0
simu5g_00000606,4,1,21,984.0,,13.0
simu5g_00000606,4,1,22,1160.0,,15.0
simu5g_00000606,4,1,23,1160.0,,15.0
simu5g_00000606,4,1,24,1128.0,,14.0
simu5g_00000606,6,2,0,1160.0,,15.0
simu5g_00000606,6,2,1,1160.0,,15.0
simu5g_00000606,6,2,2,1160.0,,15.0
simu5g_00000606,6,2,3,984.0,,13.0
simu5g_00000606,6,2,4,1160.0,,15.0
simu5g_00000606,6,2,5,1160.0,,15.0
simu5g_00000606,6,2,6,1160.0,,15.0
simu5g_00000606,6,2,7,1160.0,,15.0
simu5g_00000606,6,2,8,1160.0,,15.0
simu5g_00000606,6,2,9,1160.0,,15.0
simu5g_00000606,6,2,10,1160.0,,15.0
simu5g_00000606,6,2,11,1160.0,,15.0
simu5g_00000606,6,2,12,1160.0,,15.0
simu5g_00000606,6,2,13,1160.0,,15.0
simu5g_00000606,6,2,14,1160.0,,15.0
simu5g_00000606,6,2,15,1160.0,,15.0
simu5g_00000606,6,2,16,1128.0,,14.0
simu5g_00000606,6,2,17,1160.0,,15.0
simu5g_00000606,6,2,18,1160.0,,15.0
simu5g_00000606,6,2,19,1160.0,,15.0
simu5g_00000606,6,2,20,1160.0,,15.0
simu5g_00000606,6,2,21,1160.0,,15.0
simu5g_00000606,6,2,22,1160.0,,15.0
simu5g_00000606,6,2,23,1160.0,,15.0
simu5g_00000606,6,2,24,1160.0,,15.0
simu5g_00000606,7,3,0,1128.0,,14.0
simu5g_00000606,7,3,1,1160.0,,15.0
simu5g_00000606,7,3,2,1128.0,,14.0
simu5g_00000606,7,3,3,608.0,,9.0
simu5g_00000606,7,3,4,888.0,,12.0
simu5g_00000606,7,3,5,1160.0,,15.0
simu5g_00000606,7,3,6,984.0,,13.0
simu5g_00000606,7,3,7,1160.0,,15.0
simu5g_00000606,7,3,8,1160.0,,15.0
simu5g_00000606,7,3,9,1128.0,,14.0
simu5g_00000606,7,3,10,1128.0,,14.0
simu5g_00000606,7,3,11,1128.0,,14.0
simu5g_00000606,7,3,12,1160.0,,15.0
simu5g_00000606,7,3,13,1160.0,,15.0
simu5g_00000606,7,3,14,1128.0,,14.0
simu5g_00000606,7,3,15,1160.0,,15.0
simu5g_00000606,7,3,16,1128.0,,14.0
simu5g_00000606,7,3,17,608.0,,9.0
simu5g_00000606,7,3,18,1160.0,,15.0
simu5g_00000606,7,3,19,1128.0,,14.0
simu5g_00000606,7,3,20,984.0,,13.0
simu5g_00000606,7,3,21,1128.0,,14.0
simu5g_00000606,7,3,22,1160.0,,15.0
simu5g_00000606,7,3,23,1160.0,,15.0
simu5g_00000606,7,3,24,1160.0,,15.0
simu5g_00000607,0,0,0,1160.0,,15.0
simu5g_00000607,0,0,1,808.0,,11.0
simu5g_00000607,0,0,2,1160.0,,15.0
simu5g_00000607,0,0,3,1128.0,,14.0
simu5g_00000607,0,0,4,1160.0,,15.0
simu5g_00000607,0,0,5,1128.0,,14.0
simu5g_00000607,0,0,6,1160.0,,15.0
simu5g_00000607,0,0,7,1160.0,,15.0
simu5g_00000607,0,0,8,984.0,,13.0
simu5g_00000607,0,0,9,1160.0,,15.0
simu5g_00000607,0,0,10,1160.0,,15.0
simu5g_00000607,0,0,11,1160.0,,15.0
simu5g_00000607,0,0,12,1160.0,,15.0
simu5g_00000607,0,0,13,1160.0,,15.0
simu5g_00000607,0,0,14,1160.0,,15.0
simu5g_00000607,0,0,15,1160.0,,15.0
simu5g_00000607,0,0,16,1160.0,,15.0
simu5g_00000607,0,0,17,1160.0,,15.0
simu5g_00000607,0,0,18,1160.0,,15.0
simu5g_00000607,0,0,19,1160.0,,15.0
simu5g_00000607,0,0,20,1160.0,,15.0
simu5g_00000607,0,0,21,1128.0,,14.0
simu5g_00000607,0,0,22,1160.0,,15.0
simu5g_00000607,0,0,23,1160.0,,15.0
simu5g_00000607,0,0,24,1128.0,,14.0
simu5g_00000607,1,1,0,1160.0,,15.0
simu5g_00000607,1,1,1,1160.0,,15.0
simu5g_00000607,1,1,2,1160.0,,15.0
simu5g_00000607,1,1,3,1160.0,,15.0
simu5g_00000607,1,1,4,1160.0,,15.0
simu5g_00000607,1,1,5,1160.0,,15.0
simu5g_00000607,1,1,6,1160.0,,15.0
simu5g_00000607,1,1,7,1128.0,,14.0
simu5g_00000607,1,1,8,984.0,,13.0
simu5g_00000607,1,1,9,1160.0,,15.0
simu5g_00000607,1,1,10,1160.0,,15.0
simu5g_00000607,1,1,11,1160.0,,15.0
simu5g_00000607,1,1,12,1160.0,,15.0
simu5g_00000607,1,1,13,1160.0,,15.0
simu5g_00000607,1,1,14,1160.0,,15.0
simu5g_00000607,1,1,15,1160.0,,15.0
simu5g_00000607,1,1,16,1160.0,,15.0
simu5g_00000607,1,1,17,1160.0,,15.0
simu5g_00000607,1,1,18,1160.0,,15.0
simu5g_00000607,1,1,19,1160.0,,15.0
simu5g_00000607,1,1,20,1160.0,,15.0
simu5g_00000607,1,1,21,984.0,,13.0
simu5g_00000607,1,1,22,1160.0,,15.0
simu5g_00000607,1,1,23,1128.0,,14.0
simu5g_00000607,1,1,24,1160.0,,15.0
simu5g_00000607,15,2,0,1160.0,,15.0
simu5g_00000607,15,2,1,1160.0,,15.0
simu5g_00000607,15,2,2,1160.0,,15.0
simu5g_00000607,15,2,3,1160.0,,15.0
simu5g_00000607,15,2,4,1160.0,,15.0
simu5g_00000607,15,2,5,984.0,,13.0
simu5g_00000607,15,2,6,1160.0,,15.0
simu5g_00000607,15,2,7,1160.0,,15.0
simu5g_00000607,15,2,8,1160.0,,15.0
simu5g_00000607,15,2,9,1160.0,,15.0
simu5g_00000607,15,2,10,1160.0,,15.0
simu5g_00000607,15,2,11,1160.0,,15.0
simu5g_00000607,15,2,12,1128.0,,14.0
simu5g_00000607,15,2,13,1160.0,,15.0
simu5g_00000607,15,2,14,1160.0,,15.0
simu5g_00000607,15,2,15,1160.0,,15.0
simu5g_00000607,15,2,16,1160.0,,15.0
simu5g_00000607,15,2,17,1160.0,,15.0
simu5g_00000607,15,2,18,1160.0,,15.0
simu5g_00000607,15,2,19,1160.0,,15.0
simu5g_00000607,15,2,20,1160.0,,15.0
simu5g_00000607,15,2,21,1160.0,,15.0
simu5g_00000607,15,2,22,1160.0,,15.0
simu5g_00000607,15,2,23,1160.0,,15.0
simu5g_00000607,15,2,24,1160.0,,15.0
simu5g_00000607,2,3,0,1160.0,,15.0
simu5g_00000607,2,3,1,1160.0,,15.0
simu5g_00000607,2,3,2,1160.0,,15.0
simu5g_00000607,2,3,3,1160.0,,15.0
simu5g_00000607,2,3,4,1160.0,,15.0
simu5g_00000607,2,3,5,1160.0,,15.0
simu5g_00000607,2,3,6,1160.0,,15.0
simu5g_00000607,2,3,7,984.0,,13.0
simu5g_00000607,2,3,8,1160.0,,15.0
simu5g_00000607,2,3,9,1160.0,,15.0
simu5g_00000607,2,3,10,1160.0,,15.0
simu5g_00000607,2,3,11,1128.0,,14.0
simu5g_00000607,2,3,12,1160.0,,15.0
simu5g_00000607,2,3,13,1160.0,,15.0
simu5g_00000607,2,3,14,1160.0,,15.0
simu5g_00000607,2,3,15,1160.0,,15.0
simu5g_00000607,2,3,16,1128.0,,14.0
simu5g_00000607,2,3,17,1160.0,,15.0
simu5g_00000607,2,3,18,1160.0,,15.0
simu5g_00000607,2,3,19,1160.0,,15.0
simu5g_00000607,2,3,20,1160.0,,15.0
simu5g_00000607,2,3,21,1160.0,,15.0
simu5g_00000607,2,3,22,1160.0,,15.0
simu5g_00000607,2,3,23,1160.0,,15.0
simu5g_00000607,2,3,24,1128.0,,14.0
simu5g_00000607,3,4,0,1160.0,,15.0
simu5g_00000607,3,4,1,1160.0,,15.0
simu5g_00000607,3,4,2,1160.0,,15.0
simu5g_00000607,3,4,3,1160.0,,15.0
simu5g_00000607,3,4,4,1160.0,,15.0
simu5g_00000607,3,4,5,1160.0,,15.0
simu5g_00000607,3,4,6,1160.0,,15.0
simu5g_00000607,3,4,7,1160.0,,15.0
simu5g_00000607,3,4,8,1128.0,,14.0
simu5g_00000607,3,4,9,1128.0,,14.0
simu5g_00000607,3,4,10,1160.0,,15.0
simu5g_00000607,3,4,11,1160.0,,15.0
simu5g_00000607,3,4,12,1160.0,,15.0
simu5g_00000607,3,4,13,1160.0,,15.0
simu5g_00000607,3,4,14,1160.0,,15.0
simu5g_00000607,3,4,15,1160.0,,15.0
simu5g_00000607,3,4,16,1160.0,,15.0
simu5g_00000607,3,4,17,1160.0,,15.0
simu5g_00000607,3,4,18,1160.0,,15.0
simu5g_00000607,3,4,19,1160.0,,15.0
simu5g_00000607,3,4,20,1160.0,,15.0
simu5g_00000607,3,4,21,1160.0,,15.0
simu5g_00000607,3,4,22,1160.0,,15.0
simu5g_00000607,3,4,23,1160.0,,15.0
simu5g_00000607,3,4,24,1160.0,,15.0
simu5g_00000607,5,5,0,984.0,,13.0
simu5g_00000607,5,5,1,808.0,,11.0
simu5g_00000607,5,5,2,888.0,,12.0
simu5g_00000607,5,5,3,704.0,,10.0
simu5g_00000607,5,5,4,1128.0,,14.0
simu5g_00000607,5,5,5,808.0,,11.0
simu5g_00000607,5,5,6,888.0,,12.0
simu5g_00000607,5,5,7,888.0,,12.0
simu5g_00000607,5,5,8,888.0,,12.0
simu5g_00000607,5,5,9,1128.0,,14.0
simu5g_00000607,5,5,10,984.0,,13.0
simu5g_00000607,5,5,11,888.0,,12.0
simu5g_00000607,5,5,12,888.0,,12.0
simu5g_00000607,5,5,13,608.0,,9.0
simu5g_00000607,5,5,14,608.0,,9.0
simu5g_00000607,5,5,15,704.0,,10.0
simu5g_00000607,5,5,16,304.0,,5.0
simu5g_00000607,5,5,17,1128.0,,14.0
simu5g_00000607,5,5,18,984.0,,13.0
simu5g_00000607,5,5,19,888.0,,12.0
simu5g_00000607,5,5,20,808.0,,11.0
simu5g_00000607,5,5,21,528.0,,8.0
simu5g_00000607,5,5,22,1128.0,,14.0
simu5g_00000607,5,5,23,608.0,,9.0
simu5g_00000607,5,5,24,808.0,,11.0
simu5g_00000608,31,0,0,1128.0,,14.0
simu5g_00000608,31,0,1,1128.0,,14.0
simu5g_00000608,31,0,2,1160.0,,15.0
simu5g_00000608,31,0,3,1160.0,,15.0
simu5g_00000608,31,0,4,1160.0,,15.0
simu5g_00000608,31,0,5,1160.0,,15.0
simu5g_00000608,31,0,6,1160.0,,15.0
simu5g_00000608,31,0,7,1160.0,,15.0
simu5g_00000608,31,0,8,1160.0,,15.0
simu5g_00000608,31,0,9,1160.0,,15.0
simu5g_00000608,31,0,10,1160.0,,15.0
simu5g_00000608,31,0,11,1128.0,,14.0
simu5g_00000608,31,0,12,808.0,,11.0
simu5g_00000608,31,0,13,1160.0,,15.0
simu5g_00000608,31,0,14,1160.0,,15.0
simu5g_00000608,31,0,15,1160.0,,15.0
simu5g_00000608,31,0,16,1160.0,,15.0
simu5g_00000608,31,0,17,1160.0,,15.0
simu5g_00000608,31,0,18,1160.0,,15.0
simu5g_00000608,31,0,19,1128.0,,14.0
simu5g_00000608,31,0,20,1128.0,,14.0
simu5g_00000608,31,0,21,1160.0,,15.0
simu5g_00000608,31,0,22,1160.0,,15.0
simu5g_00000608,31,0,23,1160.0,,15.0
simu5g_00000608,31,0,24,1160.0,,15.0
simu5g_00000608,4,1,0,1160.0,,15.0
simu5g_00000608,4,1,1,984.0,,13.0
simu5g_00000608,4,1,2,1160.0,,15.0
simu5g_00000608,4,1,3,608.0,,9.0
simu5g_00000608,4,1,4,1128.0,,14.0
simu5g_00000608,4,1,5,1160.0,,15.0
simu5g_00000608,4,1,6,1160.0,,15.0
simu5g_00000608,4,1,7,704.0,,10.0
simu5g_00000608,4,1,8,984.0,,13.0
simu5g_00000608,4,1,9,1128.0,,14.0
simu5g_00000608,4,1,10,1128.0,,14.0
simu5g_00000608,4,1,11,1160.0,,15.0
simu5g_00000608,4,1,12,1160.0,,15.0
simu5g_00000608,4,1,13,1128.0,,14.0
simu5g_00000608,4,1,14,1160.0,,15.0
simu5g_00000608,4,1,15,984.0,,13.0
simu5g_00000608,4,1,16,1128.0,,14.0
simu5g_00000608,4,1,17,1128.0,,14.0
simu5g_00000608,4,1,18,1160.0,,15.0
simu5g_00000608,4,1,19,1160.0,,15.0
simu5g_00000608,4,1,20,1128.0,,14.0
simu5g_00000608,4,1,21,984.0,,13.0
simu5g_00000608,4,1,22,1160.0,,15.0
simu5g_00000608,4,1,23,1160.0,,15.0
simu5g_00000608,4,1,24,1128.0,,14.0
simu5g_00000608,6,2,0,1160.0,,15.0
simu5g_00000608,6,2,1,1160.0,,15.0
simu5g_00000608,6,2,2,1160.0,,15.0
simu5g_00000608,6,2,3,984.0,,13.0
simu5g_00000608,6,2,4,1160.0,,15.0
simu5g_00000608,6,2,5,1160.0,,15.0
simu5g_00000608,6,2,6,1160.0,,15.0
simu5g_00000608,6,2,7,1160.0,,15.0
simu5g_00000608,6,2,8,1160.0,,15.0
simu5g_00000608,6,2,9,1160.0,,15.0
simu5g_00000608,6,2,10,1160.0,,15.0
simu5g_00000608,6,2,11,1160.0,,15.0
simu5g_00000608,6,2,12,1160.0,,15.0
simu5g_00000608,6,2,13,1160.0,,15.0
simu5g_00000608,6,2,14,1160.0,,15.0
simu5g_00000608,6,2,15,1160.0,,15.0
simu5g_00000608,6,2,16,1128.0,,14.0
simu5g_00000608,6,2,17,1160.0,,15.0
simu5g_00000608,6,2,18,1160.0,,15.0
simu5g_00000608,6,2,19,1160.0,,15.0
simu5g_00000608,6,2,20,1160.0,,15.0
simu5g_00000608,6,2,21,1160.0,,15.0
simu5g_00000608,6,2,22,1160.0,,15.0
simu5g_00000608,6,2,23,1160.0,,15.0
simu5g_00000608,6,2,24,1160.0,,15.0
simu5g_00000608,7,3,0,1128.0,,14.0
simu5g_00000608,7,3,1,1160.0,,15.0
simu5g_00000608,7,3,2,1128.0,,14.0
simu5g_00000608,7,3,3,608.0,,9.0
simu5g_00000608,7,3,4,888.0,,12.0
simu5g_00000608,7,3,5,1160.0,,15.0
simu5g_00000608,7,3,6,984.0,,13.0
simu5g_00000608,7,3,7,1160.0,,15.0
simu5g_00000608,7,3,8,1160.0,,15.0
simu5g_00000608,7,3,9,1128.0,,14.0
simu5g_00000608,7,3,10,1128.0,,14.0
simu5g_00000608,7,3,11,1128.0,,14.0
simu5g_00000608,7,3,12,1160.0,,15.0
simu5g_00000608,7,3,13,1160.0,,15.0
simu5g_00000608,7,3,14,1128.0,,14.0
simu5g_00000608,7,3,15,1160.0,,15.0
simu5g_00000608,7,3,16,1128.0,,14.0
simu5g_00000608,7,3,17,608.0,,9.0
simu5g_00000608,7,3,18,1160.0,,15.0
simu5g_00000608,7,3,19,1128.0,,14.0
simu5g_00000608,7,3,20,984.0,,13.0
simu5g_00000608,7,3,21,1128.0,,14.0
simu5g_00000608,7,3,22,1160.0,,15.0
simu5g_00000608,7,3,23,1160.0,,15.0
simu5g_00000608,7,3,24,1160.0,,15.0
simu5g_00000609,0,0,0,1160.0,,15.0
simu5g_00000609,0,0,1,808.0,,11.0
simu5g_00000609,0,0,2,1160.0,,15.0
simu5g_00000609,0,0,3,1128.0,,14.0
simu5g_00000609,0,0,4,1160.0,,15.0
simu5g_00000609,0,0,5,1128.0,,14.0
simu5g_00000609,0,0,6,1160.0,,15.0
simu5g_00000609,0,0,7,1160.0,,15.0
simu5g_00000609,0,0,8,984.0,,13.0
simu5g_00000609,0,0,9,1160.0,,15.0
simu5g_00000609,0,0,10,1160.0,,15.0
simu5g_00000609,0,0,11,1160.0,,15.0
simu5g_00000609,0,0,12,1160.0,,15.0
simu5g_00000609,0,0,13,1160.0,,15.0
simu5g_00000609,0,0,14,1160.0,,15.0
simu5g_00000609,0,0,15,1160.0,,15.0
simu5g_00000609,0,0,16,1160.0,,15.0
simu5g_00000609,0,0,17,1160.0,,15.0
simu5g_00000609,0,0,18,1160.0,,15.0
simu5g_00000609,0,0,19,1160.0,,15.0
simu5g_00000609,0,0,20,1160.0,,15.0
simu5g_00000609,0,0,21,1128.0,,14.0
simu5g_00000609,0,0,22,1160.0,,15.0
simu5g_00000609,0,0,23,1160.0,,15.0
simu5g_00000609,0,0,24,1160.0,,15.0
simu5g_00000609,1,1,0,1160.0,,15.0
simu5g_00000609,1,1,1,1160.0,,15.0
simu5g_00000609,1,1,2,1160.0,,15.0
simu5g_00000609,1,1,3,1160.0,,15.0
simu5g_00000609,1,1,4,1160.0,,15.0
simu5g_00000609,1,1,5,1160.0,,15.0
simu5g_00000609,1,1,6,1160.0,,15.0
simu5g_00000609,1,1,7,1128.0,,14.0
simu5g_00000609,1,1,8,984.0,,13.0
simu5g_00000609,1,1,9,1160.0,,15.0
simu5g_00000609,1,1,10,1160.0,,15.0
simu5g_00000609,1,1,11,1160.0,,15.0
simu5g_00000609,1,1,12,1160.0,,15.0
simu5g_00000609,1,1,13,1160.0,,15.0
simu5g_00000609,1,1,14,1160.0,,15.0
simu5g_00000609,1,1,15,1160.0,,15.0
simu5g_00000609,1,1,16,1160.0,,15.0
simu5g_00000609,1,1,17,1160.0,,15.0
simu5g_00000609,1,1,18,1160.0,,15.0
simu5g_00000609,1,1,19,1160.0,,15.0
simu5g_00000609,1,1,20,1160.0,,15.0
simu5g_00000609,1,1,21,984.0,,13.0
simu5g_00000609,1,1,22,1160.0,,15.0
simu5g_00000609,1,1,23,1128.0,,14.0
simu5g_00000609,1,1,24,1160.0,,15.0
simu5g_00000609,15,2,0,1128.0,,14.0
simu5g_00000609,15,2,1,1160.0,,15.0
simu5g_00000609,15,2,2,1160.0,,15.0
simu5g_00000609,15,2,3,1160.0,,15.0
simu5g_00000609,15,2,4,1128.0,,14.0
simu5g_00000609,15,2,5,808.0,,11.0
simu5g_00000609,15,2,6,1160.0,,15.0
simu5g_00000609,15,2,7,1128.0,,14.0
simu5g_00000609,15,2,8,1160.0,,15.0
simu5g_00000609,15,2,9,1160.0,,15.0
simu5g_00000609,15,2,10,1160.0,,15.0
simu5g_00000609,15,2,11,1160.0,,15.0
simu5g_00000609,15,2,12,984.0,,13.0
simu5g_00000609,15,2,13,1160.0,,15.0
simu5g_00000609,15,2,14,1160.0,,15.0
simu5g_00000609,15,2,15,1128.0,,14.0
simu5g_00000609,15,2,16,1160.0,,15.0
simu5g_00000609,15,2,17,1160.0,,15.0
simu5g_00000609,15,2,18,1160.0,,15.0
simu5g_00000609,15,2,19,1160.0,,15.0
simu5g_00000609,15,2,20,1160.0,,15.0
simu5g_00000609,15,2,21,1160.0,,15.0
simu5g_00000609,15,2,22,1160.0,,15.0
simu5g_00000609,15,2,23,1160.0,,15.0
simu5g_00000609,15,2,24,1160.0,,15.0
simu5g_00000609,2,3,0,1160.0,,15.0
simu5g_00000609,2,3,1,1160.0,,15.0
simu5g_00000609,2,3,2,1160.0,,15.0
simu5g_00000609,2,3,3,1160.0,,15.0
simu5g_00000609,2,3,4,1160.0,,15.0
simu5g_00000609,2,3,5,1160.0,,15.0
simu5g_00000609,2,3,6,1160.0,,15.0
simu5g_00000609,2,3,7,984.0,,13.0
simu5g_00000609,2,3,8,1160.0,,15.0
simu5g_00000609,2,3,9,1160.0,,15.0
simu5g_00000609,2,3,10,1160.0,,15.0
simu5g_00000609,2,3,11,1128.0,,14.0
simu5g_00000609,2,3,12,1160.0,,15.0
simu5g_00000609,2,3,13,1160.0,,15.0
simu5g_00000609,2,3,14,1160.0,,15.0
simu5g_00000609,2,3,15,1160.0,,15.0
simu5g_00000609,2,3,16,1128.0,,14.0
simu5g_00000609,2,3,17,1160.0,,15.0
simu5g_00000609,2,3,18,1160.0,,15.0
simu5g_00000609,2,3,19,1160.0,,15.0
simu5g_00000609,2,3,20,1160.0,,15.0
simu5g_00000609,2,3,21,1160.0,,15.0
simu5g_00000609,2,3,22,1160.0,,15.0
simu5g_00000609,2,3,23,1160.0,,15.0
simu5g_00000609,2,3,24,1128.0,,14.0
simu5g_00000609,3,4,0,1160.0,,15.0
simu5g_00000609,3,4,1,1160.0,,15.0
simu5g_00000609,3,4,2,1160.0,,15.0
simu5g_00000609,3,4,3,1160.0,,15.0
simu5g_00000609,3,4,4,1160.0,,15.0
simu5g_00000609,3,4,5,1160.0,,15.0
simu5g_00000609,3,4,6,1160.0,,15.0
simu5g_00000609,3,4,7,1160.0,,15.0
simu5g_00000609,3,4,8,1128.0,,14.0
simu5g_00000609,3,4,9,1128.0,,14.0
simu5g_00000609,3,4,10,1160.0,,15.0
simu5g_00000609,3,4,11,1160.0,,15.0
simu5g_00000609,3,4,12,1160.0,,15.0
simu5g_00000609,3,4,13,1160.0,,15.0
simu5g_00000609,3,4,14,1160.0,,15.0
simu5g_00000609,3,4,15,1160.0,,15.0
simu5g_00000609,3,4,16,1160.0,,15.0
simu5g_00000609,3,4,17,1160.0,,15.0
simu5g_00000609,3,4,18,1160.0,,15.0
simu5g_00000609,3,4,19,1160.0,,15.0
simu5g_00000609,3,4,20,1160.0,,15.0
simu5g_00000609,3,4,21,1160.0,,15.0
simu5g_00000609,3,4,22,1160.0,,15.0
simu5g_00000609,3,4,23,1160.0,,15.0
simu5g_00000609,3,4,24,1160.0,,15.0
simu5g_00000609,5,5,0,984.0,,13.0
simu5g_00000609,5,5,1,808.0,,11.0
simu5g_00000609,5,5,2,888.0,,12.0
simu5g_00000609,5,5,3,704.0,,10.0
simu5g_00000609,5,5,4,1128.0,,14.0
simu5g_00000609,5,5,5,808.0,,11.0
simu5g_00000609,5,5,6,888.0,,12.0
simu5g_00000609,5,5,7,888.0,,12.0
simu5g_00000609,5,5,8,888.0,,12.0
simu5g_00000609,5,5,9,1128.0,,14.0
simu5g_00000609,5,5,10,984.0,,13.0
simu5g_00000609,5,5,11,984.0,,13.0
simu5g_00000609,5,5,12,888.0,,12.0
simu5g_00000609,5,5,13,608.0,,9.0
simu5g_00000609,5,5,14,608.0,,9.0
simu5g_00000609,5,5,15,704.0,,10.0
simu5g_00000609,5,5,16,304.0,,5.0
simu5g_00000609,5,5,17,1128.0,,14.0
simu5g_00000609,5,5,18,984.0,,13.0
simu5g_00000609,5,5,19,888.0,,12.0
simu5g_00000609,5,5,20,808.0,,11.0
simu5g_00000609,5,5,21,528.0,,8.0
simu5g_00000609,5,5,22,1128.0,,14.0
simu5g_00000609,5,5,23,608.0,,9.0
simu5g_00000609,5,5,24,808.0,,11.0
simu5g_00000610,31,0,0,1128.0,,14.0
simu5g_00000610,31,0,1,1128.0,,14.0
simu5g_00000610,31,0,2,1160.0,,15.0
simu5g_00000610,31,0,3,1160.0,,15.0
simu5g_00000610,31,0,4,1160.0,,15.0
simu5g_00000610,31,0,5,1160.0,,15.0
simu5g_00000610,31,0,6,1160.0,,15.0
simu5g_00000610,31,0,7,1160.0,,15.0
simu5g_00000610,31,0,8,1160.0,,15.0
simu5g_00000610,31,0,9,1160.0,,15.0
simu5g_00000610,31,0,10,1160.0,,15.0
simu5g_00000610,31,0,11,1128.0,,14.0
simu5g_00000610,31,0,12,808.0,,11.0
simu5g_00000610,31,0,13,1160.0,,15.0
simu5g_00000610,31,0,14,1160.0,,15.0
simu5g_00000610,31,0,15,1160.0,,15.0
simu5g_00000610,31,0,16,1160.0,,15.0
simu5g_00000610,31,0,17,1160.0,,15.0
simu5g_00000610,31,0,18,1160.0,,15.0
simu5g_00000610,31,0,19,1128.0,,14.0
simu5g_00000610,31,0,20,1128.0,,14.0
simu5g_00000610,31,0,21,1160.0,,15.0
simu5g_00000610,31,0,22,1160.0,,15.0
simu5g_00000610,31,0,23,1160.0,,15.0
simu5g_00000610,31,0,24,1160.0,,15.0
simu5g_00000610,4,1,0,1160.0,,15.0
simu5g_00000610,4,1,1,984.0,,13.0
simu5g_00000610,4,1,2,1160.0,,15.0
simu5g_00000610,4,1,3,608.0,,9.0
simu5g_00000610,4,1,4,1128.0,,14.0
simu5g_00000610,4,1,5,1160.0,,15.0
simu5g_00000610,4,1,6,1160.0,,15.0
simu5g_00000610,4,1,7,704.0,,10.0
simu5g_00000610,4,1,8,984.0,,13.0
simu5g_00000610,4,1,9,1128.0,,14.0
simu5g_00000610,4,1,10,1128.0,,14.0
simu5g_00000610,4,1,11,1160.0,,15.0
simu5g_00000610,4,1,12,1160.0,,15.0
simu5g_00000610,4,1,13,1128.0,,14.0
simu5g_00000610,4,1,14,1160.0,,15.0
simu5g_00000610,4,1,15,984.0,,13.0
simu5g_00000610,4,1,16,1128.0,,14.0
simu5g_00000610,4,1,17,1128.0,,14.0
simu5g_00000610,4,1,18,1160.0,,15.0
simu5g_00000610,4,1,19,1160.0,,15.0
simu5g_00000610,4,1,20,1128.0,,14.0
simu5g_00000610,4,1,21,984.0,,13.0
simu5g_00000610,4,1,22,1160.0,,15.0
simu5g_00000610,4,1,23,1160.0,,15.0
simu5g_00000610,4,1,24,1128.0,,14.0
simu5g_00000610,6,2,0,1160.0,,15.0
simu5g_00000610,6,2,1,1160.0,,15.0
simu5g_00000610,6,2,2,1160.0,,15.0
simu5g_00000610,6,2,3,984.0,,13.0
simu5g_00000610,6,2,4,1160.0,,15.0
simu5g_00000610,6,2,5,1160.0,,15.0
simu5g_00000610,6,2,6,1160.0,,15.0
simu5g_00000610,6,2,7,1160.0,,15.0
simu5g_00000610,6,2,8,1160.0,,15.0
simu5g_00000610,6,2,9,1160.0,,15.0
simu5g_00000610,6,2,10,1160.0,,15.0
simu5g_00000610,6,2,11,1160.0,,15.0
simu5g_00000610,6,2,12,1160.0,,15.0
simu5g_00000610,6,2,13,1160.0,,15.0
simu5g_00000610,6,2,14,1160.0,,15.0
simu5g_00000610,6,2,15,1160.0,,15.0
simu5g_00000610,6,2,16,1128.0,,14.0
simu5g_00000610,6,2,17,1160.0,,15.0
simu5g_00000610,6,2,18,1160.0,,15.0
simu5g_00000610,6,2,19,1160.0,,15.0
simu5g_00000610,6,2,20,1160.0,,15.0
simu5g_00000610,6,2,21,1160.0,,15.0
simu5g_00000610,6,2,22,1160.0,,15.0
simu5g_00000610,6,2,23,1160.0,,15.0
simu5g_00000610,6,2,24,1160.0,,15.0
simu5g_00000610,7,3,0,1128.0,,14.0
simu5g_00000610,7,3,1,1160.0,,15.0
simu5g_00000610,7,3,2,1128.0,,14.0
simu5g_00000610,7,3,3,608.0,,9.0
simu5g_00000610,7,3,4,888.0,,12.0
simu5g_00000610,7,3,5,1160.0,,15.0
simu5g_00000610,7,3,6,984.0,,13.0
simu5g_00000610,7,3,7,1160.0,,15.0
simu5g_00000610,7,3,8,1160.0,,15.0
simu5g_00000610,7,3,9,1128.0,,14.0
simu5g_00000610,7,3,10,1128.0,,14.0
simu5g_00000610,7,3,11,1128.0,,14.0
simu5g_00000610,7,3,12,1160.0,,15.0
simu5g_00000610,7,3,13,1160.0,,15.0
simu5g_00000610,7,3,14,1128.0,,14.0
simu5g_00000610,7,3,15,1160.0,,15.0
simu5g_00000610,7,3,16,1128.0,,14.0
simu5g_00000610,7,3,17,608.0,,9.0
simu5g_00000610,7,3,18,1160.0,,15.0
simu5g_00000610,7,3,19,1128.0,,14.0
simu5g_00000610,7,3,20,984.0,,13.0
simu5g_00000610,7,3,21,1128.0,,14.0
simu5g_00000610,7,3,22,1160.0,,15.0
simu5g_00000610,7,3,23,1160.0,,15.0
simu5g_00000610,7,3,24,1160.0,,15.0
simu5g_00000611,0,0,0,1160.0,,15.0
simu5g_00000611,0,0,1,808.0,,11.0
simu5g_00000611,0,0,2,1160.0,,15.0
simu5g_00000611,0,0,3,1128.0,,14.0
simu5g_00000611,0,0,4,1160.0,,15.0
simu5g_00000611,0,0,5,1128.0,,14.0
simu5g_00000611,0,0,6,1160.0,,15.0
simu5g_00000611,0,0,7,1160.0,,15.0
simu5g_00000611,0,0,8,984.0,,13.0
simu5g_00000611,0,0,9,1160.0,,15.0
simu5g_00000611,0,0,10,1160.0,,15.0
simu5g_00000611,0,0,11,1160.0,,15.0
simu5g_00000611,0,0,12,1160.0,,15.0
simu5g_00000611,0,0,13,1160.0,,15.0
simu5g_00000611,0,0,14,1160.0,,15.0
simu5g_00000611,0,0,15,1160.0,,15.0
simu5g_00000611,0,0,16,1160.0,,15.0
simu5g_00000611,0,0,17,1160.0,,15.0
simu5g_00000611,0,0,18,1160.0,,15.0
simu5g_00000611,0,0,19,1160.0,,15.0
simu5g_00000611,0,0,20,1160.0,,15.0
simu5g_00000611,0,0,21,1128.0,,14.0
simu5g_00000611,0,0,22,1160.0,,15.0
simu5g_00000611,0,0,23,1160.0,,15.0
simu5g_00000611,0,0,24,1160.0,,15.0
simu5g_00000611,1,1,0,1160.0,,15.0
simu5g_00000611,1,1,1,1160.0,,15.0
simu5g_00000611,1,1,2,1160.0,,15.0
simu5g_00000611,1,1,3,1160.0,,15.0
simu5g_00000611,1,1,4,1160.0,,15.0
simu5g_00000611,1,1,5,1160.0,,15.0
simu5g_00000611,1,1,6,1160.0,,15.0
simu5g_00000611,1,1,7,1128.0,,14.0
simu5g_00000611,1,1,8,984.0,,13.0
simu5g_00000611,1,1,9,1160.0,,15.0
simu5g_00000611,1,1,10,1160.0,,15.0
simu5g_00000611,1,1,11,1160.0,,15.0
simu5g_00000611,1,1,12,1160.0,,15.0
simu5g_00000611,1,1,13,1160.0,,15.0
simu5g_00000611,1,1,14,1160.0,,15.0
simu5g_00000611,1,1,15,1160.0,,15.0
simu5g_00000611,1,1,16,1160.0,,15.0
simu5g_00000611,1,1,17,1160.0,,15.0
simu5g_00000611,1,1,18,1160.0,,15.0
simu5g_00000611,1,1,19,1160.0,,15.0
simu5g_00000611,1,1,20,1160.0,,15.0
simu5g_00000611,1,1,21,984.0,,13.0
simu5g_00000611,1,1,22,1160.0,,15.0
simu5g_00000611,1,1,23,1128.0,,14.0
simu5g_00000611,1,1,24,1160.0,,15.0
simu5g_00000611,15,2,0,1128.0,,14.0
simu5g_00000611,15,2,1,1128.0,,14.0
simu5g_00000611,15,2,2,1160.0,,15.0
simu5g_00000611,15,2,3,1160.0,,15.0
simu5g_00000611,15,2,4,1128.0,,14.0
simu5g_00000611,15,2,5,808.0,,11.0
simu5g_00000611,15,2,6,1160.0,,15.0
simu5g_00000611,15,2,7,1128.0,,14.0
simu5g_00000611,15,2,8,1160.0,,15.0
simu5g_00000611,15,2,9,1160.0,,15.0
simu5g_00000611,15,2,10,1160.0,,15.0
simu5g_00000611,15,2,11,1160.0,,15.0
simu5g_00000611,15,2,12,984.0,,13.0
simu5g_00000611,15,2,13,1160.0,,15.0
simu5g_00000611,15,2,14,1160.0,,15.0
simu5g_00000611,15,2,15,1128.0,,14.0
simu5g_00000611,15,2,16,1160.0,,15.0
simu5g_00000611,15,2,17,1160.0,,15.0
simu5g_00000611,15,2,18,1160.0,,15.0
simu5g_00000611,15,2,19,1160.0,,15.0
simu5g_00000611,15,2,20,1160.0,,15.0
simu5g_00000611,15,2,21,1160.0,,15.0
simu5g_00000611,15,2,22,1160.0,,15.0
simu5g_00000611,15,2,23,1160.0,,15.0
simu5g_00000611,15,2,24,1160.0,,15.0
simu5g_00000611,2,3,0,1160.0,,15.0
simu5g_00000611,2,3,1,1160.0,,15.0
simu5g_00000611,2,3,2,1160.0,,15.0
simu5g_00000611,2,3,3,1160.0,,15.0
simu5g_00000611,2,3,4,1160.0,,15.0
simu5g_00000611,2,3,5,1160.0,,15.0
simu5g_00000611,2,3,6,1160.0,,15.0
simu5g_00000611,2,3,7,984.0,,13.0
simu5g_00000611,2,3,8,1160.0,,15.0
simu5g_00000611,2,3,9,1160.0,,15.0
simu5g_00000611,2,3,10,1160.0,,15.0
simu5g_00000611,2,3,11,1128.0,,14.0
simu5g_00000611,2,3,12,1160.0,,15.0
simu5g_00000611,2,3,13,1160.0,,15.0
simu5g_00000611,2,3,14,1160.0,,15.0
simu5g_00000611,2,3,15,1160.0,,15.0
simu5g_00000611,2,3,16,1128.0,,14.0
simu5g_00000611,2,3,17,1160.0,,15.0
simu5g_00000611,2,3,18,1160.0,,15.0
simu5g_00000611,2,3,19,1160.0,,15.0
simu5g_00000611,2,3,20,1160.0,,15.0
simu5g_00000611,2,3,21,1160.0,,15.0
simu5g_00000611,2,3,22,1160.0,,15.0
simu5g_00000611,2,3,23,1160.0,,15.0
simu5g_00000611,2,3,24,1128.0,,14.0
simu5g_00000611,3,4,0,984.0,,13.0
simu5g_00000611,3,4,1,1160.0,,15.0
simu5g_00000611,3,4,2,1128.0,,14.0
simu5g_00000611,3,4,3,1128.0,,14.0
simu5g_00000611,3,4,4,1160.0,,15.0
simu5g_00000611,3,4,5,1160.0,,15.0
simu5g_00000611,3,4,6,1128.0,,14.0
simu5g_00000611,3,4,7,1128.0,,14.0
simu5g_00000611,3,4,8,704.0,,10.0
simu5g_00000611,3,4,9,608.0,,9.0
simu5g_00000611,3,4,10,1128.0,,14.0
simu5g_00000611,3,4,11,1128.0,,14.0
simu5g_00000611,3,4,12,1128.0,,14.0
simu5g_00000611,3,4,13,1128.0,,14.0
simu5g_00000611,3,4,14,1160.0,,15.0
simu5g_00000611,3,4,15,1128.0,,14.0
simu5g_00000611,3,4,16,1128.0,,14.0
simu5g_00000611,3,4,17,1128.0,,14.0
simu5g_00000611,3,4,18,1128.0,,14.0
simu5g_00000611,3,4,19,1128.0,,14.0
simu5g_00000611,3,4,20,1128.0,,14.0
simu5g_00000611,3,4,21,984.0,,13.0
simu5g_00000611,3,4,22,984.0,,13.0
simu5g_00000611,3,4,23,1128.0,,14.0
simu5g_00000611,3,4,24,984.0,,13.0
simu5g_00000611,5,5,0,984.0,,13.0
simu5g_00000611,5,5,1,808.0,,11.0
simu5g_00000611,5,5,2,888.0,,12.0
simu5g_00000611,5,5,3,704.0,,10.0
simu5g_00000611,5,5,4,1128.0,,14.0
simu5g_00000611,5,5,5,808.0,,11.0
simu5g_00000611,5,5,6,888.0,,12.0
simu5g_00000611,5,5,7,888.0,,12.0
simu5g_00000611,5,5,8,888.0,,12.0
simu5g_00000611,5,5,9,1128.0,,14.0
simu5g_00000611,5,5,10,984.0,,13.0
simu5g_00000611,5,5,11,984.0,,13.0
simu5g_00000611,5,5,12,888.0,,12.0
simu5g_00000611,5,5,13,608.0,,9.0
simu5g_00000611,5,5,14,608.0,,9.0
simu5g_00000611,5,5,15,704.0,,10.0
simu5g_00000611,5,5,16,304.0,,5.0
simu5g_00000611,5,5,17,1128.0,,14.0
simu5g_00000611,5,5,18,984.0,,13.0
simu5g_00000611,5,5,19,888.0,,12.0
simu5g_00000611,5,5,20,808.0,,11.0
simu5g_00000611,5,5,21,528.0,,8.0
simu5g_00000611,5,5,22,1128.0,,14.0
simu5g_00000611,5,5,23,704.0,,10.0
simu5g_00000611,5,5,24,808.0,,11.0
simu5g_00000612,31,0,0,808.0,,11.0
simu5g_00000612,31,0,1,608.0,,9.0
simu5g_00000612,31,0,2,1128.0,,14.0
simu5g_00000612,31,0,3,984.0,,13.0
simu5g_00000612,31,0,4,1128.0,,14.0
simu5g_00000612,31,0,5,888.0,,12.0
simu5g_00000612,31,0,6,1128.0,,14.0
simu5g_00000612,31,0,7,888.0,,12.0
simu5g_00000612,31,0,8,1160.0,,15.0
simu5g_00000612,31,0,9,1128.0,,14.0
simu5g_00000612,31,0,10,984.0,,13.0
simu5g_00000612,31,0,11,888.0,,12.0
simu5g_00000612,31,0,12,368.0,,6.0
simu5g_00000612,31,0,13,984.0,,13.0
simu5g_00000612,31,0,14,1128.0,,14.0
simu5g_00000612,31,0,15,1128.0,,14.0
simu5g_00000612,31,0,16,888.0,,12.0
simu5g_00000612,31,0,17,1128.0,,14.0
simu5g_00000612,31,0,18,1160.0,,15.0
simu5g_00000612,31,0,19,808.0,,11.0
simu5g_00000612,31,0,20,808.0,,11.0
simu5g_00000612,31,0,21,984.0,,13.0
simu5g_00000612,31,0,22,888.0,,12.0
simu5g_00000612,31,0,23,1128.0,,14.0
simu5g_00000612,31,0,24,1160.0,,15.0
simu5g_00000612,4,1,0,1160.0,,15.0
simu5g_00000612,4,1,1,984.0,,13.0
simu5g_00000612,4,1,2,1160.0,,15.0
simu5g_00000612,4,1,3,608.0,,9.0
simu5g_00000612,4,1,4,1160.0,,15.0
simu5g_00000612,4,1,5,1160.0,,15.0
simu5g_00000612,4,1,6,1160.0,,15.0
simu5g_00000612,4,1,7,808.0,,11.0
simu5g_00000612,4,1,8,984.0,,13.0
simu5g_00000612,4,1,9,1160.0,,15.0
simu5g_00000612,4,1,10,1128.0,,14.0
simu5g_00000612,4,1,11,1160.0,,15.0
simu5g_00000612,4,1,12,1160.0,,15.0
simu5g_00000612,4,1,13,1128.0,,14.0
simu5g_00000612,4,1,14,1160.0,,15.0
simu5g_00000612,4,1,15,984.0,,13.0
simu5g_00000612,4,1,16,1128.0,,14.0
simu5g_00000612,4,1,17,1128.0,,14.0
simu5g_00000612,4,1,18,1160.0,,15.0
simu5g_00000612,4,1,19,1160.0,,15.0
simu5g_00000612,4,1,20,1128.0,,14.0
simu5g_00000612,4,1,21,1128.0,,14.0
simu5g_00000612,4,1,22,1160.0,,15.0
simu5g_00000612,4,1,23,1160.0,,15.0
simu5g_00000612,4,1,24,1128.0,,14.0
simu5g_00000612,6,2,0,1160.0,,15.0
simu5g_00000612,6,2,1,1160.0,,15.0
simu5g_00000612,6,2,2,1160.0,,15.0
simu5g_00000612,6,2,3,984.0,,13.0
simu5g_00000612,6,2,4,1160.0,,15.0
simu5g_00000612,6,2,5,1160.0,,15.0
simu5g_00000612,6,2,6,1160.0,,15.0
simu5g_00000612,6,2,7,1160.0,,15.0
simu5g_00000612,6,2,8,1160.0,,15.0
simu5g_00000612,6,2,9,1160.0,,15.0
simu5g_00000612,6,2,10,1160.0,,15.0
simu5g_00000612,6,2,11,1160.0,,15.0
simu5g_00000612,6,2,12,1160.0,,15.0
simu5g_00000612,6,2,13,1160.0,,15.0
simu5g_00000612,6,2,14,1160.0,,15.0
simu5g_00000612,6,2,15,1160.0,,15.0
simu5g_00000612,6,2,16,1128.0,,14.0
simu5g_00000612,6,2,17,1160.0,,15.0
simu5g_00000612,6,2,18,1160.0,,15.0
simu5g_00000612,6,2,19,1160.0,,15.0
simu5g_00000612,6,2,20,1160.0,,15.0
simu5g_00000612,6,2,21,1160.0,,15.0
simu5g_00000612,6,2,22,1160.0,,15.0
simu5g_00000612,6,2,23,1160.0,,15.0
simu5g_00000612,6,2,24,1160.0,,15.0
simu5g_00000612,7,3,0,1128.0,,14.0
simu5g_00000612,7,3,1,1160.0,,15.0
simu5g_00000612,7,3,2,1128.0,,14.0
simu5g_00000612,7,3,3,608.0,,9.0
simu5g_00000612,7,3,4,888.0,,12.0
simu5g_00000612,7,3,5,1160.0,,15.0
simu5g_00000612,7,3,6,984.0,,13.0
simu5g_00000612,7,3,7,1160.0,,15.0
simu5g_00000612,7,3,8,1160.0,,15.0
simu5g_00000612,7,3,9,1128.0,,14.0
simu5g_00000612,7,3,10,1128.0,,14.0
simu5g_00000612,7,3,11,1128.0,,14.0
simu5g_00000612,7,3,12,1160.0,,15.0
simu5g_00000612,7,3,13,1160.0,,15.0
simu5g_00000612,7,3,14,1128.0,,14.0
simu5g_00000612,7,3,15,1160.0,,15.0
simu5g_00000612,7,3,16,1128.0,,14.0
simu5g_00000612,7,3,17,608.0,,9.0
simu5g_00000612,7,3,18,1160.0,,15.0
simu5g_00000612,7,3,19,1128.0,,14.0
simu5g_00000612,7,3,20,984.0,,13.0
simu5g_00000612,7,3,21,1128.0,,14.0
simu5g_00000612,7,3,22,1160.0,,15.0
simu5g_00000612,7,3,23,1160.0,,15.0
simu5g_00000612,7,3,24,1160.0,,15.0
simu5g_00000613,0,0,0,1160.0,,15.0
simu5g_00000613,0,0,1,984.0,,13.0
simu5g_00000613,0,0,2,1160.0,,15.0
simu5g_00000613,0,0,3,1160.0,,15.0
simu5g_00000613,0,0,4,1160.0,,15.0
simu5g_00000613,0,0,5,1160.0,,15.0
simu5g_00000613,0,0,6,1160.0,,15.0
simu5g_00000613,0,0,7,1160.0,,15.0
simu5g_00000613,0,0,8,1128.0,,14.0
simu5g_00000613,0,0,9,1160.0,,15.0
simu5g_00000613,0,0,10,1160.0,,15.0
simu5g_00000613,0,0,11,1160.0,,15.0
simu5g_00000613,0,0,12,1160.0,,15.0
simu5g_00000613,0,0,13,1160.0,,15.0
simu5g_00000613,0,0,14,1160.0,,15.0
simu5g_00000613,0,0,15,1160.0,,15.0
simu5g_00000613,0,0,16,1160.0,,15.0
simu5g_00000613,0,0,17,1160.0,,15.0
simu5g_00000613,0,0,18,1160.0,,15.0
simu5g_00000613,0,0,19,1160.0,,15.0
simu5g_00000613,0,0,20,1160.0,,15.0
simu5g_00000613,0,0,21,1128.0,,14.0
simu5g_00000613,0,0,22,1160.0,,15.0
simu5g_00000613,0,0,23,1160.0,,15.0
simu5g_00000613,0,0,24,1160.0,,15.0
simu5g_00000613,1,1,0,1160.0,,15.0
simu5g_00000613,1,1,1,1160.0,,15.0
simu5g_00000613,1,1,2,1160.0,,15.0
simu5g_00000613,1,1,3,1160.0,,15.0
simu5g_00000613,1,1,4,1160.0,,15.0
simu5g_00000613,1,1,5,1160.0,,15.0
simu5g_00000613,1,1,6,1160.0,,15.0
simu5g_00000613,1,1,7,1160.0,,15.0
simu5g_00000613,1,1,8,1128.0,,14.0
simu5g_00000613,1,1,9,1160.0,,15.0
simu5g_00000613,1,1,10,1160.0,,15.0
simu5g_00000613,1,1,11,1160.0,,15.0
simu5g_00000613,1,1,12,1160.0,,15.0
simu5g_00000613,1,1,13,1160.0,,15.0
simu5g_00000613,1,1,14,1160.0,,15.0
simu5g_00000613,1,1,15,1160.0,,15.0
simu5g_00000613,1,1,16,1160.0,,15.0
simu5g_00000613,1,1,17,1160.0,,15.0
simu5g_00000613,1,1,18,1160.0,,15.0
simu5g_00000613,1,1,19,1160.0,,15.0
simu5g_00000613,1,1,20,1160.0,,15.0
simu5g_00000613,1,1,21,1128.0,,14.0
simu5g_00000613,1,1,22,1160.0,,15.0
simu5g_00000613,1,1,23,1160.0,,15.0
simu5g_00000613,1,1,24,1160.0,,15.0
simu5g_00000613,15,2,0,1128.0,,14.0
simu5g_00000613,15,2,1,1128.0,,14.0
simu5g_00000613,15,2,2,1160.0,,15.0
simu5g_00000613,15,2,3,1160.0,,15.0
simu5g_00000613,15,2,4,1128.0,,14.0
simu5g_00000613,15,2,5,808.0,,11.0
simu5g_00000613,15,2,6,1160.0,,15.0
simu5g_00000613,15,2,7,1128.0,,14.0
simu5g_00000613,15,2,8,1160.0,,15.0
simu5g_00000613,15,2,9,1160.0,,15.0
simu5g_00000613,15,2,10,1160.0,,15.0
simu5g_00000613,15,2,11,1160.0,,15.0
simu5g_00000613,15,2,12,984.0,,13.0
simu5g_00000613,15,2,13,1160.0,,15.0
simu5g_00000613,15,2,14,1128.0,,14.0
simu5g_00000613,15,2,15,1128.0,,14.0
simu5g_00000613,15,2,16,1160.0,,15.0
simu5g_00000613,15,2,17,1160.0,,15.0
simu5g_00000613,15,2,18,1160.0,,15.0
simu5g_00000613,15,2,19,1160.0,,15.0
simu5g_00000613,15,2,20,1160.0,,15.0
simu5g_00000613,15,2,21,1160.0,,15.0
simu5g_00000613,15,2,22,1160.0,,15.0
simu5g_00000613,15,2,23,1160.0,,15.0
simu5g_00000613,15,2,24,1160.0,,15.0
simu5g_00000613,2,3,0,1160.0,,15.0
simu5g_00000613,2,3,1,1160.0,,15.0
simu5g_00000613,2,3,2,1160.0,,15.0
simu5g_00000613,2,3,3,1160.0,,15.0
simu5g_00000613,2,3,4,1160.0,,15.0
simu5g_00000613,2,3,5,1160.0,,15.0
simu5g_00000613,2,3,6,1160.0,,15.0
simu5g_00000613,2,3,7,984.0,,13.0
simu5g_00000613,2,3,8,1160.0,,15.0
simu5g_00000613,2,3,9,1160.0,,15.0
simu5g_00000613,2,3,10,1160.0,,15.0
simu5g_00000613,2,3,11,1128.0,,14.0
simu5g_00000613,2,3,12,1160.0,,15.0
simu5g_00000613,2,3,13,1160.0,,15.0
simu5g_00000613,2,3,14,1160.0,,15.0
simu5g_00000613,2,3,15,1160.0,,15.0
simu5g_00000613,2,3,16,1128.0,,14.0
simu5g_00000613,2,3,17,1160.0,,15.0
simu5g_00000613,2,3,18,1160.0,,15.0
simu5g_00000613,2,3,19,1160.0,,15.0
simu5g_00000613,2,3,20,1160.0,,15.0
simu5g_00000613,2,3,21,1160.0,,15.0
simu5g_00000613,2,3,22,1160.0,,15.0
simu5g_00000613,2,3,23,1160.0,,15.0
simu5g_00000613,2,3,24,1128.0,,14.0
simu5g_00000613,3,4,0,984.0,,13.0
simu5g_00000613,3,4,1,1160.0,,15.0
simu5g_00000613,3,4,2,1128.0,,14.0
simu5g_00000613,3,4,3,1128.0,,14.0
simu5g_00000613,3,4,4,1160.0,,15.0
simu5g_00000613,3,4,5,1160.0,,15.0
simu5g_00000613,3,4,6,1128.0,,14.0
simu5g_00000613,3,4,7,1128.0,,14.0
simu5g_00000613,3,4,8,704.0,,10.0
simu5g_00000613,3,4,9,608.0,,9.0
simu5g_00000613,3,4,10,1128.0,,14.0
simu5g_00000613,3,4,11,1128.0,,14.0
simu5g_00000613,3,4,12,1128.0,,14.0
simu5g_00000613,3,4,13,1128.0,,14.0
simu5g_00000613,3,4,14,1160.0,,15.0
simu5g_00000613,3,4,15,1128.0,,14.0
simu5g_00000613,3,4,16,1128.0,,14.0
simu5g_00000613,3,4,17,1128.0,,14.0
simu5g_00000613,3,4,18,1128.0,,14.0
simu5g_00000613,3,4,19,1128.0,,14.0
simu5g_00000613,3,4,20,1128.0,,14.0
simu5g_00000613,3,4,21,984.0,,13.0
simu5g_00000613,3,4,22,984.0,,13.0
simu5g_00000613,3,4,23,1128.0,,14.0
simu5g_00000613,3,4,24,984.0,,13.0
simu5g_00000613,5,5,0,984.0,,13.0
simu5g_00000613,5,5,1,808.0,,11.0
simu5g_00000613,5,5,2,888.0,,12.0
simu5g_00000613,5,5,3,808.0,,11.0
simu5g_00000613,5,5,4,1128.0,,14.0
simu5g_00000613,5,5,5,888.0,,12.0
simu5g_00000613,5,5,6,888.0,,12.0
simu5g_00000613,5,5,7,888.0,,12.0
simu5g_00000613,5,5,8,888.0,,12.0
simu5g_00000613,5,5,9,1128.0,,14.0
simu5g_00000613,5,5,10,984.0,,13.0
simu5g_00000613,5,5,11,984.0,,13.0
simu5g_00000613,5,5,12,888.0,,12.0
simu5g_00000613,5,5,13,608.0,,9.0
simu5g_00000613,5,5,14,608.0,,9.0
simu5g_00000613,5,5,15,808.0,,11.0
simu5g_00000613,5,5,16,304.0,,5.0
simu5g_00000613,5,5,17,1128.0,,14.0
simu5g_00000613,5,5,18,984.0,,13.0
simu5g_00000613,5,5,19,984.0,,13.0
simu5g_00000613,5,5,20,808.0,,11.0
simu5g_00000613,5,5,21,528.0,,8.0
simu5g_00000613,5,5,22,1128.0,,14.0
simu5g_00000613,5,5,23,704.0,,10.0
simu5g_00000613,5,5,24,808.0,,11.0
simu5g_00000614,31,0,0,808.0,,11.0
simu5g_00000614,31,0,1,608.0,,9.0
simu5g_00000614,31,0,2,1128.0,,14.0
simu5g_00000614,31,0,3,984.0,,13.0
simu5g_00000614,31,0,4,1128.0,,14.0
simu5g_00000614,31,0,5,984.0,,13.0
simu5g_00000614,31,0,6,1128.0,,14.0
simu5g_00000614,31,0,7,888.0,,12.0
simu5g_00000614,31,0,8,1160.0,,15.0
simu5g_00000614,31,0,9,1128.0,,14.0
simu5g_00000614,31,0,10,984.0,,13.0
simu5g_00000614,31,0,11,888.0,,12.0
simu5g_00000614,31,0,12,368.0,,6.0
simu5g_00000614,31,0,13,984.0,,13.0
simu5g_00000614,31,0,14,1128.0,,14.0
simu5g_00000614,31,0,15,1128.0,,14.0
simu5g_00000614,31,0,16,888.0,,12.0
simu5g_00000614,31,0,17,1128.0,,14.0
simu5g_00000614,31,0,18,1160.0,,15.0
simu5g_00000614,31,0,19,808.0,,11.0
simu5g_00000614,31,0,20,808.0,,11.0
simu5g_00000614,31,0,21,984.0,,13.0
simu5g_00000614,31,0,22,888.0,,12.0
simu5g_00000614,31,0,23,1128.0,,14.0
simu5g_00000614,31,0,24,1160.0,,15.0
simu5g_00000614,4,1,0,1160.0,,15.0
simu5g_00000614,4,1,1,984.0,,13.0
simu5g_00000614,4,1,2,1160.0,,15.0
simu5g_00000614,4,1,3,608.0,,9.0
simu5g_00000614,4,1,4,1160.0,,15.0
simu5g_00000614,4,1,5,1160.0,,15.0
simu5g_00000614,4,1,6,1160.0,,15.0
simu5g_00000614,4,1,7,808.0,,11.0
simu5g_00000614,4,1,8,984.0,,13.0
simu5g_00000614,4,1,9,1160.0,,15.0
simu5g_00000614,4,1,10,1128.0,,14.0
simu5g_00000614,4,1,11,1160.0,,15.0
simu5g_00000614,4,1,12,1160.0,,15.0
simu5g_00000614,4,1,13,1128.0,,14.0
simu5g_00000614,4,1,14,1160.0,,15.0
simu5g_00000614,4,1,15,984.0,,13.0
simu5g_00000614,4,1,16,1128.0,,14.0
simu5g_00000614,4,1,17,1128.0,,14.0
simu5g_00000614,4,1,18,1160.0,,15.0
simu5g_00000614,4,1,19,1160.0,,15.0
simu5g_00000614,4,1,20,1128.0,,14.0
simu5g_00000614,4,1,21,1128.0,,14.0
simu5g_00000614,4,1,22,1160.0,,15.0
simu5g_00000614,4,1,23,1160.0,,15.0
simu5g_00000614,4,1,24,1128.0,,14.0
simu5g_00000614,6,2,0,1160.0,,15.0
simu5g_00000614,6,2,1,1160.0,,15.0
simu5g_00000614,6,2,2,1160.0,,15.0
simu5g_00000614,6,2,3,984.0,,13.0
simu5g_00000614,6,2,4,1160.0,,15.0
simu5g_00000614,6,2,5,1160.0,,15.0
simu5g_00000614,6,2,6,1160.0,,15.0
simu5g_00000614,6,2,7,1160.0,,15.0
simu5g_00000614,6,2,8,1160.0,,15.0
simu5g_00000614,6,2,9,1160.0,,15.0
simu5g_00000614,6,2,10,1160.0,,15.0
simu5g_00000614,6,2,11,1160.0,,15.0
simu5g_00000614,6,2,12,1160.0,,15.0
simu5g_00000614,6,2,13,1160.0,,15.0
simu5g_00000614,6,2,14,1160.0,,15.0
simu5g_00000614,6,2,15,1160.0,,15.0
simu5g_00000614,6,2,16,1160.0,,15.0
simu5g_00000614,6,2,17,1160.0,,15.0
simu5g_00000614,6,2,18,1160.0,,15.0
simu5g_00000614,6,2,19,1160.0,,15.0
simu5g_00000614,6,2,20,1160.0,,15.0
simu5g_00000614,6,2,21,1160.0,,15.0
simu5g_00000614,6,2,22,1160.0,,15.0
simu5g_00000614,6,2,23,1160.0,,15.0
simu5g_00000614,6,2,24,1160.0,,15.0
simu5g_00000614,7,3,0,1128.0,,14.0
simu5g_00000614,7,3,1,1160.0,,15.0
simu5g_00000614,7,3,2,1128.0,,14.0
simu5g_00000614,7,3,3,608.0,,9.0
simu5g_00000614,7,3,4,888.0,,12.0
simu5g_00000614,7,3,5,1160.0,,15.0
simu5g_00000614,7,3,6,984.0,,13.0
simu5g_00000614,7,3,7,1160.0,,15.0
simu5g_00000614,7,3,8,1160.0,,15.0
simu5g_00000614,7,3,9,1128.0,,14.0
simu5g_00000614,7,3,10,1128.0,,14.0
simu5g_00000614,7,3,11,1128.0,,14.0
simu5g_00000614,7,3,12,1160.0,,15.0
simu5g_00000614,7,3,13,1160.0,,15.0
simu5g_00000614,7,3,14,1128.0,,14.0
simu5g_00000614,7,3,15,1160.0,,15.0
simu5g_00000614,7,3,16,1128.0,,14.0
simu5g_00000614,7,3,17,608.0,,9.0
simu5g_00000614,7,3,18,1160.0,,15.0
simu5g_00000614,7,3,19,1128.0,,14.0
simu5g_00000614,7,3,20,984.0,,13.0
simu5g_00000614,7,3,21,1128.0,,14.0
simu5g_00000614,7,3,22,1160.0,,15.0
simu5g_00000614,7,3,23,1160.0,,15.0
simu5g_00000614,7,3,24,1160.0,,15.0
simu5g_00000615,0,0,0,1160.0,,15.0
simu5g_00000615,0,0,1,984.0,,13.0
simu5g_00000615,0,0,2,1160.0,,15.0
simu5g_00000615,0,0,3,1160.0,,15.0
simu5g_00000615,0,0,4,1160.0,,15.0
simu5g_00000615,0,0,5,1160.0,,15.0
simu5g_00000615,0,0,6,1160.0,,15.0
simu5g_00000615,0,0,7,1160.0,,15.0
simu5g_00000615,0,0,8,1128.0,,14.0
simu5g_00000615,0,0,9,1160.0,,15.0
simu5g_00000615,0,0,10,1160.0,,15.0
simu5g_00000615,0,0,11,1160.0,,15.0
simu5g_00000615,0,0,12,1160.0,,15.0
simu5g_00000615,0,0,13,1160.0,,15.0
simu5g_00000615,0,0,14,1160.0,,15.0
simu5g_00000615,0,0,15,1160.0,,15.0
simu5g_00000615,0,0,16,1160.0,,15.0
simu5g_00000615,0,0,17,1160.0,,15.0
simu5g_00000615,0,0,18,1160.0,,15.0
simu5g_00000615,0,0,19,1160.0,,15.0
simu5g_00000615,0,0,20,1160.0,,15.0
simu5g_00000615,0,0,21,1128.0,,14.0
simu5g_00000615,0,0,22,1160.0,,15.0
simu5g_00000615,0,0,23,1160.0,,15.0
simu5g_00000615,0,0,24,1160.0,,15.0
simu5g_00000615,1,1,0,1160.0,,15.0
simu5g_00000615,1,1,1,1160.0,,15.0
simu5g_00000615,1,1,2,1160.0,,15.0
simu5g_00000615,1,1,3,1160.0,,15.0
simu5g_00000615,1,1,4,1160.0,,15.0
simu5g_00000615,1,1,5,1160.0,,15.0
simu5g_00000615,1,1,6,1160.0,,15.0
simu5g_00000615,1,1,7,1160.0,,15.0
simu5g_00000615,1,1,8,1128.0,,14.0
simu5g_00000615,1,1,9,1160.0,,15.0
simu5g_00000615,1,1,10,1160.0,,15.0
simu5g_00000615,1,1,11,1160.0,,15.0
simu5g_00000615,1,1,12,1160.0,,15.0
simu5g_00000615,1,1,13,1160.0,,15.0
simu5g_00000615,1,1,14,1160.0,,15.0
simu5g_00000615,1,1,15,1160.0,,15.0
simu5g_00000615,1,1,16,1160.0,,15.0
simu5g_00000615,1,1,17,1160.0,,15.0
simu5g_00000615,1,1,18,1160.0,,15.0
simu5g_00000615,1,1,19,1160.0,,15.0
simu5g_00000615,1,1,20,1160.0,,15.0
simu5g_00000615,1,1,21,1128.0,,14.0
simu5g_00000615,1,1,22,1160.0,,15.0
simu5g_00000615,1,1,23,1160.0,,15.0
simu5g_00000615,1,1,24,1160.0,,15.0
simu5g_00000615,15,2,0,1160.0,,15.0
simu5g_00000615,15,2,1,1160.0,,15.0
simu5g_00000615,15,2,2,1160.0,,15.0
simu5g_00000615,15,2,3,1160.0,,15.0
simu5g_00000615,15,2,4,1128.0,,14.0
simu5g_00000615,15,2,5,984.0,,13.0
simu5g_00000615,15,2,6,1160.0,,15.0
simu5g_00000615,15,2,7,1160.0,,15.0
simu5g_00000615,15,2,8,1160.0,,15.0
simu5g_00000615,15,2,9,1160.0,,15.0
simu5g_00000615,15,2,10,1160.0,,15.0
simu5g_00000615,15,2,11,1160.0,,15.0
simu5g_00000615,15,2,12,1128.0,,14.0
simu5g_00000615,15,2,13,1160.0,,15.0
simu5g_00000615,15,2,14,1160.0,,15.0
simu5g_00000615,15,2,15,1128.0,,14.0
simu5g_00000615,15,2,16,1160.0,,15.0
simu5g_00000615,15,2,17,1160.0,,15.0
simu5g_00000615,15,2,18,1160.0,,15.0
simu5g_00000615,15,2,19,1160.0,,15.0
simu5g_00000615,15,2,20,1160.0,,15.0
simu5g_00000615,15,2,21,1160.0,,15.0
simu5g_00000615,15,2,22,1160.0,,15.0
simu5g_00000615,15,2,23,1160.0,,15.0
simu5g_00000615,15,2,24,1160.0,,15.0
simu5g_00000615,2,3,0,1160.0,,15.0
simu5g_00000615,2,3,1,1160.0,,15.0
simu5g_00000615,2,3,2,1160.0,,15.0
simu5g_00000615,2,3,3,1160.0,,15.0
simu5g_00000615,2,3,4,1160.0,,15.0
simu5g_00000615,2,3,5,1160.0,,15.0
simu5g_00000615,2,3,6,1160.0,,15.0
simu5g_00000615,2,3,7,984.0,,13.0
simu5g_00000615,2,3,8,1160.0,,15.0
simu5g_00000615,2,3,9,1160.0,,15.0
simu5g_00000615,2,3,10,1160.0,,15.0
simu5g_00000615,2,3,11,1128.0,,14.0
simu5g_00000615,2,3,12,1160.0,,15.0
simu5g_00000615,2,3,13,1160.0,,15.0
simu5g_00000615,2,3,14,1160.0,,15.0
simu5g_00000615,2,3,15,1160.0,,15.0
simu5g_00000615,2,3,16,1128.0,,14.0
simu5g_00000615,2,3,17,1160.0,,15.0
simu5g_00000615,2,3,18,1160.0,,15.0
simu5g_00000615,2,3,19,1160.0,,15.0
simu5g_00000615,2,3,20,1160.0,,15.0
simu5g_00000615,2,3,21,1160.0,,15.0
simu5g_00000615,2,3,22,1160.0,,15.0
simu5g_00000615,2,3,23,1160.0,,15.0
simu5g_00000615,2,3,24,1128.0,,14.0
simu5g_00000615,3,4,0,984.0,,13.0
simu5g_00000615,3,4,1,1160.0,,15.0
simu5g_00000615,3,4,2,1128.0,,14.0
simu5g_00000615,3,4,3,1128.0,,14.0
simu5g_00000615,3,4,4,1160.0,,15.0
simu5g_00000615,3,4,5,1160.0,,15.0
simu5g_00000615,3,4,6,1128.0,,14.0
simu5g_00000615,3,4,7,1128.0,,14.0
simu5g_00000615,3,4,8,704.0,,10.0
simu5g_00000615,3,4,9,608.0,,9.0
simu5g_00000615,3,4,10,1128.0,,14.0
simu5g_00000615,3,4,11,1128.0,,14.0
simu5g_00000615,3,4,12,1128.0,,14.0
simu5g_00000615,3,4,13,1160.0,,15.0
simu5g_00000615,3,4,14,1160.0,,15.0
simu5g_00000615,3,4,15,1128.0,,14.0
simu5g_00000615,3,4,16,1160.0,,15.0
simu5g_00000615,3,4,17,1128.0,,14.0
simu5g_00000615,3,4,18,1128.0,,14.0
simu5g_00000615,3,4,19,1128.0,,14.0
simu5g_00000615,3,4,20,1128.0,,14.0
simu5g_00000615,3,4,21,984.0,,13.0
simu5g_00000615,3,4,22,984.0,,13.0
simu5g_00000615,3,4,23,1128.0,,14.0
simu5g_00000615,3,4,24,984.0,,13.0
simu5g_00000615,5,5,0,984.0,,13.0
simu5g_00000615,5,5,1,808.0,,11.0
simu5g_00000615,5,5,2,888.0,,12.0
simu5g_00000615,5,5,3,808.0,,11.0
simu5g_00000615,5,5,4,1128.0,,14.0
simu5g_00000615,5,5,5,888.0,,12.0
simu5g_00000615,5,5,6,888.0,,12.0
simu5g_00000615,5,5,7,888.0,,12.0
simu5g_00000615,5,5,8,888.0,,12.0
simu5g_00000615,5,5,9,1128.0,,14.0
simu5g_00000615,5,5,10,984.0,,13.0
simu5g_00000615,5,5,11,984.0,,13.0
simu5g_00000615,5,5,12,888.0,,12.0
simu5g_00000615,5,5,13,608.0,,9.0
simu5g_00000615,5,5,14,608.0,,9.0
simu5g_00000615,5,5,15,808.0,,11.0
simu5g_00000615,5,5,16,304.0,,5.0
simu5g_00000615,5,5,17,1128.0,,14.0
simu5g_00000615,5,5,18,984.0,,13.0
simu5g_00000615,5,5,19,984.0,,13.0
simu5g_00000615,5,5,20,808.0,,11.0
simu5g_00000615,5,5,21,528.0,,8.0
simu5g_00000615,5,5,22,1128.0,,14.0
simu5g_00000615,5,5,23,704.0,,10.0
simu5g_00000615,5,5,24,808.0,,11.0
simu5g_00000616,31,0,0,808.0,,11.0
simu5g_00000616,31,0,1,608.0,,9.0
simu5g_00000616,31,0,2,1128.0,,14.0
simu5g_00000616,31,0,3,984.0,,13.0
simu5g_00000616,31,0,4,1128.0,,14.0
simu5g_00000616,31,0,5,984.0,,13.0
simu5g_00000616,31,0,6,1128.0,,14.0
simu5g_00000616,31,0,7,888.0,,12.0
simu5g_00000616,31,0,8,1160.0,,15.0
simu5g_00000616,31,0,9,1128.0,,14.0
simu5g_00000616,31,0,10,984.0,,13.0
simu5g_00000616,31,0,11,888.0,,12.0
simu5g_00000616,31,0,12,368.0,,6.0
simu5g_00000616,31,0,13,984.0,,13.0
simu5g_00000616,31,0,14,1128.0,,14.0
simu5g_00000616,31,0,15,1128.0,,14.0
simu5g_00000616,31,0,16,888.0,,12.0
simu5g_00000616,31,0,17,1160.0,,15.0
simu5g_00000616,31,0,18,1160.0,,15.0
simu5g_00000616,31,0,19,888.0,,12.0
simu5g_00000616,31,0,20,808.0,,11.0
simu5g_00000616,31,0,21,984.0,,13.0
simu5g_00000616,31,0,22,888.0,,12.0
simu5g_00000616,31,0,23,1128.0,,14.0
simu5g_00000616,31,0,24,1160.0,,15.0
simu5g_00000616,4,1,0,1160.0,,15.0
simu5g_00000616,4,1,1,984.0,,13.0
simu5g_00000616,4,1,2,1160.0,,15.0
simu5g_00000616,4,1,3,608.0,,9.0
simu5g_00000616,4,1,4,1160.0,,15.0
simu5g_00000616,4,1,5,1160.0,,15.0
simu5g_00000616,4,1,6,1160.0,,15.0
simu5g_00000616,4,1,7,808.0,,11.0
simu5g_00000616,4,1,8,984.0,,13.0
simu5g_00000616,4,1,9,1160.0,,15.0
simu5g_00000616,4,1,10,1128.0,,14.0
simu5g_00000616,4,1,11,1160.0,,15.0
simu5g_00000616,4,1,12,1160.0,,15.0
simu5g_00000616,4,1,13,1128.0,,14.0
simu5g_00000616,4,1,14,1160.0,,15.0
simu5g_00000616,4,1,15,984.0,,13.0
simu5g_00000616,4,1,16,1128.0,,14.0
simu5g_00000616,4,1,17,1128.0,,14.0
simu5g_00000616,4,1,18,1160.0,,15.0
simu5g_00000616,4,1,19,1160.0,,15.0
simu5g_00000616,4,1,20,1128.0,,14.0
simu5g_00000616,4,1,21,1128.0,,14.0
simu5g_00000616,4,1,22,1160.0,,15.0
simu5g_00000616,4,1,23,1160.0,,15.0
simu5g_00000616,4,1,24,1128.0,,14.0
simu5g_00000616,6,2,0,1160.0,,15.0
simu5g_00000616,6,2,1,1160.0,,15.0
simu5g_00000616,6,2,2,1160.0,,15.0
simu5g_00000616,6,2,3,984.0,,13.0
simu5g_00000616,6,2,4,1160.0,,15.0
simu5g_00000616,6,2,5,1160.0,,15.0
simu5g_00000616,6,2,6,1160.0,,15.0
simu5g_00000616,6,2,7,1160.0,,15.0
simu5g_00000616,6,2,8,1160.0,,15.0
simu5g_00000616,6,2,9,1160.0,,15.0
simu5g_00000616,6,2,10,1160.0,,15.0
simu5g_00000616,6,2,11,1160.0,,15.0
simu5g_00000616,6,2,12,1160.0,,15.0
simu5g_00000616,6,2,13,1160.0,,15.0
simu5g_00000616,6,2,14,1160.0,,15.0
simu5g_00000616,6,2,15,1160.0,,15.0
simu5g_00000616,6,2,16,1160.0,,15.0
simu5g_00000616,6,2,17,1160.0,,15.0
simu5g_00000616,6,2,18,1160.0,,15.0
simu5g_00000616,6,2,19,1160.0,,15.0
simu5g_00000616,6,2,20,1160.0,,15.0
simu5g_00000616,6,2,21,1160.0,,15.0
simu5g_00000616,6,2,22,1160.0,,15.0
simu5g_00000616,6,2,23,1160.0,,15.0
simu5g_00000616,6,2,24,1160.0,,15.0
simu5g_00000616,7,3,0,1128.0,,14.0
simu5g_00000616,7,3,1,1160.0,,15.0
simu5g_00000616,7,3,2,1128.0,,14.0
simu5g_00000616,7,3,3,608.0,,9.0
simu5g_00000616,7,3,4,984.0,,13.0
simu5g_00000616,7,3,5,1160.0,,15.0
simu5g_00000616,7,3,6,984.0,,13.0
simu5g_00000616,7,3,7,1160.0,,15.0
simu5g_00000616,7,3,8,1160.0,,15.0
simu5g_00000616,7,3,9,1128.0,,14.0
simu5g_00000616,7,3,10,1128.0,,14.0
simu5g_00000616,7,3,11,1128.0,,14.0
simu5g_00000616,7,3,12,1160.0,,15.0
simu5g_00000616,7,3,13,1160.0,,15.0
simu5g_00000616,7,3,14,1128.0,,14.0
simu5g_00000616,7,3,15,1160.0,,15.0
simu5g_00000616,7,3,16,1128.0,,14.0
simu5g_00000616,7,3,17,608.0,,9.0
simu5g_00000616,7,3,18,1160.0,,15.0
simu5g_00000616,7,3,19,1128.0,,14.0
simu5g_00000616,7,3,20,984.0,,13.0
simu5g_00000616,7,3,21,1128.0,,14.0
simu5g_00000616,7,3,22,1160.0,,15.0
simu5g_00000616,7,3,23,1160.0,,15.0
simu5g_00000616,7,3,24,1160.0,,15.0
simu5g_00000617,0,0,0,1160.0,,15.0
simu5g_00000617,0,0,1,984.0,,13.0
simu5g_00000617,0,0,2,1160.0,,15.0
simu5g_00000617,0,0,3,1160.0,,15.0
simu5g_00000617,0,0,4,1160.0,,15.0
simu5g_00000617,0,0,5,1160.0,,15.0
simu5g_00000617,0,0,6,1160.0,,15.0
simu5g_00000617,0,0,7,1160.0,,15.0
simu5g_00000617,0,0,8,1128.0,,14.0
simu5g_00000617,0,0,9,1160.0,,15.0
simu5g_00000617,0,0,10,1160.0,,15.0
simu5g_00000617,0,0,11,1160.0,,15.0
simu5g_00000617,0,0,12,1160.0,,15.0
simu5g_00000617,0,0,13,1160.0,,15.0
simu5g_00000617,0,0,14,1160.0,,15.0
simu5g_00000617,0,0,15,1160.0,,15.0
simu5g_00000617,0,0,16,1160.0,,15.0
simu5g_00000617,0,0,17,1160.0,,15.0
simu5g_00000617,0,0,18,1160.0,,15.0
simu5g_00000617,0,0,19,1160.0,,15.0
simu5g_00000617,0,0,20,1160.0,,15.0
simu5g_00000617,0,0,21,1128.0,,14.0
simu5g_00000617,0,0,22,1160.0,,15.0
simu5g_00000617,0,0,23,1160.0,,15.0
simu5g_00000617,0,0,24,1160.0,,15.0
simu5g_00000617,1,1,0,1160.0,,15.0
simu5g_00000617,1,1,1,1160.0,,15.0
simu5g_00000617,1,1,2,1160.0,,15.0
simu5g_00000617,1,1,3,1160.0,,15.0
simu5g_00000617,1,1,4,1160.0,,15.0
simu5g_00000617,1,1,5,1160.0,,15.0
simu5g_00000617,1,1,6,1160.0,,15.0
simu5g_00000617,1,1,7,1160.0,,15.0
simu5g_00000617,1,1,8,1128.0,,14.0
simu5g_00000617,1,1,9,1160.0,,15.0
simu5g_00000617,1,1,10,1160.0,,15.0
simu5g_00000617,1,1,11,1160.0,,15.0
simu5g_00000617,1,1,12,1160.0,,15.0
simu5g_00000617,1,1,13,1160.0,,15.0
simu5g_00000617,1,1,14,1160.0,,15.0
simu5g_00000617,1,1,15,1160.0,,15.0
simu5g_00000617,1,1,16,1160.0,,15.0
simu5g_00000617,1,1,17,1160.0,,15.0
simu5g_00000617,1,1,18,1160.0,,15.0
simu5g_00000617,1,1,19,1160.0,,15.0
simu5g_00000617,1,1,20,1160.0,,15.0
simu5g_00000617,1,1,21,1128.0,,14.0
simu5g_00000617,1,1,22,1160.0,,15.0
simu5g_00000617,1,1,23,1160.0,,15.0
simu5g_00000617,1,1,24,1160.0,,15.0
simu5g_00000617,15,2,0,1160.0,,15.0
simu5g_00000617,15,2,1,1160.0,,15.0
simu5g_00000617,15,2,2,1160.0,,15.0
simu5g_00000617,15,2,3,1160.0,,15.0
simu5g_00000617,15,2,4,1128.0,,14.0
simu5g_00000617,15,2,5,984.0,,13.0
simu5g_00000617,15,2,6,1160.0,,15.0
simu5g_00000617,15,2,7,1160.0,,15.0
simu5g_00000617,15,2,8,1160.0,,15.0
simu5g_00000617,15,2,9,1160.0,,15.0
simu5g_00000617,15,2,10,1160.0,,15.0
simu5g_00000617,15,2,11,1160.0,,15.0
simu5g_00000617,15,2,12,1128.0,,14.0
simu5g_00000617,15,2,13,1160.0,,15.0
simu5g_00000617,15,2,14,1160.0,,15.0
simu5g_00000617,15,2,15,1128.0,,14.0
simu5g_00000617,15,2,16,1160.0,,15.0
simu5g_00000617,15,2,17,1160.0,,15.0
simu5g_00000617,15,2,18,1160.0,,15.0
simu5g_00000617,15,2,19,1160.0,,15.0
simu5g_00000617,15,2,20,1160.0,,15.0
simu5g_00000617,15,2,21,1160.0,,15.0
simu5g_00000617,15,2,22,1160.0,,15.0
simu5g_00000617,15,2,23,1160.0,,15.0
simu5g_00000617,15,2,24,1160.0,,15.0
simu5g_00000617,2,3,0,1160.0,,15.0
simu5g_00000617,2,3,1,1160.0,,15.0
simu5g_00000617,2,3,2,1160.0,,15.0
simu5g_00000617,2,3,3,1160.0,,15.0
simu5g_00000617,2,3,4,1160.0,,15.0
simu5g_00000617,2,3,5,1160.0,,15.0
simu5g_00000617,2,3,6,1160.0,,15.0
simu5g_00000617,2,3,7,984.0,,13.0
simu5g_00000617,2,3,8,1160.0,,15.0
simu5g_00000617,2,3,9,1160.0,,15.0
simu5g_00000617,2,3,10,1160.0,,15.0
simu5g_00000617,2,3,11,1128.0,,14.0
simu5g_00000617,2,3,12,1160.0,,15.0
simu5g_00000617,2,3,13,1160.0,,15.0
simu5g_00000617,2,3,14,1160.0,,15.0
simu5g_00000617,2,3,15,1160.0,,15.0
simu5g_00000617,2,3,16,1128.0,,14.0
simu5g_00000617,2,3,17,1160.0,,15.0
simu5g_00000617,2,3,18,1160.0,,15.0
simu5g_00000617,2,3,19,1160.0,,15.0
simu5g_00000617,2,3,20,1160.0,,15.0
simu5g_00000617,2,3,21,1160.0,,15.0
simu5g_00000617,2,3,22,1160.0,,15.0
simu5g_00000617,2,3,23,1160.0,,15.0
simu5g_00000617,2,3,24,1128.0,,14.0
simu5g_00000617,3,4,0,1128.0,,14.0
simu5g_00000617,3,4,1,1160.0,,15.0
simu5g_00000617,3,4,2,1128.0,,14.0
simu5g_00000617,3,4,3,1128.0,,14.0
simu5g_00000617,3,4,4,1160.0,,15.0
simu5g_00000617,3,4,5,1160.0,,15.0
simu5g_00000617,3,4,6,1160.0,,15.0
simu5g_00000617,3,4,7,1128.0,,14.0
simu5g_00000617,3,4,8,808.0,,11.0
simu5g_00000617,3,4,9,808.0,,11.0
simu5g_00000617,3,4,10,1128.0,,14.0
simu5g_00000617,3,4,11,1128.0,,14.0
simu5g_00000617,3,4,12,1160.0,,15.0
simu5g_00000617,3,4,13,1160.0,,15.0
simu5g_00000617,3,4,14,1160.0,,15.0
simu5g_00000617,3,4,15,1128.0,,14.0
simu5g_00000617,3,4,16,1160.0,,15.0
simu5g_00000617,3,4,17,1160.0,,15.0
simu5g_00000617,3,4,18,1160.0,,15.0
simu5g_00000617,3,4,19,1128.0,,14.0
simu5g_00000617,3,4,20,1160.0,,15.0
simu5g_00000617,3,4,21,1128.0,,14.0
simu5g_00000617,3,4,22,984.0,,13.0
simu5g_00000617,3,4,23,1160.0,,15.0
simu5g_00000617,3,4,24,984.0,,13.0
simu5g_00000617,5,5,0,984.0,,13.0
simu5g_00000617,5,5,1,808.0,,11.0
simu5g_00000617,5,5,2,888.0,,12.0
simu5g_00000617,5,5,3,808.0,,11.0
simu5g_00000617,5,5,4,1128.0,,14.0
simu5g_00000617,5,5,5,888.0,,12.0
simu5g_00000617,5,5,6,888.0,,12.0
simu5g_00000617,5,5,7,888.0,,12.0
simu5g_00000617,5,5,8,888.0,,12.0
simu5g_00000617,5,5,9,1128.0,,14.0
simu5g_00000617,5,5,10,984.0,,13.0
simu5g_00000617,5,5,11,984.0,,13.0
simu5g_00000617,5,5,12,888.0,,12.0
simu5g_00000617,5,5,13,608.0,,9.0
simu5g_00000617,5,5,14,608.0,,9.0
simu5g_00000617,5,5,15,808.0,,11.0
simu5g_00000617,5,5,16,304.0,,5.0
simu5g_00000617,5,5,17,1128.0,,14.0
simu5g_00000617,5,5,18,984.0,,13.0
simu5g_00000617,5,5,19,984.0,,13.0
simu5g_00000617,5,5,20,808.0,,11.0
simu5g_00000617,5,5,21,528.0,,8.0
simu5g_00000617,5,5,22,1128.0,,14.0
simu5g_00000617,5,5,23,704.0,,10.0
simu5g_00000617,5,5,24,808.0,,11.0
simu5g_00000618,31,0,0,808.0,,11.0
simu5g_00000618,31,0,1,608.0,,9.0
simu5g_00000618,31,0,2,1128.0,,14.0
simu5g_00000618,31,0,3,984.0,,13.0
simu5g_00000618,31,0,4,1128.0,,14.0
simu5g_00000618,31,0,5,984.0,,13.0
simu5g_00000618,31,0,6,1128.0,,14.0
simu5g_00000618,31,0,7,984.0,,13.0
simu5g_00000618,31,0,8,1160.0,,15.0
simu5g_00000618,31,0,9,1160.0,,15.0
simu5g_00000618,31,0,10,984.0,,13.0
simu5g_00000618,31,0,11,888.0,,12.0
simu5g_00000618,31,0,12,368.0,,6.0
simu5g_00000618,31,0,13,984.0,,13.0
simu5g_00000618,31,0,14,1128.0,,14.0
simu5g_00000618,31,0,15,1128.0,,14.0
simu5g_00000618,31,0,16,888.0,,12.0
simu5g_00000618,31,0,17,1160.0,,15.0
simu5g_00000618,31,0,18,1160.0,,15.0
simu5g_00000618,31,0,19,888.0,,12.0
simu5g_00000618,31,0,20,808.0,,11.0
simu5g_00000618,31,0,21,1128.0,,14.0
simu5g_00000618,31,0,22,984.0,,13.0
simu5g_00000618,31,0,23,1128.0,,14.0
simu5g_00000618,31,0,24,1160.0,,15.0
simu5g_00000618,4,1,0,1160.0,,15.0
simu5g_00000618,4,1,1,984.0,,13.0
simu5g_00000618,4,1,2,1160.0,,15.0
simu5g_00000618,4,1,3,608.0,,9.0
simu5g_00000618,4,1,4,1160.0,,15.0
simu5g_00000618,4,1,5,1160.0,,15.0
simu5g_00000618,4,1,6,1160.0,,15.0
simu5g_00000618,4,1,7,808.0,,11.0
simu5g_00000618,4,1,8,984.0,,13.0
simu5g_00000618,4,1,9,1160.0,,15.0
simu5g_00000618,4,1,10,1128.0,,14.0
simu5g_00000618,4,1,11,1160.0,,15.0
simu5g_00000618,4,1,12,1160.0,,15.0
simu5g_00000618,4,1,13,1128.0,,14.0
simu5g_00000618,4,1,14,1160.0,,15.0
simu5g_00000618,4,1,15,984.0,,13.0
simu5g_00000618,4,1,16,1128.0,,14.0
simu5g_00000618,4,1,17,1128.0,,14.0
simu5g_00000618,4,1,18,1160.0,,15.0
simu5g_00000618,4,1,19,1160.0,,15.0
simu5g_00000618,4,1,20,1128.0,,14.0
simu5g_00000618,4,1,21,1128.0,,14.0
simu5g_00000618,4,1,22,1160.0,,15.0
simu5g_00000618,4,1,23,1160.0,,15.0
simu5g_00000618,4,1,24,1128.0,,14.0
simu5g_00000618,6,2,0,1160.0,,15.0
simu5g_00000618,6,2,1,1160.0,,15.0
simu5g_00000618,6,2,2,1160.0,,15.0
simu5g_00000618,6,2,3,984.0,,13.0
simu5g_00000618,6,2,4,1160.0,,15.0
simu5g_00000618,6,2,5,1160.0,,15.0
simu5g_00000618,6,2,6,1160.0,,15.0
simu5g_00000618,6,2,7,1160.0,,15.0
simu5g_00000618,6,2,8,1160.0,,15.0
simu5g_00000618,6,2,9,1160.0,,15.0
simu5g_00000618,6,2,10,1160.0,,15.0
simu5g_00000618,6,2,11,1160.0,,15.0
simu5g_00000618,6,2,12,1160.0,,15.0
simu5g_00000618,6,2,13,1160.0,,15.0
simu5g_00000618,6,2,14,1160.0,,15.0
simu5g_00000618,6,2,15,1160.0,,15.0
simu5g_00000618,6,2,16,1160.0,,15.0
simu5g_00000618,6,2,17,1160.0,,15.0
simu5g_00000618,6,2,18,1160.0,,15.0
simu5g_00000618,6,2,19,1160.0,,15.0
simu5g_00000618,6,2,20,1160.0,,15.0
simu5g_00000618,6,2,21,1160.0,,15.0
simu5g_00000618,6,2,22,1160.0,,15.0
simu5g_00000618,6,2,23,1160.0,,15.0
simu5g_00000618,6,2,24,1160.0,,15.0
simu5g_00000618,7,3,0,1128.0,,14.0
simu5g_00000618,7,3,1,1160.0,,15.0
simu5g_00000618,7,3,2,1128.0,,14.0
simu5g_00000618,7,3,3,608.0,,9.0
simu5g_00000618,7,3,4,984.0,,13.0
simu5g_00000618,7,3,5,1160.0,,15.0
simu5g_00000618,7,3,6,984.0,,13.0
simu5g_00000618,7,3,7,1160.0,,15.0
simu5g_00000618,7,3,8,1160.0,,15.0
simu5g_00000618,7,3,9,1128.0,,14.0
simu5g_00000618,7,3,10,1128.0,,14.0
simu5g_00000618,7,3,11,1128.0,,14.0
simu5g_00000618,7,3,12,1160.0,,15.0
simu5g_00000618,7,3,13,1160.0,,15.0
simu5g_00000618,7,3,14,1128.0,,14.0
simu5g_00000618,7,3,15,1160.0,,15.0
simu5g_00000618,7,3,16,1128.0,,14.0
simu5g_00000618,7,3,17,608.0,,9.0
simu5g_00000618,7,3,18,1160.0,,15.0
simu5g_00000618,7,3,19,1128.0,,14.0
simu5g_00000618,7,3,20,984.0,,13.0
simu5g_00000618,7,3,21,1128.0,,14.0
simu5g_00000618,7,3,22,1160.0,,15.0
simu5g_00000618,7,3,23,1160.0,,15.0
simu5g_00000618,7,3,24,1160.0,,15.0
simu5g_00000619,0,0,0,1160.0,,15.0
simu5g_00000619,0,0,1,984.0,,13.0
simu5g_00000619,0,0,2,1160.0,,15.0
simu5g_00000619,0,0,3,1160.0,,15.0
simu5g_00000619,0,0,4,1160.0,,15.0
simu5g_00000619,0,0,5,1160.0,,15.0
simu5g_00000619,0,0,6,1160.0,,15.0
simu5g_00000619,0,0,7,1160.0,,15.0
simu5g_00000619,0,0,8,1128.0,,14.0
simu5g_00000619,0,0,9,1160.0,,15.0
simu5g_00000619,0,0,10,1160.0,,15.0
simu5g_00000619,0,0,11,1160.0,,15.0
simu5g_00000619,0,0,12,1160.0,,15.0
simu5g_00000619,0,0,13,1160.0,,15.0
simu5g_00000619,0,0,14,1160.0,,15.0
simu5g_00000619,0,0,15,1160.0,,15.0
simu5g_00000619,0,0,16,1160.0,,15.0
simu5g_00000619,0,0,17,1160.0,,15.0
simu5g_00000619,0,0,18,1160.0,,15.0
simu5g_00000619,0,0,19,1160.0,,15.0
simu5g_00000619,0,0,20,1160.0,,15.0
simu5g_00000619,0,0,21,1128.0,,14.0
simu5g_00000619,0,0,22,1160.0,,15.0
simu5g_00000619,0,0,23,1160.0,,15.0
simu5g_00000619,0,0,24,1160.0,,15.0
simu5g_00000619,1,1,0,1160.0,,15.0
simu5g_00000619,1,1,1,1160.0,,15.0
simu5g_00000619,1,1,2,1160.0,,15.0
simu5g_00000619,1,1,3,1160.0,,15.0
simu5g_00000619,1,1,4,1160.0,,15.0
simu5g_00000619,1,1,5,1160.0,,15.0
simu5g_00000619,1,1,6,1160.0,,15.0
simu5g_00000619,1,1,7,1160.0,,15.0
simu5g_00000619,1,1,8,1128.0,,14.0
simu5g_00000619,1,1,9,1160.0,,15.0
simu5g_00000619,1,1,10,1160.0,,15.0
simu5g_00000619,1,1,11,1160.0,,15.0
simu5g_00000619,1,1,12,1160.0,,15.0
simu5g_00000619,1,1,13,1160.0,,15.0
simu5g_00000619,1,1,14,1160.0,,15.0
simu5g_00000619,1,1,15,1160.0,,15.0
simu5g_00000619,1,1,16,1160.0,,15.0
simu5g_00000619,1,1,17,1160.0,,15.0
simu5g_00000619,1,1,18,1160.0,,15.0
simu5g_00000619,1,1,19,1160.0,,15.0
simu5g_00000619,1,1,20,1160.0,,15.0
simu5g_00000619,1,1,21,1128.0,,14.0
simu5g_00000619,1,1,22,1160.0,,15.0
simu5g_00000619,1,1,23,1160.0,,15.0
simu5g_00000619,1,1,24,1160.0,,15.0
simu5g_00000619,15,2,0,1160.0,,15.0
simu5g_00000619,15,2,1,1160.0,,15.0
simu5g_00000619,15,2,2,1160.0,,15.0
simu5g_00000619,15,2,3,1160.0,,15.0
simu5g_00000619,15,2,4,1128.0,,14.0
simu5g_00000619,15,2,5,984.0,,13.0
simu5g_00000619,15,2,6,1160.0,,15.0
simu5g_00000619,15,2,7,1160.0,,15.0
simu5g_00000619,15,2,8,1160.0,,15.0
simu5g_00000619,15,2,9,1160.0,,15.0
simu5g_00000619,15,2,10,1160.0,,15.0
simu5g_00000619,15,2,11,1160.0,,15.0
simu5g_00000619,15,2,12,1128.0,,14.0
simu5g_00000619,15,2,13,1160.0,,15.0
simu5g_00000619,15,2,14,1160.0,,15.0
simu5g_00000619,15,2,15,1128.0,,14.0
simu5g_00000619,15,2,16,1160.0,,15.0
simu5g_00000619,15,2,17,1160.0,,15.0
simu5g_00000619,15,2,18,1160.0,,15.0
simu5g_00000619,15,2,19,1160.0,,15.0
simu5g_00000619,15,2,20,1160.0,,15.0
simu5g_00000619,15,2,21,1160.0,,15.0
simu5g_00000619,15,2,22,1160.0,,15.0
simu5g_00000619,15,2,23,1160.0,,15.0
simu5g_00000619,15,2,24,1160.0,,15.0
simu5g_00000619,2,3,0,1160.0,,15.0
simu5g_00000619,2,3,1,1160.0,,15.0
simu5g_00000619,2,3,2,1160.0,,15.0
simu5g_00000619,2,3,3,1160.0,,15.0
simu5g_00000619,2,3,4,1160.0,,15.0
simu5g_00000619,2,3,5,1128.0,,14.0
simu5g_00000619,2,3,6,1160.0,,15.0
simu5g_00000619,2,3,7,888.0,,12.0
simu5g_00000619,2,3,8,1160.0,,15.0
simu5g_00000619,2,3,9,1160.0,,15.0
simu5g_00000619,2,3,10,1160.0,,15.0
simu5g_00000619,2,3,11,984.0,,13.0
simu5g_00000619,2,3,12,1128.0,,14.0
simu5g_00000619,2,3,13,1160.0,,15.0
simu5g_00000619,2,3,14,1160.0,,15.0
simu5g_00000619,2,3,15,1160.0,,15.0
simu5g_00000619,2,3,16,1128.0,,14.0
simu5g_00000619,2,3,17,1128.0,,14.0
simu5g_00000619,2,3,18,1160.0,,15.0
simu5g_00000619,2,3,19,1160.0,,15.0
simu5g_00000619,2,3,20,1160.0,,15.0
simu5g_00000619,2,3,21,1128.0,,14.0
simu5g_00000619,2,3,22,1128.0,,14.0
simu5g_00000619,2,3,23,1160.0,,15.0
simu5g_00000619,2,3,24,1128.0,,14.0
simu5g_00000619,3,4,0,1128.0,,14.0
simu5g_00000619,3,4,1,1160.0,,15.0
simu5g_00000619,3,4,2,1128.0,,14.0
simu5g_00000619,3,4,3,1128.0,,14.0
simu5g_00000619,3,4,4,1160.0,,15.0
simu5g_00000619,3,4,5,1160.0,,15.0
simu5g_00000619,3,4,6,1160.0,,15.0
simu5g_00000619,3,4,7,1128.0,,14.0
simu5g_00000619,3,4,8,808.0,,11.0
simu5g_00000619,3,4,9,808.0,,11.0
simu5g_00000619,3,4,10,1128.0,,14.0
simu5g_00000619,3,4,11,1128.0,,14.0
simu5g_00000619,3,4,12,1160.0,,15.0
simu5g_00000619,3,4,13,1160.0,,15.0
simu5g_00000619,3,4,14,1160.0,,15.0
simu5g_00000619,3,4,15,1160.0,,15.0
simu5g_00000619,3,4,16,1160.0,,15.0
simu5g_00000619,3,4,17,1160.0,,15.0
simu5g_00000619,3,4,18,1160.0,,15.0
simu5g_00000619,3,4,19,1128.0,,14.0
simu5g_00000619,3,4,20,1160.0,,15.0
simu5g_00000619,3,4,21,1128.0,,14.0
simu5g_00000619,3,4,22,984.0,,13.0
simu5g_00000619,3,4,23,1160.0,,15.0
simu5g_00000619,3,4,24,984.0,,13.0
simu5g_00000619,5,5,0,984.0,,13.0
simu5g_00000619,5,5,1,808.0,,11.0
simu5g_00000619,5,5,2,984.0,,13.0
simu5g_00000619,5,5,3,808.0,,11.0
simu5g_00000619,5,5,4,1128.0,,14.0
simu5g_00000619,5,5,5,888.0,,12.0
simu5g_00000619,5,5,6,888.0,,12.0
simu5g_00000619,5,5,7,888.0,,12.0
simu5g_00000619,5,5,8,888.0,,12.0
simu5g_00000619,5,5,9,1128.0,,14.0
simu5g_00000619,5,5,10,1128.0,,14.0
simu5g_00000619,5,5,11,984.0,,13.0
simu5g_00000619,5,5,12,888.0,,12.0
simu5g_00000619,5,5,13,608.0,,9.0
simu5g_00000619,5,5,14,608.0,,9.0
simu5g_00000619,5,5,15,808.0,,11.0
simu5g_00000619,5,5,16,304.0,,5.0
simu5g_00000619,5,5,17,1128.0,,14.0
simu5g_00000619,5,5,18,984.0,,13.0
simu5g_00000619,5,5,19,984.0,,13.0
simu5g_00000619,5,5,20,808.0,,11.0
simu5g_00000619,5,5,21,528.0,,8.0
simu5g_00000619,5,5,22,1128.0,,14.0
simu5g_00000619,5,5,23,704.0,,10.0
simu5g_00000619,5,5,24,808.0,,11.0
simu5g_00000620,31,0,0,808.0,,11.0
simu5g_00000620,31,0,1,704.0,,10.0
simu5g_00000620,31,0,2,1128.0,,14.0
simu5g_00000620,31,0,3,984.0,,13.0
simu5g_00000620,31,0,4,1128.0,,14.0
simu5g_00000620,31,0,5,984.0,,13.0
simu5g_00000620,31,0,6,1128.0,,14.0
simu5g_00000620,31,0,7,984.0,,13.0
simu5g_00000620,31,0,8,1160.0,,15.0
simu5g_00000620,31,0,9,1160.0,,15.0
simu5g_00000620,31,0,10,984.0,,13.0
simu5g_00000620,31,0,11,888.0,,12.0
simu5g_00000620,31,0,12,368.0,,6.0
simu5g_00000620,31,0,13,984.0,,13.0
simu5g_00000620,31,0,14,1128.0,,14.0
simu5g_00000620,31,0,15,1128.0,,14.0
simu5g_00000620,31,0,16,888.0,,12.0
simu5g_00000620,31,0,17,1160.0,,15.0
simu5g_00000620,31,0,18,1160.0,,15.0
simu5g_00000620,31,0,19,888.0,,12.0
simu5g_00000620,31,0,20,808.0,,11.0
simu5g_00000620,31,0,21,1128.0,,14.0
simu5g_00000620,31,0,22,984.0,,13.0
simu5g_00000620,31,0,23,1128.0,,14.0
simu5g_00000620,31,0,24,1160.0,,15.0
simu5g_00000620,4,1,0,1128.0,,14.0
simu5g_00000620,4,1,1,888.0,,12.0
simu5g_00000620,4,1,2,1128.0,,14.0
simu5g_00000620,4,1,3,432.0,,7.0
simu5g_00000620,4,1,4,1128.0,,14.0
simu5g_00000620,4,1,5,1160.0,,15.0
simu5g_00000620,4,1,6,1128.0,,14.0
simu5g_00000620,4,1,7,608.0,,9.0
simu5g_00000620,4,1,8,888.0,,12.0
simu5g_00000620,4,1,9,1128.0,,14.0
simu5g_00000620,4,1,10,984.0,,13.0
simu5g_00000620,4,1,11,1128.0,,14.0
simu5g_00000620,4,1,12,1160.0,,15.0
simu5g_00000620,4,1,13,984.0,,13.0
simu5g_00000620,4,1,14,1128.0,,14.0
simu5g_00000620,4,1,15,888.0,,12.0
simu5g_00000620,4,1,16,984.0,,13.0
simu5g_00000620,4,1,17,984.0,,13.0
simu5g_00000620,4,1,18,1160.0,,15.0
simu5g_00000620,4,1,19,1128.0,,14.0
simu5g_00000620,4,1,20,984.0,,13.0
simu5g_00000620,4,1,21,888.0,,12.0
simu5g_00000620,4,1,22,1160.0,,15.0
simu5g_00000620,4,1,23,1128.0,,14.0
simu5g_00000620,4,1,24,984.0,,13.0
simu5g_00000620,6,2,0,1160.0,,15.0
simu5g_00000620,6,2,1,1160.0,,15.0
simu5g_00000620,6,2,2,1160.0,,15.0
simu5g_00000620,6,2,3,984.0,,13.0
simu5g_00000620,6,2,4,1160.0,,15.0
simu5g_00000620,6,2,5,1160.0,,15.0
simu5g_00000620,6,2,6,1160.0,,15.0
simu5g_00000620,6,2,7,1160.0,,15.0
simu5g_00000620,6,2,8,1160.0,,15.0
simu5g_00000620,6,2,9,1160.0,,15.0
simu5g_00000620,6,2,10,1160.0,,15.0
simu5g_00000620,6,2,11,1160.0,,15.0
simu5g_00000620,6,2,12,1160.0,,15.0
simu5g_00000620,6,2,13,1160.0,,15.0
simu5g_00000620,6,2,14,1160.0,,15.0
simu5g_00000620,6,2,15,1160.0,,15.0
simu5g_00000620,6,2,16,1160.0,,15.0
simu5g_00000620,6,2,17,1160.0,,15.0
simu5g_00000620,6,2,18,1160.0,,15.0
simu5g_00000620,6,2,19,1160.0,,15.0
simu5g_00000620,6,2,20,1160.0,,15.0
simu5g_00000620,6,2,21,1160.0,,15.0
simu5g_00000620,6,2,22,1160.0,,15.0
simu5g_00000620,6,2,23,1160.0,,15.0
simu5g_00000620,6,2,24,1160.0,,15.0
simu5g_00000620,7,3,0,1128.0,,14.0
simu5g_00000620,7,3,1,1160.0,,15.0
simu5g_00000620,7,3,2,1128.0,,14.0
simu5g_00000620,7,3,3,608.0,,9.0
simu5g_00000620,7,3,4,984.0,,13.0
simu5g_00000620,7,3,5,1160.0,,15.0
simu5g_00000620,7,3,6,984.0,,13.0
simu5g_00000620,7,3,7,1160.0,,15.0
simu5g_00000620,7,3,8,1160.0,,15.0
simu5g_00000620,7,3,9,1128.0,,14.0
simu5g_00000620,7,3,10,1128.0,,14.0
simu5g_00000620,7,3,11,1128.0,,14.0
simu5g_00000620,7,3,12,1160.0,,15.0
simu5g_00000620,7,3,13,1160.0,,15.0
simu5g_00000620,7,3,14,1128.0,,14.0
simu5g_00000620,7,3,15,1160.0,,15.0
simu5g_00000620,7,3,16,1128.0,,14.0
simu5g_00000620,7,3,17,608.0,,9.0
simu5g_00000620,7,3,18,1160.0,,15.0
simu5g_00000620,7,3,19,1128.0,,14.0
simu5g_00000620,7,3,20,984.0,,13.0
simu5g_00000620,7,3,21,1128.0,,14.0
simu5g_00000620,7,3,22,1160.0,,15.0
simu5g_00000620,7,3,23,1160.0,,15.0
simu5g_00000620,7,3,24,1160.0,,15.0
simu5g_00000621,0,0,0,1160.0,,15.0
simu5g_00000621,0,0,1,1128.0,,14.0
simu5g_00000621,0,0,2,1160.0,,15.0
simu5g_00000621,0,0,3,1160.0,,15.0
simu5g_00000621,0,0,4,1160.0,,15.0
simu5g_00000621,0,0,5,1160.0,,15.0
simu5g_00000621,0,0,6,1160.0,,15.0
simu5g_00000621,0,0,7,1160.0,,15.0
simu5g_00000621,0,0,8,1160.0,,15.0
simu5g_00000621,0,0,9,1160.0,,15.0
simu5g_00000621,0,0,10,1160.0,,15.0
simu5g_00000621,0,0,11,1160.0,,15.0
simu5g_00000621,0,0,12,1160.0,,15.0
simu5g_00000621,0,0,13,1160.0,,15.0
simu5g_00000621,0,0,14,1160.0,,15.0
simu5g_00000621,0,0,15,1160.0,,15.0
simu5g_00000621,0,0,16,1160.0,,15.0
simu5g_00000621,0,0,17,1160.0,,15.0
simu5g_00000621,0,0,18,1160.0,,15.0
simu5g_00000621,0,0,19,1160.0,,15.0
simu5g_00000621,0,0,20,1160.0,,15.0
simu5g_00000621,0,0,21,1160.0,,15.0
simu5g_00000621,0,0,22,1160.0,,15.0
simu5g_00000621,0,0,23,1160.0,,15.0
simu5g_00000621,0,0,24,1160.0,,15.0
simu5g_00000621,1,1,0,1160.0,,15.0
simu5g_00000621,1,1,1,1160.0,,15.0
simu5g_00000621,1,1,2,1160.0,,15.0
simu5g_00000621,1,1,3,1160.0,,15.0
simu5g_00000621,1,1,4,1160.0,,15.0
simu5g_00000621,1,1,5,1160.0,,15.0
simu5g_00000621,1,1,6,1160.0,,15.0
simu5g_00000621,1,1,7,1128.0,,14.0
simu5g_00000621,1,1,8,1128.0,,14.0
simu5g_00000621,1,1,9,1160.0,,15.0
simu5g_00000621,1,1,10,1160.0,,15.0
simu5g_00000621,1,1,11,1160.0,,15.0
simu5g_00000621,1,1,12,1160.0,,15.0
simu5g_00000621,1,1,13,1160.0,,15.0
simu5g_00000621,1,1,14,1160.0,,15.0
simu5g_00000621,1,1,15,1160.0,,15.0
simu5g_00000621,1,1,16,1160.0,,15.0
simu5g_00000621,1,1,17,1160.0,,15.0
simu5g_00000621,1,1,18,1160.0,,15.0
simu5g_00000621,1,1,19,1160.0,,15.0
simu5g_00000621,1,1,20,1160.0,,15.0
simu5g_00000621,1,1,21,984.0,,13.0
simu5g_00000621,1,1,22,1160.0,,15.0
simu5g_00000621,1,1,23,1160.0,,15.0
simu5g_00000621,1,1,24,1160.0,,15.0
simu5g_00000621,15,2,0,1128.0,,14.0
simu5g_00000621,15,2,1,1128.0,,14.0
simu5g_00000621,15,2,2,1160.0,,15.0
simu5g_00000621,15,2,3,1160.0,,15.0
simu5g_00000621,15,2,4,1128.0,,14.0
simu5g_00000621,15,2,5,808.0,,11.0
simu5g_00000621,15,2,6,1160.0,,15.0
simu5g_00000621,15,2,7,1128.0,,14.0
simu5g_00000621,15,2,8,1160.0,,15.0
simu5g_00000621,15,2,9,1160.0,,15.0
simu5g_00000621,15,2,10,1160.0,,15.0
simu5g_00000621,15,2,11,1160.0,,15.0
simu5g_00000621,15,2,12,984.0,,13.0
simu5g_00000621,15,2,13,1160.0,,15.0
simu5g_00000621,15,2,14,1160.0,,15.0
simu5g_00000621,15,2,15,1128.0,,14.0
simu5g_00000621,15,2,16,1160.0,,15.0
simu5g_00000621,15,2,17,1160.0,,15.0
simu5g_00000621,15,2,18,1160.0,,15.0
simu5g_00000621,15,2,19,1160.0,,15.0
simu5g_00000621,15,2,20,1160.0,,15.0
simu5g_00000621,15,2,21,1160.0,,15.0
simu5g_00000621,15,2,22,1160.0,,15.0
simu5g_00000621,15,2,23,1160.0,,15.0
simu5g_00000621,15,2,24,1160.0,,15.0
simu5g_00000621,2,3,0,1160.0,,15.0
simu5g_00000621,2,3,1,1160.0,,15.0
simu5g_00000621,2,3,2,1160.0,,15.0
simu5g_00000621,2,3,3,1160.0,,15.0
simu5g_00000621,2,3,4,1160.0,,15.0
simu5g_00000621,2,3,5,1128.0,,14.0
simu5g_00000621,2,3,6,1160.0,,15.0
simu5g_00000621,2,3,7,888.0,,12.0
simu5g_00000621,2,3,8,1160.0,,15.0
simu5g_00000621,2,3,9,1160.0,,15.0
simu5g_00000621,2,3,10,1160.0,,15.0
simu5g_00000621,2,3,11,984.0,,13.0
simu5g_00000621,2,3,12,1128.0,,14.0
simu5g_00000621,2,3,13,1160.0,,15.0
simu5g_00000621,2,3,14,1160.0,,15.0
simu5g_00000621,2,3,15,1160.0,,15.0
simu5g_00000621,2,3,16,1128.0,,14.0
simu5g_00000621,2,3,17,1160.0,,15.0
simu5g_00000621,2,3,18,1160.0,,15.0
simu5g_00000621,2,3,19,1160.0,,15.0
simu5g_00000621,2,3,20,1160.0,,15.0
simu5g_00000621,2,3,21,1128.0,,14.0
simu5g_00000621,2,3,22,1128.0,,14.0
simu5g_00000621,2,3,23,1160.0,,15.0
simu5g_00000621,2,3,24,1128.0,,14.0
simu5g_00000621,3,4,0,1128.0,,14.0
simu5g_00000621,3,4,1,1160.0,,15.0
simu5g_00000621,3,4,2,1128.0,,14.0
simu5g_00000621,3,4,3,1128.0,,14.0
simu5g_00000621,3,4,4,1160.0,,15.0
simu5g_00000621,3,4,5,1160.0,,15.0
simu5g_00000621,3,4,6,1160.0,,15.0
simu5g_00000621,3,4,7,1128.0,,14.0
simu5g_00000621,3,4,8,808.0,,11.0
simu5g_00000621,3,4,9,808.0,,11.0
simu5g_00000621,3,4,10,1128.0,,14.0
simu5g_00000621,3,4,11,1128.0,,14.0
simu5g_00000621,3,4,12,1160.0,,15.0
simu5g_00000621,3,4,13,1160.0,,15.0
simu5g_00000621,3,4,14,1160.0,,15.0
simu5g_00000621,3,4,15,1160.0,,15.0
simu5g_00000621,3,4,16,1160.0,,15.0
simu5g_00000621,3,4,17,1160.0,,15.0
simu5g_00000621,3,4,18,1160.0,,15.0
simu5g_00000621,3,4,19,1128.0,,14.0
simu5g_00000621,3,4,20,1160.0,,15.0
simu5g_00000621,3,4,21,1128.0,,14.0
simu5g_00000621,3,4,22,984.0,,13.0
simu5g_00000621,3,4,23,1160.0,,15.0
simu5g_00000621,3,4,24,984.0,,13.0
simu5g_00000621,5,5,0,1128.0,,14.0
simu5g_00000621,5,5,1,984.0,,13.0
simu5g_00000621,5,5,2,984.0,,13.0
simu5g_00000621,5,5,3,888.0,,12.0
simu5g_00000621,5,5,4,1160.0,,15.0
simu5g_00000621,5,5,5,984.0,,13.0
simu5g_00000621,5,5,6,984.0,,13.0
simu5g_00000621,5,5,7,984.0,,13.0
simu5g_00000621,5,5,8,984.0,,13.0
simu5g_00000621,5,5,9,1160.0,,15.0
simu5g_00000621,5,5,10,1128.0,,14.0
simu5g_00000621,5,5,11,1128.0,,14.0
simu5g_00000621,5,5,12,984.0,,13.0
simu5g_00000621,5,5,13,888.0,,12.0
simu5g_00000621,5,5,14,808.0,,11.0
simu5g_00000621,5,5,15,888.0,,12.0
simu5g_00000621,5,5,16,368.0,,6.0
simu5g_00000621,5,5,17,1160.0,,15.0
simu5g_00000621,5,5,18,1128.0,,14.0
simu5g_00000621,5,5,19,984.0,,13.0
simu5g_00000621,5,5,20,984.0,,13.0
simu5g_00000621,5,5,21,608.0,,9.0
simu5g_00000621,5,5,22,1128.0,,14.0
simu5g_00000621,5,5,23,888.0,,12.0
simu5g_00000621,5,5,24,984.0,,13.0
simu5g_00000622,31,0,0,808.0,,11.0
simu5g_00000622,31,0,1,704.0,,10.0
simu5g_00000622,31,0,2,1128.0,,14.0
simu5g_00000622,31,0,3,984.0,,13.0
simu5g_00000622,31,0,4,1128.0,,14.0
simu5g_00000622,31,0,5,984.0,,13.0
simu5g_00000622,31,0,6,1128.0,,14.0
simu5g_00000622,31,0,7,984.0,,13.0
simu5g_00000622,31,0,8,1160.0,,15.0
simu5g_00000622,31,0,9,1160.0,,15.0
simu5g_00000622,31,0,10,984.0,,13.0
simu5g_00000622,31,0,11,888.0,,12.0
simu5g_00000622,31,0,12,368.0,,6.0
simu5g_00000622,31,0,13,984.0,,13.0
simu5g_00000622,31,0,14,1128.0,,14.0
simu5g_00000622,31,0,15,1128.0,,14.0
simu5g_00000622,31,0,16,888.0,,12.0
simu5g_00000622,31,0,17,1160.0,,15.0
simu5g_00000622,31,0,18,1160.0,,15.0
simu5g_00000622,31,0,19,888.0,,12.0
simu5g_00000622,31,0,20,808.0,,11.0
simu5g_00000622,31,0,21,1128.0,,14.0
simu5g_00000622,31,0,22,984.0,,13.0
simu5g_00000622,31,0,23,1128.0,,14.0
simu5g_00000622,31,0,24,1160.0,,15.0
simu5g_00000622,4,1,0,1128.0,,14.0
simu5g_00000622,4,1,1,888.0,,12.0
simu5g_00000622,4,1,2,1128.0,,14.0
simu5g_00000622,4,1,3,432.0,,7.0
simu5g_00000622,4,1,4,1128.0,,14.0
simu5g_00000622,4,1,5,1160.0,,15.0
simu5g_00000622,4,1,6,1128.0,,14.0
simu5g_00000622,4,1,7,608.0,,9.0
simu5g_00000622,4,1,8,888.0,,12.0
simu5g_00000622,4,1,9,1128.0,,14.0
simu5g_00000622,4,1,10,984.0,,13.0
simu5g_00000622,4,1,11,1128.0,,14.0
simu5g_00000622,4,1,12,1160.0,,15.0
simu5g_00000622,4,1,13,984.0,,13.0
simu5g_00000622,4,1,14,1128.0,,14.0
simu5g_00000622,4,1,15,888.0,,12.0
simu5g_00000622,4,1,16,984.0,,13.0
simu5g_00000622,4,1,17,984.0,,13.0
simu5g_00000622,4,1,18,1160.0,,15.0
simu5g_00000622,4,1,19,1128.0,,14.0
simu5g_00000622,4,1,20,984.0,,13.0
simu5g_00000622,4,1,21,888.0,,12.0
simu5g_00000622,4,1,22,1160.0,,15.0
simu5g_00000622,4,1,23,1128.0,,14.0
simu5g_00000622,4,1,24,984.0,,13.0
simu5g_00000622,6,2,0,1160.0,,15.0
simu5g_00000622,6,2,1,1160.0,,15.0
simu5g_00000622,6,2,2,1160.0,,15.0
simu5g_00000622,6,2,3,984.0,,13.0
simu5g_00000622,6,2,4,1160.0,,15.0
simu5g_00000622,6,2,5,1160.0,,15.0
simu5g_00000622,6,2,6,1160.0,,15.0
simu5g_00000622,6,2,7,1160.0,,15.0
simu5g_00000622,6,2,8,1160.0,,15.0
simu5g_00000622,6,2,9,1160.0,,15.0
simu5g_00000622,6,2,10,1160.0,,15.0
simu5g_00000622,6,2,11,1160.0,,15.0
simu5g_00000622,6,2,12,1160.0,,15.0
simu5g_00000622,6,2,13,1160.0,,15.0
simu5g_00000622,6,2,14,1160.0,,15.0
simu5g_00000622,6,2,15,1160.0,,15.0
simu5g_00000622,6,2,16,1160.0,,15.0
simu5g_00000622,6,2,17,1160.0,,15.0
simu5g_00000622,6,2,18,1160.0,,15.0
simu5g_00000622,6,2,19,1160.0,,15.0
simu5g_00000622,6,2,20,1160.0,,15.0
simu5g_00000622,6,2,21,1160.0,,15.0
simu5g_00000622,6,2,22,1160.0,,15.0
simu5g_00000622,6,2,23,1160.0,,15.0
simu5g_00000622,6,2,24,1160.0,,15.0
simu5g_00000622,7,3,0,1128.0,,14.0
simu5g_00000622,7,3,1,1160.0,,15.0
simu5g_00000622,7,3,2,1128.0,,14.0
simu5g_00000622,7,3,3,608.0,,9.0
simu5g_00000622,7,3,4,984.0,,13.0
simu5g_00000622,7,3,5,1160.0,,15.0
simu5g_00000622,7,3,6,984.0,,13.0
simu5g_00000622,7,3,7,1160.0,,15.0
simu5g_00000622,7,3,8,1160.0,,15.0
simu5g_00000622,7,3,9,1128.0,,14.0
simu5g_00000622,7,3,10,1128.0,,14.0
simu5g_00000622,7,3,11,1128.0,,14.0
simu5g_00000622,7,3,12,1160.0,,15.0
simu5g_00000622,7,3,13,1160.0,,15.0
simu5g_00000622,7,3,14,1128.0,,14.0
simu5g_00000622,7,3,15,1160.0,,15.0
simu5g_00000622,7,3,16,1128.0,,14.0
simu5g_00000622,7,3,17,608.0,,9.0
simu5g_00000622,7,3,18,1160.0,,15.0
simu5g_00000622,7,3,19,1128.0,,14.0
simu5g_00000622,7,3,20,984.0,,13.0
simu5g_00000622,7,3,21,1128.0,,14.0
simu5g_00000622,7,3,22,1160.0,,15.0
simu5g_00000622,7,3,23,1160.0,,15.0
simu5g_00000622,7,3,24,1160.0,,15.0
simu5g_00000623,0,0,0,1160.0,,15.0
simu5g_00000623,0,0,1,1128.0,,14.0
simu5g_00000623,0,0,2,1160.0,,15.0
simu5g_00000623,0,0,3,1160.0,,15.0
simu5g_00000623,0,0,4,1160.0,,15.0
simu5g_00000623,0,0,5,1160.0,,15.0
simu5g_00000623,0,0,6,1160.0,,15.0
simu5g_00000623,0,0,7,1160.0,,15.0
simu5g_00000623,0,0,8,1160.0,,15.0
simu5g_00000623,0,0,9,1160.0,,15.0
simu5g_00000623,0,0,10,1160.0,,15.0
simu5g_00000623,0,0,11,1160.0,,15.0
simu5g_00000623,0,0,12,1160.0,,15.0
simu5g_00000623,0,0,13,1160.0,,15.0
simu5g_00000623,0,0,14,1160.0,,15.0
simu5g_00000623,0,0,15,1160.0,,15.0
simu5g_00000623,0,0,16,1160.0,,15.0
simu5g_00000623,0,0,17,1160.0,,15.0
simu5g_00000623,0,0,18,1160.0,,15.0
simu5g_00000623,0,0,19,1160.0,,15.0
simu5g_00000623,0,0,20,1160.0,,15.0
simu5g_00000623,0,0,21,1160.0,,15.0
simu5g_00000623,0,0,22,1160.0,,15.0
simu5g_00000623,0,0,23,1160.0,,15.0
simu5g_00000623,0,0,24,1160.0,,15.0
simu5g_00000623,1,1,0,1160.0,,15.0
simu5g_00000623,1,1,1,1160.0,,15.0
simu5g_00000623,1,1,2,1160.0,,15.0
simu5g_00000623,1,1,3,1160.0,,15.0
simu5g_00000623,1,1,4,1160.0,,15.0
simu5g_00000623,1,1,5,1160.0,,15.0
simu5g_00000623,1,1,6,1160.0,,15.0
simu5g_00000623,1,1,7,1128.0,,14.0
simu5g_00000623,1,1,8,1128.0,,14.0
simu5g_00000623,1,1,9,1160.0,,15.0
simu5g_00000623,1,1,10,1160.0,,15.0
simu5g_00000623,1,1,11,1160.0,,15.0
simu5g_00000623,1,1,12,1160.0,,15.0
simu5g_00000623,1,1,13,1160.0,,15.0
simu5g_00000623,1,1,14,1160.0,,15.0
simu5g_00000623,1,1,15,1160.0,,15.0
simu5g_00000623,1,1,16,1160.0,,15.0
simu5g_00000623,1,1,17,1160.0,,15.0
simu5g_00000623,1,1,18,1160.0,,15.0
simu5g_00000623,1,1,19,1160.0,,15.0
simu5g_00000623,1,1,20,1160.0,,15.0
simu5g_00000623,1,1,21,984.0,,13.0
simu5g_00000623,1,1,22,1160.0,,15.0
simu5g_00000623,1,1,23,1160.0,,15.0
simu5g_00000623,1,1,24,1160.0,,15.0
simu5g_00000623,15,2,0,1128.0,,14.0
simu5g_00000623,15,2,1,1128.0,,14.0
simu5g_00000623,15,2,2,1160.0,,15.0
simu5g_00000623,15,2,3,1160.0,,15.0
simu5g_00000623,15,2,4,1128.0,,14.0
simu5g_00000623,15,2,5,808.0,,11.0
simu5g_00000623,15,2,6,1160.0,,15.0
simu5g_00000623,15,2,7,1128.0,,14.0
simu5g_00000623,15,2,8,1160.0,,15.0
simu5g_00000623,15,2,9,1160.0,,15.0
simu5g_00000623,15,2,10,1160.0,,15.0
simu5g_00000623,15,2,11,1160.0,,15.0
simu5g_00000623,15,2,12,984.0,,13.0
simu5g_00000623,15,2,13,1160.0,,15.0
simu5g_00000623,15,2,14,1128.0,,14.0
simu5g_00000623,15,2,15,1128.0,,14.0
simu5g_00000623,15,2,16,1160.0,,15.0
simu5g_00000623,15,2,17,1160.0,,15.0
simu5g_00000623,15,2,18,1160.0,,15.0
simu5g_00000623,15,2,19,1160.0,,15.0
simu5g_00000623,15,2,20,1160.0,,15.0
simu5g_00000623,15,2,21,1160.0,,15.0
simu5g_00000623,15,2,22,1160.0,,15.0
simu5g_00000623,15,2,23,1160.0,,15.0
simu5g_00000623,15,2,24,1160.0,,15.0
simu5g_00000623,2,3,0,1160.0,,15.0
simu5g_00000623,2,3,1,1160.0,,15.0
simu5g_00000623,2,3,2,1160.0,,15.0
simu5g_00000623,2,3,3,1160.0,,15.0
simu5g_00000623,2,3,4,1160.0,,15.0
simu5g_00000623,2,3,5,1128.0,,14.0
simu5g_00000623,2,3,6,1160.0,,15.0
simu5g_00000623,2,3,7,888.0,,12.0
simu5g_00000623,2,3,8,1160.0,,15.0
simu5g_00000623,2,3,9,1160.0,,15.0
simu5g_00000623,2,3,10,1160.0,,15.0
simu5g_00000623,2,3,11,984.0,,13.0
simu5g_00000623,2,3,12,1128.0,,14.0
simu5g_00000623,2,3,13,1160.0,,15.0
simu5g_00000623,2,3,14,1160.0,,15.0
simu5g_00000623,2,3,15,1160.0,,15.0
simu5g_00000623,2,3,16,1128.0,,14.0
simu5g_00000623,2,3,17,1160.0,,15.0
simu5g_00000623,2,3,18,1160.0,,15.0
simu5g_00000623,2,3,19,1160.0,,15.0
simu5g_00000623,2,3,20,1160.0,,15.0
simu5g_00000623,2,3,21,1128.0,,14.0
simu5g_00000623,2,3,22,1128.0,,14.0
simu5g_00000623,2,3,23,1160.0,,15.0
simu5g_00000623,2,3,24,1128.0,,14.0
simu5g_00000623,3,4,0,1160.0,,15.0
simu5g_00000623,3,4,1,1160.0,,15.0
simu5g_00000623,3,4,2,1160.0,,15.0
simu5g_00000623,3,4,3,1160.0,,15.0
simu5g_00000623,3,4,4,1160.0,,15.0
simu5g_00000623,3,4,5,1160.0,,15.0
simu5g_00000623,3,4,6,1160.0,,15.0
simu5g_00000623,3,4,7,1160.0,,15.0
simu5g_00000623,3,4,8,1128.0,,14.0
simu5g_00000623,3,4,9,984.0,,13.0
simu5g_00000623,3,4,10,1160.0,,15.0
simu5g_00000623,3,4,11,1160.0,,15.0
simu5g_00000623,3,4,12,1160.0,,15.0
simu5g_00000623,3,4,13,1160.0,,15.0
simu5g_00000623,3,4,14,1160.0,,15.0
simu5g_00000623,3,4,15,1160.0,,15.0
simu5g_00000623,3,4,16,1160.0,,15.0
simu5g_00000623,3,4,17,1160.0,,15.0
simu5g_00000623,3,4,18,1160.0,,15.0
simu5g_00000623,3,4,19,1160.0,,15.0
simu5g_00000623,3,4,20,1160.0,,15.0
simu5g_00000623,3,4,21,1160.0,,15.0
simu5g_00000623,3,4,22,1160.0,,15.0
simu5g_00000623,3,4,23,1160.0,,15.0
simu5g_00000623,3,4,24,1160.0,,15.0
simu5g_00000623,5,5,0,1128.0,,14.0
simu5g_00000623,5,5,1,984.0,,13.0
simu5g_00000623,5,5,2,984.0,,13.0
simu5g_00000623,5,5,3,888.0,,12.0
simu5g_00000623,5,5,4,1160.0,,15.0
simu5g_00000623,5,5,5,984.0,,13.0
simu5g_00000623,5,5,6,984.0,,13.0
simu5g_00000623,5,5,7,984.0,,13.0
simu5g_00000623,5,5,8,984.0,,13.0
simu5g_00000623,5,5,9,1160.0,,15.0
simu5g_00000623,5,5,10,1128.0,,14.0
simu5g_00000623,5,5,11,1128.0,,14.0
simu5g_00000623,5,5,12,984.0,,13.0
simu5g_00000623,5,5,13,888.0,,12.0
simu5g_00000623,5,5,14,808.0,,11.0
simu5g_00000623,5,5,15,888.0,,12.0
simu5g_00000623,5,5,16,368.0,,6.0
simu5g_00000623,5,5,17,1160.0,,15.0
simu5g_00000623,5,5,18,1128.0,,14.0
simu5g_00000623,5,5,19,1128.0,,14.0
simu5g_00000623,5,5,20,984.0,,13.0
simu5g_00000623,5,5,21,608.0,,9.0
simu5g_00000623,5,5,22,1128.0,,14.0
simu5g_00000623,5,5,23,888.0,,12.0
simu5g_00000623,5,5,24,984.0,,13.0
simu5g_00000624,31,0,0,984.0,,13.0
simu5g_00000624,31,0,1,888.0,,12.0
simu5g_00000624,31,0,2,1160.0,,15.0
simu5g_00000624,31,0,3,1128.0,,14.0
simu5g_00000624,31,0,4,1128.0,,14.0
simu5g_00000624,31,0,5,1128.0,,14.0
simu5g_00000624,31,0,6,1160.0,,15.0
simu5g_00000624,31,0,7,984.0,,13.0
simu5g_00000624,31,0,8,1160.0,,15.0
simu5g_00000624,31,0,9,1160.0,,15.0
simu5g_00000624,31,0,10,1128.0,,14.0
simu5g_00000624,31,0,11,984.0,,13.0
simu5g_00000624,31,0,12,432.0,,7.0
simu5g_00000624,31,0,13,1128.0,,14.0
simu5g_00000624,31,0,14,1160.0,,15.0
simu5g_00000624,31,0,15,1160.0,,15.0
simu5g_00000624,31,0,16,984.0,,13.0
simu5g_00000624,31,0,17,1160.0,,15.0
simu5g_00000624,31,0,18,1160.0,,15.0
simu5g_00000624,31,0,19,984.0,,13.0
simu5g_00000624,31,0,20,984.0,,13.0
simu5g_00000624,31,0,21,1128.0,,14.0
simu5g_00000624,31,0,22,984.0,,13.0
simu5g_00000624,31,0,23,1160.0,,15.0
simu5g_00000624,31,0,24,1160.0,,15.0
simu5g_00000624,4,1,0,1128.0,,14.0
simu5g_00000624,4,1,1,888.0,,12.0
simu5g_00000624,4,1,2,1128.0,,14.0
simu5g_00000624,4,1,3,432.0,,7.0
simu5g_00000624,4,1,4,1128.0,,14.0
simu5g_00000624,4,1,5,1160.0,,15.0
simu5g_00000624,4,1,6,1128.0,,14.0
simu5g_00000624,4,1,7,608.0,,9.0
simu5g_00000624,4,1,8,888.0,,12.0
simu5g_00000624,4,1,9,1128.0,,14.0
simu5g_00000624,4,1,10,984.0,,13.0
simu5g_00000624,4,1,11,1128.0,,14.0
simu5g_00000624,4,1,12,1160.0,,15.0
simu5g_00000624,4,1,13,984.0,,13.0
simu5g_00000624,4,1,14,1128.0,,14.0
simu5g_00000624,4,1,15,888.0,,12.0
simu5g_00000624,4,1,16,984.0,,13.0
simu5g_00000624,4,1,17,984.0,,13.0
simu5g_00000624,4,1,18,1160.0,,15.0
simu5g_00000624,4,1,19,1128.0,,14.0
simu5g_00000624,4,1,20,984.0,,13.0
simu5g_00000624,4,1,21,888.0,,12.0
simu5g_00000624,4,1,22,1160.0,,15.0
simu5g_00000624,4,1,23,1128.0,,14.0
simu5g_00000624,4,1,24,984.0,,13.0
simu5g_00000624,6,2,0,1160.0,,15.0
simu5g_00000624,6,2,1,1160.0,,15.0
simu5g_00000624,6,2,2,1160.0,,15.0
simu5g_00000624,6,2,3,1128.0,,14.0
simu5g_00000624,6,2,4,1160.0,,15.0
simu5g_00000624,6,2,5,1160.0,,15.0
simu5g_00000624,6,2,6,1160.0,,15.0
simu5g_00000624,6,2,7,1160.0,,15.0
simu5g_00000624,6,2,8,1160.0,,15.0
simu5g_00000624,6,2,9,1160.0,,15.0
simu5g_00000624,6,2,10,1160.0,,15.0
simu5g_00000624,6,2,11,1160.0,,15.0
simu5g_00000624,6,2,12,1160.0,,15.0
simu5g_00000624,6,2,13,1160.0,,15.0
simu5g_00000624,6,2,14,1160.0,,15.0
simu5g_00000624,6,2,15,1160.0,,15.0
simu5g_00000624,6,2,16,1160.0,,15.0
simu5g_00000624,6,2,17,1160.0,,15.0
simu5g_00000624,6,2,18,1160.0,,15.0
simu5g_00000624,6,2,19,1160.0,,15.0
simu5g_00000624,6,2,20,1160.0,,15.0
simu5g_00000624,6,2,21,1160.0,,15.0
simu5g_00000624,6,2,22,1160.0,,15.0
simu5g_00000624,6,2,23,1160.0,,15.0
simu5g_00000624,6,2,24,1160.0,,15.0
simu5g_00000624,7,3,0,1128.0,,14.0
simu5g_00000624,7,3,1,1160.0,,15.0
simu5g_00000624,7,3,2,1128.0,,14.0
simu5g_00000624,7,3,3,608.0,,9.0
simu5g_00000624,7,3,4,984.0,,13.0
simu5g_00000624,7,3,5,1160.0,,15.0
simu5g_00000624,7,3,6,984.0,,13.0
simu5g_00000624,7,3,7,1160.0,,15.0
simu5g_00000624,7,3,8,1160.0,,15.0
simu5g_00000624,7,3,9,1128.0,,14.0
simu5g_00000624,7,3,10,1128.0,,14.0
simu5g_00000624,7,3,11,1128.0,,14.0
simu5g_00000624,7,3,12,1160.0,,15.0
simu5g_00000624,7,3,13,1160.0,,15.0
simu5g_00000624,7,3,14,1128.0,,14.0
simu5g_00000624,7,3,15,1160.0,,15.0
simu5g_00000624,7,3,16,1128.0,,14.0
simu5g_00000624,7,3,17,608.0,,9.0
simu5g_00000624,7,3,18,1160.0,,15.0
simu5g_00000624,7,3,19,1128.0,,14.0
simu5g_00000624,7,3,20,984.0,,13.0
simu5g_00000624,7,3,21,1128.0,,14.0
simu5g_00000624,7,3,22,1160.0,,15.0
simu5g_00000624,7,3,23,1160.0,,15.0
simu5g_00000624,7,3,24,1160.0,,15.0
simu5g_00000625,0,0,0,1160.0,,15.0
simu5g_00000625,0,0,1,1128.0,,14.0
simu5g_00000625,0,0,2,1160.0,,15.0
simu5g_00000625,0,0,3,1160.0,,15.0
simu5g_00000625,0,0,4,1160.0,,15.0
simu5g_00000625,0,0,5,1160.0,,15.0
simu5g_00000625,0,0,6,1160.0,,15.0
simu5g_00000625,0,0,7,1160.0,,15.0
simu5g_00000625,0,0,8,1160.0,,15.0
simu5g_00000625,0,0,9,1160.0,,15.0
simu5g_00000625,0,0,10,1160.0,,15.0
simu5g_00000625,0,0,11,1160.0,,15.0
simu5g_00000625,0,0,12,1160.0,,15.0
simu5g_00000625,0,0,13,1160.0,,15.0
simu5g_00000625,0,0,14,1160.0,,15.0
simu5g_00000625,0,0,15,1160.0,,15.0
simu5g_00000625,0,0,16,1160.0,,15.0
simu5g_00000625,0,0,17,1160.0,,15.0
simu5g_00000625,0,0,18,1160.0,,15.0
simu5g_00000625,0,0,19,1160.0,,15.0
simu5g_00000625,0,0,20,1160.0,,15.0
simu5g_00000625,0,0,21,1160.0,,15.0
simu5g_00000625,0,0,22,1160.0,,15.0
simu5g_00000625,0,0,23,1160.0,,15.0
simu5g_00000625,0,0,24,1160.0,,15.0
simu5g_00000625,1,1,0,1160.0,,15.0
simu5g_00000625,1,1,1,1160.0,,15.0
simu5g_00000625,1,1,2,1160.0,,15.0
simu5g_00000625,1,1,3,1160.0,,15.0
simu5g_00000625,1,1,4,1160.0,,15.0
simu5g_00000625,1,1,5,1160.0,,15.0
simu5g_00000625,1,1,6,1160.0,,15.0
simu5g_00000625,1,1,7,1128.0,,14.0
simu5g_00000625,1,1,8,1128.0,,14.0
simu5g_00000625,1,1,9,1160.0,,15.0
simu5g_00000625,1,1,10,1160.0,,15.0
simu5g_00000625,1,1,11,1160.0,,15.0
simu5g_00000625,1,1,12,1160.0,,15.0
simu5g_00000625,1,1,13,1160.0,,15.0
simu5g_00000625,1,1,14,1160.0,,15.0
simu5g_00000625,1,1,15,1160.0,,15.0
simu5g_00000625,1,1,16,1160.0,,15.0
simu5g_00000625,1,1,17,1160.0,,15.0
simu5g_00000625,1,1,18,1160.0,,15.0
simu5g_00000625,1,1,19,1160.0,,15.0
simu5g_00000625,1,1,20,1160.0,,15.0
simu5g_00000625,1,1,21,984.0,,13.0
simu5g_00000625,1,1,22,1160.0,,15.0
simu5g_00000625,1,1,23,1160.0,,15.0
simu5g_00000625,1,1,24,1160.0,,15.0
simu5g_00000625,15,2,0,1128.0,,14.0
simu5g_00000625,15,2,1,1128.0,,14.0
simu5g_00000625,15,2,2,1160.0,,15.0
simu5g_00000625,15,2,3,1160.0,,15.0
simu5g_00000625,15,2,4,1128.0,,14.0
simu5g_00000625,15,2,5,808.0,,11.0
simu5g_00000625,15,2,6,1160.0,,15.0
simu5g_00000625,15,2,7,1128.0,,14.0
simu5g_00000625,15,2,8,1160.0,,15.0
simu5g_00000625,15,2,9,1160.0,,15.0
simu5g_00000625,15,2,10,1160.0,,15.0
simu5g_00000625,15,2,11,1160.0,,15.0
simu5g_00000625,15,2,12,984.0,,13.0
simu5g_00000625,15,2,13,1160.0,,15.0
simu5g_00000625,15,2,14,1128.0,,14.0
simu5g_00000625,15,2,15,1128.0,,14.0
simu5g_00000625,15,2,16,1160.0,,15.0
simu5g_00000625,15,2,17,1160.0,,15.0
simu5g_00000625,15,2,18,1160.0,,15.0
simu5g_00000625,15,2,19,1160.0,,15.0
simu5g_00000625,15,2,20,1160.0,,15.0
simu5g_00000625,15,2,21,1160.0,,15.0
simu5g_00000625,15,2,22,1160.0,,15.0
simu5g_00000625,15,2,23,1160.0,,15.0
simu5g_00000625,15,2,24,1160.0,,15.0
simu5g_00000625,2,3,0,1160.0,,15.0
simu5g_00000625,2,3,1,1160.0,,15.0
simu5g_00000625,2,3,2,1160.0,,15.0
simu5g_00000625,2,3,3,1160.0,,15.0
simu5g_00000625,2,3,4,1160.0,,15.0
simu5g_00000625,2,3,5,1128.0,,14.0
simu5g_00000625,2,3,6,1160.0,,15.0
simu5g_00000625,2,3,7,888.0,,12.0
simu5g_00000625,2,3,8,1160.0,,15.0
simu5g_00000625,2,3,9,1160.0,,15.0
simu5g_00000625,2,3,10,1160.0,,15.0
simu5g_00000625,2,3,11,984.0,,13.0
simu5g_00000625,2,3,12,1128.0,,14.0
simu5g_00000625,2,3,13,1160.0,,15.0
simu5g_00000625,2,3,14,1160.0,,15.0
simu5g_00000625,2,3,15,1160.0,,15.0
simu5g_00000625,2,3,16,1128.0,,14.0
simu5g_00000625,2,3,17,1160.0,,15.0
simu5g_00000625,2,3,18,1160.0,,15.0
simu5g_00000625,2,3,19,1160.0,,15.0
simu5g_00000625,2,3,20,1160.0,,15.0
simu5g_00000625,2,3,21,1128.0,,14.0
simu5g_00000625,2,3,22,1128.0,,14.0
simu5g_00000625,2,3,23,1160.0,,15.0
simu5g_00000625,2,3,24,1128.0,,14.0
simu5g_00000625,3,4,0,1160.0,,15.0
simu5g_00000625,3,4,1,1160.0,,15.0
simu5g_00000625,3,4,2,1160.0,,15.0
simu5g_00000625,3,4,3,1160.0,,15.0
simu5g_00000625,3,4,4,1160.0,,15.0
simu5g_00000625,3,4,5,1160.0,,15.0
simu5g_00000625,3,4,6,1160.0,,15.0
simu5g_00000625,3,4,7,1160.0,,15.0
simu5g_00000625,3,4,8,1128.0,,14.0
simu5g_00000625,3,4,9,984.0,,13.0
simu5g_00000625,3,4,10,1160.0,,15.0
simu5g_00000625,3,4,11,1160.0,,15.0
simu5g_00000625,3,4,12,1160.0,,15.0
simu5g_00000625,3,4,13,1160.0,,15.0
simu5g_00000625,3,4,14,1160.0,,15.0
simu5g_00000625,3,4,15,1160.0,,15.0
simu5g_00000625,3,4,16,1160.0,,15.0
simu5g_00000625,3,4,17,1160.0,,15.0
simu5g_00000625,3,4,18,1160.0,,15.0
simu5g_00000625,3,4,19,1160.0,,15.0
simu5g_00000625,3,4,20,1160.0,,15.0
simu5g_00000625,3,4,21,1160.0,,15.0
simu5g_00000625,3,4,22,1160.0,,15.0
simu5g_00000625,3,4,23,1160.0,,15.0
simu5g_00000625,3,4,24,1160.0,,15.0
simu5g_00000625,5,5,0,1128.0,,14.0
simu5g_00000625,5,5,1,984.0,,13.0
simu5g_00000625,5,5,2,984.0,,13.0
simu5g_00000625,5,5,3,888.0,,12.0
simu5g_00000625,5,5,4,1160.0,,15.0
simu5g_00000625,5,5,5,984.0,,13.0
simu5g_00000625,5,5,6,984.0,,13.0
simu5g_00000625,5,5,7,984.0,,13.0
simu5g_00000625,5,5,8,984.0,,13.0
simu5g_00000625,5,5,9,1160.0,,15.0
simu5g_00000625,5,5,10,1128.0,,14.0
simu5g_00000625,5,5,11,1128.0,,14.0
simu5g_00000625,5,5,12,984.0,,13.0
simu5g_00000625,5,5,13,888.0,,12.0
simu5g_00000625,5,5,14,808.0,,11.0
simu5g_00000625,5,5,15,888.0,,12.0
simu5g_00000625,5,5,16,368.0,,6.0
simu5g_00000625,5,5,17,1160.0,,15.0
simu5g_00000625,5,5,18,1128.0,,14.0
simu5g_00000625,5,5,19,1128.0,,14.0
simu5g_00000625,5,5,20,984.0,,13.0
simu5g_00000625,5,5,21,608.0,,9.0
simu5g_00000625,5,5,22,1128.0,,14.0
simu5g_00000625,5,5,23,888.0,,12.0
simu5g_00000625,5,5,24,984.0,,13.0
simu5g_00000626,31,0,0,984.0,,13.0
simu5g_00000626,31,0,1,888.0,,12.0
simu5g_00000626,31,0,2,1160.0,,15.0
simu5g_00000626,31,0,3,1128.0,,14.0
simu5g_00000626,31,0,4,1128.0,,14.0
simu5g_00000626,31,0,5,1128.0,,14.0
simu5g_00000626,31,0,6,1160.0,,15.0
simu5g_00000626,31,0,7,984.0,,13.0
simu5g_00000626,31,0,8,1160.0,,15.0
simu5g_00000626,31,0,9,1160.0,,15.0
simu5g_00000626,31,0,10,1128.0,,14.0
simu5g_00000626,31,0,11,984.0,,13.0
simu5g_00000626,31,0,12,528.0,,8.0
simu5g_00000626,31,0,13,1128.0,,14.0
simu5g_00000626,31,0,14,1160.0,,15.0
simu5g_00000626,31,0,15,1160.0,,15.0
simu5g_00000626,31,0,16,984.0,,13.0
simu5g_00000626,31,0,17,1160.0,,15.0
simu5g_00000626,31,0,18,1160.0,,15.0
simu5g_00000626,31,0,19,984.0,,13.0
simu5g_00000626,31,0,20,984.0,,13.0
simu5g_00000626,31,0,21,1128.0,,14.0
simu5g_00000626,31,0,22,984.0,,13.0
simu5g_00000626,31,0,23,1160.0,,15.0
simu5g_00000626,31,0,24,1160.0,,15.0
simu5g_00000626,4,1,0,1128.0,,14.0
simu5g_00000626,4,1,1,888.0,,12.0
simu5g_00000626,4,1,2,1128.0,,14.0
simu5g_00000626,4,1,3,432.0,,7.0
simu5g_00000626,4,1,4,1128.0,,14.0
simu5g_00000626,4,1,5,1160.0,,15.0
simu5g_00000626,4,1,6,1128.0,,14.0
simu5g_00000626,4,1,7,608.0,,9.0
simu5g_00000626,4,1,8,888.0,,12.0
simu5g_00000626,4,1,9,1128.0,,14.0
simu5g_00000626,4,1,10,984.0,,13.0
simu5g_00000626,4,1,11,1128.0,,14.0
simu5g_00000626,4,1,12,1160.0,,15.0
simu5g_00000626,4,1,13,984.0,,13.0
simu5g_00000626,4,1,14,1128.0,,14.0
simu5g_00000626,4,1,15,888.0,,12.0
simu5g_00000626,4,1,16,984.0,,13.0
simu5g_00000626,4,1,17,984.0,,13.0
simu5g_00000626,4,1,18,1160.0,,15.0
simu5g_00000626,4,1,19,1128.0,,14.0
simu5g_00000626,4,1,20,984.0,,13.0
simu5g_00000626,4,1,21,888.0,,12.0
simu5g_00000626,4,1,22,1160.0,,15.0
simu5g_00000626,4,1,23,1128.0,,14.0
simu5g_00000626,4,1,24,984.0,,13.0
simu5g_00000626,6,2,0,1160.0,,15.0
simu5g_00000626,6,2,1,1160.0,,15.0
simu5g_00000626,6,2,2,1160.0,,15.0
simu5g_00000626,6,2,3,1128.0,,14.0
simu5g_00000626,6,2,4,1160.0,,15.0
simu5g_00000626,6,2,5,1160.0,,15.0
simu5g_00000626,6,2,6,1160.0,,15.0
simu5g_00000626,6,2,7,1160.0,,15.0
simu5g_00000626,6,2,8,1160.0,,15.0
simu5g_00000626,6,2,9,1160.0,,15.0
simu5g_00000626,6,2,10,1160.0,,15.0
simu5g_00000626,6,2,11,1160.0,,15.0
simu5g_00000626,6,2,12,1160.0,,15.0
simu5g_00000626,6,2,13,1160.0,,15.0
simu5g_00000626,6,2,14,1160.0,,15.0
simu5g_00000626,6,2,15,1160.0,,15.0
simu5g_00000626,6,2,16,1160.0,,15.0
simu5g_00000626,6,2,17,1160.0,,15.0
simu5g_00000626,6,2,18,1160.0,,15.0
simu5g_00000626,6,2,19,1160.0,,15.0
simu5g_00000626,6,2,20,1160.0,,15.0
simu5g_00000626,6,2,21,1160.0,,15.0
simu5g_00000626,6,2,22,1160.0,,15.0
simu5g_00000626,6,2,23,1160.0,,15.0
simu5g_00000626,6,2,24,1160.0,,15.0
simu5g_00000626,7,3,0,1128.0,,14.0
simu5g_00000626,7,3,1,1160.0,,15.0
simu5g_00000626,7,3,2,1128.0,,14.0
simu5g_00000626,7,3,3,608.0,,9.0
simu5g_00000626,7,3,4,984.0,,13.0
simu5g_00000626,7,3,5,1160.0,,15.0
simu5g_00000626,7,3,6,984.0,,13.0
simu5g_00000626,7,3,7,1160.0,,15.0
simu5g_00000626,7,3,8,1160.0,,15.0
simu5g_00000626,7,3,9,1128.0,,14.0
simu5g_00000626,7,3,10,1128.0,,14.0
simu5g_00000626,7,3,11,1128.0,,14.0
simu5g_00000626,7,3,12,1160.0,,15.0
simu5g_00000626,7,3,13,1160.0,,15.0
simu5g_00000626,7,3,14,1128.0,,14.0
simu5g_00000626,7,3,15,1160.0,,15.0
simu5g_00000626,7,3,16,1128.0,,14.0
simu5g_00000626,7,3,17,608.0,,9.0
simu5g_00000626,7,3,18,1160.0,,15.0
simu5g_00000626,7,3,19,1128.0,,14.0
simu5g_00000626,7,3,20,984.0,,13.0
simu5g_00000626,7,3,21,1128.0,,14.0
simu5g_00000626,7,3,22,1160.0,,15.0
simu5g_00000626,7,3,23,1160.0,,15.0
simu5g_00000626,7,3,24,1160.0,,15.0
simu5g_00000627,0,0,0,1160.0,,15.0
simu5g_00000627,0,0,1,1128.0,,14.0
simu5g_00000627,0,0,2,1160.0,,15.0
simu5g_00000627,0,0,3,1160.0,,15.0
simu5g_00000627,0,0,4,1160.0,,15.0
simu5g_00000627,0,0,5,1160.0,,15.0
simu5g_00000627,0,0,6,1160.0,,15.0
simu5g_00000627,0,0,7,1160.0,,15.0
simu5g_00000627,0,0,8,1160.0,,15.0
simu5g_00000627,0,0,9,1160.0,,15.0
simu5g_00000627,0,0,10,1160.0,,15.0
simu5g_00000627,0,0,11,1160.0,,15.0
simu5g_00000627,0,0,12,1160.0,,15.0
simu5g_00000627,0,0,13,1160.0,,15.0
simu5g_00000627,0,0,14,1160.0,,15.0
simu5g_00000627,0,0,15,1160.0,,15.0
simu5g_00000627,0,0,16,1160.0,,15.0
simu5g_00000627,0,0,17,1160.0,,15.0
simu5g_00000627,0,0,18,1160.0,,15.0
simu5g_00000627,0,0,19,1160.0,,15.0
simu5g_00000627,0,0,20,1160.0,,15.0
simu5g_00000627,0,0,21,1160.0,,15.0
simu5g_00000627,0,0,22,1160.0,,15.0
simu5g_00000627,0,0,23,1160.0,,15.0
simu5g_00000627,0,0,24,1160.0,,15.0
simu5g_00000627,1,1,0,1160.0,,15.0
simu5g_00000627,1,1,1,1160.0,,15.0
simu5g_00000627,1,1,2,1160.0,,15.0
simu5g_00000627,1,1,3,1160.0,,15.0
simu5g_00000627,1,1,4,1160.0,,15.0
simu5g_00000627,1,1,5,1160.0,,15.0
simu5g_00000627,1,1,6,1160.0,,15.0
simu5g_00000627,1,1,7,1128.0,,14.0
simu5g_00000627,1,1,8,1128.0,,14.0
simu5g_00000627,1,1,9,1160.0,,15.0
simu5g_00000627,1,1,10,1160.0,,15.0
simu5g_00000627,1,1,11,1160.0,,15.0
simu5g_00000627,1,1,12,1160.0,,15.0
simu5g_00000627,1,1,13,1160.0,,15.0
simu5g_00000627,1,1,14,1160.0,,15.0
simu5g_00000627,1,1,15,1160.0,,15.0
simu5g_00000627,1,1,16,1160.0,,15.0
simu5g_00000627,1,1,17,1160.0,,15.0
simu5g_00000627,1,1,18,1160.0,,15.0
simu5g_00000627,1,1,19,1160.0,,15.0
simu5g_00000627,1,1,20,1160.0,,15.0
simu5g_00000627,1,1,21,984.0,,13.0
simu5g_00000627,1,1,22,1160.0,,15.0
simu5g_00000627,1,1,23,1160.0,,15.0
simu5g_00000627,1,1,24,1160.0,,15.0
simu5g_00000627,15,2,0,1160.0,,15.0
simu5g_00000627,15,2,1,1160.0,,15.0
simu5g_00000627,15,2,2,1160.0,,15.0
simu5g_00000627,15,2,3,1160.0,,15.0
simu5g_00000627,15,2,4,1128.0,,14.0
simu5g_00000627,15,2,5,984.0,,13.0
simu5g_00000627,15,2,6,1160.0,,15.0
simu5g_00000627,15,2,7,1160.0,,15.0
simu5g_00000627,15,2,8,1160.0,,15.0
simu5g_00000627,15,2,9,1160.0,,15.0
simu5g_00000627,15,2,10,1160.0,,15.0
simu5g_00000627,15,2,11,1160.0,,15.0
simu5g_00000627,15,2,12,1128.0,,14.0
simu5g_00000627,15,2,13,1160.0,,15.0
simu5g_00000627,15,2,14,1160.0,,15.0
simu5g_00000627,15,2,15,1160.0,,15.0
simu5g_00000627,15,2,16,1160.0,,15.0
simu5g_00000627,15,2,17,1160.0,,15.0
simu5g_00000627,15,2,18,1160.0,,15.0
simu5g_00000627,15,2,19,1160.0,,15.0
simu5g_00000627,15,2,20,1160.0,,15.0
simu5g_00000627,15,2,21,1160.0,,15.0
simu5g_00000627,15,2,22,1160.0,,15.0
simu5g_00000627,15,2,23,1160.0,,15.0
simu5g_00000627,15,2,24,1160.0,,15.0
simu5g_00000627,2,3,0,1160.0,,15.0
simu5g_00000627,2,3,1,1160.0,,15.0
simu5g_00000627,2,3,2,1160.0,,15.0
simu5g_00000627,2,3,3,1160.0,,15.0
simu5g_00000627,2,3,4,1160.0,,15.0
simu5g_00000627,2,3,5,1160.0,,15.0
simu5g_00000627,2,3,6,1160.0,,15.0
simu5g_00000627,2,3,7,984.0,,13.0
simu5g_00000627,2,3,8,1160.0,,15.0
simu5g_00000627,2,3,9,1160.0,,15.0
simu5g_00000627,2,3,10,1160.0,,15.0
simu5g_00000627,2,3,11,1128.0,,14.0
simu5g_00000627,2,3,12,1160.0,,15.0
simu5g_00000627,2,3,13,1160.0,,15.0
simu5g_00000627,2,3,14,1160.0,,15.0
simu5g_00000627,2,3,15,1160.0,,15.0
simu5g_00000627,2,3,16,1128.0,,14.0
simu5g_00000627,2,3,17,1160.0,,15.0
simu5g_00000627,2,3,18,1160.0,,15.0
simu5g_00000627,2,3,19,1160.0,,15.0
simu5g_00000627,2,3,20,1160.0,,15.0
simu5g_00000627,2,3,21,1160.0,,15.0
simu5g_00000627,2,3,22,1160.0,,15.0
simu5g_00000627,2,3,23,1160.0,,15.0
simu5g_00000627,2,3,24,1128.0,,14.0
simu5g_00000627,3,4,0,1160.0,,15.0
simu5g_00000627,3,4,1,1160.0,,15.0
simu5g_00000627,3,4,2,1160.0,,15.0
simu5g_00000627,3,4,3,1160.0,,15.0
simu5g_00000627,3,4,4,1160.0,,15.0
simu5g_00000627,3,4,5,1160.0,,15.0
simu5g_00000627,3,4,6,1160.0,,15.0
simu5g_00000627,3,4,7,1160.0,,15.0
simu5g_00000627,3,4,8,1128.0,,14.0
simu5g_00000627,3,4,9,984.0,,13.0
simu5g_00000627,3,4,10,1160.0,,15.0
simu5g_00000627,3,4,11,1160.0,,15.0
simu5g_00000627,3,4,12,1160.0,,15.0
simu5g_00000627,3,4,13,1160.0,,15.0
simu5g_00000627,3,4,14,1160.0,,15.0
simu5g_00000627,3,4,15,1160.0,,15.0
simu5g_00000627,3,4,16,1160.0,,15.0
simu5g_00000627,3,4,17,1160.0,,15.0
simu5g_00000627,3,4,18,1160.0,,15.0
simu5g_00000627,3,4,19,1160.0,,15.0
simu5g_00000627,3,4,20,1160.0,,15.0
simu5g_00000627,3,4,21,1160.0,,15.0
simu5g_00000627,3,4,22,1160.0,,15.0
simu5g_00000627,3,4,23,1160.0,,15.0
simu5g_00000627,3,4,24,1160.0,,15.0
simu5g_00000627,5,5,0,1128.0,,14.0
simu5g_00000627,5,5,1,984.0,,13.0
simu5g_00000627,5,5,2,984.0,,13.0
simu5g_00000627,5,5,3,888.0,,12.0
simu5g_00000627,5,5,4,1160.0,,15.0
simu5g_00000627,5,5,5,984.0,,13.0
simu5g_00000627,5,5,6,984.0,,13.0
simu5g_00000627,5,5,7,984.0,,13.0
simu5g_00000627,5,5,8,984.0,,13.0
simu5g_00000627,5,5,9,1160.0,,15.0
simu5g_00000627,5,5,10,1128.0,,14.0
simu5g_00000627,5,5,11,1128.0,,14.0
simu5g_00000627,5,5,12,984.0,,13.0
simu5g_00000627,5,5,13,888.0,,12.0
simu5g_00000627,5,5,14,808.0,,11.0
simu5g_00000627,5,5,15,888.0,,12.0
simu5g_00000627,5,5,16,368.0,,6.0
simu5g_00000627,5,5,17,1160.0,,15.0
simu5g_00000627,5,5,18,1128.0,,14.0
simu5g_00000627,5,5,19,1128.0,,14.0
simu5g_00000627,5,5,20,984.0,,13.0
simu5g_00000627,5,5,21,608.0,,9.0
simu5g_00000627,5,5,22,1128.0,,14.0
simu5g_00000627,5,5,23,888.0,,12.0
simu5g_00000627,5,5,24,984.0,,13.0
simu5g_00000628,31,0,0,984.0,,13.0
simu5g_00000628,31,0,1,888.0,,12.0
simu5g_00000628,31,0,2,1160.0,,15.0
simu5g_00000628,31,0,3,1128.0,,14.0
simu5g_00000628,31,0,4,1128.0,,14.0
simu5g_00000628,31,0,5,1128.0,,14.0
simu5g_00000628,31,0,6,1160.0,,15.0
simu5g_00000628,31,0,7,984.0,,13.0
simu5g_00000628,31,0,8,1160.0,,15.0
simu5g_00000628,31,0,9,1160.0,,15.0
simu5g_00000628,31,0,10,1128.0,,14.0
simu5g_00000628,31,0,11,984.0,,13.0
simu5g_00000628,31,0,12,528.0,,8.0
simu5g_00000628,31,0,13,1128.0,,14.0
simu5g_00000628,31,0,14,1160.0,,15.0
simu5g_00000628,31,0,15,1160.0,,15.0
simu5g_00000628,31,0,16,984.0,,13.0
simu5g_00000628,31,0,17,1160.0,,15.0
simu5g_00000628,31,0,18,1160.0,,15.0
simu5g_00000628,31,0,19,984.0,,13.0
simu5g_00000628,31,0,20,984.0,,13.0
simu5g_00000628,31,0,21,1128.0,,14.0
simu5g_00000628,31,0,22,984.0,,13.0
simu5g_00000628,31,0,23,1160.0,,15.0
simu5g_00000628,31,0,24,1160.0,,15.0
simu5g_00000628,4,1,0,1160.0,,15.0
simu5g_00000628,4,1,1,1128.0,,14.0
simu5g_00000628,4,1,2,1160.0,,15.0
simu5g_00000628,4,1,3,704.0,,10.0
simu5g_00000628,4,1,4,1160.0,,15.0
simu5g_00000628,4,1,5,1160.0,,15.0
simu5g_00000628,4,1,6,1160.0,,15.0
simu5g_00000628,4,1,7,888.0,,12.0
simu5g_00000628,4,1,8,1128.0,,14.0
simu5g_00000628,4,1,9,1160.0,,15.0
simu5g_00000628,4,1,10,1160.0,,15.0
simu5g_00000628,4,1,11,1160.0,,15.0
simu5g_00000628,4,1,12,1160.0,,15.0
simu5g_00000628,4,1,13,1160.0,,15.0
simu5g_00000628,4,1,14,1160.0,,15.0
simu5g_00000628,4,1,15,1128.0,,14.0
simu5g_00000628,4,1,16,1128.0,,14.0
simu5g_00000628,4,1,17,1128.0,,14.0
simu5g_00000628,4,1,18,1160.0,,15.0
simu5g_00000628,4,1,19,1160.0,,15.0
simu5g_00000628,4,1,20,1160.0,,15.0
simu5g_00000628,4,1,21,1128.0,,14.0
simu5g_00000628,4,1,22,1160.0,,15.0
simu5g_00000628,4,1,23,1160.0,,15.0
simu5g_00000628,4,1,24,1128.0,,14.0
simu5g_00000628,6,2,0,1160.0,,15.0
simu5g_00000628,6,2,1,1160.0,,15.0
simu5g_00000628,6,2,2,1160.0,,15.0
simu5g_00000628,6,2,3,1128.0,,14.0
simu5g_00000628,6,2,4,1160.0,,15.0
simu5g_00000628,6,2,5,1160.0,,15.0
simu5g_00000628,6,2,6,1160.0,,15.0
simu5g_00000628,6,2,7,1160.0,,15.0
simu5g_00000628,6,2,8,1160.0,,15.0
simu5g_00000628,6,2,9,1160.0,,15.0
simu5g_00000628,6,2,10,1160.0,,15.0
simu5g_00000628,6,2,11,1160.0,,15.0
simu5g_00000628,6,2,12,1160.0,,15.0
simu5g_00000628,6,2,13,1160.0,,15.0
simu5g_00000628,6,2,14,1160.0,,15.0
simu5g_00000628,6,2,15,1160.0,,15.0
simu5g_00000628,6,2,16,1160.0,,15.0
simu5g_00000628,6,2,17,1160.0,,15.0
simu5g_00000628,6,2,18,1160.0,,15.0
simu5g_00000628,6,2,19,1160.0,,15.0
simu5g_00000628,6,2,20,1160.0,,15.0
simu5g_00000628,6,2,21,1160.0,,15.0
simu5g_00000628,6,2,22,1160.0,,15.0
simu5g_00000628,6,2,23,1160.0,,15.0
simu5g_00000628,6,2,24,1160.0,,15.0
simu5g_00000628,7,3,0,1128.0,,14.0
simu5g_00000628,7,3,1,1160.0,,15.0
simu5g_00000628,7,3,2,1128.0,,14.0
simu5g_00000628,7,3,3,608.0,,9.0
simu5g_00000628,7,3,4,984.0,,13.0
simu5g_00000628,7,3,5,1160.0,,15.0
simu5g_00000628,7,3,6,984.0,,13.0
simu5g_00000628,7,3,7,1160.0,,15.0
simu5g_00000628,7,3,8,1160.0,,15.0
simu5g_00000628,7,3,9,1128.0,,14.0
simu5g_00000628,7,3,10,1128.0,,14.0
simu5g_00000628,7,3,11,1128.0,,14.0
simu5g_00000628,7,3,12,1160.0,,15.0
simu5g_00000628,7,3,13,1160.0,,15.0
simu5g_00000628,7,3,14,1128.0,,14.0
simu5g_00000628,7,3,15,1160.0,,15.0
simu5g_00000628,7,3,16,1128.0,,14.0
simu5g_00000628,7,3,17,608.0,,9.0
simu5g_00000628,7,3,18,1160.0,,15.0
simu5g_00000628,7,3,19,1128.0,,14.0
simu5g_00000628,7,3,20,984.0,,13.0
simu5g_00000628,7,3,21,1128.0,,14.0
simu5g_00000628,7,3,22,1160.0,,15.0
simu5g_00000628,7,3,23,1160.0,,15.0
simu5g_00000628,7,3,24,1160.0,,15.0
simu5g_00000629,0,0,0,1160.0,,15.0
simu5g_00000629,0,0,1,808.0,,11.0
simu5g_00000629,0,0,2,1160.0,,15.0
simu5g_00000629,0,0,3,1128.0,,14.0
simu5g_00000629,0,0,4,1160.0,,15.0
simu5g_00000629,0,0,5,1128.0,,14.0
simu5g_00000629,0,0,6,1160.0,,15.0
simu5g_00000629,0,0,7,1160.0,,15.0
simu5g_00000629,0,0,8,984.0,,13.0
simu5g_00000629,0,0,9,1160.0,,15.0
simu5g_00000629,0,0,10,1160.0,,15.0
simu5g_00000629,0,0,11,1160.0,,15.0
simu5g_00000629,0,0,12,1160.0,,15.0
simu5g_00000629,0,0,13,1160.0,,15.0
simu5g_00000629,0,0,14,1160.0,,15.0
simu5g_00000629,0,0,15,1160.0,,15.0
simu5g_00000629,0,0,16,1160.0,,15.0
simu5g_00000629,0,0,17,1160.0,,15.0
simu5g_00000629,0,0,18,1160.0,,15.0
simu5g_00000629,0,0,19,1160.0,,15.0
simu5g_00000629,0,0,20,1160.0,,15.0
simu5g_00000629,0,0,21,984.0,,13.0
simu5g_00000629,0,0,22,1160.0,,15.0
simu5g_00000629,0,0,23,1160.0,,15.0
simu5g_00000629,0,0,24,1128.0,,14.0
simu5g_00000629,1,1,0,1160.0,,15.0
simu5g_00000629,1,1,1,1160.0,,15.0
simu5g_00000629,1,1,2,1160.0,,15.0
simu5g_00000629,1,1,3,1160.0,,15.0
simu5g_00000629,1,1,4,1160.0,,15.0
simu5g_00000629,1,1,5,1160.0,,15.0
simu5g_00000629,1,1,6,1160.0,,15.0
simu5g_00000629,1,1,7,1160.0,,15.0
simu5g_00000629,1,1,8,1128.0,,14.0
simu5g_00000629,1,1,9,1160.0,,15.0
simu5g_00000629,1,1,10,1160.0,,15.0
simu5g_00000629,1,1,11,1160.0,,15.0
simu5g_00000629,1,1,12,1160.0,,15.0
simu5g_00000629,1,1,13,1160.0,,15.0
simu5g_00000629,1,1,14,1160.0,,15.0
simu5g_00000629,1,1,15,1160.0,,15.0
simu5g_00000629,1,1,16,1160.0,,15.0
simu5g_00000629,1,1,17,1160.0,,15.0
simu5g_00000629,1,1,18,1160.0,,15.0
simu5g_00000629,1,1,19,1160.0,,15.0
simu5g_00000629,1,1,20,1160.0,,15.0
simu5g_00000629,1,1,21,1128.0,,14.0
simu5g_00000629,1,1,22,1160.0,,15.0
simu5g_00000629,1,1,23,1160.0,,15.0
simu5g_00000629,1,1,24,1160.0,,15.0
simu5g_00000629,15,2,0,1160.0,,15.0
simu5g_00000629,15,2,1,1160.0,,15.0
simu5g_00000629,15,2,2,1160.0,,15.0
simu5g_00000629,15,2,3,1160.0,,15.0
simu5g_00000629,15,2,4,1128.0,,14.0
simu5g_00000629,15,2,5,984.0,,13.0
simu5g_00000629,15,2,6,1160.0,,15.0
simu5g_00000629,15,2,7,1160.0,,15.0
simu5g_00000629,15,2,8,1160.0,,15.0
simu5g_00000629,15,2,9,1160.0,,15.0
simu5g_00000629,15,2,10,1160.0,,15.0
simu5g_00000629,15,2,11,1160.0,,15.0
simu5g_00000629,15,2,12,1128.0,,14.0
simu5g_00000629,15,2,13,1160.0,,15.0
simu5g_00000629,15,2,14,1160.0,,15.0
simu5g_00000629,15,2,15,1160.0,,15.0
simu5g_00000629,15,2,16,1160.0,,15.0
simu5g_00000629,15,2,17,1160.0,,15.0
simu5g_00000629,15,2,18,1160.0,,15.0
simu5g_00000629,15,2,19,1160.0,,15.0
simu5g_00000629,15,2,20,1160.0,,15.0
simu5g_00000629,15,2,21,1160.0,,15.0
simu5g_00000629,15,2,22,1160.0,,15.0
simu5g_00000629,15,2,23,1160.0,,15.0
simu5g_00000629,15,2,24,1160.0,,15.0
simu5g_00000629,2,3,0,1160.0,,15.0
simu5g_00000629,2,3,1,1160.0,,15.0
simu5g_00000629,2,3,2,1160.0,,15.0
simu5g_00000629,2,3,3,1160.0,,15.0
simu5g_00000629,2,3,4,1160.0,,15.0
simu5g_00000629,2,3,5,1160.0,,15.0
simu5g_00000629,2,3,6,1160.0,,15.0
simu5g_00000629,2,3,7,984.0,,13.0
simu5g_00000629,2,3,8,1160.0,,15.0
simu5g_00000629,2,3,9,1160.0,,15.0
simu5g_00000629,2,3,10,1160.0,,15.0
simu5g_00000629,2,3,11,1128.0,,14.0
simu5g_00000629,2,3,12,1160.0,,15.0
simu5g_00000629,2,3,13,1160.0,,15.0
simu5g_00000629,2,3,14,1160.0,,15.0
simu5g_00000629,2,3,15,1160.0,,15.0
simu5g_00000629,2,3,16,1128.0,,14.0
simu5g_00000629,2,3,17,1160.0,,15.0
simu5g_00000629,2,3,18,1160.0,,15.0
simu5g_00000629,2,3,19,1160.0,,15.0
simu5g_00000629,2,3,20,1160.0,,15.0
simu5g_00000629,2,3,21,1160.0,,15.0
simu5g_00000629,2,3,22,1160.0,,15.0
simu5g_00000629,2,3,23,1160.0,,15.0
simu5g_00000629,2,3,24,1128.0,,14.0
simu5g_00000629,3,4,0,1128.0,,14.0
simu5g_00000629,3,4,1,1160.0,,15.0
simu5g_00000629,3,4,2,1128.0,,14.0
simu5g_00000629,3,4,3,1160.0,,15.0
simu5g_00000629,3,4,4,1160.0,,15.0
simu5g_00000629,3,4,5,1160.0,,15.0
simu5g_00000629,3,4,6,1160.0,,15.0
simu5g_00000629,3,4,7,1160.0,,15.0
simu5g_00000629,3,4,8,888.0,,12.0
simu5g_00000629,3,4,9,888.0,,12.0
simu5g_00000629,3,4,10,1160.0,,15.0
simu5g_00000629,3,4,11,1128.0,,14.0
simu5g_00000629,3,4,12,1160.0,,15.0
simu5g_00000629,3,4,13,1160.0,,15.0
simu5g_00000629,3,4,14,1160.0,,15.0
simu5g_00000629,3,4,15,1160.0,,15.0
simu5g_00000629,3,4,16,1160.0,,15.0
simu5g_00000629,3,4,17,1160.0,,15.0
simu5g_00000629,3,4,18,1160.0,,15.0
simu5g_00000629,3,4,19,1160.0,,15.0
simu5g_00000629,3,4,20,1160.0,,15.0
simu5g_00000629,3,4,21,1128.0,,14.0
simu5g_00000629,3,4,22,1128.0,,14.0
simu5g_00000629,3,4,23,1160.0,,15.0
simu5g_00000629,3,4,24,1128.0,,14.0
simu5g_00000629,5,5,0,1160.0,,15.0
simu5g_00000629,5,5,1,1160.0,,15.0
simu5g_00000629,5,5,2,1160.0,,15.0
simu5g_00000629,5,5,3,1160.0,,15.0
simu5g_00000629,5,5,4,1160.0,,15.0
simu5g_00000629,5,5,5,1160.0,,15.0
simu5g_00000629,5,5,6,1160.0,,15.0
simu5g_00000629,5,5,7,1160.0,,15.0
simu5g_00000629,5,5,8,1160.0,,15.0
simu5g_00000629,5,5,9,1160.0,,15.0
simu5g_00000629,5,5,10,1160.0,,15.0
simu5g_00000629,5,5,11,1160.0,,15.0
simu5g_00000629,5,5,12,1160.0,,15.0
simu5g_00000629,5,5,13,1128.0,,14.0
simu5g_00000629,5,5,14,1128.0,,14.0
simu5g_00000629,5,5,15,1160.0,,15.0
simu5g_00000629,5,5,16,888.0,,12.0
simu5g_00000629,5,5,17,1160.0,,15.0
simu5g_00000629,5,5,18,1160.0,,15.0
simu5g_00000629,5,5,19,1160.0,,15.0
simu5g_00000629,5,5,20,1160.0,,15.0
simu5g_00000629,5,5,21,1128.0,,14.0
simu5g_00000629,5,5,22,1160.0,,15.0
simu5g_00000629,5,5,23,1160.0,,15.0
simu5g_00000629,5,5,24,1160.0,,15.0
simu5g_00000630,31,0,0,888.0,,12.0
simu5g_00000630,31,0,1,808.0,,11.0
simu5g_00000630,31,0,2,1128.0,,14.0
simu5g_00000630,31,0,3,1128.0,,14.0
simu5g_00000630,31,0,4,1128.0,,14.0
simu5g_00000630,31,0,5,984.0,,13.0
simu5g_00000630,31,0,6,1128.0,,14.0
simu5g_00000630,31,0,7,984.0,,13.0
simu5g_00000630,31,0,8,1160.0,,15.0
simu5g_00000630,31,0,9,1160.0,,15.0
simu5g_00000630,31,0,10,1128.0,,14.0
simu5g_00000630,31,0,11,984.0,,13.0
simu5g_00000630,31,0,12,368.0,,6.0
simu5g_00000630,31,0,13,984.0,,13.0
simu5g_00000630,31,0,14,1160.0,,15.0
simu5g_00000630,31,0,15,1128.0,,14.0
simu5g_00000630,31,0,16,984.0,,13.0
simu5g_00000630,31,0,17,1160.0,,15.0
simu5g_00000630,31,0,18,1160.0,,15.0
simu5g_00000630,31,0,19,984.0,,13.0
simu5g_00000630,31,0,20,888.0,,12.0
simu5g_00000630,31,0,21,1128.0,,14.0
simu5g_00000630,31,0,22,984.0,,13.0
simu5g_00000630,31,0,23,1128.0,,14.0
simu5g_00000630,31,0,24,1160.0,,15.0
simu5g_00000630,4,1,0,1160.0,,15.0
simu5g_00000630,4,1,1,1128.0,,14.0
simu5g_00000630,4,1,2,1160.0,,15.0
simu5g_00000630,4,1,3,704.0,,10.0
simu5g_00000630,4,1,4,1160.0,,15.0
simu5g_00000630,4,1,5,1160.0,,15.0
simu5g_00000630,4,1,6,1160.0,,15.0
simu5g_00000630,4,1,7,888.0,,12.0
simu5g_00000630,4,1,8,1128.0,,14.0
simu5g_00000630,4,1,9,1160.0,,15.0
simu5g_00000630,4,1,10,1160.0,,15.0
simu5g_00000630,4,1,11,1160.0,,15.0
simu5g_00000630,4,1,12,1160.0,,15.0
simu5g_00000630,4,1,13,1160.0,,15.0
simu5g_00000630,4,1,14,1160.0,,15.0
simu5g_00000630,4,1,15,1128.0,,14.0
simu5g_00000630,4,1,16,1128.0,,14.0
simu5g_00000630,4,1,17,1128.0,,14.0
simu5g_00000630,4,1,18,1160.0,,15.0
simu5g_00000630,4,1,19,1160.0,,15.0
simu5g_00000630,4,1,20,1160.0,,15.0
simu5g_00000630,4,1,21,1128.0,,14.0
simu5g_00000630,4,1,22,1160.0,,15.0
simu5g_00000630,4,1,23,1160.0,,15.0
simu5g_00000630,4,1,24,1128.0,,14.0
simu5g_00000630,6,2,0,1160.0,,15.0
simu5g_00000630,6,2,1,1160.0,,15.0
simu5g_00000630,6,2,2,1160.0,,15.0
simu5g_00000630,6,2,3,984.0,,13.0
simu5g_00000630,6,2,4,1160.0,,15.0
simu5g_00000630,6,2,5,1160.0,,15.0
simu5g_00000630,6,2,6,1160.0,,15.0
simu5g_00000630,6,2,7,1160.0,,15.0
simu5g_00000630,6,2,8,1160.0,,15.0
simu5g_00000630,6,2,9,1160.0,,15.0
simu5g_00000630,6,2,10,1160.0,,15.0
simu5g_00000630,6,2,11,1160.0,,15.0
simu5g_00000630,6,2,12,1160.0,,15.0
simu5g_00000630,6,2,13,1160.0,,15.0
simu5g_00000630,6,2,14,1160.0,,15.0
simu5g_00000630,6,2,15,1160.0,,15.0
simu5g_00000630,6,2,16,1128.0,,14.0
simu5g_00000630,6,2,17,1160.0,,15.0
simu5g_00000630,6,2,18,1160.0,,15.0
simu5g_00000630,6,2,19,1160.0,,15.0
simu5g_00000630,6,2,20,1160.0,,15.0
simu5g_00000630,6,2,21,1160.0,,15.0
simu5g_00000630,6,2,22,1160.0,,15.0
simu5g_00000630,6,2,23,1160.0,,15.0
simu5g_00000630,6,2,24,1160.0,,15.0
simu5g_00000630,7,3,0,1128.0,,14.0
simu5g_00000630,7,3,1,1160.0,,15.0
simu5g_00000630,7,3,2,1128.0,,14.0
simu5g_00000630,7,3,3,608.0,,9.0
simu5g_00000630,7,3,4,984.0,,13.0
simu5g_00000630,7,3,5,1160.0,,15.0
simu5g_00000630,7,3,6,984.0,,13.0
simu5g_00000630,7,3,7,1160.0,,15.0
simu5g_00000630,7,3,8,1160.0,,15.0
simu5g_00000630,7,3,9,1128.0,,14.0
simu5g_00000630,7,3,10,1128.0,,14.0
simu5g_00000630,7,3,11,1128.0,,14.0
simu5g_00000630,7,3,12,1160.0,,15.0
simu5g_00000630,7,3,13,1160.0,,15.0
simu5g_00000630,7,3,14,1128.0,,14.0
simu5g_00000630,7,3,15,1160.0,,15.0
simu5g_00000630,7,3,16,1128.0,,14.0
simu5g_00000630,7,3,17,608.0,,9.0
simu5g_00000630,7,3,18,1160.0,,15.0
simu5g_00000630,7,3,19,1128.0,,14.0
simu5g_00000630,7,3,20,984.0,,13.0
simu5g_00000630,7,3,21,1128.0,,14.0
simu5g_00000630,7,3,22,1160.0,,15.0
simu5g_00000630,7,3,23,1160.0,,15.0
simu5g_00000630,7,3,24,1160.0,,15.0
simu5g_00000631,0,0,0,1160.0,,15.0
simu5g_00000631,0,0,1,808.0,,11.0
simu5g_00000631,0,0,2,1160.0,,15.0
simu5g_00000631,0,0,3,1128.0,,14.0
simu5g_00000631,0,0,4,1160.0,,15.0
simu5g_00000631,0,0,5,1128.0,,14.0
simu5g_00000631,0,0,6,1160.0,,15.0
simu5g_00000631,0,0,7,1160.0,,15.0
simu5g_00000631,0,0,8,984.0,,13.0
simu5g_00000631,0,0,9,1160.0,,15.0
simu5g_00000631,0,0,10,1160.0,,15.0
simu5g_00000631,0,0,11,1160.0,,15.0
simu5g_00000631,0,0,12,1160.0,,15.0
simu5g_00000631,0,0,13,1160.0,,15.0
simu5g_00000631,0,0,14,1160.0,,15.0
simu5g_00000631,0,0,15,1160.0,,15.0
simu5g_00000631,0,0,16,1160.0,,15.0
simu5g_00000631,0,0,17,1160.0,,15.0
simu5g_00000631,0,0,18,1160.0,,15.0
simu5g_00000631,0,0,19,1160.0,,15.0
simu5g_00000631,0,0,20,1160.0,,15.0
simu5g_00000631,0,0,21,1128.0,,14.0
simu5g_00000631,0,0,22,1160.0,,15.0
simu5g_00000631,0,0,23,1160.0,,15.0
simu5g_00000631,0,0,24,1128.0,,14.0
simu5g_00000631,1,1,0,1160.0,,15.0
simu5g_00000631,1,1,1,1160.0,,15.0
simu5g_00000631,1,1,2,1160.0,,15.0
simu5g_00000631,1,1,3,1160.0,,15.0
simu5g_00000631,1,1,4,1160.0,,15.0
simu5g_00000631,1,1,5,1160.0,,15.0
simu5g_00000631,1,1,6,1160.0,,15.0
simu5g_00000631,1,1,7,1160.0,,15.0
simu5g_00000631,1,1,8,1128.0,,14.0
simu5g_00000631,1,1,9,1160.0,,15.0
simu5g_00000631,1,1,10,1160.0,,15.0
simu5g_00000631,1,1,11,1160.0,,15.0
simu5g_00000631,1,1,12,1160.0,,15.0
simu5g_00000631,1,1,13,1160.0,,15.0
simu5g_00000631,1,1,14,1160.0,,15.0
simu5g_00000631,1,1,15,1160.0,,15.0
simu5g_00000631,1,1,16,1160.0,,15.0
simu5g_00000631,1,1,17,1160.0,,15.0
simu5g_00000631,1,1,18,1160.0,,15.0
simu5g_00000631,1,1,19,1160.0,,15.0
simu5g_00000631,1,1,20,1160.0,,15.0
simu5g_00000631,1,1,21,1128.0,,14.0
simu5g_00000631,1,1,22,1160.0,,15.0
simu5g_00000631,1,1,23,1160.0,,15.0
simu5g_00000631,1,1,24,1160.0,,15.0
simu5g_00000631,15,2,0,1160.0,,15.0
simu5g_00000631,15,2,1,1160.0,,15.0
simu5g_00000631,15,2,2,1160.0,,15.0
simu5g_00000631,15,2,3,1160.0,,15.0
simu5g_00000631,15,2,4,1128.0,,14.0
simu5g_00000631,15,2,5,984.0,,13.0
simu5g_00000631,15,2,6,1160.0,,15.0
simu5g_00000631,15,2,7,1160.0,,15.0
simu5g_00000631,15,2,8,1160.0,,15.0
simu5g_00000631,15,2,9,1160.0,,15.0
simu5g_00000631,15,2,10,1160.0,,15.0
simu5g_00000631,15,2,11,1160.0,,15.0
simu5g_00000631,15,2,12,1128.0,,14.0
simu5g_00000631,15,2,13,1160.0,,15.0
simu5g_00000631,15,2,14,1160.0,,15.0
simu5g_00000631,15,2,15,1160.0,,15.0
simu5g_00000631,15,2,16,1160.0,,15.0
simu5g_00000631,15,2,17,1160.0,,15.0
simu5g_00000631,15,2,18,1160.0,,15.0
simu5g_00000631,15,2,19,1160.0,,15.0
simu5g_00000631,15,2,20,1160.0,,15.0
simu5g_00000631,15,2,21,1160.0,,15.0
simu5g_00000631,15,2,22,1160.0,,15.0
simu5g_00000631,15,2,23,1160.0,,15.0
simu5g_00000631,15,2,24,1160.0,,15.0
simu5g_00000631,2,3,0,1160.0,,15.0
simu5g_00000631,2,3,1,1160.0,,15.0
simu5g_00000631,2,3,2,1160.0,,15.0
simu5g_00000631,2,3,3,1160.0,,15.0
simu5g_00000631,2,3,4,1160.0,,15.0
simu5g_00000631,2,3,5,1160.0,,15.0
simu5g_00000631,2,3,6,1160.0,,15.0
simu5g_00000631,2,3,7,984.0,,13.0
simu5g_00000631,2,3,8,1160.0,,15.0
simu5g_00000631,2,3,9,1160.0,,15.0
simu5g_00000631,2,3,10,1160.0,,15.0
simu5g_00000631,2,3,11,1128.0,,14.0
simu5g_00000631,2,3,12,1160.0,,15.0
simu5g_00000631,2,3,13,1160.0,,15.0
simu5g_00000631,2,3,14,1160.0,,15.0
simu5g_00000631,2,3,15,1160.0,,15.0
simu5g_00000631,2,3,16,1128.0,,14.0
simu5g_00000631,2,3,17,1160.0,,15.0
simu5g_00000631,2,3,18,1160.0,,15.0
simu5g_00000631,2,3,19,1160.0,,15.0
simu5g_00000631,2,3,20,1160.0,,15.0
simu5g_00000631,2,3,21,1160.0,,15.0
simu5g_00000631,2,3,22,1160.0,,15.0
simu5g_00000631,2,3,23,1160.0,,15.0
simu5g_00000631,2,3,24,1128.0,,14.0
simu5g_00000631,3,4,0,1128.0,,14.0
simu5g_00000631,3,4,1,1160.0,,15.0
simu5g_00000631,3,4,2,1128.0,,14.0
simu5g_00000631,3,4,3,1160.0,,15.0
simu5g_00000631,3,4,4,1160.0,,15.0
simu5g_00000631,3,4,5,1160.0,,15.0
simu5g_00000631,3,4,6,1160.0,,15.0
simu5g_00000631,3,4,7,1160.0,,15.0
simu5g_00000631,3,4,8,888.0,,12.0
simu5g_00000631,3,4,9,888.0,,12.0
simu5g_00000631,3,4,10,1160.0,,15.0
simu5g_00000631,3,4,11,1128.0,,14.0
simu5g_00000631,3,4,12,1160.0,,15.0
simu5g_00000631,3,4,13,1160.0,,15.0
simu5g_00000631,3,4,14,1160.0,,15.0
simu5g_00000631,3,4,15,1160.0,,15.0
simu5g_00000631,3,4,16,1160.0,,15.0
simu5g_00000631,3,4,17,1160.0,,15.0
simu5g_00000631,3,4,18,1160.0,,15.0
simu5g_00000631,3,4,19,1160.0,,15.0
simu5g_00000631,3,4,20,1160.0,,15.0
simu5g_00000631,3,4,21,1128.0,,14.0
simu5g_00000631,3,4,22,1128.0,,14.0
simu5g_00000631,3,4,23,1160.0,,15.0
simu5g_00000631,3,4,24,1128.0,,14.0
simu5g_00000631,5,5,0,1160.0,,15.0
simu5g_00000631,5,5,1,1160.0,,15.0
simu5g_00000631,5,5,2,1160.0,,15.0
simu5g_00000631,5,5,3,1160.0,,15.0
simu5g_00000631,5,5,4,1160.0,,15.0
simu5g_00000631,5,5,5,1160.0,,15.0
simu5g_00000631,5,5,6,1160.0,,15.0
simu5g_00000631,5,5,7,1160.0,,15.0
simu5g_00000631,5,5,8,1160.0,,15.0
simu5g_00000631,5,5,9,1160.0,,15.0
simu5g_00000631,5,5,10,1160.0,,15.0
simu5g_00000631,5,5,11,1160.0,,15.0
simu5g_00000631,5,5,12,1160.0,,15.0
simu5g_00000631,5,5,13,1128.0,,14.0
simu5g_00000631,5,5,14,1128.0,,14.0
simu5g_00000631,5,5,15,1160.0,,15.0
simu5g_00000631,5,5,16,888.0,,12.0
simu5g_00000631,5,5,17,1160.0,,15.0
simu5g_00000631,5,5,18,1160.0,,15.0
simu5g_00000631,5,5,19,1160.0,,15.0
simu5g_00000631,5,5,20,1160.0,,15.0
simu5g_00000631,5,5,21,1128.0,,14.0
simu5g_00000631,5,5,22,1160.0,,15.0
simu5g_00000631,5,5,23,1160.0,,15.0
simu5g_00000631,5,5,24,1160.0,,15.0
simu5g_00000632,31,0,0,888.0,,12.0
simu5g_00000632,31,0,1,808.0,,11.0
simu5g_00000632,31,0,2,1128.0,,14.0
simu5g_00000632,31,0,3,1128.0,,14.0
simu5g_00000632,31,0,4,1128.0,,14.0
simu5g_00000632,31,0,5,984.0,,13.0
simu5g_00000632,31,0,6,1128.0,,14.0
simu5g_00000632,31,0,7,984.0,,13.0
simu5g_00000632,31,0,8,1160.0,,15.0
simu5g_00000632,31,0,9,1160.0,,15.0
simu5g_00000632,31,0,10,1128.0,,14.0
simu5g_00000632,31,0,11,984.0,,13.0
simu5g_00000632,31,0,12,368.0,,6.0
simu5g_00000632,31,0,13,1128.0,,14.0
simu5g_00000632,31,0,14,1160.0,,15.0
simu5g_00000632,31,0,15,1128.0,,14.0
simu5g_00000632,31,0,16,984.0,,13.0
simu5g_00000632,31,0,17,1160.0,,15.0
simu5g_00000632,31,0,18,1160.0,,15.0
simu5g_00000632,31,0,19,984.0,,13.0
simu5g_00000632,31,0,20,888.0,,12.0
simu5g_00000632,31,0,21,1128.0,,14.0
simu5g_00000632,31,0,22,984.0,,13.0
simu5g_00000632,31,0,23,1128.0,,14.0
simu5g_00000632,31,0,24,1160.0,,15.0
simu5g_00000632,4,1,0,1160.0,,15.0
simu5g_00000632,4,1,1,1128.0,,14.0
simu5g_00000632,4,1,2,1160.0,,15.0
simu5g_00000632,4,1,3,704.0,,10.0
simu5g_00000632,4,1,4,1160.0,,15.0
simu5g_00000632,4,1,5,1160.0,,15.0
simu5g_00000632,4,1,6,1160.0,,15.0
simu5g_00000632,4,1,7,888.0,,12.0
simu5g_00000632,4,1,8,1128.0,,14.0
simu5g_00000632,4,1,9,1160.0,,15.0
simu5g_00000632,4,1,10,1160.0,,15.0
simu5g_00000632,4,1,11,1160.0,,15.0
simu5g_00000632,4,1,12,1160.0,,15.0
simu5g_00000632,4,1,13,1160.0,,15.0
simu5g_00000632,4,1,14,1160.0,,15.0
simu5g_00000632,4,1,15,1128.0,,14.0
simu5g_00000632,4,1,16,1128.0,,14.0
simu5g_00000632,4,1,17,1128.0,,14.0
simu5g_00000632,4,1,18,1160.0,,15.0
simu5g_00000632,4,1,19,1160.0,,15.0
simu5g_00000632,4,1,20,1160.0,,15.0
simu5g_00000632,4,1,21,1128.0,,14.0
simu5g_00000632,4,1,22,1160.0,,15.0
simu5g_00000632,4,1,23,1160.0,,15.0
simu5g_00000632,4,1,24,1128.0,,14.0
simu5g_00000632,6,2,0,1160.0,,15.0
simu5g_00000632,6,2,1,1160.0,,15.0
simu5g_00000632,6,2,2,1160.0,,15.0
simu5g_00000632,6,2,3,984.0,,13.0
simu5g_00000632,6,2,4,1160.0,,15.0
simu5g_00000632,6,2,5,1160.0,,15.0
simu5g_00000632,6,2,6,1160.0,,15.0
simu5g_00000632,6,2,7,1160.0,,15.0
simu5g_00000632,6,2,8,1160.0,,15.0
simu5g_00000632,6,2,9,1160.0,,15.0
simu5g_00000632,6,2,10,1160.0,,15.0
simu5g_00000632,6,2,11,1160.0,,15.0
simu5g_00000632,6,2,12,1160.0,,15.0
simu5g_00000632,6,2,13,1160.0,,15.0
simu5g_00000632,6,2,14,1160.0,,15.0
simu5g_00000632,6,2,15,1160.0,,15.0
simu5g_00000632,6,2,16,1128.0,,14.0
simu5g_00000632,6,2,17,1160.0,,15.0
simu5g_00000632,6,2,18,1160.0,,15.0
simu5g_00000632,6,2,19,1160.0,,15.0
simu5g_00000632,6,2,20,1160.0,,15.0
simu5g_00000632,6,2,21,1160.0,,15.0
simu5g_00000632,6,2,22,1160.0,,15.0
simu5g_00000632,6,2,23,1160.0,,15.0
simu5g_00000632,6,2,24,1160.0,,15.0
simu5g_00000632,7,3,0,1128.0,,14.0
simu5g_00000632,7,3,1,1160.0,,15.0
simu5g_00000632,7,3,2,1128.0,,14.0
simu5g_00000632,7,3,3,608.0,,9.0
simu5g_00000632,7,3,4,984.0,,13.0
simu5g_00000632,7,3,5,1160.0,,15.0
simu5g_00000632,7,3,6,984.0,,13.0
simu5g_00000632,7,3,7,1160.0,,15.0
simu5g_00000632,7,3,8,1160.0,,15.0
simu5g_00000632,7,3,9,1128.0,,14.0
simu5g_00000632,7,3,10,1128.0,,14.0
simu5g_00000632,7,3,11,1128.0,,14.0
simu5g_00000632,7,3,12,1160.0,,15.0
simu5g_00000632,7,3,13,1160.0,,15.0
simu5g_00000632,7,3,14,1128.0,,14.0
simu5g_00000632,7,3,15,1160.0,,15.0
simu5g_00000632,7,3,16,1128.0,,14.0
simu5g_00000632,7,3,17,608.0,,9.0
simu5g_00000632,7,3,18,1160.0,,15.0
simu5g_00000632,7,3,19,1128.0,,14.0
simu5g_00000632,7,3,20,984.0,,13.0
simu5g_00000632,7,3,21,1128.0,,14.0
simu5g_00000632,7,3,22,1160.0,,15.0
simu5g_00000632,7,3,23,1160.0,,15.0
simu5g_00000632,7,3,24,1160.0,,15.0
simu5g_00000633,0,0,0,1160.0,,15.0
simu5g_00000633,0,0,1,808.0,,11.0
simu5g_00000633,0,0,2,1160.0,,15.0
simu5g_00000633,0,0,3,1128.0,,14.0
simu5g_00000633,0,0,4,1160.0,,15.0
simu5g_00000633,0,0,5,1128.0,,14.0
simu5g_00000633,0,0,6,1160.0,,15.0
simu5g_00000633,0,0,7,1160.0,,15.0
simu5g_00000633,0,0,8,984.0,,13.0
simu5g_00000633,0,0,9,1160.0,,15.0
simu5g_00000633,0,0,10,1160.0,,15.0
simu5g_00000633,0,0,11,1160.0,,15.0
simu5g_00000633,0,0,12,1160.0,,15.0
simu5g_00000633,0,0,13,1160.0,,15.0
simu5g_00000633,0,0,14,1160.0,,15.0
simu5g_00000633,0,0,15,1160.0,,15.0
simu5g_00000633,0,0,16,1160.0,,15.0
simu5g_00000633,0,0,17,1160.0,,15.0
simu5g_00000633,0,0,18,1160.0,,15.0
simu5g_00000633,0,0,19,1160.0,,15.0
simu5g_00000633,0,0,20,1160.0,,15.0
simu5g_00000633,0,0,21,1128.0,,14.0
simu5g_00000633,0,0,22,1160.0,,15.0
simu5g_00000633,0,0,23,1160.0,,15.0
simu5g_00000633,0,0,24,1128.0,,14.0
simu5g_00000633,1,1,0,1160.0,,15.0
simu5g_00000633,1,1,1,1160.0,,15.0
simu5g_00000633,1,1,2,1160.0,,15.0
simu5g_00000633,1,1,3,1160.0,,15.0
simu5g_00000633,1,1,4,1160.0,,15.0
simu5g_00000633,1,1,5,1160.0,,15.0
simu5g_00000633,1,1,6,1160.0,,15.0
simu5g_00000633,1,1,7,1160.0,,15.0
simu5g_00000633,1,1,8,1128.0,,14.0
simu5g_00000633,1,1,9,1160.0,,15.0
simu5g_00000633,1,1,10,1160.0,,15.0
simu5g_00000633,1,1,11,1160.0,,15.0
simu5g_00000633,1,1,12,1160.0,,15.0
simu5g_00000633,1,1,13,1160.0,,15.0
simu5g_00000633,1,1,14,1160.0,,15.0
simu5g_00000633,1,1,15,1160.0,,15.0
simu5g_00000633,1,1,16,1160.0,,15.0
simu5g_00000633,1,1,17,1160.0,,15.0
simu5g_00000633,1,1,18,1160.0,,15.0
simu5g_00000633,1,1,19,1160.0,,15.0
simu5g_00000633,1,1,20,1160.0,,15.0
simu5g_00000633,1,1,21,1128.0,,14.0
simu5g_00000633,1,1,22,1160.0,,15.0
simu5g_00000633,1,1,23,1160.0,,15.0
simu5g_00000633,1,1,24,1160.0,,15.0
simu5g_00000633,15,2,0,1160.0,,15.0
simu5g_00000633,15,2,1,1160.0,,15.0
simu5g_00000633,15,2,2,1160.0,,15.0
simu5g_00000633,15,2,3,1160.0,,15.0
simu5g_00000633,15,2,4,1160.0,,15.0
simu5g_00000633,15,2,5,984.0,,13.0
simu5g_00000633,15,2,6,1160.0,,15.0
simu5g_00000633,15,2,7,1160.0,,15.0
simu5g_00000633,15,2,8,1160.0,,15.0
simu5g_00000633,15,2,9,1160.0,,15.0
simu5g_00000633,15,2,10,1160.0,,15.0
simu5g_00000633,15,2,11,1160.0,,15.0
simu5g_00000633,15,2,12,1128.0,,14.0
simu5g_00000633,15,2,13,1160.0,,15.0
simu5g_00000633,15,2,14,1160.0,,15.0
simu5g_00000633,15,2,15,1160.0,,15.0
simu5g_00000633,15,2,16,1160.0,,15.0
simu5g_00000633,15,2,17,1160.0,,15.0
simu5g_00000633,15,2,18,1160.0,,15.0
simu5g_00000633,15,2,19,1160.0,,15.0
simu5g_00000633,15,2,20,1160.0,,15.0
simu5g_00000633,15,2,21,1160.0,,15.0
simu5g_00000633,15,2,22,1160.0,,15.0
simu5g_00000633,15,2,23,1160.0,,15.0
simu5g_00000633,15,2,24,1160.0,,15.0
simu5g_00000633,2,3,0,1160.0,,15.0
simu5g_00000633,2,3,1,1160.0,,15.0
simu5g_00000633,2,3,2,1160.0,,15.0
simu5g_00000633,2,3,3,1160.0,,15.0
simu5g_00000633,2,3,4,1160.0,,15.0
simu5g_00000633,2,3,5,1160.0,,15.0
simu5g_00000633,2,3,6,1160.0,,15.0
simu5g_00000633,2,3,7,984.0,,13.0
simu5g_00000633,2,3,8,1160.0,,15.0
simu5g_00000633,2,3,9,1160.0,,15.0
simu5g_00000633,2,3,10,1160.0,,15.0
simu5g_00000633,2,3,11,1128.0,,14.0
simu5g_00000633,2,3,12,1160.0,,15.0
simu5g_00000633,2,3,13,1160.0,,15.0
simu5g_00000633,2,3,14,1160.0,,15.0
simu5g_00000633,2,3,15,1160.0,,15.0
simu5g_00000633,2,3,16,1128.0,,14.0
simu5g_00000633,2,3,17,1160.0,,15.0
simu5g_00000633,2,3,18,1160.0,,15.0
simu5g_00000633,2,3,19,1160.0,,15.0
simu5g_00000633,2,3,20,1160.0,,15.0
simu5g_00000633,2,3,21,1160.0,,15.0
simu5g_00000633,2,3,22,1160.0,,15.0
simu5g_00000633,2,3,23,1160.0,,15.0
simu5g_00000633,2,3,24,1128.0,,14.0
simu5g_00000633,3,4,0,1128.0,,14.0
simu5g_00000633,3,4,1,1160.0,,15.0
simu5g_00000633,3,4,2,1128.0,,14.0
simu5g_00000633,3,4,3,1160.0,,15.0
simu5g_00000633,3,4,4,1160.0,,15.0
simu5g_00000633,3,4,5,1160.0,,15.0
simu5g_00000633,3,4,6,1160.0,,15.0
simu5g_00000633,3,4,7,1160.0,,15.0
simu5g_00000633,3,4,8,888.0,,12.0
simu5g_00000633,3,4,9,888.0,,12.0
simu5g_00000633,3,4,10,1160.0,,15.0
simu5g_00000633,3,4,11,1128.0,,14.0
simu5g_00000633,3,4,12,1160.0,,15.0
simu5g_00000633,3,4,13,1160.0,,15.0
simu5g_00000633,3,4,14,1160.0,,15.0
simu5g_00000633,3,4,15,1160.0,,15.0
simu5g_00000633,3,4,16,1160.0,,15.0
simu5g_00000633,3,4,17,1160.0,,15.0
simu5g_00000633,3,4,18,1160.0,,15.0
simu5g_00000633,3,4,19,1160.0,,15.0
simu5g_00000633,3,4,20,1160.0,,15.0
simu5g_00000633,3,4,21,1128.0,,14.0
simu5g_00000633,3,4,22,1128.0,,14.0
simu5g_00000633,3,4,23,1160.0,,15.0
simu5g_00000633,3,4,24,1128.0,,14.0
simu5g_00000634,31,0,0,888.0,,12.0
simu5g_00000634,31,0,1,808.0,,11.0
simu5g_00000634,31,0,2,1128.0,,14.0
simu5g_00000634,31,0,3,1128.0,,14.0
simu5g_00000634,31,0,4,1128.0,,14.0
simu5g_00000634,31,0,5,984.0,,13.0
simu5g_00000634,31,0,6,1128.0,,14.0
simu5g_00000634,31,0,7,984.0,,13.0
simu5g_00000634,31,0,8,1160.0,,15.0
simu5g_00000634,31,0,9,1160.0,,15.0
simu5g_00000634,31,0,10,1128.0,,14.0
simu5g_00000634,31,0,11,984.0,,13.0
simu5g_00000634,31,0,12,368.0,,6.0
simu5g_00000634,31,0,13,1128.0,,14.0
simu5g_00000634,31,0,14,1160.0,,15.0
simu5g_00000634,31,0,15,1128.0,,14.0
simu5g_00000634,31,0,16,984.0,,13.0
simu5g_00000634,31,0,17,1160.0,,15.0
simu5g_00000634,31,0,18,1160.0,,15.0
simu5g_00000634,31,0,19,984.0,,13.0
simu5g_00000634,31,0,20,888.0,,12.0
simu5g_00000634,31,0,21,1128.0,,14.0
simu5g_00000634,31,0,22,984.0,,13.0
simu5g_00000634,31,0,23,1128.0,,14.0
simu5g_00000634,31,0,24,1160.0,,15.0
simu5g_00000634,4,1,0,1160.0,,15.0
simu5g_00000634,4,1,1,1128.0,,14.0
simu5g_00000634,4,1,2,1160.0,,15.0
simu5g_00000634,4,1,3,704.0,,10.0
simu5g_00000634,4,1,4,1160.0,,15.0
simu5g_00000634,4,1,5,1160.0,,15.0
simu5g_00000634,4,1,6,1160.0,,15.0
simu5g_00000634,4,1,7,888.0,,12.0
simu5g_00000634,4,1,8,1128.0,,14.0
simu5g_00000634,4,1,9,1160.0,,15.0
simu5g_00000634,4,1,10,1160.0,,15.0
simu5g_00000634,4,1,11,1160.0,,15.0
simu5g_00000634,4,1,12,1160.0,,15.0
simu5g_00000634,4,1,13,1160.0,,15.0
simu5g_00000634,4,1,14,1160.0,,15.0
simu5g_00000634,4,1,15,1128.0,,14.0
simu5g_00000634,4,1,16,1128.0,,14.0
simu5g_00000634,4,1,17,1128.0,,14.0
simu5g_00000634,4,1,18,1160.0,,15.0
simu5g_00000634,4,1,19,1160.0,,15.0
simu5g_00000634,4,1,20,1160.0,,15.0
simu5g_00000634,4,1,21,1128.0,,14.0
simu5g_00000634,4,1,22,1160.0,,15.0
simu5g_00000634,4,1,23,1160.0,,15.0
simu5g_00000634,4,1,24,1128.0,,14.0
simu5g_00000634,5,2,0,1160.0,,15.0
simu5g_00000634,5,2,1,1160.0,,15.0
simu5g_00000634,5,2,2,1160.0,,15.0
simu5g_00000634,5,2,3,1160.0,,15.0
simu5g_00000634,5,2,4,1160.0,,15.0
simu5g_00000634,5,2,5,1160.0,,15.0
simu5g_00000634,5,2,6,1160.0,,15.0
simu5g_00000634,5,2,7,1160.0,,15.0
simu5g_00000634,5,2,8,1160.0,,15.0
simu5g_00000634,5,2,9,1160.0,,15.0
simu5g_00000634,5,2,10,1160.0,,15.0
simu5g_00000634,5,2,11,1160.0,,15.0
simu5g_00000634,5,2,12,1160.0,,15.0
simu5g_00000634,5,2,13,1160.0,,15.0
simu5g_00000634,5,2,14,1160.0,,15.0
simu5g_00000634,5,2,15,1160.0,,15.0
simu5g_00000634,5,2,16,984.0,,13.0
simu5g_00000634,5,2,17,1160.0,,15.0
simu5g_00000634,5,2,18,1160.0,,15.0
simu5g_00000634,5,2,19,1160.0,,15.0
simu5g_00000634,5,2,20,1160.0,,15.0
simu5g_00000634,5,2,21,1160.0,,15.0
simu5g_00000634,5,2,22,1160.0,,15.0
simu5g_00000634,5,2,23,1160.0,,15.0
simu5g_00000634,5,2,24,1160.0,,15.0
simu5g_00000634,6,3,0,1160.0,,15.0
simu5g_00000634,6,3,1,1160.0,,15.0
simu5g_00000634,6,3,2,1160.0,,15.0
simu5g_00000634,6,3,3,984.0,,13.0
simu5g_00000634,6,3,4,1160.0,,15.0
simu5g_00000634,6,3,5,1160.0,,15.0
simu5g_00000634,6,3,6,1160.0,,15.0
simu5g_00000634,6,3,7,1160.0,,15.0
simu5g_00000634,6,3,8,1160.0,,15.0
simu5g_00000634,6,3,9,1160.0,,15.0
simu5g_00000634,6,3,10,1160.0,,15.0
simu5g_00000634,6,3,11,1160.0,,15.0
simu5g_00000634,6,3,12,1160.0,,15.0
simu5g_00000634,6,3,13,1160.0,,15.0
simu5g_00000634,6,3,14,1160.0,,15.0
simu5g_00000634,6,3,15,1160.0,,15.0
simu5g_00000634,6,3,16,1128.0,,14.0
simu5g_00000634,6,3,17,1160.0,,15.0
simu5g_00000634,6,3,18,1160.0,,15.0
simu5g_00000634,6,3,19,1160.0,,15.0
simu5g_00000634,6,3,20,1160.0,,15.0
simu5g_00000634,6,3,21,1160.0,,15.0
simu5g_00000634,6,3,22,1160.0,,15.0
simu5g_00000634,6,3,23,1160.0,,15.0
simu5g_00000634,6,3,24,1160.0,,15.0
simu5g_00000634,7,4,0,1128.0,,14.0
simu5g_00000634,7,4,1,1160.0,,15.0
simu5g_00000634,7,4,2,1128.0,,14.0
simu5g_00000634,7,4,3,608.0,,9.0
simu5g_00000634,7,4,4,984.0,,13.0
simu5g_00000634,7,4,5,1160.0,,15.0
simu5g_00000634,7,4,6,984.0,,13.0
simu5g_00000634,7,4,7,1160.0,,15.0
simu5g_00000634,7,4,8,1160.0,,15.0
simu5g_00000634,7,4,9,1128.0,,14.0
simu5g_00000634,7,4,10,1128.0,,14.0
simu5g_00000634,7,4,11,1128.0,,14.0
simu5g_00000634,7,4,12,1160.0,,15.0
simu5g_00000634,7,4,13,1160.0,,15.0
simu5g_00000634,7,4,14,1128.0,,14.0
simu5g_00000634,7,4,15,1160.0,,15.0
simu5g_00000634,7,4,16,1128.0,,14.0
simu5g_00000634,7,4,17,608.0,,9.0
simu5g_00000634,7,4,18,1160.0,,15.0
simu5g_00000634,7,4,19,1128.0,,14.0
simu5g_00000634,7,4,20,984.0,,13.0
simu5g_00000634,7,4,21,1128.0,,14.0
simu5g_00000634,7,4,22,1160.0,,15.0
simu5g_00000634,7,4,23,1160.0,,15.0
simu5g_00000634,7,4,24,1160.0,,15.0
simu5g_00000635,0,0,0,1160.0,,15.0
simu5g_00000635,0,0,1,808.0,,11.0
simu5g_00000635,0,0,2,1160.0,,15.0
simu5g_00000635,0,0,3,1128.0,,14.0
simu5g_00000635,0,0,4,1160.0,,15.0
simu5g_00000635,0,0,5,1128.0,,14.0
simu5g_00000635,0,0,6,1160.0,,15.0
simu5g_00000635,0,0,7,1160.0,,15.0
simu5g_00000635,0,0,8,984.0,,13.0
simu5g_00000635,0,0,9,1160.0,,15.0
simu5g_00000635,0,0,10,1160.0,,15.0
simu5g_00000635,0,0,11,1160.0,,15.0
simu5g_00000635,0,0,12,1160.0,,15.0
simu5g_00000635,0,0,13,1160.0,,15.0
simu5g_00000635,0,0,14,1160.0,,15.0
simu5g_00000635,0,0,15,1160.0,,15.0
simu5g_00000635,0,0,16,1160.0,,15.0
simu5g_00000635,0,0,17,1160.0,,15.0
simu5g_00000635,0,0,18,1160.0,,15.0
simu5g_00000635,0,0,19,1160.0,,15.0
simu5g_00000635,0,0,20,1160.0,,15.0
simu5g_00000635,0,0,21,1128.0,,14.0
simu5g_00000635,0,0,22,1160.0,,15.0
simu5g_00000635,0,0,23,1160.0,,15.0
simu5g_00000635,0,0,24,1128.0,,14.0
simu5g_00000635,1,1,0,1160.0,,15.0
simu5g_00000635,1,1,1,1160.0,,15.0
simu5g_00000635,1,1,2,1160.0,,15.0
simu5g_00000635,1,1,3,1160.0,,15.0
simu5g_00000635,1,1,4,1160.0,,15.0
simu5g_00000635,1,1,5,1160.0,,15.0
simu5g_00000635,1,1,6,1160.0,,15.0
simu5g_00000635,1,1,7,1160.0,,15.0
simu5g_00000635,1,1,8,1128.0,,14.0
simu5g_00000635,1,1,9,1160.0,,15.0
simu5g_00000635,1,1,10,1160.0,,15.0
simu5g_00000635,1,1,11,1160.0,,15.0
simu5g_00000635,1,1,12,1160.0,,15.0
simu5g_00000635,1,1,13,1160.0,,15.0
simu5g_00000635,1,1,14,1160.0,,15.0
simu5g_00000635,1,1,15,1160.0,,15.0
simu5g_00000635,1,1,16,1160.0,,15.0
simu5g_00000635,1,1,17,1160.0,,15.0
simu5g_00000635,1,1,18,1160.0,,15.0
simu5g_00000635,1,1,19,1160.0,,15.0
simu5g_00000635,1,1,20,1160.0,,15.0
simu5g_00000635,1,1,21,1128.0,,14.0
simu5g_00000635,1,1,22,1160.0,,15.0
simu5g_00000635,1,1,23,1160.0,,15.0
simu5g_00000635,1,1,24,1160.0,,15.0
simu5g_00000635,15,2,0,1160.0,,15.0
simu5g_00000635,15,2,1,1160.0,,15.0
simu5g_00000635,15,2,2,1160.0,,15.0
simu5g_00000635,15,2,3,1160.0,,15.0
simu5g_00000635,15,2,4,1160.0,,15.0
simu5g_00000635,15,2,5,984.0,,13.0
simu5g_00000635,15,2,6,1160.0,,15.0
simu5g_00000635,15,2,7,1160.0,,15.0
simu5g_00000635,15,2,8,1160.0,,15.0
simu5g_00000635,15,2,9,1160.0,,15.0
simu5g_00000635,15,2,10,1160.0,,15.0
simu5g_00000635,15,2,11,1160.0,,15.0
simu5g_00000635,15,2,12,1128.0,,14.0
simu5g_00000635,15,2,13,1160.0,,15.0
simu5g_00000635,15,2,14,1160.0,,15.0
simu5g_00000635,15,2,15,1160.0,,15.0
simu5g_00000635,15,2,16,1160.0,,15.0
simu5g_00000635,15,2,17,1160.0,,15.0
simu5g_00000635,15,2,18,1160.0,,15.0
simu5g_00000635,15,2,19,1160.0,,15.0
simu5g_00000635,15,2,20,1160.0,,15.0
simu5g_00000635,15,2,21,1160.0,,15.0
simu5g_00000635,15,2,22,1160.0,,15.0
simu5g_00000635,15,2,23,1160.0,,15.0
simu5g_00000635,15,2,24,1160.0,,15.0
simu5g_00000635,2,3,0,1160.0,,15.0
simu5g_00000635,2,3,1,1160.0,,15.0
simu5g_00000635,2,3,2,1160.0,,15.0
simu5g_00000635,2,3,3,1160.0,,15.0
simu5g_00000635,2,3,4,1160.0,,15.0
simu5g_00000635,2,3,5,1160.0,,15.0
simu5g_00000635,2,3,6,1160.0,,15.0
simu5g_00000635,2,3,7,984.0,,13.0
simu5g_00000635,2,3,8,1160.0,,15.0
simu5g_00000635,2,3,9,1160.0,,15.0
simu5g_00000635,2,3,10,1160.0,,15.0
simu5g_00000635,2,3,11,1128.0,,14.0
simu5g_00000635,2,3,12,1160.0,,15.0
simu5g_00000635,2,3,13,1160.0,,15.0
simu5g_00000635,2,3,14,1160.0,,15.0
simu5g_00000635,2,3,15,1160.0,,15.0
simu5g_00000635,2,3,16,1128.0,,14.0
simu5g_00000635,2,3,17,1160.0,,15.0
simu5g_00000635,2,3,18,1160.0,,15.0
simu5g_00000635,2,3,19,1160.0,,15.0
simu5g_00000635,2,3,20,1160.0,,15.0
simu5g_00000635,2,3,21,1160.0,,15.0
simu5g_00000635,2,3,22,1160.0,,15.0
simu5g_00000635,2,3,23,1160.0,,15.0
simu5g_00000635,2,3,24,1128.0,,14.0
simu5g_00000635,3,4,0,1160.0,,15.0
simu5g_00000635,3,4,1,1160.0,,15.0
simu5g_00000635,3,4,2,1160.0,,15.0
simu5g_00000635,3,4,3,1160.0,,15.0
simu5g_00000635,3,4,4,1160.0,,15.0
simu5g_00000635,3,4,5,1160.0,,15.0
simu5g_00000635,3,4,6,1160.0,,15.0
simu5g_00000635,3,4,7,1160.0,,15.0
simu5g_00000635,3,4,8,984.0,,13.0
simu5g_00000635,3,4,9,984.0,,13.0
simu5g_00000635,3,4,10,1160.0,,15.0
simu5g_00000635,3,4,11,1160.0,,15.0
simu5g_00000635,3,4,12,1160.0,,15.0
simu5g_00000635,3,4,13,1160.0,,15.0
simu5g_00000635,3,4,14,1160.0,,15.0
simu5g_00000635,3,4,15,1160.0,,15.0
simu5g_00000635,3,4,16,1160.0,,15.0
simu5g_00000635,3,4,17,1160.0,,15.0
simu5g_00000635,3,4,18,1160.0,,15.0
simu5g_00000635,3,4,19,1160.0,,15.0
simu5g_00000635,3,4,20,1160.0,,15.0
simu5g_00000635,3,4,21,1160.0,,15.0
simu5g_00000635,3,4,22,1160.0,,15.0
simu5g_00000635,3,4,23,1160.0,,15.0
simu5g_00000635,3,4,24,1160.0,,15.0
simu5g_00000636,31,0,0,1128.0,,14.0
simu5g_00000636,31,0,1,1128.0,,14.0
simu5g_00000636,31,0,2,1160.0,,15.0
simu5g_00000636,31,0,3,1160.0,,15.0
simu5g_00000636,31,0,4,1160.0,,15.0
simu5g_00000636,31,0,5,1160.0,,15.0
simu5g_00000636,31,0,6,1160.0,,15.0
simu5g_00000636,31,0,7,1160.0,,15.0
simu5g_00000636,31,0,8,1160.0,,15.0
simu5g_00000636,31,0,9,1160.0,,15.0
simu5g_00000636,31,0,10,1160.0,,15.0
simu5g_00000636,31,0,11,1160.0,,15.0
simu5g_00000636,31,0,12,808.0,,11.0
simu5g_00000636,31,0,13,1160.0,,15.0
simu5g_00000636,31,0,14,1160.0,,15.0
simu5g_00000636,31,0,15,1160.0,,15.0
simu5g_00000636,31,0,16,1160.0,,15.0
simu5g_00000636,31,0,17,1160.0,,15.0
simu5g_00000636,31,0,18,1160.0,,15.0
simu5g_00000636,31,0,19,1160.0,,15.0
simu5g_00000636,31,0,20,1128.0,,14.0
simu5g_00000636,31,0,21,1160.0,,15.0
simu5g_00000636,31,0,22,1160.0,,15.0
simu5g_00000636,31,0,23,1160.0,,15.0
simu5g_00000636,31,0,24,1160.0,,15.0
simu5g_00000636,4,1,0,1160.0,,15.0
simu5g_00000636,4,1,1,1128.0,,14.0
simu5g_00000636,4,1,2,1160.0,,15.0
simu5g_00000636,4,1,3,808.0,,11.0
simu5g_00000636,4,1,4,1160.0,,15.0
simu5g_00000636,4,1,5,1160.0,,15.0
simu5g_00000636,4,1,6,1160.0,,15.0
simu5g_00000636,4,1,7,984.0,,13.0
simu5g_00000636,4,1,8,1128.0,,14.0
simu5g_00000636,4,1,9,1160.0,,15.0
simu5g_00000636,4,1,10,1160.0,,15.0
simu5g_00000636,4,1,11,1160.0,,15.0
simu5g_00000636,4,1,12,1160.0,,15.0
simu5g_00000636,4,1,13,1160.0,,15.0
simu5g_00000636,4,1,14,1160.0,,15.0
simu5g_00000636,4,1,15,1128.0,,14.0
simu5g_00000636,4,1,16,1128.0,,14.0
simu5g_00000636,4,1,17,1160.0,,15.0
simu5g_00000636,4,1,18,1160.0,,15.0
simu5g_00000636,4,1,19,1160.0,,15.0
simu5g_00000636,4,1,20,1160.0,,15.0
simu5g_00000636,4,1,21,1128.0,,14.0
simu5g_00000636,4,1,22,1160.0,,15.0
simu5g_00000636,4,1,23,1160.0,,15.0
simu5g_00000636,4,1,24,1160.0,,15.0
simu5g_00000636,5,2,0,1160.0,,15.0
simu5g_00000636,5,2,1,1160.0,,15.0
simu5g_00000636,5,2,2,1160.0,,15.0
simu5g_00000636,5,2,3,1160.0,,15.0
simu5g_00000636,5,2,4,1160.0,,15.0
simu5g_00000636,5,2,5,1160.0,,15.0
simu5g_00000636,5,2,6,1160.0,,15.0
simu5g_00000636,5,2,7,1160.0,,15.0
simu5g_00000636,5,2,8,1160.0,,15.0
simu5g_00000636,5,2,9,1160.0,,15.0
simu5g_00000636,5,2,10,1160.0,,15.0
simu5g_00000636,5,2,11,1160.0,,15.0
simu5g_00000636,5,2,12,1160.0,,15.0
simu5g_00000636,5,2,13,1160.0,,15.0
simu5g_00000636,5,2,14,1160.0,,15.0
simu5g_00000636,5,2,15,1160.0,,15.0
simu5g_00000636,5,2,16,984.0,,13.0
simu5g_00000636,5,2,17,1160.0,,15.0
simu5g_00000636,5,2,18,1160.0,,15.0
simu5g_00000636,5,2,19,1160.0,,15.0
simu5g_00000636,5,2,20,1160.0,,15.0
simu5g_00000636,5,2,21,1160.0,,15.0
simu5g_00000636,5,2,22,1160.0,,15.0
simu5g_00000636,5,2,23,1160.0,,15.0
simu5g_00000636,5,2,24,1160.0,,15.0
simu5g_00000636,6,3,0,1160.0,,15.0
simu5g_00000636,6,3,1,1160.0,,15.0
simu5g_00000636,6,3,2,1160.0,,15.0
simu5g_00000636,6,3,3,984.0,,13.0
simu5g_00000636,6,3,4,1160.0,,15.0
simu5g_00000636,6,3,5,1160.0,,15.0
simu5g_00000636,6,3,6,1160.0,,15.0
simu5g_00000636,6,3,7,1160.0,,15.0
simu5g_00000636,6,3,8,1160.0,,15.0
simu5g_00000636,6,3,9,1160.0,,15.0
simu5g_00000636,6,3,10,1160.0,,15.0
simu5g_00000636,6,3,11,1160.0,,15.0
simu5g_00000636,6,3,12,1160.0,,15.0
simu5g_00000636,6,3,13,1160.0,,15.0
simu5g_00000636,6,3,14,1160.0,,15.0
simu5g_00000636,6,3,15,1160.0,,15.0
simu5g_00000636,6,3,16,1128.0,,14.0
simu5g_00000636,6,3,17,1160.0,,15.0
simu5g_00000636,6,3,18,1160.0,,15.0
simu5g_00000636,6,3,19,1160.0,,15.0
simu5g_00000636,6,3,20,1160.0,,15.0
simu5g_00000636,6,3,21,1160.0,,15.0
simu5g_00000636,6,3,22,1160.0,,15.0
simu5g_00000636,6,3,23,1160.0,,15.0
simu5g_00000636,6,3,24,1160.0,,15.0
simu5g_00000636,7,4,0,1128.0,,14.0
simu5g_00000636,7,4,1,1160.0,,15.0
simu5g_00000636,7,4,2,1128.0,,14.0
simu5g_00000636,7,4,3,608.0,,9.0
simu5g_00000636,7,4,4,984.0,,13.0
simu5g_00000636,7,4,5,1160.0,,15.0
simu5g_00000636,7,4,6,984.0,,13.0
simu5g_00000636,7,4,7,1160.0,,15.0
simu5g_00000636,7,4,8,1160.0,,15.0
simu5g_00000636,7,4,9,1128.0,,14.0
simu5g_00000636,7,4,10,1128.0,,14.0
simu5g_00000636,7,4,11,1128.0,,14.0
simu5g_00000636,7,4,12,1160.0,,15.0
simu5g_00000636,7,4,13,1160.0,,15.0
simu5g_00000636,7,4,14,1128.0,,14.0
simu5g_00000636,7,4,15,1160.0,,15.0
simu5g_00000636,7,4,16,1128.0,,14.0
simu5g_00000636,7,4,17,608.0,,9.0
simu5g_00000636,7,4,18,1160.0,,15.0
simu5g_00000636,7,4,19,1128.0,,14.0
simu5g_00000636,7,4,20,984.0,,13.0
simu5g_00000636,7,4,21,1128.0,,14.0
simu5g_00000636,7,4,22,1160.0,,15.0
simu5g_00000636,7,4,23,1160.0,,15.0
simu5g_00000636,7,4,24,1160.0,,15.0
simu5g_00000637,0,0,0,1160.0,,15.0
simu5g_00000637,0,0,1,808.0,,11.0
simu5g_00000637,0,0,2,1160.0,,15.0
simu5g_00000637,0,0,3,1128.0,,14.0
simu5g_00000637,0,0,4,1160.0,,15.0
simu5g_00000637,0,0,5,1128.0,,14.0
simu5g_00000637,0,0,6,1160.0,,15.0
simu5g_00000637,0,0,7,1160.0,,15.0
simu5g_00000637,0,0,8,984.0,,13.0
simu5g_00000637,0,0,9,1160.0,,15.0
simu5g_00000637,0,0,10,1160.0,,15.0
simu5g_00000637,0,0,11,1160.0,,15.0
simu5g_00000637,0,0,12,1160.0,,15.0
simu5g_00000637,0,0,13,1160.0,,15.0
simu5g_00000637,0,0,14,1160.0,,15.0
simu5g_00000637,0,0,15,1160.0,,15.0
simu5g_00000637,0,0,16,1160.0,,15.0
simu5g_00000637,0,0,17,1160.0,,15.0
simu5g_00000637,0,0,18,1160.0,,15.0
simu5g_00000637,0,0,19,1160.0,,15.0
simu5g_00000637,0,0,20,1160.0,,15.0
simu5g_00000637,0,0,21,1128.0,,14.0
simu5g_00000637,0,0,22,1160.0,,15.0
simu5g_00000637,0,0,23,1160.0,,15.0
simu5g_00000637,0,0,24,1128.0,,14.0
simu5g_00000637,1,1,0,1160.0,,15.0
simu5g_00000637,1,1,1,1160.0,,15.0
simu5g_00000637,1,1,2,1160.0,,15.0
simu5g_00000637,1,1,3,1160.0,,15.0
simu5g_00000637,1,1,4,1160.0,,15.0
simu5g_00000637,1,1,5,1160.0,,15.0
simu5g_00000637,1,1,6,1160.0,,15.0
simu5g_00000637,1,1,7,1160.0,,15.0
simu5g_00000637,1,1,8,1160.0,,15.0
simu5g_00000637,1,1,9,1160.0,,15.0
simu5g_00000637,1,1,10,1160.0,,15.0
simu5g_00000637,1,1,11,1160.0,,15.0
simu5g_00000637,1,1,12,1160.0,,15.0
simu5g_00000637,1,1,13,1160.0,,15.0
simu5g_00000637,1,1,14,1160.0,,15.0
simu5g_00000637,1,1,15,1160.0,,15.0
simu5g_00000637,1,1,16,1160.0,,15.0
simu5g_00000637,1,1,17,1160.0,,15.0
simu5g_00000637,1,1,18,1160.0,,15.0
simu5g_00000637,1,1,19,1160.0,,15.0
simu5g_00000637,1,1,20,1160.0,,15.0
simu5g_00000637,1,1,21,1160.0,,15.0
simu5g_00000637,1,1,22,1160.0,,15.0
simu5g_00000637,1,1,23,1160.0,,15.0
simu5g_00000637,1,1,24,1160.0,,15.0
simu5g_00000637,15,2,0,1160.0,,15.0
simu5g_00000637,15,2,1,1160.0,,15.0
simu5g_00000637,15,2,2,1160.0,,15.0
simu5g_00000637,15,2,3,1160.0,,15.0
simu5g_00000637,15,2,4,1160.0,,15.0
simu5g_00000637,15,2,5,984.0,,13.0
simu5g_00000637,15,2,6,1160.0,,15.0
simu5g_00000637,15,2,7,1160.0,,15.0
simu5g_00000637,15,2,8,1160.0,,15.0
simu5g_00000637,15,2,9,1160.0,,15.0
simu5g_00000637,15,2,10,1160.0,,15.0
simu5g_00000637,15,2,11,1160.0,,15.0
simu5g_00000637,15,2,12,1128.0,,14.0
simu5g_00000637,15,2,13,1160.0,,15.0
simu5g_00000637,15,2,14,1160.0,,15.0
simu5g_00000637,15,2,15,1160.0,,15.0
simu5g_00000637,15,2,16,1160.0,,15.0
simu5g_00000637,15,2,17,1160.0,,15.0
simu5g_00000637,15,2,18,1160.0,,15.0
simu5g_00000637,15,2,19,1160.0,,15.0
simu5g_00000637,15,2,20,1160.0,,15.0
simu5g_00000637,15,2,21,1160.0,,15.0
simu5g_00000637,15,2,22,1160.0,,15.0
simu5g_00000637,15,2,23,1160.0,,15.0
simu5g_00000637,15,2,24,1160.0,,15.0
simu5g_00000637,2,3,0,1160.0,,15.0
simu5g_00000637,2,3,1,1160.0,,15.0
simu5g_00000637,2,3,2,1160.0,,15.0
simu5g_00000637,2,3,3,1160.0,,15.0
simu5g_00000637,2,3,4,1160.0,,15.0
simu5g_00000637,2,3,5,1160.0,,15.0
simu5g_00000637,2,3,6,1160.0,,15.0
simu5g_00000637,2,3,7,984.0,,13.0
simu5g_00000637,2,3,8,1160.0,,15.0
simu5g_00000637,2,3,9,1160.0,,15.0
simu5g_00000637,2,3,10,1160.0,,15.0
simu5g_00000637,2,3,11,1128.0,,14.0
simu5g_00000637,2,3,12,1160.0,,15.0
simu5g_00000637,2,3,13,1160.0,,15.0
simu5g_00000637,2,3,14,1160.0,,15.0
simu5g_00000637,2,3,15,1160.0,,15.0
simu5g_00000637,2,3,16,1128.0,,14.0
simu5g_00000637,2,3,17,1160.0,,15.0
simu5g_00000637,2,3,18,1160.0,,15.0
simu5g_00000637,2,3,19,1160.0,,15.0
simu5g_00000637,2,3,20,1160.0,,15.0
simu5g_00000637,2,3,21,1160.0,,15.0
simu5g_00000637,2,3,22,1160.0,,15.0
simu5g_00000637,2,3,23,1160.0,,15.0
simu5g_00000637,2,3,24,1128.0,,14.0
simu5g_00000637,3,4,0,1160.0,,15.0
simu5g_00000637,3,4,1,1160.0,,15.0
simu5g_00000637,3,4,2,1160.0,,15.0
simu5g_00000637,3,4,3,1160.0,,15.0
simu5g_00000637,3,4,4,1160.0,,15.0
simu5g_00000637,3,4,5,1160.0,,15.0
simu5g_00000637,3,4,6,1160.0,,15.0
simu5g_00000637,3,4,7,1160.0,,15.0
simu5g_00000637,3,4,8,984.0,,13.0
simu5g_00000637,3,4,9,984.0,,13.0
simu5g_00000637,3,4,10,1160.0,,15.0
simu5g_00000637,3,4,11,1160.0,,15.0
simu5g_00000637,3,4,12,1160.0,,15.0
simu5g_00000637,3,4,13,1160.0,,15.0
simu5g_00000637,3,4,14,1160.0,,15.0
simu5g_00000637,3,4,15,1160.0,,15.0
simu5g_00000637,3,4,16,1160.0,,15.0
simu5g_00000637,3,4,17,1160.0,,15.0
simu5g_00000637,3,4,18,1160.0,,15.0
simu5g_00000637,3,4,19,1160.0,,15.0
simu5g_00000637,3,4,20,1160.0,,15.0
simu5g_00000637,3,4,21,1160.0,,15.0
simu5g_00000637,3,4,22,1160.0,,15.0
simu5g_00000637,3,4,23,1160.0,,15.0
simu5g_00000637,3,4,24,1160.0,,15.0
simu5g_00000638,31,0,0,1128.0,,14.0
simu5g_00000638,31,0,1,1128.0,,14.0
simu5g_00000638,31,0,2,1160.0,,15.0
simu5g_00000638,31,0,3,1160.0,,15.0
simu5g_00000638,31,0,4,1160.0,,15.0
simu5g_00000638,31,0,5,1160.0,,15.0
simu5g_00000638,31,0,6,1160.0,,15.0
simu5g_00000638,31,0,7,1160.0,,15.0
simu5g_00000638,31,0,8,1160.0,,15.0
simu5g_00000638,31,0,9,1160.0,,15.0
simu5g_00000638,31,0,10,1160.0,,15.0
simu5g_00000638,31,0,11,1160.0,,15.0
simu5g_00000638,31,0,12,808.0,,11.0
simu5g_00000638,31,0,13,1160.0,,15.0
simu5g_00000638,31,0,14,1160.0,,15.0
simu5g_00000638,31,0,15,1160.0,,15.0
simu5g_00000638,31,0,16,1160.0,,15.0
simu5g_00000638,31,0,17,1160.0,,15.0
simu5g_00000638,31,0,18,1160.0,,15.0
simu5g_00000638,31,0,19,1160.0,,15.0
simu5g_00000638,31,0,20,1128.0,,14.0
simu5g_00000638,31,0,21,1160.0,,15.0
simu5g_00000638,31,0,22,1160.0,,15.0
simu5g_00000638,31,0,23,1160.0,,15.0
simu5g_00000638,31,0,24,1160.0,,15.0
simu5g_00000638,4,1,0,1160.0,,15.0
simu5g_00000638,4,1,1,1128.0,,14.0
simu5g_00000638,4,1,2,1160.0,,15.0
simu5g_00000638,4,1,3,808.0,,11.0
simu5g_00000638,4,1,4,1160.0,,15.0
simu5g_00000638,4,1,5,1160.0,,15.0
simu5g_00000638,4,1,6,1160.0,,15.0
simu5g_00000638,4,1,7,984.0,,13.0
simu5g_00000638,4,1,8,1128.0,,14.0
simu5g_00000638,4,1,9,1160.0,,15.0
simu5g_00000638,4,1,10,1160.0,,15.0
simu5g_00000638,4,1,11,1160.0,,15.0
simu5g_00000638,4,1,12,1160.0,,15.0
simu5g_00000638,4,1,13,1160.0,,15.0
simu5g_00000638,4,1,14,1160.0,,15.0
simu5g_00000638,4,1,15,1128.0,,14.0
simu5g_00000638,4,1,16,1128.0,,14.0
simu5g_00000638,4,1,17,1160.0,,15.0
simu5g_00000638,4,1,18,1160.0,,15.0
simu5g_00000638,4,1,19,1160.0,,15.0
simu5g_00000638,4,1,20,1160.0,,15.0
simu5g_00000638,4,1,21,1128.0,,14.0
simu5g_00000638,4,1,22,1160.0,,15.0
simu5g_00000638,4,1,23,1160.0,,15.0
simu5g_00000638,4,1,24,1160.0,,15.0
simu5g_00000638,5,2,0,1160.0,,15.0
simu5g_00000638,5,2,1,1160.0,,15.0
simu5g_00000638,5,2,2,1160.0,,15.0
simu5g_00000638,5,2,3,1160.0,,15.0
simu5g_00000638,5,2,4,1160.0,,15.0
simu5g_00000638,5,2,5,1160.0,,15.0
simu5g_00000638,5,2,6,1160.0,,15.0
simu5g_00000638,5,2,7,1160.0,,15.0
simu5g_00000638,5,2,8,1160.0,,15.0
simu5g_00000638,5,2,9,1160.0,,15.0
simu5g_00000638,5,2,10,1160.0,,15.0
simu5g_00000638,5,2,11,1160.0,,15.0
simu5g_00000638,5,2,12,1160.0,,15.0
simu5g_00000638,5,2,13,1160.0,,15.0
simu5g_00000638,5,2,14,1160.0,,15.0
simu5g_00000638,5,2,15,1160.0,,15.0
simu5g_00000638,5,2,16,984.0,,13.0
simu5g_00000638,5,2,17,1160.0,,15.0
simu5g_00000638,5,2,18,1160.0,,15.0
simu5g_00000638,5,2,19,1160.0,,15.0
simu5g_00000638,5,2,20,1160.0,,15.0
simu5g_00000638,5,2,21,1160.0,,15.0
simu5g_00000638,5,2,22,1160.0,,15.0
simu5g_00000638,5,2,23,1160.0,,15.0
simu5g_00000638,5,2,24,1160.0,,15.0
simu5g_00000638,6,3,0,1160.0,,15.0
simu5g_00000638,6,3,1,1160.0,,15.0
simu5g_00000638,6,3,2,1160.0,,15.0
simu5g_00000638,6,3,3,984.0,,13.0
simu5g_00000638,6,3,4,1160.0,,15.0
simu5g_00000638,6,3,5,1160.0,,15.0
simu5g_00000638,6,3,6,1160.0,,15.0
simu5g_00000638,6,3,7,1160.0,,15.0
simu5g_00000638,6,3,8,1160.0,,15.0
simu5g_00000638,6,3,9,1160.0,,15.0
simu5g_00000638,6,3,10,1160.0,,15.0
simu5g_00000638,6,3,11,1160.0,,15.0
simu5g_00000638,6,3,12,1160.0,,15.0
simu5g_00000638,6,3,13,1160.0,,15.0
simu5g_00000638,6,3,14,1160.0,,15.0
simu5g_00000638,6,3,15,1160.0,,15.0
simu5g_00000638,6,3,16,1128.0,,14.0
simu5g_00000638,6,3,17,1160.0,,15.0
simu5g_00000638,6,3,18,1160.0,,15.0
simu5g_00000638,6,3,19,1160.0,,15.0
simu5g_00000638,6,3,20,1160.0,,15.0
simu5g_00000638,6,3,21,1160.0,,15.0
simu5g_00000638,6,3,22,1160.0,,15.0
simu5g_00000638,6,3,23,1160.0,,15.0
simu5g_00000638,6,3,24,1160.0,,15.0
simu5g_00000638,7,4,0,1128.0,,14.0
simu5g_00000638,7,4,1,1160.0,,15.0
simu5g_00000638,7,4,2,1128.0,,14.0
simu5g_00000638,7,4,3,608.0,,9.0
simu5g_00000638,7,4,4,984.0,,13.0
simu5g_00000638,7,4,5,1160.0,,15.0
simu5g_00000638,7,4,6,984.0,,13.0
simu5g_00000638,7,4,7,1160.0,,15.0
simu5g_00000638,7,4,8,1160.0,,15.0
simu5g_00000638,7,4,9,1128.0,,14.0
simu5g_00000638,7,4,10,1128.0,,14.0
simu5g_00000638,7,4,11,1128.0,,14.0
simu5g_00000638,7,4,12,1160.0,,15.0
simu5g_00000638,7,4,13,1160.0,,15.0
simu5g_00000638,7,4,14,1128.0,,14.0
simu5g_00000638,7,4,15,1160.0,,15.0
simu5g_00000638,7,4,16,1128.0,,14.0
simu5g_00000638,7,4,17,608.0,,9.0
simu5g_00000638,7,4,18,1160.0,,15.0
simu5g_00000638,7,4,19,1128.0,,14.0
simu5g_00000638,7,4,20,984.0,,13.0
simu5g_00000638,7,4,21,1128.0,,14.0
simu5g_00000638,7,4,22,1160.0,,15.0
simu5g_00000638,7,4,23,1160.0,,15.0
simu5g_00000638,7,4,24,1160.0,,15.0
simu5g_00000639,0,0,0,1160.0,,15.0
simu5g_00000639,0,0,1,808.0,,11.0
simu5g_00000639,0,0,2,1160.0,,15.0
simu5g_00000639,0,0,3,1128.0,,14.0
simu5g_00000639,0,0,4,1160.0,,15.0
simu5g_00000639,0,0,5,1128.0,,14.0
simu5g_00000639,0,0,6,1160.0,,15.0
simu5g_00000639,0,0,7,1160.0,,15.0
simu5g_00000639,0,0,8,984.0,,13.0
simu5g_00000639,0,0,9,1160.0,,15.0
simu5g_00000639,0,0,10,1160.0,,15.0
simu5g_00000639,0,0,11,1160.0,,15.0
simu5g_00000639,0,0,12,1160.0,,15.0
simu5g_00000639,0,0,13,1160.0,,15.0
simu5g_00000639,0,0,14,1160.0,,15.0
simu5g_00000639,0,0,15,1160.0,,15.0
simu5g_00000639,0,0,16,1160.0,,15.0
simu5g_00000639,0,0,17,1160.0,,15.0
simu5g_00000639,0,0,18,1160.0,,15.0
simu5g_00000639,0,0,19,1160.0,,15.0
simu5g_00000639,0,0,20,1160.0,,15.0
simu5g_00000639,0,0,21,1128.0,,14.0
simu5g_00000639,0,0,22,1160.0,,15.0
simu5g_00000639,0,0,23,1160.0,,15.0
simu5g_00000639,0,0,24,1128.0,,14.0
simu5g_00000639,1,1,0,1160.0,,15.0
simu5g_00000639,1,1,1,1160.0,,15.0
simu5g_00000639,1,1,2,1160.0,,15.0
simu5g_00000639,1,1,3,1160.0,,15.0
simu5g_00000639,1,1,4,1160.0,,15.0
simu5g_00000639,1,1,5,1160.0,,15.0
simu5g_00000639,1,1,6,1160.0,,15.0
simu5g_00000639,1,1,7,1160.0,,15.0
simu5g_00000639,1,1,8,1160.0,,15.0
simu5g_00000639,1,1,9,1160.0,,15.0
simu5g_00000639,1,1,10,1160.0,,15.0
simu5g_00000639,1,1,11,1160.0,,15.0
simu5g_00000639,1,1,12,1160.0,,15.0
simu5g_00000639,1,1,13,1160.0,,15.0
simu5g_00000639,1,1,14,1160.0,,15.0
simu5g_00000639,1,1,15,1160.0,,15.0
simu5g_00000639,1,1,16,1160.0,,15.0
simu5g_00000639,1,1,17,1160.0,,15.0
simu5g_00000639,1,1,18,1160.0,,15.0
simu5g_00000639,1,1,19,1160.0,,15.0
simu5g_00000639,1,1,20,1160.0,,15.0
simu5g_00000639,1,1,21,1160.0,,15.0
simu5g_00000639,1,1,22,1160.0,,15.0
simu5g_00000639,1,1,23,1160.0,,15.0
simu5g_00000639,1,1,24,1160.0,,15.0
simu5g_00000639,15,2,0,1128.0,,14.0
simu5g_00000639,15,2,1,1128.0,,14.0
simu5g_00000639,15,2,2,1160.0,,15.0
simu5g_00000639,15,2,3,1160.0,,15.0
simu5g_00000639,15,2,4,1128.0,,14.0
simu5g_00000639,15,2,5,808.0,,11.0
simu5g_00000639,15,2,6,1160.0,,15.0
simu5g_00000639,15,2,7,1128.0,,14.0
simu5g_00000639,15,2,8,1160.0,,15.0
simu5g_00000639,15,2,9,1160.0,,15.0
simu5g_00000639,15,2,10,1160.0,,15.0
simu5g_00000639,15,2,11,1160.0,,15.0
simu5g_00000639,15,2,12,984.0,,13.0
simu5g_00000639,15,2,13,1160.0,,15.0
simu5g_00000639,15,2,14,1128.0,,14.0
simu5g_00000639,15,2,15,1128.0,,14.0
simu5g_00000639,15,2,16,1160.0,,15.0
simu5g_00000639,15,2,17,1160.0,,15.0
simu5g_00000639,15,2,18,1160.0,,15.0
simu5g_00000639,15,2,19,1160.0,,15.0
simu5g_00000639,15,2,20,1160.0,,15.0
simu5g_00000639,15,2,21,1160.0,,15.0
simu5g_00000639,15,2,22,1160.0,,15.0
simu5g_00000639,15,2,23,1160.0,,15.0
simu5g_00000639,15,2,24,1160.0,,15.0
simu5g_00000639,2,3,0,1160.0,,15.0
simu5g_00000639,2,3,1,1160.0,,15.0
simu5g_00000639,2,3,2,1160.0,,15.0
simu5g_00000639,2,3,3,1160.0,,15.0
simu5g_00000639,2,3,4,1160.0,,15.0
simu5g_00000639,2,3,5,1160.0,,15.0
simu5g_00000639,2,3,6,1160.0,,15.0
simu5g_00000639,2,3,7,984.0,,13.0
simu5g_00000639,2,3,8,1160.0,,15.0
simu5g_00000639,2,3,9,1160.0,,15.0
simu5g_00000639,2,3,10,1160.0,,15.0
simu5g_00000639,2,3,11,1128.0,,14.0
simu5g_00000639,2,3,12,1160.0,,15.0
simu5g_00000639,2,3,13,1160.0,,15.0
simu5g_00000639,2,3,14,1160.0,,15.0
simu5g_00000639,2,3,15,1160.0,,15.0
simu5g_00000639,2,3,16,1128.0,,14.0
simu5g_00000639,2,3,17,1160.0,,15.0
simu5g_00000639,2,3,18,1160.0,,15.0
simu5g_00000639,2,3,19,1160.0,,15.0
simu5g_00000639,2,3,20,1160.0,,15.0
simu5g_00000639,2,3,21,1160.0,,15.0
simu5g_00000639,2,3,22,1160.0,,15.0
simu5g_00000639,2,3,23,1160.0,,15.0
simu5g_00000639,2,3,24,1128.0,,14.0
simu5g_00000639,3,4,0,1160.0,,15.0
simu5g_00000639,3,4,1,1160.0,,15.0
simu5g_00000639,3,4,2,1160.0,,15.0
simu5g_00000639,3,4,3,1160.0,,15.0
simu5g_00000639,3,4,4,1160.0,,15.0
simu5g_00000639,3,4,5,1160.0,,15.0
simu5g_00000639,3,4,6,1160.0,,15.0
simu5g_00000639,3,4,7,1160.0,,15.0
simu5g_00000639,3,4,8,1128.0,,14.0
simu5g_00000639,3,4,9,984.0,,13.0
simu5g_00000639,3,4,10,1160.0,,15.0
simu5g_00000639,3,4,11,1160.0,,15.0
simu5g_00000639,3,4,12,1160.0,,15.0
simu5g_00000639,3,4,13,1160.0,,15.0
simu5g_00000639,3,4,14,1160.0,,15.0
simu5g_00000639,3,4,15,1160.0,,15.0
simu5g_00000639,3,4,16,1160.0,,15.0
simu5g_00000639,3,4,17,1160.0,,15.0
simu5g_00000639,3,4,18,1160.0,,15.0
simu5g_00000639,3,4,19,1160.0,,15.0
simu5g_00000639,3,4,20,1160.0,,15.0
simu5g_00000639,3,4,21,1160.0,,15.0
simu5g_00000639,3,4,22,1160.0,,15.0
simu5g_00000639,3,4,23,1160.0,,15.0
simu5g_00000639,3,4,24,1160.0,,15.0
simu5g_00000640,31,0,0,1128.0,,14.0
simu5g_00000640,31,0,1,1128.0,,14.0
simu5g_00000640,31,0,2,1160.0,,15.0
simu5g_00000640,31,0,3,1160.0,,15.0
simu5g_00000640,31,0,4,1160.0,,15.0
simu5g_00000640,31,0,5,1160.0,,15.0
simu5g_00000640,31,0,6,1160.0,,15.0
simu5g_00000640,31,0,7,1160.0,,15.0
simu5g_00000640,31,0,8,1160.0,,15.0
simu5g_00000640,31,0,9,1160.0,,15.0
simu5g_00000640,31,0,10,1160.0,,15.0
simu5g_00000640,31,0,11,1160.0,,15.0
simu5g_00000640,31,0,12,808.0,,11.0
simu5g_00000640,31,0,13,1160.0,,15.0
simu5g_00000640,31,0,14,1160.0,,15.0
simu5g_00000640,31,0,15,1160.0,,15.0
simu5g_00000640,31,0,16,1160.0,,15.0
simu5g_00000640,31,0,17,1160.0,,15.0
simu5g_00000640,31,0,18,1160.0,,15.0
simu5g_00000640,31,0,19,1160.0,,15.0
simu5g_00000640,31,0,20,1128.0,,14.0
simu5g_00000640,31,0,21,1160.0,,15.0
simu5g_00000640,31,0,22,1160.0,,15.0
simu5g_00000640,31,0,23,1160.0,,15.0
simu5g_00000640,31,0,24,1160.0,,15.0
simu5g_00000640,4,1,0,1160.0,,15.0
simu5g_00000640,4,1,1,1128.0,,14.0
simu5g_00000640,4,1,2,1160.0,,15.0
simu5g_00000640,4,1,3,808.0,,11.0
simu5g_00000640,4,1,4,1160.0,,15.0
simu5g_00000640,4,1,5,1160.0,,15.0
simu5g_00000640,4,1,6,1160.0,,15.0
simu5g_00000640,4,1,7,984.0,,13.0
simu5g_00000640,4,1,8,1128.0,,14.0
simu5g_00000640,4,1,9,1160.0,,15.0
simu5g_00000640,4,1,10,1160.0,,15.0
simu5g_00000640,4,1,11,1160.0,,15.0
simu5g_00000640,4,1,12,1160.0,,15.0
simu5g_00000640,4,1,13,1160.0,,15.0
simu5g_00000640,4,1,14,1160.0,,15.0
simu5g_00000640,4,1,15,1128.0,,14.0
simu5g_00000640,4,1,16,1128.0,,14.0
simu5g_00000640,4,1,17,1160.0,,15.0
simu5g_00000640,4,1,18,1160.0,,15.0
simu5g_00000640,4,1,19,1160.0,,15.0
simu5g_00000640,4,1,20,1160.0,,15.0
simu5g_00000640,4,1,21,1128.0,,14.0
simu5g_00000640,4,1,22,1160.0,,15.0
simu5g_00000640,4,1,23,1160.0,,15.0
simu5g_00000640,4,1,24,1160.0,,15.0
simu5g_00000640,5,2,0,1160.0,,15.0
simu5g_00000640,5,2,1,1160.0,,15.0
simu5g_00000640,5,2,2,1160.0,,15.0
simu5g_00000640,5,2,3,1160.0,,15.0
simu5g_00000640,5,2,4,1160.0,,15.0
simu5g_00000640,5,2,5,1160.0,,15.0
simu5g_00000640,5,2,6,1160.0,,15.0
simu5g_00000640,5,2,7,1160.0,,15.0
simu5g_00000640,5,2,8,1160.0,,15.0
simu5g_00000640,5,2,9,1160.0,,15.0
simu5g_00000640,5,2,10,1160.0,,15.0
simu5g_00000640,5,2,11,1160.0,,15.0
simu5g_00000640,5,2,12,1160.0,,15.0
simu5g_00000640,5,2,13,1160.0,,15.0
simu5g_00000640,5,2,14,1160.0,,15.0
simu5g_00000640,5,2,15,1160.0,,15.0
simu5g_00000640,5,2,16,984.0,,13.0
simu5g_00000640,5,2,17,1160.0,,15.0
simu5g_00000640,5,2,18,1160.0,,15.0
simu5g_00000640,5,2,19,1160.0,,15.0
simu5g_00000640,5,2,20,1160.0,,15.0
simu5g_00000640,5,2,21,1160.0,,15.0
simu5g_00000640,5,2,22,1160.0,,15.0
simu5g_00000640,5,2,23,1160.0,,15.0
simu5g_00000640,5,2,24,1160.0,,15.0
simu5g_00000640,6,3,0,1160.0,,15.0
simu5g_00000640,6,3,1,1160.0,,15.0
simu5g_00000640,6,3,2,1160.0,,15.0
simu5g_00000640,6,3,3,984.0,,13.0
simu5g_00000640,6,3,4,1160.0,,15.0
simu5g_00000640,6,3,5,1160.0,,15.0
simu5g_00000640,6,3,6,1160.0,,15.0
simu5g_00000640,6,3,7,1160.0,,15.0
simu5g_00000640,6,3,8,1160.0,,15.0
simu5g_00000640,6,3,9,1160.0,,15.0
simu5g_00000640,6,3,10,1160.0,,15.0
simu5g_00000640,6,3,11,1160.0,,15.0
simu5g_00000640,6,3,12,1160.0,,15.0
simu5g_00000640,6,3,13,1160.0,,15.0
simu5g_00000640,6,3,14,1160.0,,15.0
simu5g_00000640,6,3,15,1160.0,,15.0
simu5g_00000640,6,3,16,1128.0,,14.0
simu5g_00000640,6,3,17,1160.0,,15.0
simu5g_00000640,6,3,18,1160.0,,15.0
simu5g_00000640,6,3,19,1160.0,,15.0
simu5g_00000640,6,3,20,1160.0,,15.0
simu5g_00000640,6,3,21,1160.0,,15.0
simu5g_00000640,6,3,22,1160.0,,15.0
simu5g_00000640,6,3,23,1160.0,,15.0
simu5g_00000640,6,3,24,1160.0,,15.0
simu5g_00000640,7,4,0,1128.0,,14.0
simu5g_00000640,7,4,1,1160.0,,15.0
simu5g_00000640,7,4,2,1128.0,,14.0
simu5g_00000640,7,4,3,608.0,,9.0
simu5g_00000640,7,4,4,984.0,,13.0
simu5g_00000640,7,4,5,1160.0,,15.0
simu5g_00000640,7,4,6,984.0,,13.0
simu5g_00000640,7,4,7,1160.0,,15.0
simu5g_00000640,7,4,8,1160.0,,15.0
simu5g_00000640,7,4,9,1128.0,,14.0
simu5g_00000640,7,4,10,1128.0,,14.0
simu5g_00000640,7,4,11,1128.0,,14.0
simu5g_00000640,7,4,12,1160.0,,15.0
simu5g_00000640,7,4,13,1160.0,,15.0
simu5g_00000640,7,4,14,1128.0,,14.0
simu5g_00000640,7,4,15,1160.0,,15.0
simu5g_00000640,7,4,16,1128.0,,14.0
simu5g_00000640,7,4,17,608.0,,9.0
simu5g_00000640,7,4,18,1160.0,,15.0
simu5g_00000640,7,4,19,1128.0,,14.0
simu5g_00000640,7,4,20,984.0,,13.0
simu5g_00000640,7,4,21,1128.0,,14.0
simu5g_00000640,7,4,22,1160.0,,15.0
simu5g_00000640,7,4,23,1160.0,,15.0
simu5g_00000640,7,4,24,1160.0,,15.0
simu5g_00000641,0,0,0,1160.0,,15.0
simu5g_00000641,0,0,1,808.0,,11.0
simu5g_00000641,0,0,2,1160.0,,15.0
simu5g_00000641,0,0,3,1128.0,,14.0
simu5g_00000641,0,0,4,1160.0,,15.0
simu5g_00000641,0,0,5,1128.0,,14.0
simu5g_00000641,0,0,6,1160.0,,15.0
simu5g_00000641,0,0,7,1160.0,,15.0
simu5g_00000641,0,0,8,984.0,,13.0
simu5g_00000641,0,0,9,1160.0,,15.0
simu5g_00000641,0,0,10,1160.0,,15.0
simu5g_00000641,0,0,11,1160.0,,15.0
simu5g_00000641,0,0,12,1160.0,,15.0
simu5g_00000641,0,0,13,1160.0,,15.0
simu5g_00000641,0,0,14,1160.0,,15.0
simu5g_00000641,0,0,15,1160.0,,15.0
simu5g_00000641,0,0,16,1160.0,,15.0
simu5g_00000641,0,0,17,1160.0,,15.0
simu5g_00000641,0,0,18,1160.0,,15.0
simu5g_00000641,0,0,19,1160.0,,15.0
simu5g_00000641,0,0,20,1160.0,,15.0
simu5g_00000641,0,0,21,1128.0,,14.0
simu5g_00000641,0,0,22,1160.0,,15.0
simu5g_00000641,0,0,23,1160.0,,15.0
simu5g_00000641,0,0,24,1128.0,,14.0
simu5g_00000641,1,1,0,1160.0,,15.0
simu5g_00000641,1,1,1,1160.0,,15.0
simu5g_00000641,1,1,2,1160.0,,15.0
simu5g_00000641,1,1,3,1160.0,,15.0
simu5g_00000641,1,1,4,1160.0,,15.0
simu5g_00000641,1,1,5,1160.0,,15.0
simu5g_00000641,1,1,6,1160.0,,15.0
simu5g_00000641,1,1,7,1160.0,,15.0
simu5g_00000641,1,1,8,1160.0,,15.0
simu5g_00000641,1,1,9,1160.0,,15.0
simu5g_00000641,1,1,10,1160.0,,15.0
simu5g_00000641,1,1,11,1160.0,,15.0
simu5g_00000641,1,1,12,1160.0,,15.0
simu5g_00000641,1,1,13,1160.0,,15.0
simu5g_00000641,1,1,14,1160.0,,15.0
simu5g_00000641,1,1,15,1160.0,,15.0
simu5g_00000641,1,1,16,1160.0,,15.0
simu5g_00000641,1,1,17,1160.0,,15.0
simu5g_00000641,1,1,18,1160.0,,15.0
simu5g_00000641,1,1,19,1160.0,,15.0
simu5g_00000641,1,1,20,1160.0,,15.0
simu5g_00000641,1,1,21,1160.0,,15.0
simu5g_00000641,1,1,22,1160.0,,15.0
simu5g_00000641,1,1,23,1160.0,,15.0
simu5g_00000641,1,1,24,1160.0,,15.0
simu5g_00000641,15,2,0,1128.0,,14.0
simu5g_00000641,15,2,1,1128.0,,14.0
simu5g_00000641,15,2,2,1160.0,,15.0
simu5g_00000641,15,2,3,1160.0,,15.0
simu5g_00000641,15,2,4,984.0,,13.0
simu5g_00000641,15,2,5,808.0,,11.0
simu5g_00000641,15,2,6,1160.0,,15.0
simu5g_00000641,15,2,7,1128.0,,14.0
simu5g_00000641,15,2,8,1160.0,,15.0
simu5g_00000641,15,2,9,1160.0,,15.0
simu5g_00000641,15,2,10,1160.0,,15.0
simu5g_00000641,15,2,11,1160.0,,15.0
simu5g_00000641,15,2,12,984.0,,13.0
simu5g_00000641,15,2,13,1160.0,,15.0
simu5g_00000641,15,2,14,1128.0,,14.0
simu5g_00000641,15,2,15,1128.0,,14.0
simu5g_00000641,15,2,16,1160.0,,15.0
simu5g_00000641,15,2,17,1160.0,,15.0
simu5g_00000641,15,2,18,1160.0,,15.0
simu5g_00000641,15,2,19,1160.0,,15.0
simu5g_00000641,15,2,20,1160.0,,15.0
simu5g_00000641,15,2,21,1160.0,,15.0
simu5g_00000641,15,2,22,1160.0,,15.0
simu5g_00000641,15,2,23,1160.0,,15.0
simu5g_00000641,15,2,24,1160.0,,15.0
simu5g_00000641,2,3,0,1160.0,,15.0
simu5g_00000641,2,3,1,1160.0,,15.0
simu5g_00000641,2,3,2,1160.0,,15.0
simu5g_00000641,2,3,3,1160.0,,15.0
simu5g_00000641,2,3,4,1160.0,,15.0
simu5g_00000641,2,3,5,1160.0,,15.0
simu5g_00000641,2,3,6,1160.0,,15.0
simu5g_00000641,2,3,7,984.0,,13.0
simu5g_00000641,2,3,8,1160.0,,15.0
simu5g_00000641,2,3,9,1160.0,,15.0
simu5g_00000641,2,3,10,1160.0,,15.0
simu5g_00000641,2,3,11,1128.0,,14.0
simu5g_00000641,2,3,12,1160.0,,15.0
simu5g_00000641,2,3,13,1160.0,,15.0
simu5g_00000641,2,3,14,1160.0,,15.0
simu5g_00000641,2,3,15,1160.0,,15.0
simu5g_00000641,2,3,16,1128.0,,14.0
simu5g_00000641,2,3,17,1160.0,,15.0
simu5g_00000641,2,3,18,1160.0,,15.0
simu5g_00000641,2,3,19,1160.0,,15.0
simu5g_00000641,2,3,20,1160.0,,15.0
simu5g_00000641,2,3,21,1160.0,,15.0
simu5g_00000641,2,3,22,1160.0,,15.0
simu5g_00000641,2,3,23,1160.0,,15.0
simu5g_00000641,2,3,24,1128.0,,14.0
simu5g_00000641,3,4,0,1128.0,,14.0
simu5g_00000641,3,4,1,1160.0,,15.0
simu5g_00000641,3,4,2,1128.0,,14.0
simu5g_00000641,3,4,3,1128.0,,14.0
simu5g_00000641,3,4,4,1160.0,,15.0
simu5g_00000641,3,4,5,1160.0,,15.0
simu5g_00000641,3,4,6,1160.0,,15.0
simu5g_00000641,3,4,7,1128.0,,14.0
simu5g_00000641,3,4,8,808.0,,11.0
simu5g_00000641,3,4,9,808.0,,11.0
simu5g_00000641,3,4,10,1160.0,,15.0
simu5g_00000641,3,4,11,1128.0,,14.0
simu5g_00000641,3,4,12,1160.0,,15.0
simu5g_00000641,3,4,13,1160.0,,15.0
simu5g_00000641,3,4,14,1160.0,,15.0
simu5g_00000641,3,4,15,1160.0,,15.0
simu5g_00000641,3,4,16,1160.0,,15.0
simu5g_00000641,3,4,17,1160.0,,15.0
simu5g_00000641,3,4,18,1160.0,,15.0
simu5g_00000641,3,4,19,1160.0,,15.0
simu5g_00000641,3,4,20,1160.0,,15.0
simu5g_00000641,3,4,21,1128.0,,14.0
simu5g_00000641,3,4,22,984.0,,13.0
simu5g_00000641,3,4,23,1160.0,,15.0
simu5g_00000641,3,4,24,984.0,,13.0
simu5g_00000642,31,0,0,1128.0,,14.0
simu5g_00000642,31,0,1,1128.0,,14.0
simu5g_00000642,31,0,2,1160.0,,15.0
simu5g_00000642,31,0,3,1160.0,,15.0
simu5g_00000642,31,0,4,1160.0,,15.0
simu5g_00000642,31,0,5,1160.0,,15.0
simu5g_00000642,31,0,6,1160.0,,15.0
simu5g_00000642,31,0,7,1160.0,,15.0
simu5g_00000642,31,0,8,1160.0,,15.0
simu5g_00000642,31,0,9,1160.0,,15.0
simu5g_00000642,31,0,10,1160.0,,15.0
simu5g_00000642,31,0,11,1128.0,,14.0
simu5g_00000642,31,0,12,808.0,,11.0
simu5g_00000642,31,0,13,1160.0,,15.0
simu5g_00000642,31,0,14,1160.0,,15.0
simu5g_00000642,31,0,15,1160.0,,15.0
simu5g_00000642,31,0,16,1160.0,,15.0
simu5g_00000642,31,0,17,1160.0,,15.0
simu5g_00000642,31,0,18,1160.0,,15.0
simu5g_00000642,31,0,19,1128.0,,14.0
simu5g_00000642,31,0,20,1128.0,,14.0
simu5g_00000642,31,0,21,1160.0,,15.0
simu5g_00000642,31,0,22,1160.0,,15.0
simu5g_00000642,31,0,23,1160.0,,15.0
simu5g_00000642,31,0,24,1160.0,,15.0
simu5g_00000642,4,1,0,1160.0,,15.0
simu5g_00000642,4,1,1,1128.0,,14.0
simu5g_00000642,4,1,2,1160.0,,15.0
simu5g_00000642,4,1,3,808.0,,11.0
simu5g_00000642,4,1,4,1160.0,,15.0
simu5g_00000642,4,1,5,1160.0,,15.0
simu5g_00000642,4,1,6,1160.0,,15.0
simu5g_00000642,4,1,7,984.0,,13.0
simu5g_00000642,4,1,8,1128.0,,14.0
simu5g_00000642,4,1,9,1160.0,,15.0
simu5g_00000642,4,1,10,1160.0,,15.0
simu5g_00000642,4,1,11,1160.0,,15.0
simu5g_00000642,4,1,12,1160.0,,15.0
simu5g_00000642,4,1,13,1160.0,,15.0
simu5g_00000642,4,1,14,1160.0,,15.0
simu5g_00000642,4,1,15,1128.0,,14.0
simu5g_00000642,4,1,16,1128.0,,14.0
simu5g_00000642,4,1,17,1160.0,,15.0
simu5g_00000642,4,1,18,1160.0,,15.0
simu5g_00000642,4,1,19,1160.0,,15.0
simu5g_00000642,4,1,20,1160.0,,15.0
simu5g_00000642,4,1,21,1128.0,,14.0
simu5g_00000642,4,1,22,1160.0,,15.0
simu5g_00000642,4,1,23,1160.0,,15.0
simu5g_00000642,4,1,24,1160.0,,15.0
simu5g_00000642,5,2,0,1160.0,,15.0
simu5g_00000642,5,2,1,1160.0,,15.0
simu5g_00000642,5,2,2,1160.0,,15.0
simu5g_00000642,5,2,3,1160.0,,15.0
simu5g_00000642,5,2,4,1160.0,,15.0
simu5g_00000642,5,2,5,1160.0,,15.0
simu5g_00000642,5,2,6,1160.0,,15.0
simu5g_00000642,5,2,7,1160.0,,15.0
simu5g_00000642,5,2,8,1160.0,,15.0
simu5g_00000642,5,2,9,1160.0,,15.0
simu5g_00000642,5,2,10,1160.0,,15.0
simu5g_00000642,5,2,11,1160.0,,15.0
simu5g_00000642,5,2,12,1160.0,,15.0
simu5g_00000642,5,2,13,1160.0,,15.0
simu5g_00000642,5,2,14,1160.0,,15.0
simu5g_00000642,5,2,15,1160.0,,15.0
simu5g_00000642,5,2,16,984.0,,13.0
simu5g_00000642,5,2,17,1160.0,,15.0
simu5g_00000642,5,2,18,1160.0,,15.0
simu5g_00000642,5,2,19,1160.0,,15.0
simu5g_00000642,5,2,20,1160.0,,15.0
simu5g_00000642,5,2,21,1160.0,,15.0
simu5g_00000642,5,2,22,1160.0,,15.0
simu5g_00000642,5,2,23,1160.0,,15.0
simu5g_00000642,5,2,24,1160.0,,15.0
simu5g_00000642,6,3,0,1160.0,,15.0
simu5g_00000642,6,3,1,1160.0,,15.0
simu5g_00000642,6,3,2,1160.0,,15.0
simu5g_00000642,6,3,3,984.0,,13.0
simu5g_00000642,6,3,4,1160.0,,15.0
simu5g_00000642,6,3,5,1160.0,,15.0
simu5g_00000642,6,3,6,1160.0,,15.0
simu5g_00000642,6,3,7,1160.0,,15.0
simu5g_00000642,6,3,8,1160.0,,15.0
simu5g_00000642,6,3,9,1160.0,,15.0
simu5g_00000642,6,3,10,1160.0,,15.0
simu5g_00000642,6,3,11,1160.0,,15.0
simu5g_00000642,6,3,12,1160.0,,15.0
simu5g_00000642,6,3,13,1160.0,,15.0
simu5g_00000642,6,3,14,1160.0,,15.0
simu5g_00000642,6,3,15,1160.0,,15.0
simu5g_00000642,6,3,16,1128.0,,14.0
simu5g_00000642,6,3,17,1160.0,,15.0
simu5g_00000642,6,3,18,1160.0,,15.0
simu5g_00000642,6,3,19,1160.0,,15.0
simu5g_00000642,6,3,20,1160.0,,15.0
simu5g_00000642,6,3,21,1160.0,,15.0
simu5g_00000642,6,3,22,1160.0,,15.0
simu5g_00000642,6,3,23,1160.0,,15.0
simu5g_00000642,6,3,24,1160.0,,15.0
simu5g_00000642,7,4,0,1128.0,,14.0
simu5g_00000642,7,4,1,1160.0,,15.0
simu5g_00000642,7,4,2,1128.0,,14.0
simu5g_00000642,7,4,3,608.0,,9.0
simu5g_00000642,7,4,4,984.0,,13.0
simu5g_00000642,7,4,5,1160.0,,15.0
simu5g_00000642,7,4,6,984.0,,13.0
simu5g_00000642,7,4,7,1160.0,,15.0
simu5g_00000642,7,4,8,1160.0,,15.0
simu5g_00000642,7,4,9,1128.0,,14.0
simu5g_00000642,7,4,10,1128.0,,14.0
simu5g_00000642,7,4,11,1128.0,,14.0
simu5g_00000642,7,4,12,1160.0,,15.0
simu5g_00000642,7,4,13,1160.0,,15.0
simu5g_00000642,7,4,14,1128.0,,14.0
simu5g_00000642,7,4,15,1160.0,,15.0
simu5g_00000642,7,4,16,1128.0,,14.0
simu5g_00000642,7,4,17,608.0,,9.0
simu5g_00000642,7,4,18,1160.0,,15.0
simu5g_00000642,7,4,19,1128.0,,14.0
simu5g_00000642,7,4,20,984.0,,13.0
simu5g_00000642,7,4,21,1128.0,,14.0
simu5g_00000642,7,4,22,1160.0,,15.0
simu5g_00000642,7,4,23,1160.0,,15.0
simu5g_00000642,7,4,24,1160.0,,15.0
simu5g_00000643,0,0,0,1160.0,,15.0
simu5g_00000643,0,0,1,808.0,,11.0
simu5g_00000643,0,0,2,1160.0,,15.0
simu5g_00000643,0,0,3,1128.0,,14.0
simu5g_00000643,0,0,4,1160.0,,15.0
simu5g_00000643,0,0,5,1128.0,,14.0
simu5g_00000643,0,0,6,1160.0,,15.0
simu5g_00000643,0,0,7,1160.0,,15.0
simu5g_00000643,0,0,8,984.0,,13.0
simu5g_00000643,0,0,9,1160.0,,15.0
simu5g_00000643,0,0,10,1160.0,,15.0
simu5g_00000643,0,0,11,1160.0,,15.0
simu5g_00000643,0,0,12,1160.0,,15.0
simu5g_00000643,0,0,13,1160.0,,15.0
simu5g_00000643,0,0,14,1160.0,,15.0
simu5g_00000643,0,0,15,1160.0,,15.0
simu5g_00000643,0,0,16,1160.0,,15.0
simu5g_00000643,0,0,17,1160.0,,15.0
simu5g_00000643,0,0,18,1160.0,,15.0
simu5g_00000643,0,0,19,1160.0,,15.0
simu5g_00000643,0,0,20,1160.0,,15.0
simu5g_00000643,0,0,21,1128.0,,14.0
simu5g_00000643,0,0,22,1160.0,,15.0
simu5g_00000643,0,0,23,1160.0,,15.0
simu5g_00000643,0,0,24,1128.0,,14.0
simu5g_00000643,1,1,0,1160.0,,15.0
simu5g_00000643,1,1,1,1160.0,,15.0
simu5g_00000643,1,1,2,1160.0,,15.0
simu5g_00000643,1,1,3,1160.0,,15.0
simu5g_00000643,1,1,4,1160.0,,15.0
simu5g_00000643,1,1,5,1160.0,,15.0
simu5g_00000643,1,1,6,1160.0,,15.0
simu5g_00000643,1,1,7,1160.0,,15.0
simu5g_00000643,1,1,8,1160.0,,15.0
simu5g_00000643,1,1,9,1160.0,,15.0
simu5g_00000643,1,1,10,1160.0,,15.0
simu5g_00000643,1,1,11,1160.0,,15.0
simu5g_00000643,1,1,12,1160.0,,15.0
simu5g_00000643,1,1,13,1160.0,,15.0
simu5g_00000643,1,1,14,1160.0,,15.0
simu5g_00000643,1,1,15,1160.0,,15.0
simu5g_00000643,1,1,16,1160.0,,15.0
simu5g_00000643,1,1,17,1160.0,,15.0
simu5g_00000643,1,1,18,1160.0,,15.0
simu5g_00000643,1,1,19,1160.0,,15.0
simu5g_00000643,1,1,20,1160.0,,15.0
simu5g_00000643,1,1,21,1160.0,,15.0
simu5g_00000643,1,1,22,1160.0,,15.0
simu5g_00000643,1,1,23,1160.0,,15.0
simu5g_00000643,1,1,24,1160.0,,15.0
simu5g_00000643,15,2,0,1128.0,,14.0
simu5g_00000643,15,2,1,1128.0,,14.0
simu5g_00000643,15,2,2,1160.0,,15.0
simu5g_00000643,15,2,3,1160.0,,15.0
simu5g_00000643,15,2,4,984.0,,13.0
simu5g_00000643,15,2,5,808.0,,11.0
simu5g_00000643,15,2,6,1160.0,,15.0
simu5g_00000643,15,2,7,1128.0,,14.0
simu5g_00000643,15,2,8,1160.0,,15.0
simu5g_00000643,15,2,9,1160.0,,15.0
simu5g_00000643,15,2,10,1160.0,,15.0
simu5g_00000643,15,2,11,1160.0,,15.0
simu5g_00000643,15,2,12,984.0,,13.0
simu5g_00000643,15,2,13,1160.0,,15.0
simu5g_00000643,15,2,14,1128.0,,14.0
simu5g_00000643,15,2,15,1128.0,,14.0
simu5g_00000643,15,2,16,1160.0,,15.0
simu5g_00000643,15,2,17,1160.0,,15.0
simu5g_00000643,15,2,18,1160.0,,15.0
simu5g_00000643,15,2,19,1160.0,,15.0
simu5g_00000643,15,2,20,1160.0,,15.0
simu5g_00000643,15,2,21,1160.0,,15.0
simu5g_00000643,15,2,22,1160.0,,15.0
simu5g_00000643,15,2,23,1160.0,,15.0
simu5g_00000643,15,2,24,1160.0,,15.0
simu5g_00000643,2,3,0,1160.0,,15.0
simu5g_00000643,2,3,1,1160.0,,15.0
simu5g_00000643,2,3,2,1160.0,,15.0
simu5g_00000643,2,3,3,1160.0,,15.0
simu5g_00000643,2,3,4,1160.0,,15.0
simu5g_00000643,2,3,5,1160.0,,15.0
simu5g_00000643,2,3,6,1160.0,,15.0
simu5g_00000643,2,3,7,1128.0,,14.0
simu5g_00000643,2,3,8,1160.0,,15.0
simu5g_00000643,2,3,9,1160.0,,15.0
simu5g_00000643,2,3,10,1160.0,,15.0
simu5g_00000643,2,3,11,1128.0,,14.0
simu5g_00000643,2,3,12,1160.0,,15.0
simu5g_00000643,2,3,13,1160.0,,15.0
simu5g_00000643,2,3,14,1160.0,,15.0
simu5g_00000643,2,3,15,1160.0,,15.0
simu5g_00000643,2,3,16,1160.0,,15.0
simu5g_00000643,2,3,17,1160.0,,15.0
simu5g_00000643,2,3,18,1160.0,,15.0
simu5g_00000643,2,3,19,1160.0,,15.0
simu5g_00000643,2,3,20,1160.0,,15.0
simu5g_00000643,2,3,21,1160.0,,15.0
simu5g_00000643,2,3,22,1160.0,,15.0
simu5g_00000643,2,3,23,1160.0,,15.0
simu5g_00000643,2,3,24,1160.0,,15.0
simu5g_00000643,3,4,0,1128.0,,14.0
simu5g_00000643,3,4,1,1160.0,,15.0
simu5g_00000643,3,4,2,1128.0,,14.0
simu5g_00000643,3,4,3,1128.0,,14.0
simu5g_00000643,3,4,4,1160.0,,15.0
simu5g_00000643,3,4,5,1160.0,,15.0
simu5g_00000643,3,4,6,1160.0,,15.0
simu5g_00000643,3,4,7,1128.0,,14.0
simu5g_00000643,3,4,8,808.0,,11.0
simu5g_00000643,3,4,9,808.0,,11.0
simu5g_00000643,3,4,10,1160.0,,15.0
simu5g_00000643,3,4,11,1128.0,,14.0
simu5g_00000643,3,4,12,1160.0,,15.0
simu5g_00000643,3,4,13,1160.0,,15.0
simu5g_00000643,3,4,14,1160.0,,15.0
simu5g_00000643,3,4,15,1160.0,,15.0
simu5g_00000643,3,4,16,1160.0,,15.0
simu5g_00000643,3,4,17,1160.0,,15.0
simu5g_00000643,3,4,18,1160.0,,15.0
simu5g_00000643,3,4,19,1160.0,,15.0
simu5g_00000643,3,4,20,1160.0,,15.0
simu5g_00000643,3,4,21,1128.0,,14.0
simu5g_00000643,3,4,22,984.0,,13.0
simu5g_00000643,3,4,23,1160.0,,15.0
simu5g_00000643,3,4,24,984.0,,13.0
simu5g_00000644,31,0,0,1128.0,,14.0
simu5g_00000644,31,0,1,1128.0,,14.0
simu5g_00000644,31,0,2,1160.0,,15.0
simu5g_00000644,31,0,3,1160.0,,15.0
simu5g_00000644,31,0,4,1160.0,,15.0
simu5g_00000644,31,0,5,1160.0,,15.0
simu5g_00000644,31,0,6,1160.0,,15.0
simu5g_00000644,31,0,7,1160.0,,15.0
simu5g_00000644,31,0,8,1160.0,,15.0
simu5g_00000644,31,0,9,1160.0,,15.0
simu5g_00000644,31,0,10,1160.0,,15.0
simu5g_00000644,31,0,11,1160.0,,15.0
simu5g_00000644,31,0,12,808.0,,11.0
simu5g_00000644,31,0,13,1160.0,,15.0
simu5g_00000644,31,0,14,1160.0,,15.0
simu5g_00000644,31,0,15,1160.0,,15.0
simu5g_00000644,31,0,16,1160.0,,15.0
simu5g_00000644,31,0,17,1160.0,,15.0
simu5g_00000644,31,0,18,1160.0,,15.0
simu5g_00000644,31,0,19,1128.0,,14.0
simu5g_00000644,31,0,20,1128.0,,14.0
simu5g_00000644,31,0,21,1160.0,,15.0
simu5g_00000644,31,0,22,1160.0,,15.0
simu5g_00000644,31,0,23,1160.0,,15.0
simu5g_00000644,31,0,24,1160.0,,15.0
simu5g_00000644,4,1,0,1160.0,,15.0
simu5g_00000644,4,1,1,1128.0,,14.0
simu5g_00000644,4,1,2,1160.0,,15.0
simu5g_00000644,4,1,3,704.0,,10.0
simu5g_00000644,4,1,4,1160.0,,15.0
simu5g_00000644,4,1,5,1160.0,,15.0
simu5g_00000644,4,1,6,1160.0,,15.0
simu5g_00000644,4,1,7,888.0,,12.0
simu5g_00000644,4,1,8,1128.0,,14.0
simu5g_00000644,4,1,9,1160.0,,15.0
simu5g_00000644,4,1,10,1160.0,,15.0
simu5g_00000644,4,1,11,1160.0,,15.0
simu5g_00000644,4,1,12,1160.0,,15.0
simu5g_00000644,4,1,13,1160.0,,15.0
simu5g_00000644,4,1,14,1160.0,,15.0
simu5g_00000644,4,1,15,1128.0,,14.0
simu5g_00000644,4,1,16,1128.0,,14.0
simu5g_00000644,4,1,17,1128.0,,14.0
simu5g_00000644,4,1,18,1160.0,,15.0
simu5g_00000644,4,1,19,1160.0,,15.0
simu5g_00000644,4,1,20,1160.0,,15.0
simu5g_00000644,4,1,21,1128.0,,14.0
simu5g_00000644,4,1,22,1160.0,,15.0
simu5g_00000644,4,1,23,1160.0,,15.0
simu5g_00000644,4,1,24,1128.0,,14.0
simu5g_00000644,5,2,0,1160.0,,15.0
simu5g_00000644,5,2,1,1160.0,,15.0
simu5g_00000644,5,2,2,1160.0,,15.0
simu5g_00000644,5,2,3,1160.0,,15.0
simu5g_00000644,5,2,4,1160.0,,15.0
simu5g_00000644,5,2,5,1160.0,,15.0
simu5g_00000644,5,2,6,1160.0,,15.0
simu5g_00000644,5,2,7,1160.0,,15.0
simu5g_00000644,5,2,8,1160.0,,15.0
simu5g_00000644,5,2,9,1160.0,,15.0
simu5g_00000644,5,2,10,1160.0,,15.0
simu5g_00000644,5,2,11,1160.0,,15.0
simu5g_00000644,5,2,12,1160.0,,15.0
simu5g_00000644,5,2,13,1160.0,,15.0
simu5g_00000644,5,2,14,1160.0,,15.0
simu5g_00000644,5,2,15,1160.0,,15.0
simu5g_00000644,5,2,16,984.0,,13.0
simu5g_00000644,5,2,17,1160.0,,15.0
simu5g_00000644,5,2,18,1160.0,,15.0
simu5g_00000644,5,2,19,1160.0,,15.0
simu5g_00000644,5,2,20,1160.0,,15.0
simu5g_00000644,5,2,21,1160.0,,15.0
simu5g_00000644,5,2,22,1160.0,,15.0
simu5g_00000644,5,2,23,1160.0,,15.0
simu5g_00000644,5,2,24,1160.0,,15.0
simu5g_00000644,6,3,0,1160.0,,15.0
simu5g_00000644,6,3,1,1128.0,,14.0
simu5g_00000644,6,3,2,1128.0,,14.0
simu5g_00000644,6,3,3,528.0,,8.0
simu5g_00000644,6,3,4,984.0,,13.0
simu5g_00000644,6,3,5,1128.0,,14.0
simu5g_00000644,6,3,6,1160.0,,15.0
simu5g_00000644,6,3,7,984.0,,13.0
simu5g_00000644,6,3,8,1160.0,,15.0
simu5g_00000644,6,3,9,984.0,,13.0
simu5g_00000644,6,3,10,984.0,,13.0
simu5g_00000644,6,3,11,1128.0,,14.0
simu5g_00000644,6,3,12,1160.0,,15.0
simu5g_00000644,6,3,13,984.0,,13.0
simu5g_00000644,6,3,14,1160.0,,15.0
simu5g_00000644,6,3,15,1160.0,,15.0
simu5g_00000644,6,3,16,808.0,,11.0
simu5g_00000644,6,3,17,1160.0,,15.0
simu5g_00000644,6,3,18,1128.0,,14.0
simu5g_00000644,6,3,19,1128.0,,14.0
simu5g_00000644,6,3,20,1160.0,,15.0
simu5g_00000644,6,3,21,1128.0,,14.0
simu5g_00000644,6,3,22,1160.0,,15.0
simu5g_00000644,6,3,23,1160.0,,15.0
simu5g_00000644,6,3,24,1160.0,,15.0
simu5g_00000644,7,4,0,1128.0,,14.0
simu5g_00000644,7,4,1,1160.0,,15.0
simu5g_00000644,7,4,2,1128.0,,14.0
simu5g_00000644,7,4,3,528.0,,8.0
simu5g_00000644,7,4,4,808.0,,11.0
simu5g_00000644,7,4,5,1160.0,,15.0
simu5g_00000644,7,4,6,984.0,,13.0
simu5g_00000644,7,4,7,1160.0,,15.0
simu5g_00000644,7,4,8,1160.0,,15.0
simu5g_00000644,7,4,9,984.0,,13.0
simu5g_00000644,7,4,10,1128.0,,14.0
simu5g_00000644,7,4,11,984.0,,13.0
simu5g_00000644,7,4,12,1160.0,,15.0
simu5g_00000644,7,4,13,1160.0,,15.0
simu5g_00000644,7,4,14,984.0,,13.0
simu5g_00000644,7,4,15,1128.0,,14.0
simu5g_00000644,7,4,16,984.0,,13.0
simu5g_00000644,7,4,17,528.0,,8.0
simu5g_00000644,7,4,18,1160.0,,15.0
simu5g_00000644,7,4,19,984.0,,13.0
simu5g_00000644,7,4,20,984.0,,13.0
simu5g_00000644,7,4,21,1128.0,,14.0
simu5g_00000644,7,4,22,1160.0,,15.0
simu5g_00000644,7,4,23,1160.0,,15.0
simu5g_00000644,7,4,24,1128.0,,14.0
simu5g_00000645,0,0,0,1160.0,,15.0
simu5g_00000645,0,0,1,1160.0,,15.0
simu5g_00000645,0,0,2,1160.0,,15.0
simu5g_00000645,0,0,3,1160.0,,15.0
simu5g_00000645,0,0,4,1160.0,,15.0
simu5g_00000645,0,0,5,1160.0,,15.0
simu5g_00000645,0,0,6,1160.0,,15.0
simu5g_00000645,0,0,7,1160.0,,15.0
simu5g_00000645,0,0,8,1160.0,,15.0
simu5g_00000645,0,0,9,1160.0,,15.0
simu5g_00000645,0,0,10,1160.0,,15.0
simu5g_00000645,0,0,11,1160.0,,15.0
simu5g_00000645,0,0,12,1160.0,,15.0
simu5g_00000645,0,0,13,1160.0,,15.0
simu5g_00000645,0,0,14,1160.0,,15.0
simu5g_00000645,0,0,15,1160.0,,15.0
simu5g_00000645,0,0,16,1160.0,,15.0
simu5g_00000645,0,0,17,1160.0,,15.0
simu5g_00000645,0,0,18,1160.0,,15.0
simu5g_00000645,0,0,19,1160.0,,15.0
simu5g_00000645,0,0,20,1160.0,,15.0
simu5g_00000645,0,0,21,1160.0,,15.0
simu5g_00000645,0,0,22,1160.0,,15.0
simu5g_00000645,0,0,23,1160.0,,15.0
simu5g_00000645,0,0,24,1160.0,,15.0
simu5g_00000645,1,1,0,1160.0,,15.0
simu5g_00000645,1,1,1,1160.0,,15.0
simu5g_00000645,1,1,2,1160.0,,15.0
simu5g_00000645,1,1,3,1160.0,,15.0
simu5g_00000645,1,1,4,1160.0,,15.0
simu5g_00000645,1,1,5,1160.0,,15.0
simu5g_00000645,1,1,6,1160.0,,15.0
simu5g_00000645,1,1,7,1160.0,,15.0
simu5g_00000645,1,1,8,1160.0,,15.0
simu5g_00000645,1,1,9,1160.0,,15.0
simu5g_00000645,1,1,10,1160.0,,15.0
simu5g_00000645,1,1,11,1160.0,,15.0
simu5g_00000645,1,1,12,1160.0,,15.0
simu5g_00000645,1,1,13,1160.0,,15.0
simu5g_00000645,1,1,14,1160.0,,15.0
simu5g_00000645,1,1,15,1160.0,,15.0
simu5g_00000645,1,1,16,1160.0,,15.0
simu5g_00000645,1,1,17,1160.0,,15.0
simu5g_00000645,1,1,18,1160.0,,15.0
simu5g_00000645,1,1,19,1160.0,,15.0
simu5g_00000645,1,1,20,1160.0,,15.0
simu5g_00000645,1,1,21,1160.0,,15.0
simu5g_00000645,1,1,22,1160.0,,15.0
simu5g_00000645,1,1,23,1160.0,,15.0
simu5g_00000645,1,1,24,1160.0,,15.0
simu5g_00000645,15,2,0,1160.0,,15.0
simu5g_00000645,15,2,1,1160.0,,15.0
simu5g_00000645,15,2,2,1160.0,,15.0
simu5g_00000645,15,2,3,1160.0,,15.0
simu5g_00000645,15,2,4,1128.0,,14.0
simu5g_00000645,15,2,5,984.0,,13.0
simu5g_00000645,15,2,6,1160.0,,15.0
simu5g_00000645,15,2,7,1160.0,,15.0
simu5g_00000645,15,2,8,1160.0,,15.0
simu5g_00000645,15,2,9,1160.0,,15.0
simu5g_00000645,15,2,10,1160.0,,15.0
simu5g_00000645,15,2,11,1160.0,,15.0
simu5g_00000645,15,2,12,1128.0,,14.0
simu5g_00000645,15,2,13,1160.0,,15.0
simu5g_00000645,15,2,14,1160.0,,15.0
simu5g_00000645,15,2,15,1160.0,,15.0
simu5g_00000645,15,2,16,1160.0,,15.0
simu5g_00000645,15,2,17,1160.0,,15.0
simu5g_00000645,15,2,18,1160.0,,15.0
simu5g_00000645,15,2,19,1160.0,,15.0
simu5g_00000645,15,2,20,1160.0,,15.0
simu5g_00000645,15,2,21,1160.0,,15.0
simu5g_00000645,15,2,22,1160.0,,15.0
simu5g_00000645,15,2,23,1160.0,,15.0
simu5g_00000645,15,2,24,1160.0,,15.0
simu5g_00000645,2,3,0,1160.0,,15.0
simu5g_00000645,2,3,1,1160.0,,15.0
simu5g_00000645,2,3,2,1160.0,,15.0
simu5g_00000645,2,3,3,1160.0,,15.0
simu5g_00000645,2,3,4,1160.0,,15.0
simu5g_00000645,2,3,5,1160.0,,15.0
simu5g_00000645,2,3,6,1160.0,,15.0
simu5g_00000645,2,3,7,1128.0,,14.0
simu5g_00000645,2,3,8,1160.0,,15.0
simu5g_00000645,2,3,9,1160.0,,15.0
simu5g_00000645,2,3,10,1160.0,,15.0
simu5g_00000645,2,3,11,1128.0,,14.0
simu5g_00000645,2,3,12,1160.0,,15.0
simu5g_00000645,2,3,13,1160.0,,15.0
simu5g_00000645,2,3,14,1160.0,,15.0
simu5g_00000645,2,3,15,1160.0,,15.0
simu5g_00000645,2,3,16,1160.0,,15.0
simu5g_00000645,2,3,17,1160.0,,15.0
simu5g_00000645,2,3,18,1160.0,,15.0
simu5g_00000645,2,3,19,1160.0,,15.0
simu5g_00000645,2,3,20,1160.0,,15.0
simu5g_00000645,2,3,21,1160.0,,15.0
simu5g_00000645,2,3,22,1160.0,,15.0
simu5g_00000645,2,3,23,1160.0,,15.0
simu5g_00000645,2,3,24,1160.0,,15.0
simu5g_00000645,3,4,0,1128.0,,14.0
simu5g_00000645,3,4,1,1160.0,,15.0
simu5g_00000645,3,4,2,1128.0,,14.0
simu5g_00000645,3,4,3,1128.0,,14.0
simu5g_00000645,3,4,4,1160.0,,15.0
simu5g_00000645,3,4,5,1160.0,,15.0
simu5g_00000645,3,4,6,1160.0,,15.0
simu5g_00000645,3,4,7,1128.0,,14.0
simu5g_00000645,3,4,8,808.0,,11.0
simu5g_00000645,3,4,9,808.0,,11.0
simu5g_00000645,3,4,10,1160.0,,15.0
simu5g_00000645,3,4,11,1128.0,,14.0
simu5g_00000645,3,4,12,1160.0,,15.0
simu5g_00000645,3,4,13,1160.0,,15.0
simu5g_00000645,3,4,14,1160.0,,15.0
simu5g_00000645,3,4,15,1160.0,,15.0
simu5g_00000645,3,4,16,1160.0,,15.0
simu5g_00000645,3,4,17,1160.0,,15.0
simu5g_00000645,3,4,18,1160.0,,15.0
simu5g_00000645,3,4,19,1160.0,,15.0
simu5g_00000645,3,4,20,1160.0,,15.0
simu5g_00000645,3,4,21,1128.0,,14.0
simu5g_00000645,3,4,22,984.0,,13.0
simu5g_00000645,3,4,23,1160.0,,15.0
simu5g_00000645,3,4,24,984.0,,13.0
simu5g_00000646,31,0,0,1128.0,,14.0
simu5g_00000646,31,0,1,1128.0,,14.0
simu5g_00000646,31,0,2,1160.0,,15.0
simu5g_00000646,31,0,3,1160.0,,15.0
simu5g_00000646,31,0,4,1160.0,,15.0
simu5g_00000646,31,0,5,1160.0,,15.0
simu5g_00000646,31,0,6,1160.0,,15.0
simu5g_00000646,31,0,7,1160.0,,15.0
simu5g_00000646,31,0,8,1160.0,,15.0
simu5g_00000646,31,0,9,1160.0,,15.0
simu5g_00000646,31,0,10,1160.0,,15.0
simu5g_00000646,31,0,11,1160.0,,15.0
simu5g_00000646,31,0,12,808.0,,11.0
simu5g_00000646,31,0,13,1160.0,,15.0
simu5g_00000646,31,0,14,1160.0,,15.0
simu5g_00000646,31,0,15,1160.0,,15.0
simu5g_00000646,31,0,16,1160.0,,15.0
simu5g_00000646,31,0,17,1160.0,,15.0
simu5g_00000646,31,0,18,1160.0,,15.0
simu5g_00000646,31,0,19,1128.0,,14.0
simu5g_00000646,31,0,20,1128.0,,14.0
simu5g_00000646,31,0,21,1160.0,,15.0
simu5g_00000646,31,0,22,1160.0,,15.0
simu5g_00000646,31,0,23,1160.0,,15.0
simu5g_00000646,31,0,24,1160.0,,15.0
simu5g_00000646,4,1,0,1160.0,,15.0
simu5g_00000646,4,1,1,1128.0,,14.0
simu5g_00000646,4,1,2,1160.0,,15.0
simu5g_00000646,4,1,3,704.0,,10.0
simu5g_00000646,4,1,4,1160.0,,15.0
simu5g_00000646,4,1,5,1160.0,,15.0
simu5g_00000646,4,1,6,1160.0,,15.0
simu5g_00000646,4,1,7,888.0,,12.0
simu5g_00000646,4,1,8,1128.0,,14.0
simu5g_00000646,4,1,9,1160.0,,15.0
simu5g_00000646,4,1,10,1160.0,,15.0
simu5g_00000646,4,1,11,1160.0,,15.0
simu5g_00000646,4,1,12,1160.0,,15.0
simu5g_00000646,4,1,13,1160.0,,15.0
simu5g_00000646,4,1,14,1160.0,,15.0
simu5g_00000646,4,1,15,1128.0,,14.0
simu5g_00000646,4,1,16,1128.0,,14.0
simu5g_00000646,4,1,17,1128.0,,14.0
simu5g_00000646,4,1,18,1160.0,,15.0
simu5g_00000646,4,1,19,1160.0,,15.0
simu5g_00000646,4,1,20,1160.0,,15.0
simu5g_00000646,4,1,21,1128.0,,14.0
simu5g_00000646,4,1,22,1160.0,,15.0
simu5g_00000646,4,1,23,1160.0,,15.0
simu5g_00000646,4,1,24,1128.0,,14.0
simu5g_00000646,5,2,0,1160.0,,15.0
simu5g_00000646,5,2,1,1128.0,,14.0
simu5g_00000646,5,2,2,1160.0,,15.0
simu5g_00000646,5,2,3,1128.0,,14.0
simu5g_00000646,5,2,4,1160.0,,15.0
simu5g_00000646,5,2,5,1160.0,,15.0
simu5g_00000646,5,2,6,1160.0,,15.0
simu5g_00000646,5,2,7,1160.0,,15.0
simu5g_00000646,5,2,8,1160.0,,15.0
simu5g_00000646,5,2,9,1160.0,,15.0
simu5g_00000646,5,2,10,1160.0,,15.0
simu5g_00000646,5,2,11,1160.0,,15.0
simu5g_00000646,5,2,12,1160.0,,15.0
simu5g_00000646,5,2,13,1128.0,,14.0
simu5g_00000646,5,2,14,1128.0,,14.0
simu5g_00000646,5,2,15,1128.0,,14.0
simu5g_00000646,5,2,16,808.0,,11.0
simu5g_00000646,5,2,17,1160.0,,15.0
simu5g_00000646,5,2,18,1160.0,,15.0
simu5g_00000646,5,2,19,1160.0,,15.0
simu5g_00000646,5,2,20,1128.0,,14.0
simu5g_00000646,5,2,21,984.0,,13.0
simu5g_00000646,5,2,22,1160.0,,15.0
simu5g_00000646,5,2,23,1128.0,,14.0
simu5g_00000646,5,2,24,1160.0,,15.0
simu5g_00000646,6,3,0,1160.0,,15.0
simu5g_00000646,6,3,1,1128.0,,14.0
simu5g_00000646,6,3,2,1128.0,,14.0
simu5g_00000646,6,3,3,528.0,,8.0
simu5g_00000646,6,3,4,984.0,,13.0
simu5g_00000646,6,3,5,1128.0,,14.0
simu5g_00000646,6,3,6,1160.0,,15.0
simu5g_00000646,6,3,7,984.0,,13.0
simu5g_00000646,6,3,8,1160.0,,15.0
simu5g_00000646,6,3,9,984.0,,13.0
simu5g_00000646,6,3,10,984.0,,13.0
simu5g_00000646,6,3,11,1128.0,,14.0
simu5g_00000646,6,3,12,1160.0,,15.0
simu5g_00000646,6,3,13,984.0,,13.0
simu5g_00000646,6,3,14,1160.0,,15.0
simu5g_00000646,6,3,15,1160.0,,15.0
simu5g_00000646,6,3,16,808.0,,11.0
simu5g_00000646,6,3,17,1160.0,,15.0
simu5g_00000646,6,3,18,1128.0,,14.0
simu5g_00000646,6,3,19,1128.0,,14.0
simu5g_00000646,6,3,20,1160.0,,15.0
simu5g_00000646,6,3,21,1128.0,,14.0
simu5g_00000646,6,3,22,1160.0,,15.0
simu5g_00000646,6,3,23,1160.0,,15.0
simu5g_00000646,6,3,24,1160.0,,15.0
simu5g_00000646,7,4,0,1128.0,,14.0
simu5g_00000646,7,4,1,1160.0,,15.0
simu5g_00000646,7,4,2,1128.0,,14.0
simu5g_00000646,7,4,3,528.0,,8.0
simu5g_00000646,7,4,4,808.0,,11.0
simu5g_00000646,7,4,5,1160.0,,15.0
simu5g_00000646,7,4,6,984.0,,13.0
simu5g_00000646,7,4,7,1160.0,,15.0
simu5g_00000646,7,4,8,1160.0,,15.0
simu5g_00000646,7,4,9,984.0,,13.0
simu5g_00000646,7,4,10,1128.0,,14.0
simu5g_00000646,7,4,11,984.0,,13.0
simu5g_00000646,7,4,12,1160.0,,15.0
simu5g_00000646,7,4,13,1160.0,,15.0
simu5g_00000646,7,4,14,984.0,,13.0
simu5g_00000646,7,4,15,1128.0,,14.0
simu5g_00000646,7,4,16,984.0,,13.0
simu5g_00000646,7,4,17,528.0,,8.0
simu5g_00000646,7,4,18,1160.0,,15.0
simu5g_00000646,7,4,19,984.0,,13.0
simu5g_00000646,7,4,20,984.0,,13.0
simu5g_00000646,7,4,21,1128.0,,14.0
simu5g_00000646,7,4,22,1160.0,,15.0
simu5g_00000646,7,4,23,1160.0,,15.0
simu5g_00000646,7,4,24,1128.0,,14.0
simu5g_00000647,0,0,0,1160.0,,15.0
simu5g_00000647,0,0,1,1160.0,,15.0
simu5g_00000647,0,0,2,1160.0,,15.0
simu5g_00000647,0,0,3,1160.0,,15.0
simu5g_00000647,0,0,4,1160.0,,15.0
simu5g_00000647,0,0,5,1160.0,,15.0
simu5g_00000647,0,0,6,1160.0,,15.0
simu5g_00000647,0,0,7,1160.0,,15.0
simu5g_00000647,0,0,8,1160.0,,15.0
simu5g_00000647,0,0,9,1160.0,,15.0
simu5g_00000647,0,0,10,1160.0,,15.0
simu5g_00000647,0,0,11,1160.0,,15.0
simu5g_00000647,0,0,12,1160.0,,15.0
simu5g_00000647,0,0,13,1160.0,,15.0
simu5g_00000647,0,0,14,1160.0,,15.0
simu5g_00000647,0,0,15,1160.0,,15.0
simu5g_00000647,0,0,16,1160.0,,15.0
simu5g_00000647,0,0,17,1160.0,,15.0
simu5g_00000647,0,0,18,1160.0,,15.0
simu5g_00000647,0,0,19,1160.0,,15.0
simu5g_00000647,0,0,20,1160.0,,15.0
simu5g_00000647,0,0,21,1160.0,,15.0
simu5g_00000647,0,0,22,1160.0,,15.0
simu5g_00000647,0,0,23,1160.0,,15.0
simu5g_00000647,0,0,24,1160.0,,15.0
simu5g_00000647,1,1,0,1160.0,,15.0
simu5g_00000647,1,1,1,1160.0,,15.0
simu5g_00000647,1,1,2,1160.0,,15.0
simu5g_00000647,1,1,3,1160.0,,15.0
simu5g_00000647,1,1,4,1160.0,,15.0
simu5g_00000647,1,1,5,1160.0,,15.0
simu5g_00000647,1,1,6,1160.0,,15.0
simu5g_00000647,1,1,7,1160.0,,15.0
simu5g_00000647,1,1,8,1160.0,,15.0
simu5g_00000647,1,1,9,1160.0,,15.0
simu5g_00000647,1,1,10,1160.0,,15.0
simu5g_00000647,1,1,11,1160.0,,15.0
simu5g_00000647,1,1,12,1160.0,,15.0
simu5g_00000647,1,1,13,1160.0,,15.0
simu5g_00000647,1,1,14,1160.0,,15.0
simu5g_00000647,1,1,15,1160.0,,15.0
simu5g_00000647,1,1,16,1160.0,,15.0
simu5g_00000647,1,1,17,1160.0,,15.0
simu5g_00000647,1,1,18,1160.0,,15.0
simu5g_00000647,1,1,19,1160.0,,15.0
simu5g_00000647,1,1,20,1160.0,,15.0
simu5g_00000647,1,1,21,1160.0,,15.0
simu5g_00000647,1,1,22,1160.0,,15.0
simu5g_00000647,1,1,23,1160.0,,15.0
simu5g_00000647,1,1,24,1160.0,,15.0
simu5g_00000647,15,2,0,1160.0,,15.0
simu5g_00000647,15,2,1,1160.0,,15.0
simu5g_00000647,15,2,2,1160.0,,15.0
simu5g_00000647,15,2,3,1160.0,,15.0
simu5g_00000647,15,2,4,1128.0,,14.0
simu5g_00000647,15,2,5,984.0,,13.0
simu5g_00000647,15,2,6,1160.0,,15.0
simu5g_00000647,15,2,7,1160.0,,15.0
simu5g_00000647,15,2,8,1160.0,,15.0
simu5g_00000647,15,2,9,1160.0,,15.0
simu5g_00000647,15,2,10,1160.0,,15.0
simu5g_00000647,15,2,11,1160.0,,15.0
simu5g_00000647,15,2,12,1128.0,,14.0
simu5g_00000647,15,2,13,1160.0,,15.0
simu5g_00000647,15,2,14,1160.0,,15.0
simu5g_00000647,15,2,15,1160.0,,15.0
simu5g_00000647,15,2,16,1160.0,,15.0
simu5g_00000647,15,2,17,1160.0,,15.0
simu5g_00000647,15,2,18,1160.0,,15.0
simu5g_00000647,15,2,19,1160.0,,15.0
simu5g_00000647,15,2,20,1160.0,,15.0
simu5g_00000647,15,2,21,1160.0,,15.0
simu5g_00000647,15,2,22,1160.0,,15.0
simu5g_00000647,15,2,23,1160.0,,15.0
simu5g_00000647,15,2,24,1160.0,,15.0
simu5g_00000647,2,3,0,1160.0,,15.0
simu5g_00000647,2,3,1,1160.0,,15.0
simu5g_00000647,2,3,2,1160.0,,15.0
simu5g_00000647,2,3,3,1160.0,,15.0
simu5g_00000647,2,3,4,1160.0,,15.0
simu5g_00000647,2,3,5,1160.0,,15.0
simu5g_00000647,2,3,6,1160.0,,15.0
simu5g_00000647,2,3,7,1128.0,,14.0
simu5g_00000647,2,3,8,1160.0,,15.0
simu5g_00000647,2,3,9,1160.0,,15.0
simu5g_00000647,2,3,10,1160.0,,15.0
simu5g_00000647,2,3,11,1128.0,,14.0
simu5g_00000647,2,3,12,1160.0,,15.0
simu5g_00000647,2,3,13,1160.0,,15.0
simu5g_00000647,2,3,14,1160.0,,15.0
simu5g_00000647,2,3,15,1160.0,,15.0
simu5g_00000647,2,3,16,1160.0,,15.0
simu5g_00000647,2,3,17,1160.0,,15.0
simu5g_00000647,2,3,18,1160.0,,15.0
simu5g_00000647,2,3,19,1160.0,,15.0
simu5g_00000647,2,3,20,1160.0,,15.0
simu5g_00000647,2,3,21,1160.0,,15.0
simu5g_00000647,2,3,22,1160.0,,15.0
simu5g_00000647,2,3,23,1160.0,,15.0
simu5g_00000647,2,3,24,1160.0,,15.0
simu5g_00000647,3,4,0,1128.0,,14.0
simu5g_00000647,3,4,1,1160.0,,15.0
simu5g_00000647,3,4,2,1160.0,,15.0
simu5g_00000647,3,4,3,1160.0,,15.0
simu5g_00000647,3,4,4,1160.0,,15.0
simu5g_00000647,3,4,5,1160.0,,15.0
simu5g_00000647,3,4,6,1160.0,,15.0
simu5g_00000647,3,4,7,1160.0,,15.0
simu5g_00000647,3,4,8,984.0,,13.0
simu5g_00000647,3,4,9,888.0,,12.0
simu5g_00000647,3,4,10,1160.0,,15.0
simu5g_00000647,3,4,11,1128.0,,14.0
simu5g_00000647,3,4,12,1160.0,,15.0
simu5g_00000647,3,4,13,1160.0,,15.0
simu5g_00000647,3,4,14,1160.0,,15.0
simu5g_00000647,3,4,15,1160.0,,15.0
simu5g_00000647,3,4,16,1160.0,,15.0
simu5g_00000647,3,4,17,1160.0,,15.0
simu5g_00000647,3,4,18,1160.0,,15.0
simu5g_00000647,3,4,19,1160.0,,15.0
simu5g_00000647,3,4,20,1160.0,,15.0
simu5g_00000647,3,4,21,1128.0,,14.0
simu5g_00000647,3,4,22,1128.0,,14.0
simu5g_00000647,3,4,23,1160.0,,15.0
simu5g_00000647,3,4,24,1128.0,,14.0
simu5g_00000648,31,0,0,1128.0,,14.0
simu5g_00000648,31,0,1,1128.0,,14.0
simu5g_00000648,31,0,2,1160.0,,15.0
simu5g_00000648,31,0,3,1160.0,,15.0
simu5g_00000648,31,0,4,1160.0,,15.0
simu5g_00000648,31,0,5,1160.0,,15.0
simu5g_00000648,31,0,6,1160.0,,15.0
simu5g_00000648,31,0,7,1160.0,,15.0
simu5g_00000648,31,0,8,1160.0,,15.0
simu5g_00000648,31,0,9,1160.0,,15.0
simu5g_00000648,31,0,10,1160.0,,15.0
simu5g_00000648,31,0,11,1160.0,,15.0
simu5g_00000648,31,0,12,808.0,,11.0
simu5g_00000648,31,0,13,1160.0,,15.0
simu5g_00000648,31,0,14,1160.0,,15.0
simu5g_00000648,31,0,15,1160.0,,15.0
simu5g_00000648,31,0,16,1160.0,,15.0
simu5g_00000648,31,0,17,1160.0,,15.0
simu5g_00000648,31,0,18,1160.0,,15.0
simu5g_00000648,31,0,19,1160.0,,15.0
simu5g_00000648,31,0,20,1128.0,,14.0
simu5g_00000648,31,0,21,1160.0,,15.0
simu5g_00000648,31,0,22,1160.0,,15.0
simu5g_00000648,31,0,23,1160.0,,15.0
simu5g_00000648,31,0,24,1160.0,,15.0
simu5g_00000648,4,1,0,1160.0,,15.0
simu5g_00000648,4,1,1,1128.0,,14.0
simu5g_00000648,4,1,2,1160.0,,15.0
simu5g_00000648,4,1,3,704.0,,10.0
simu5g_00000648,4,1,4,1160.0,,15.0
simu5g_00000648,4,1,5,1160.0,,15.0
simu5g_00000648,4,1,6,1160.0,,15.0
simu5g_00000648,4,1,7,888.0,,12.0
simu5g_00000648,4,1,8,1128.0,,14.0
simu5g_00000648,4,1,9,1160.0,,15.0
simu5g_00000648,4,1,10,1160.0,,15.0
simu5g_00000648,4,1,11,1160.0,,15.0
simu5g_00000648,4,1,12,1160.0,,15.0
simu5g_00000648,4,1,13,1160.0,,15.0
simu5g_00000648,4,1,14,1160.0,,15.0
simu5g_00000648,4,1,15,1128.0,,14.0
simu5g_00000648,4,1,16,1128.0,,14.0
simu5g_00000648,4,1,17,1160.0,,15.0
simu5g_00000648,4,1,18,1160.0,,15.0
simu5g_00000648,4,1,19,1160.0,,15.0
simu5g_00000648,4,1,20,1160.0,,15.0
simu5g_00000648,4,1,21,1128.0,,14.0
simu5g_00000648,4,1,22,1160.0,,15.0
simu5g_00000648,4,1,23,1160.0,,15.0
simu5g_00000648,4,1,24,1128.0,,14.0
simu5g_00000648,5,2,0,1160.0,,15.0
simu5g_00000648,5,2,1,1128.0,,14.0
simu5g_00000648,5,2,2,1160.0,,15.0
simu5g_00000648,5,2,3,1128.0,,14.0
simu5g_00000648,5,2,4,1160.0,,15.0
simu5g_00000648,5,2,5,1160.0,,15.0
simu5g_00000648,5,2,6,1160.0,,15.0
simu5g_00000648,5,2,7,1160.0,,15.0
simu5g_00000648,5,2,8,1160.0,,15.0
simu5g_00000648,5,2,9,1160.0,,15.0
simu5g_00000648,5,2,10,1160.0,,15.0
simu5g_00000648,5,2,11,1160.0,,15.0
simu5g_00000648,5,2,12,1160.0,,15.0
simu5g_00000648,5,2,13,1128.0,,14.0
simu5g_00000648,5,2,14,1128.0,,14.0
simu5g_00000648,5,2,15,1128.0,,14.0
simu5g_00000648,5,2,16,808.0,,11.0
simu5g_00000648,5,2,17,1160.0,,15.0
simu5g_00000648,5,2,18,1160.0,,15.0
simu5g_00000648,5,2,19,1160.0,,15.0
simu5g_00000648,5,2,20,1128.0,,14.0
simu5g_00000648,5,2,21,984.0,,13.0
simu5g_00000648,5,2,22,1160.0,,15.0
simu5g_00000648,5,2,23,1128.0,,14.0
simu5g_00000648,5,2,24,1160.0,,15.0
simu5g_00000648,6,3,0,1160.0,,15.0
simu5g_00000648,6,3,1,1128.0,,14.0
simu5g_00000648,6,3,2,1128.0,,14.0
simu5g_00000648,6,3,3,528.0,,8.0
simu5g_00000648,6,3,4,984.0,,13.0
simu5g_00000648,6,3,5,1128.0,,14.0
simu5g_00000648,6,3,6,1160.0,,15.0
simu5g_00000648,6,3,7,984.0,,13.0
simu5g_00000648,6,3,8,1160.0,,15.0
simu5g_00000648,6,3,9,984.0,,13.0
simu5g_00000648,6,3,10,984.0,,13.0
simu5g_00000648,6,3,11,1128.0,,14.0
simu5g_00000648,6,3,12,1160.0,,15.0
simu5g_00000648,6,3,13,984.0,,13.0
simu5g_00000648,6,3,14,1160.0,,15.0
simu5g_00000648,6,3,15,1160.0,,15.0
simu5g_00000648,6,3,16,808.0,,11.0
simu5g_00000648,6,3,17,1160.0,,15.0
simu5g_00000648,6,3,18,1128.0,,14.0
simu5g_00000648,6,3,19,1128.0,,14.0
simu5g_00000648,6,3,20,1160.0,,15.0
simu5g_00000648,6,3,21,1128.0,,14.0
simu5g_00000648,6,3,22,1160.0,,15.0
simu5g_00000648,6,3,23,1160.0,,15.0
simu5g_00000648,6,3,24,1160.0,,15.0
simu5g_00000648,7,4,0,1128.0,,14.0
simu5g_00000648,7,4,1,1160.0,,15.0
simu5g_00000648,7,4,2,1128.0,,14.0
simu5g_00000648,7,4,3,528.0,,8.0
simu5g_00000648,7,4,4,808.0,,11.0
simu5g_00000648,7,4,5,1160.0,,15.0
simu5g_00000648,7,4,6,984.0,,13.0
simu5g_00000648,7,4,7,1160.0,,15.0
simu5g_00000648,7,4,8,1160.0,,15.0
simu5g_00000648,7,4,9,984.0,,13.0
simu5g_00000648,7,4,10,1128.0,,14.0
simu5g_00000648,7,4,11,984.0,,13.0
simu5g_00000648,7,4,12,1160.0,,15.0
simu5g_00000648,7,4,13,1160.0,,15.0
simu5g_00000648,7,4,14,984.0,,13.0
simu5g_00000648,7,4,15,1128.0,,14.0
simu5g_00000648,7,4,16,984.0,,13.0
simu5g_00000648,7,4,17,528.0,,8.0
simu5g_00000648,7,4,18,1160.0,,15.0
simu5g_00000648,7,4,19,984.0,,13.0
simu5g_00000648,7,4,20,984.0,,13.0
simu5g_00000648,7,4,21,1128.0,,14.0
simu5g_00000648,7,4,22,1160.0,,15.0
simu5g_00000648,7,4,23,1160.0,,15.0
simu5g_00000648,7,4,24,1128.0,,14.0
simu5g_00000649,0,0,0,1160.0,,15.0
simu5g_00000649,0,0,1,1160.0,,15.0
simu5g_00000649,0,0,2,1160.0,,15.0
simu5g_00000649,0,0,3,1160.0,,15.0
simu5g_00000649,0,0,4,1160.0,,15.0
simu5g_00000649,0,0,5,1160.0,,15.0
simu5g_00000649,0,0,6,1160.0,,15.0
simu5g_00000649,0,0,7,1160.0,,15.0
simu5g_00000649,0,0,8,1160.0,,15.0
simu5g_00000649,0,0,9,1160.0,,15.0
simu5g_00000649,0,0,10,1160.0,,15.0
simu5g_00000649,0,0,11,1160.0,,15.0
simu5g_00000649,0,0,12,1160.0,,15.0
simu5g_00000649,0,0,13,1160.0,,15.0
simu5g_00000649,0,0,14,1160.0,,15.0
simu5g_00000649,0,0,15,1160.0,,15.0
simu5g_00000649,0,0,16,1160.0,,15.0
simu5g_00000649,0,0,17,1160.0,,15.0
simu5g_00000649,0,0,18,1160.0,,15.0
simu5g_00000649,0,0,19,1160.0,,15.0
simu5g_00000649,0,0,20,1160.0,,15.0
simu5g_00000649,0,0,21,1160.0,,15.0
simu5g_00000649,0,0,22,1160.0,,15.0
simu5g_00000649,0,0,23,1160.0,,15.0
simu5g_00000649,0,0,24,1160.0,,15.0
simu5g_00000649,1,1,0,1160.0,,15.0
simu5g_00000649,1,1,1,1160.0,,15.0
simu5g_00000649,1,1,2,1160.0,,15.0
simu5g_00000649,1,1,3,1160.0,,15.0
simu5g_00000649,1,1,4,1160.0,,15.0
simu5g_00000649,1,1,5,1160.0,,15.0
simu5g_00000649,1,1,6,1160.0,,15.0
simu5g_00000649,1,1,7,1160.0,,15.0
simu5g_00000649,1,1,8,1160.0,,15.0
simu5g_00000649,1,1,9,1160.0,,15.0
simu5g_00000649,1,1,10,1160.0,,15.0
simu5g_00000649,1,1,11,1160.0,,15.0
simu5g_00000649,1,1,12,1160.0,,15.0
simu5g_00000649,1,1,13,1160.0,,15.0
simu5g_00000649,1,1,14,1160.0,,15.0
simu5g_00000649,1,1,15,1160.0,,15.0
simu5g_00000649,1,1,16,1160.0,,15.0
simu5g_00000649,1,1,17,1160.0,,15.0
simu5g_00000649,1,1,18,1160.0,,15.0
simu5g_00000649,1,1,19,1160.0,,15.0
simu5g_00000649,1,1,20,1160.0,,15.0
simu5g_00000649,1,1,21,1160.0,,15.0
simu5g_00000649,1,1,22,1160.0,,15.0
simu5g_00000649,1,1,23,1160.0,,15.0
simu5g_00000649,1,1,24,1160.0,,15.0
simu5g_00000649,15,2,0,1160.0,,15.0
simu5g_00000649,15,2,1,1160.0,,15.0
simu5g_00000649,15,2,2,1160.0,,15.0
simu5g_00000649,15,2,3,1160.0,,15.0
simu5g_00000649,15,2,4,1128.0,,14.0
simu5g_00000649,15,2,5,984.0,,13.0
simu5g_00000649,15,2,6,1160.0,,15.0
simu5g_00000649,15,2,7,1160.0,,15.0
simu5g_00000649,15,2,8,1160.0,,15.0
simu5g_00000649,15,2,9,1160.0,,15.0
simu5g_00000649,15,2,10,1160.0,,15.0
simu5g_00000649,15,2,11,1160.0,,15.0
simu5g_00000649,15,2,12,1128.0,,14.0
simu5g_00000649,15,2,13,1160.0,,15.0
simu5g_00000649,15,2,14,1160.0,,15.0
simu5g_00000649,15,2,15,1160.0,,15.0
simu5g_00000649,15,2,16,1160.0,,15.0
simu5g_00000649,15,2,17,1160.0,,15.0
simu5g_00000649,15,2,18,1160.0,,15.0
simu5g_00000649,15,2,19,1160.0,,15.0
simu5g_00000649,15,2,20,1160.0,,15.0
simu5g_00000649,15,2,21,1160.0,,15.0
simu5g_00000649,15,2,22,1160.0,,15.0
simu5g_00000649,15,2,23,1160.0,,15.0
simu5g_00000649,15,2,24,1160.0,,15.0
simu5g_00000649,2,3,0,1160.0,,15.0
simu5g_00000649,2,3,1,1160.0,,15.0
simu5g_00000649,2,3,2,1160.0,,15.0
simu5g_00000649,2,3,3,1160.0,,15.0
simu5g_00000649,2,3,4,1160.0,,15.0
simu5g_00000649,2,3,5,1160.0,,15.0
simu5g_00000649,2,3,6,1160.0,,15.0
simu5g_00000649,2,3,7,1128.0,,14.0
simu5g_00000649,2,3,8,1160.0,,15.0
simu5g_00000649,2,3,9,1160.0,,15.0
simu5g_00000649,2,3,10,1160.0,,15.0
simu5g_00000649,2,3,11,1128.0,,14.0
simu5g_00000649,2,3,12,1160.0,,15.0
simu5g_00000649,2,3,13,1160.0,,15.0
simu5g_00000649,2,3,14,1160.0,,15.0
simu5g_00000649,2,3,15,1160.0,,15.0
simu5g_00000649,2,3,16,1160.0,,15.0
simu5g_00000649,2,3,17,1160.0,,15.0
simu5g_00000649,2,3,18,1160.0,,15.0
simu5g_00000649,2,3,19,1160.0,,15.0
simu5g_00000649,2,3,20,1160.0,,15.0
simu5g_00000649,2,3,21,1160.0,,15.0
simu5g_00000649,2,3,22,1160.0,,15.0
simu5g_00000649,2,3,23,1160.0,,15.0
simu5g_00000649,2,3,24,1160.0,,15.0
simu5g_00000649,3,4,0,1128.0,,14.0
simu5g_00000649,3,4,1,1160.0,,15.0
simu5g_00000649,3,4,2,1160.0,,15.0
simu5g_00000649,3,4,3,1160.0,,15.0
simu5g_00000649,3,4,4,1160.0,,15.0
simu5g_00000649,3,4,5,1160.0,,15.0
simu5g_00000649,3,4,6,1160.0,,15.0
simu5g_00000649,3,4,7,1160.0,,15.0
simu5g_00000649,3,4,8,984.0,,13.0
simu5g_00000649,3,4,9,888.0,,12.0
simu5g_00000649,3,4,10,1160.0,,15.0
simu5g_00000649,3,4,11,1160.0,,15.0
simu5g_00000649,3,4,12,1160.0,,15.0
simu5g_00000649,3,4,13,1160.0,,15.0
simu5g_00000649,3,4,14,1160.0,,15.0
simu5g_00000649,3,4,15,1160.0,,15.0
simu5g_00000649,3,4,16,1160.0,,15.0
simu5g_00000649,3,4,17,1160.0,,15.0
simu5g_00000649,3,4,18,1160.0,,15.0
simu5g_00000649,3,4,19,1160.0,,15.0
simu5g_00000649,3,4,20,1160.0,,15.0
simu5g_00000649,3,4,21,1128.0,,14.0
simu5g_00000649,3,4,22,1128.0,,14.0
simu5g_00000649,3,4,23,1160.0,,15.0
simu5g_00000649,3,4,24,1128.0,,14.0
simu5g_00000650,31,0,0,1128.0,,14.0
simu5g_00000650,31,0,1,1128.0,,14.0
simu5g_00000650,31,0,2,1160.0,,15.0
simu5g_00000650,31,0,3,1160.0,,15.0
simu5g_00000650,31,0,4,1160.0,,15.0
simu5g_00000650,31,0,5,1160.0,,15.0
simu5g_00000650,31,0,6,1160.0,,15.0
simu5g_00000650,31,0,7,1160.0,,15.0
simu5g_00000650,31,0,8,1160.0,,15.0
simu5g_00000650,31,0,9,1160.0,,15.0
simu5g_00000650,31,0,10,1160.0,,15.0
simu5g_00000650,31,0,11,1160.0,,15.0
simu5g_00000650,31,0,12,808.0,,11.0
simu5g_00000650,31,0,13,1160.0,,15.0
simu5g_00000650,31,0,14,1160.0,,15.0
simu5g_00000650,31,0,15,1160.0,,15.0
simu5g_00000650,31,0,16,1160.0,,15.0
simu5g_00000650,31,0,17,1160.0,,15.0
simu5g_00000650,31,0,18,1160.0,,15.0
simu5g_00000650,31,0,19,1160.0,,15.0
simu5g_00000650,31,0,20,1128.0,,14.0
simu5g_00000650,31,0,21,1160.0,,15.0
simu5g_00000650,31,0,22,1160.0,,15.0
simu5g_00000650,31,0,23,1160.0,,15.0
simu5g_00000650,31,0,24,1160.0,,15.0
simu5g_00000650,4,1,0,1160.0,,15.0
simu5g_00000650,4,1,1,1128.0,,14.0
simu5g_00000650,4,1,2,1160.0,,15.0
simu5g_00000650,4,1,3,704.0,,10.0
simu5g_00000650,4,1,4,1160.0,,15.0
simu5g_00000650,4,1,5,1160.0,,15.0
simu5g_00000650,4,1,6,1160.0,,15.0
simu5g_00000650,4,1,7,888.0,,12.0
simu5g_00000650,4,1,8,1128.0,,14.0
simu5g_00000650,4,1,9,1160.0,,15.0
simu5g_00000650,4,1,10,1160.0,,15.0
simu5g_00000650,4,1,11,1160.0,,15.0
simu5g_00000650,4,1,12,1160.0,,15.0
simu5g_00000650,4,1,13,1160.0,,15.0
simu5g_00000650,4,1,14,1160.0,,15.0
simu5g_00000650,4,1,15,1128.0,,14.0
simu5g_00000650,4,1,16,1128.0,,14.0
simu5g_00000650,4,1,17,1160.0,,15.0
simu5g_00000650,4,1,18,1160.0,,15.0
simu5g_00000650,4,1,19,1160.0,,15.0
simu5g_00000650,4,1,20,1160.0,,15.0
simu5g_00000650,4,1,21,1128.0,,14.0
simu5g_00000650,4,1,22,1160.0,,15.0
simu5g_00000650,4,1,23,1160.0,,15.0
simu5g_00000650,4,1,24,1128.0,,14.0
simu5g_00000650,5,2,0,1160.0,,15.0
simu5g_00000650,5,2,1,1128.0,,14.0
simu5g_00000650,5,2,2,1160.0,,15.0
simu5g_00000650,5,2,3,1128.0,,14.0
simu5g_00000650,5,2,4,1160.0,,15.0
simu5g_00000650,5,2,5,1160.0,,15.0
simu5g_00000650,5,2,6,1160.0,,15.0
simu5g_00000650,5,2,7,1160.0,,15.0
simu5g_00000650,5,2,8,1160.0,,15.0
simu5g_00000650,5,2,9,1160.0,,15.0
simu5g_00000650,5,2,10,1160.0,,15.0
simu5g_00000650,5,2,11,1160.0,,15.0
simu5g_00000650,5,2,12,1160.0,,15.0
simu5g_00000650,5,2,13,1128.0,,14.0
simu5g_00000650,5,2,14,1128.0,,14.0
simu5g_00000650,5,2,15,1128.0,,14.0
simu5g_00000650,5,2,16,808.0,,11.0
simu5g_00000650,5,2,17,1160.0,,15.0
simu5g_00000650,5,2,18,1160.0,,15.0
simu5g_00000650,5,2,19,1160.0,,15.0
simu5g_00000650,5,2,20,1128.0,,14.0
simu5g_00000650,5,2,21,984.0,,13.0
simu5g_00000650,5,2,22,1160.0,,15.0
simu5g_00000650,5,2,23,1128.0,,14.0
simu5g_00000650,5,2,24,1160.0,,15.0
simu5g_00000650,6,3,0,1160.0,,15.0
simu5g_00000650,6,3,1,1128.0,,14.0
simu5g_00000650,6,3,2,1128.0,,14.0
simu5g_00000650,6,3,3,528.0,,8.0
simu5g_00000650,6,3,4,984.0,,13.0
simu5g_00000650,6,3,5,1128.0,,14.0
simu5g_00000650,6,3,6,1160.0,,15.0
simu5g_00000650,6,3,7,984.0,,13.0
simu5g_00000650,6,3,8,1160.0,,15.0
simu5g_00000650,6,3,9,984.0,,13.0
simu5g_00000650,6,3,10,984.0,,13.0
simu5g_00000650,6,3,11,1128.0,,14.0
simu5g_00000650,6,3,12,1160.0,,15.0
simu5g_00000650,6,3,13,984.0,,13.0
simu5g_00000650,6,3,14,1160.0,,15.0
simu5g_00000650,6,3,15,1160.0,,15.0
simu5g_00000650,6,3,16,808.0,,11.0
simu5g_00000650,6,3,17,1160.0,,15.0
simu5g_00000650,6,3,18,1128.0,,14.0
simu5g_00000650,6,3,19,1128.0,,14.0
simu5g_00000650,6,3,20,1160.0,,15.0
simu5g_00000650,6,3,21,1128.0,,14.0
simu5g_00000650,6,3,22,1160.0,,15.0
simu5g_00000650,6,3,23,1160.0,,15.0
simu5g_00000650,6,3,24,1160.0,,15.0
simu5g_00000650,7,4,0,1128.0,,14.0
simu5g_00000650,7,4,1,1160.0,,15.0
simu5g_00000650,7,4,2,1128.0,,14.0
simu5g_00000650,7,4,3,528.0,,8.0
simu5g_00000650,7,4,4,808.0,,11.0
simu5g_00000650,7,4,5,1160.0,,15.0
simu5g_00000650,7,4,6,984.0,,13.0
simu5g_00000650,7,4,7,1160.0,,15.0
simu5g_00000650,7,4,8,1160.0,,15.0
simu5g_00000650,7,4,9,984.0,,13.0
simu5g_00000650,7,4,10,1128.0,,14.0
simu5g_00000650,7,4,11,984.0,,13.0
simu5g_00000650,7,4,12,1160.0,,15.0
simu5g_00000650,7,4,13,1160.0,,15.0
simu5g_00000650,7,4,14,984.0,,13.0
simu5g_00000650,7,4,15,1128.0,,14.0
simu5g_00000650,7,4,16,984.0,,13.0
simu5g_00000650,7,4,17,528.0,,8.0
simu5g_00000650,7,4,18,1160.0,,15.0
simu5g_00000650,7,4,19,984.0,,13.0
simu5g_00000650,7,4,20,984.0,,13.0
simu5g_00000650,7,4,21,1128.0,,14.0
simu5g_00000650,7,4,22,1160.0,,15.0
simu5g_00000650,7,4,23,1160.0,,15.0
simu5g_00000650,7,4,24,1128.0,,14.0
simu5g_00000651,0,0,0,1160.0,,15.0
simu5g_00000651,0,0,1,1160.0,,15.0
simu5g_00000651,0,0,2,1160.0,,15.0
simu5g_00000651,0,0,3,1160.0,,15.0
simu5g_00000651,0,0,4,1160.0,,15.0
simu5g_00000651,0,0,5,1160.0,,15.0
simu5g_00000651,0,0,6,1160.0,,15.0
simu5g_00000651,0,0,7,1160.0,,15.0
simu5g_00000651,0,0,8,1160.0,,15.0
simu5g_00000651,0,0,9,1160.0,,15.0
simu5g_00000651,0,0,10,1160.0,,15.0
simu5g_00000651,0,0,11,1160.0,,15.0
simu5g_00000651,0,0,12,1160.0,,15.0
simu5g_00000651,0,0,13,1160.0,,15.0
simu5g_00000651,0,0,14,1160.0,,15.0
simu5g_00000651,0,0,15,1160.0,,15.0
simu5g_00000651,0,0,16,1160.0,,15.0
simu5g_00000651,0,0,17,1160.0,,15.0
simu5g_00000651,0,0,18,1160.0,,15.0
simu5g_00000651,0,0,19,1160.0,,15.0
simu5g_00000651,0,0,20,1160.0,,15.0
simu5g_00000651,0,0,21,1160.0,,15.0
simu5g_00000651,0,0,22,1160.0,,15.0
simu5g_00000651,0,0,23,1160.0,,15.0
simu5g_00000651,0,0,24,1160.0,,15.0
simu5g_00000651,1,1,0,1160.0,,15.0
simu5g_00000651,1,1,1,1160.0,,15.0
simu5g_00000651,1,1,2,1160.0,,15.0
simu5g_00000651,1,1,3,1160.0,,15.0
simu5g_00000651,1,1,4,1160.0,,15.0
simu5g_00000651,1,1,5,1160.0,,15.0
simu5g_00000651,1,1,6,1160.0,,15.0
simu5g_00000651,1,1,7,1160.0,,15.0
simu5g_00000651,1,1,8,1160.0,,15.0
simu5g_00000651,1,1,9,1160.0,,15.0
simu5g_00000651,1,1,10,1160.0,,15.0
simu5g_00000651,1,1,11,1160.0,,15.0
simu5g_00000651,1,1,12,1160.0,,15.0
simu5g_00000651,1,1,13,1160.0,,15.0
simu5g_00000651,1,1,14,1160.0,,15.0
simu5g_00000651,1,1,15,1160.0,,15.0
simu5g_00000651,1,1,16,1160.0,,15.0
simu5g_00000651,1,1,17,1160.0,,15.0
simu5g_00000651,1,1,18,1160.0,,15.0
simu5g_00000651,1,1,19,1160.0,,15.0
simu5g_00000651,1,1,20,1160.0,,15.0
simu5g_00000651,1,1,21,1160.0,,15.0
simu5g_00000651,1,1,22,1160.0,,15.0
simu5g_00000651,1,1,23,1160.0,,15.0
simu5g_00000651,1,1,24,1160.0,,15.0
simu5g_00000651,15,2,0,1128.0,,14.0
simu5g_00000651,15,2,1,1128.0,,14.0
simu5g_00000651,15,2,2,1160.0,,15.0
simu5g_00000651,15,2,3,1160.0,,15.0
simu5g_00000651,15,2,4,984.0,,13.0
simu5g_00000651,15,2,5,704.0,,10.0
simu5g_00000651,15,2,6,1160.0,,15.0
simu5g_00000651,15,2,7,1128.0,,14.0
simu5g_00000651,15,2,8,1160.0,,15.0
simu5g_00000651,15,2,9,1160.0,,15.0
simu5g_00000651,15,2,10,1160.0,,15.0
simu5g_00000651,15,2,11,1160.0,,15.0
simu5g_00000651,15,2,12,984.0,,13.0
simu5g_00000651,15,2,13,1160.0,,15.0
simu5g_00000651,15,2,14,1128.0,,14.0
simu5g_00000651,15,2,15,1128.0,,14.0
simu5g_00000651,15,2,16,1160.0,,15.0
simu5g_00000651,15,2,17,1160.0,,15.0
simu5g_00000651,15,2,18,1160.0,,15.0
simu5g_00000651,15,2,19,1160.0,,15.0
simu5g_00000651,15,2,20,1160.0,,15.0
simu5g_00000651,15,2,21,1128.0,,14.0
simu5g_00000651,15,2,22,1160.0,,15.0
simu5g_00000651,15,2,23,1160.0,,15.0
simu5g_00000651,15,2,24,1160.0,,15.0
simu5g_00000651,2,3,0,1160.0,,15.0
simu5g_00000651,2,3,1,1160.0,,15.0
simu5g_00000651,2,3,2,1160.0,,15.0
simu5g_00000651,2,3,3,1160.0,,15.0
simu5g_00000651,2,3,4,1160.0,,15.0
simu5g_00000651,2,3,5,1160.0,,15.0
simu5g_00000651,2,3,6,1160.0,,15.0
simu5g_00000651,2,3,7,984.0,,13.0
simu5g_00000651,2,3,8,1160.0,,15.0
simu5g_00000651,2,3,9,1160.0,,15.0
simu5g_00000651,2,3,10,1160.0,,15.0
simu5g_00000651,2,3,11,1128.0,,14.0
simu5g_00000651,2,3,12,1160.0,,15.0
simu5g_00000651,2,3,13,1160.0,,15.0
simu5g_00000651,2,3,14,1160.0,,15.0
simu5g_00000651,2,3,15,1160.0,,15.0
simu5g_00000651,2,3,16,1128.0,,14.0
simu5g_00000651,2,3,17,1160.0,,15.0
simu5g_00000651,2,3,18,1160.0,,15.0
simu5g_00000651,2,3,19,1160.0,,15.0
simu5g_00000651,2,3,20,1160.0,,15.0
simu5g_00000651,2,3,21,1160.0,,15.0
simu5g_00000651,2,3,22,1128.0,,14.0
simu5g_00000651,2,3,23,1160.0,,15.0
simu5g_00000651,2,3,24,1128.0,,14.0
simu5g_00000651,3,4,0,1128.0,,14.0
simu5g_00000651,3,4,1,1160.0,,15.0
simu5g_00000651,3,4,2,1160.0,,15.0
simu5g_00000651,3,4,3,1160.0,,15.0
simu5g_00000651,3,4,4,1160.0,,15.0
simu5g_00000651,3,4,5,1160.0,,15.0
simu5g_00000651,3,4,6,1160.0,,15.0
simu5g_00000651,3,4,7,1160.0,,15.0
simu5g_00000651,3,4,8,984.0,,13.0
simu5g_00000651,3,4,9,888.0,,12.0
simu5g_00000651,3,4,10,1160.0,,15.0
simu5g_00000651,3,4,11,1160.0,,15.0
simu5g_00000651,3,4,12,1160.0,,15.0
simu5g_00000651,3,4,13,1160.0,,15.0
simu5g_00000651,3,4,14,1160.0,,15.0
simu5g_00000651,3,4,15,1160.0,,15.0
simu5g_00000651,3,4,16,1160.0,,15.0
simu5g_00000651,3,4,17,1160.0,,15.0
simu5g_00000651,3,4,18,1160.0,,15.0
simu5g_00000651,3,4,19,1160.0,,15.0
simu5g_00000651,3,4,20,1160.0,,15.0
simu5g_00000651,3,4,21,1128.0,,14.0
simu5g_00000651,3,4,22,1128.0,,14.0
simu5g_00000651,3,4,23,1160.0,,15.0
simu5g_00000651,3,4,24,1128.0,,14.0
simu5g_00000652,31,0,0,1128.0,,14.0
simu5g_00000652,31,0,1,1128.0,,14.0
simu5g_00000652,31,0,2,1160.0,,15.0
simu5g_00000652,31,0,3,1160.0,,15.0
simu5g_00000652,31,0,4,1160.0,,15.0
simu5g_00000652,31,0,5,1160.0,,15.0
simu5g_00000652,31,0,6,1160.0,,15.0
simu5g_00000652,31,0,7,1160.0,,15.0
simu5g_00000652,31,0,8,1160.0,,15.0
simu5g_00000652,31,0,9,1160.0,,15.0
simu5g_00000652,31,0,10,1160.0,,15.0
simu5g_00000652,31,0,11,1160.0,,15.0
simu5g_00000652,31,0,12,808.0,,11.0
simu5g_00000652,31,0,13,1160.0,,15.0
simu5g_00000652,31,0,14,1160.0,,15.0
simu5g_00000652,31,0,15,1160.0,,15.0
simu5g_00000652,31,0,16,1160.0,,15.0
simu5g_00000652,31,0,17,1160.0,,15.0
simu5g_00000652,31,0,18,1160.0,,15.0
simu5g_00000652,31,0,19,1160.0,,15.0
simu5g_00000652,31,0,20,1128.0,,14.0
simu5g_00000652,31,0,21,1160.0,,15.0
simu5g_00000652,31,0,22,1160.0,,15.0
simu5g_00000652,31,0,23,1160.0,,15.0
simu5g_00000652,31,0,24,1160.0,,15.0
simu5g_00000652,4,1,0,1160.0,,15.0
simu5g_00000652,4,1,1,1160.0,,15.0
simu5g_00000652,4,1,2,1160.0,,15.0
simu5g_00000652,4,1,3,1160.0,,15.0
simu5g_00000652,4,1,4,1160.0,,15.0
simu5g_00000652,4,1,5,1160.0,,15.0
simu5g_00000652,4,1,6,1160.0,,15.0
simu5g_00000652,4,1,7,1160.0,,15.0
simu5g_00000652,4,1,8,1160.0,,15.0
simu5g_00000652,4,1,9,1160.0,,15.0
simu5g_00000652,4,1,10,1160.0,,15.0
simu5g_00000652,4,1,11,1160.0,,15.0
simu5g_00000652,4,1,12,1160.0,,15.0
simu5g_00000652,4,1,13,1160.0,,15.0
simu5g_00000652,4,1,14,1160.0,,15.0
simu5g_00000652,4,1,15,1160.0,,15.0
simu5g_00000652,4,1,16,1160.0,,15.0
simu5g_00000652,4,1,17,1160.0,,15.0
simu5g_00000652,4,1,18,1160.0,,15.0
simu5g_00000652,4,1,19,1160.0,,15.0
simu5g_00000652,4,1,20,1160.0,,15.0
simu5g_00000652,4,1,21,1160.0,,15.0
simu5g_00000652,4,1,22,1160.0,,15.0
simu5g_00000652,4,1,23,1160.0,,15.0
simu5g_00000652,4,1,24,1160.0,,15.0
simu5g_00000652,5,2,0,1160.0,,15.0
simu5g_00000652,5,2,1,1128.0,,14.0
simu5g_00000652,5,2,2,1160.0,,15.0
simu5g_00000652,5,2,3,1128.0,,14.0
simu5g_00000652,5,2,4,1160.0,,15.0
simu5g_00000652,5,2,5,1160.0,,15.0
simu5g_00000652,5,2,6,1160.0,,15.0
simu5g_00000652,5,2,7,1160.0,,15.0
simu5g_00000652,5,2,8,1160.0,,15.0
simu5g_00000652,5,2,9,1160.0,,15.0
simu5g_00000652,5,2,10,1160.0,,15.0
simu5g_00000652,5,2,11,1160.0,,15.0
simu5g_00000652,5,2,12,1160.0,,15.0
simu5g_00000652,5,2,13,1128.0,,14.0
simu5g_00000652,5,2,14,1128.0,,14.0
simu5g_00000652,5,2,15,1128.0,,14.0
simu5g_00000652,5,2,16,808.0,,11.0
simu5g_00000652,5,2,17,1160.0,,15.0
simu5g_00000652,5,2,18,1160.0,,15.0
simu5g_00000652,5,2,19,1160.0,,15.0
simu5g_00000652,5,2,20,1128.0,,14.0
simu5g_00000652,5,2,21,984.0,,13.0
simu5g_00000652,5,2,22,1160.0,,15.0
simu5g_00000652,5,2,23,1128.0,,14.0
simu5g_00000652,5,2,24,1160.0,,15.0
simu5g_00000652,6,3,0,1160.0,,15.0
simu5g_00000652,6,3,1,1128.0,,14.0
simu5g_00000652,6,3,2,1128.0,,14.0
simu5g_00000652,6,3,3,528.0,,8.0
simu5g_00000652,6,3,4,984.0,,13.0
simu5g_00000652,6,3,5,1128.0,,14.0
simu5g_00000652,6,3,6,1160.0,,15.0
simu5g_00000652,6,3,7,984.0,,13.0
simu5g_00000652,6,3,8,1160.0,,15.0
simu5g_00000652,6,3,9,984.0,,13.0
simu5g_00000652,6,3,10,984.0,,13.0
simu5g_00000652,6,3,11,1128.0,,14.0
simu5g_00000652,6,3,12,1160.0,,15.0
simu5g_00000652,6,3,13,984.0,,13.0
simu5g_00000652,6,3,14,1160.0,,15.0
simu5g_00000652,6,3,15,1160.0,,15.0
simu5g_00000652,6,3,16,808.0,,11.0
simu5g_00000652,6,3,17,1160.0,,15.0
simu5g_00000652,6,3,18,1128.0,,14.0
simu5g_00000652,6,3,19,1128.0,,14.0
simu5g_00000652,6,3,20,1160.0,,15.0
simu5g_00000652,6,3,21,1128.0,,14.0
simu5g_00000652,6,3,22,1160.0,,15.0
simu5g_00000652,6,3,23,1160.0,,15.0
simu5g_00000652,6,3,24,1160.0,,15.0
simu5g_00000652,7,4,0,1128.0,,14.0
simu5g_00000652,7,4,1,1160.0,,15.0
simu5g_00000652,7,4,2,1128.0,,14.0
simu5g_00000652,7,4,3,528.0,,8.0
simu5g_00000652,7,4,4,808.0,,11.0
simu5g_00000652,7,4,5,1160.0,,15.0
simu5g_00000652,7,4,6,984.0,,13.0
simu5g_00000652,7,4,7,1160.0,,15.0
simu5g_00000652,7,4,8,1160.0,,15.0
simu5g_00000652,7,4,9,984.0,,13.0
simu5g_00000652,7,4,10,1128.0,,14.0
simu5g_00000652,7,4,11,984.0,,13.0
simu5g_00000652,7,4,12,1160.0,,15.0
simu5g_00000652,7,4,13,1160.0,,15.0
simu5g_00000652,7,4,14,984.0,,13.0
simu5g_00000652,7,4,15,1128.0,,14.0
simu5g_00000652,7,4,16,984.0,,13.0
simu5g_00000652,7,4,17,528.0,,8.0
simu5g_00000652,7,4,18,1160.0,,15.0
simu5g_00000652,7,4,19,984.0,,13.0
simu5g_00000652,7,4,20,984.0,,13.0
simu5g_00000652,7,4,21,1128.0,,14.0
simu5g_00000652,7,4,22,1160.0,,15.0
simu5g_00000652,7,4,23,1160.0,,15.0
simu5g_00000652,7,4,24,1128.0,,14.0
simu5g_00000653,0,0,0,1160.0,,15.0
simu5g_00000653,0,0,1,1160.0,,15.0
simu5g_00000653,0,0,2,1160.0,,15.0
simu5g_00000653,0,0,3,1160.0,,15.0
simu5g_00000653,0,0,4,1160.0,,15.0
simu5g_00000653,0,0,5,1160.0,,15.0
simu5g_00000653,0,0,6,1160.0,,15.0
simu5g_00000653,0,0,7,1160.0,,15.0
simu5g_00000653,0,0,8,1160.0,,15.0
simu5g_00000653,0,0,9,1160.0,,15.0
simu5g_00000653,0,0,10,1160.0,,15.0
simu5g_00000653,0,0,11,1160.0,,15.0
simu5g_00000653,0,0,12,1160.0,,15.0
simu5g_00000653,0,0,13,1160.0,,15.0
simu5g_00000653,0,0,14,1160.0,,15.0
simu5g_00000653,0,0,15,1160.0,,15.0
simu5g_00000653,0,0,16,1160.0,,15.0
simu5g_00000653,0,0,17,1160.0,,15.0
simu5g_00000653,0,0,18,1160.0,,15.0
simu5g_00000653,0,0,19,1160.0,,15.0
simu5g_00000653,0,0,20,1160.0,,15.0
simu5g_00000653,0,0,21,1160.0,,15.0
simu5g_00000653,0,0,22,1160.0,,15.0
simu5g_00000653,0,0,23,1160.0,,15.0
simu5g_00000653,0,0,24,1160.0,,15.0
simu5g_00000653,1,1,0,1160.0,,15.0
simu5g_00000653,1,1,1,1160.0,,15.0
simu5g_00000653,1,1,2,1160.0,,15.0
simu5g_00000653,1,1,3,1160.0,,15.0
simu5g_00000653,1,1,4,1160.0,,15.0
simu5g_00000653,1,1,5,1160.0,,15.0
simu5g_00000653,1,1,6,1160.0,,15.0
simu5g_00000653,1,1,7,1160.0,,15.0
simu5g_00000653,1,1,8,1160.0,,15.0
simu5g_00000653,1,1,9,1160.0,,15.0
simu5g_00000653,1,1,10,1160.0,,15.0
simu5g_00000653,1,1,11,1160.0,,15.0
simu5g_00000653,1,1,12,1160.0,,15.0
simu5g_00000653,1,1,13,1160.0,,15.0
simu5g_00000653,1,1,14,1160.0,,15.0
simu5g_00000653,1,1,15,1160.0,,15.0
simu5g_00000653,1,1,16,1160.0,,15.0
simu5g_00000653,1,1,17,1160.0,,15.0
simu5g_00000653,1,1,18,1160.0,,15.0
simu5g_00000653,1,1,19,1160.0,,15.0
simu5g_00000653,1,1,20,1160.0,,15.0
simu5g_00000653,1,1,21,1160.0,,15.0
simu5g_00000653,1,1,22,1160.0,,15.0
simu5g_00000653,1,1,23,1160.0,,15.0
simu5g_00000653,1,1,24,1160.0,,15.0
simu5g_00000653,15,2,0,1128.0,,14.0
simu5g_00000653,15,2,1,1128.0,,14.0
simu5g_00000653,15,2,2,1160.0,,15.0
simu5g_00000653,15,2,3,1160.0,,15.0
simu5g_00000653,15,2,4,984.0,,13.0
simu5g_00000653,15,2,5,704.0,,10.0
simu5g_00000653,15,2,6,1160.0,,15.0
simu5g_00000653,15,2,7,1128.0,,14.0
simu5g_00000653,15,2,8,1160.0,,15.0
simu5g_00000653,15,2,9,1160.0,,15.0
simu5g_00000653,15,2,10,1160.0,,15.0
simu5g_00000653,15,2,11,1160.0,,15.0
simu5g_00000653,15,2,12,984.0,,13.0
simu5g_00000653,15,2,13,1160.0,,15.0
simu5g_00000653,15,2,14,1128.0,,14.0
simu5g_00000653,15,2,15,1128.0,,14.0
simu5g_00000653,15,2,16,1160.0,,15.0
simu5g_00000653,15,2,17,1160.0,,15.0
simu5g_00000653,15,2,18,1160.0,,15.0
simu5g_00000653,15,2,19,1160.0,,15.0
simu5g_00000653,15,2,20,1160.0,,15.0
simu5g_00000653,15,2,21,1128.0,,14.0
simu5g_00000653,15,2,22,1160.0,,15.0
simu5g_00000653,15,2,23,1160.0,,15.0
simu5g_00000653,15,2,24,1160.0,,15.0
simu5g_00000653,2,3,0,1160.0,,15.0
simu5g_00000653,2,3,1,1160.0,,15.0
simu5g_00000653,2,3,2,1160.0,,15.0
simu5g_00000653,2,3,3,1160.0,,15.0
simu5g_00000653,2,3,4,1160.0,,15.0
simu5g_00000653,2,3,5,1160.0,,15.0
simu5g_00000653,2,3,6,1160.0,,15.0
simu5g_00000653,2,3,7,984.0,,13.0
simu5g_00000653,2,3,8,1160.0,,15.0
simu5g_00000653,2,3,9,1160.0,,15.0
simu5g_00000653,2,3,10,1160.0,,15.0
simu5g_00000653,2,3,11,1128.0,,14.0
simu5g_00000653,2,3,12,1160.0,,15.0
simu5g_00000653,2,3,13,1160.0,,15.0
simu5g_00000653,2,3,14,1160.0,,15.0
simu5g_00000653,2,3,15,1160.0,,15.0
simu5g_00000653,2,3,16,1128.0,,14.0
simu5g_00000653,2,3,17,1160.0,,15.0
simu5g_00000653,2,3,18,1160.0,,15.0
simu5g_00000653,2,3,19,1160.0,,15.0
simu5g_00000653,2,3,20,1160.0,,15.0
simu5g_00000653,2,3,21,1160.0,,15.0
simu5g_00000653,2,3,22,1128.0,,14.0
simu5g_00000653,2,3,23,1160.0,,15.0
simu5g_00000653,2,3,24,1128.0,,14.0
simu5g_00000653,3,4,0,1160.0,,15.0
simu5g_00000653,3,4,1,1160.0,,15.0
simu5g_00000653,3,4,2,1160.0,,15.0
simu5g_00000653,3,4,3,1160.0,,15.0
simu5g_00000653,3,4,4,1160.0,,15.0
simu5g_00000653,3,4,5,1160.0,,15.0
simu5g_00000653,3,4,6,1160.0,,15.0
simu5g_00000653,3,4,7,1160.0,,15.0
simu5g_00000653,3,4,8,1128.0,,14.0
simu5g_00000653,3,4,9,1128.0,,14.0
simu5g_00000653,3,4,10,1160.0,,15.0
simu5g_00000653,3,4,11,1160.0,,15.0
simu5g_00000653,3,4,12,1160.0,,15.0
simu5g_00000653,3,4,13,1160.0,,15.0
simu5g_00000653,3,4,14,1160.0,,15.0
simu5g_00000653,3,4,15,1160.0,,15.0
simu5g_00000653,3,4,16,1160.0,,15.0
simu5g_00000653,3,4,17,1160.0,,15.0
simu5g_00000653,3,4,18,1160.0,,15.0
simu5g_00000653,3,4,19,1160.0,,15.0
simu5g_00000653,3,4,20,1160.0,,15.0
simu5g_00000653,3,4,21,1160.0,,15.0
simu5g_00000653,3,4,22,1160.0,,15.0
simu5g_00000653,3,4,23,1160.0,,15.0
simu5g_00000653,3,4,24,1160.0,,15.0
simu5g_00000654,31,0,0,1128.0,,14.0
simu5g_00000654,31,0,1,984.0,,13.0
simu5g_00000654,31,0,2,1160.0,,15.0
simu5g_00000654,31,0,3,1160.0,,15.0
simu5g_00000654,31,0,4,1160.0,,15.0
simu5g_00000654,31,0,5,1128.0,,14.0
simu5g_00000654,31,0,6,1160.0,,15.0
simu5g_00000654,31,0,7,1128.0,,14.0
simu5g_00000654,31,0,8,1160.0,,15.0
simu5g_00000654,31,0,9,1160.0,,15.0
simu5g_00000654,31,0,10,1160.0,,15.0
simu5g_00000654,31,0,11,1128.0,,14.0
simu5g_00000654,31,0,12,608.0,,9.0
simu5g_00000654,31,0,13,1160.0,,15.0
simu5g_00000654,31,0,14,1160.0,,15.0
simu5g_00000654,31,0,15,1160.0,,15.0
simu5g_00000654,31,0,16,1128.0,,14.0
simu5g_00000654,31,0,17,1160.0,,15.0
simu5g_00000654,31,0,18,1160.0,,15.0
simu5g_00000654,31,0,19,1128.0,,14.0
simu5g_00000654,31,0,20,984.0,,13.0
simu5g_00000654,31,0,21,1160.0,,15.0
simu5g_00000654,31,0,22,1128.0,,14.0
simu5g_00000654,31,0,23,1160.0,,15.0
simu5g_00000654,31,0,24,1160.0,,15.0
simu5g_00000654,4,1,0,1160.0,,15.0
simu5g_00000654,4,1,1,1160.0,,15.0
simu5g_00000654,4,1,2,1160.0,,15.0
simu5g_00000654,4,1,3,1160.0,,15.0
simu5g_00000654,4,1,4,1160.0,,15.0
simu5g_00000654,4,1,5,1160.0,,15.0
simu5g_00000654,4,1,6,1160.0,,15.0
simu5g_00000654,4,1,7,1160.0,,15.0
simu5g_00000654,4,1,8,1160.0,,15.0
simu5g_00000654,4,1,9,1160.0,,15.0
simu5g_00000654,4,1,10,1160.0,,15.0
simu5g_00000654,4,1,11,1160.0,,15.0
simu5g_00000654,4,1,12,1160.0,,15.0
simu5g_00000654,4,1,13,1160.0,,15.0
simu5g_00000654,4,1,14,1160.0,,15.0
simu5g_00000654,4,1,15,1160.0,,15.0
simu5g_00000654,4,1,16,1160.0,,15.0
simu5g_00000654,4,1,17,1160.0,,15.0
simu5g_00000654,4,1,18,1160.0,,15.0
simu5g_00000654,4,1,19,1160.0,,15.0
simu5g_00000654,4,1,20,1160.0,,15.0
simu5g_00000654,4,1,21,1160.0,,15.0
simu5g_00000654,4,1,22,1160.0,,15.0
simu5g_00000654,4,1,23,1160.0,,15.0
simu5g_00000654,4,1,24,1160.0,,15.0
simu5g_00000654,5,2,0,1128.0,,14.0
simu5g_00000654,5,2,1,984.0,,13.0
simu5g_00000654,5,2,2,984.0,,13.0
simu5g_00000654,5,2,3,888.0,,12.0
simu5g_00000654,5,2,4,1160.0,,15.0
simu5g_00000654,5,2,5,984.0,,13.0
simu5g_00000654,5,2,6,984.0,,13.0
simu5g_00000654,5,2,7,984.0,,13.0
simu5g_00000654,5,2,8,984.0,,13.0
simu5g_00000654,5,2,9,1160.0,,15.0
simu5g_00000654,5,2,10,1128.0,,14.0
simu5g_00000654,5,2,11,1128.0,,14.0
simu5g_00000654,5,2,12,984.0,,13.0
simu5g_00000654,5,2,13,888.0,,12.0
simu5g_00000654,5,2,14,808.0,,11.0
simu5g_00000654,5,2,15,888.0,,12.0
simu5g_00000654,5,2,16,368.0,,6.0
simu5g_00000654,5,2,17,1160.0,,15.0
simu5g_00000654,5,2,18,1128.0,,14.0
simu5g_00000654,5,2,19,1128.0,,14.0
simu5g_00000654,5,2,20,984.0,,13.0
simu5g_00000654,5,2,21,608.0,,9.0
simu5g_00000654,5,2,22,1128.0,,14.0
simu5g_00000654,5,2,23,888.0,,12.0
simu5g_00000654,5,2,24,984.0,,13.0
simu5g_00000654,6,3,0,1160.0,,15.0
simu5g_00000654,6,3,1,1128.0,,14.0
simu5g_00000654,6,3,2,1128.0,,14.0
simu5g_00000654,6,3,3,528.0,,8.0
simu5g_00000654,6,3,4,984.0,,13.0
simu5g_00000654,6,3,5,1128.0,,14.0
simu5g_00000654,6,3,6,1160.0,,15.0
simu5g_00000654,6,3,7,984.0,,13.0
simu5g_00000654,6,3,8,1160.0,,15.0
simu5g_00000654,6,3,9,984.0,,13.0
simu5g_00000654,6,3,10,984.0,,13.0
simu5g_00000654,6,3,11,1128.0,,14.0
simu5g_00000654,6,3,12,1160.0,,15.0
simu5g_00000654,6,3,13,984.0,,13.0
simu5g_00000654,6,3,14,1160.0,,15.0
simu5g_00000654,6,3,15,1160.0,,15.0
simu5g_00000654,6,3,16,808.0,,11.0
simu5g_00000654,6,3,17,1160.0,,15.0
simu5g_00000654,6,3,18,1128.0,,14.0
simu5g_00000654,6,3,19,1128.0,,14.0
simu5g_00000654,6,3,20,1160.0,,15.0
simu5g_00000654,6,3,21,1128.0,,14.0
simu5g_00000654,6,3,22,1160.0,,15.0
simu5g_00000654,6,3,23,1160.0,,15.0
simu5g_00000654,6,3,24,1160.0,,15.0
simu5g_00000654,7,4,0,1128.0,,14.0
simu5g_00000654,7,4,1,1160.0,,15.0
simu5g_00000654,7,4,2,1128.0,,14.0
simu5g_00000654,7,4,3,528.0,,8.0
simu5g_00000654,7,4,4,808.0,,11.0
simu5g_00000654,7,4,5,1160.0,,15.0
simu5g_00000654,7,4,6,984.0,,13.0
simu5g_00000654,7,4,7,1160.0,,15.0
simu5g_00000654,7,4,8,1160.0,,15.0
simu5g_00000654,7,4,9,984.0,,13.0
simu5g_00000654,7,4,10,1128.0,,14.0
simu5g_00000654,7,4,11,984.0,,13.0
simu5g_00000654,7,4,12,1160.0,,15.0
simu5g_00000654,7,4,13,1160.0,,15.0
simu5g_00000654,7,4,14,984.0,,13.0
simu5g_00000654,7,4,15,1128.0,,14.0
simu5g_00000654,7,4,16,984.0,,13.0
simu5g_00000654,7,4,17,528.0,,8.0
simu5g_00000654,7,4,18,1160.0,,15.0
simu5g_00000654,7,4,19,984.0,,13.0
simu5g_00000654,7,4,20,984.0,,13.0
simu5g_00000654,7,4,21,1128.0,,14.0
simu5g_00000654,7,4,22,1160.0,,15.0
simu5g_00000654,7,4,23,1160.0,,15.0
simu5g_00000654,7,4,24,1128.0,,14.0
simu5g_00000655,0,0,0,1160.0,,15.0
simu5g_00000655,0,0,1,1160.0,,15.0
simu5g_00000655,0,0,2,1160.0,,15.0
simu5g_00000655,0,0,3,1160.0,,15.0
simu5g_00000655,0,0,4,1160.0,,15.0
simu5g_00000655,0,0,5,1160.0,,15.0
simu5g_00000655,0,0,6,1160.0,,15.0
simu5g_00000655,0,0,7,1160.0,,15.0
simu5g_00000655,0,0,8,1160.0,,15.0
simu5g_00000655,0,0,9,1160.0,,15.0
simu5g_00000655,0,0,10,1160.0,,15.0
simu5g_00000655,0,0,11,1160.0,,15.0
simu5g_00000655,0,0,12,1160.0,,15.0
simu5g_00000655,0,0,13,1160.0,,15.0
simu5g_00000655,0,0,14,1160.0,,15.0
simu5g_00000655,0,0,15,1160.0,,15.0
simu5g_00000655,0,0,16,1160.0,,15.0
simu5g_00000655,0,0,17,1160.0,,15.0
simu5g_00000655,0,0,18,1160.0,,15.0
simu5g_00000655,0,0,19,1160.0,,15.0
simu5g_00000655,0,0,20,1160.0,,15.0
simu5g_00000655,0,0,21,1160.0,,15.0
simu5g_00000655,0,0,22,1160.0,,15.0
simu5g_00000655,0,0,23,1160.0,,15.0
simu5g_00000655,0,0,24,1160.0,,15.0
simu5g_00000655,1,1,0,1160.0,,15.0
simu5g_00000655,1,1,1,1160.0,,15.0
simu5g_00000655,1,1,2,1160.0,,15.0
simu5g_00000655,1,1,3,1160.0,,15.0
simu5g_00000655,1,1,4,1160.0,,15.0
simu5g_00000655,1,1,5,1160.0,,15.0
simu5g_00000655,1,1,6,1160.0,,15.0
simu5g_00000655,1,1,7,1160.0,,15.0
simu5g_00000655,1,1,8,1160.0,,15.0
simu5g_00000655,1,1,9,1160.0,,15.0
simu5g_00000655,1,1,10,1160.0,,15.0
simu5g_00000655,1,1,11,1160.0,,15.0
simu5g_00000655,1,1,12,1160.0,,15.0
simu5g_00000655,1,1,13,1160.0,,15.0
simu5g_00000655,1,1,14,1160.0,,15.0
simu5g_00000655,1,1,15,1160.0,,15.0
simu5g_00000655,1,1,16,1160.0,,15.0
simu5g_00000655,1,1,17,1160.0,,15.0
simu5g_00000655,1,1,18,1160.0,,15.0
simu5g_00000655,1,1,19,1160.0,,15.0
simu5g_00000655,1,1,20,1160.0,,15.0
simu5g_00000655,1,1,21,1160.0,,15.0
simu5g_00000655,1,1,22,1160.0,,15.0
simu5g_00000655,1,1,23,1160.0,,15.0
simu5g_00000655,1,1,24,1160.0,,15.0
simu5g_00000655,15,2,0,1128.0,,14.0
simu5g_00000655,15,2,1,1128.0,,14.0
simu5g_00000655,15,2,2,1160.0,,15.0
simu5g_00000655,15,2,3,1160.0,,15.0
simu5g_00000655,15,2,4,984.0,,13.0
simu5g_00000655,15,2,5,704.0,,10.0
simu5g_00000655,15,2,6,1160.0,,15.0
simu5g_00000655,15,2,7,1128.0,,14.0
simu5g_00000655,15,2,8,1160.0,,15.0
simu5g_00000655,15,2,9,1160.0,,15.0
simu5g_00000655,15,2,10,1160.0,,15.0
simu5g_00000655,15,2,11,1160.0,,15.0
simu5g_00000655,15,2,12,888.0,,12.0
simu5g_00000655,15,2,13,1160.0,,15.0
simu5g_00000655,15,2,14,1128.0,,14.0
simu5g_00000655,15,2,15,984.0,,13.0
simu5g_00000655,15,2,16,1160.0,,15.0
simu5g_00000655,15,2,17,1160.0,,15.0
simu5g_00000655,15,2,18,1160.0,,15.0
simu5g_00000655,15,2,19,1160.0,,15.0
simu5g_00000655,15,2,20,1160.0,,15.0
simu5g_00000655,15,2,21,1128.0,,14.0
simu5g_00000655,15,2,22,1160.0,,15.0
simu5g_00000655,15,2,23,1160.0,,15.0
simu5g_00000655,15,2,24,1160.0,,15.0
simu5g_00000655,2,3,0,1160.0,,15.0
simu5g_00000655,2,3,1,1160.0,,15.0
simu5g_00000655,2,3,2,1160.0,,15.0
simu5g_00000655,2,3,3,1160.0,,15.0
simu5g_00000655,2,3,4,1160.0,,15.0
simu5g_00000655,2,3,5,1160.0,,15.0
simu5g_00000655,2,3,6,1160.0,,15.0
simu5g_00000655,2,3,7,984.0,,13.0
simu5g_00000655,2,3,8,1160.0,,15.0
simu5g_00000655,2,3,9,1160.0,,15.0
simu5g_00000655,2,3,10,1160.0,,15.0
simu5g_00000655,2,3,11,1128.0,,14.0
simu5g_00000655,2,3,12,1160.0,,15.0
simu5g_00000655,2,3,13,1160.0,,15.0
simu5g_00000655,2,3,14,1160.0,,15.0
simu5g_00000655,2,3,15,1160.0,,15.0
simu5g_00000655,2,3,16,1128.0,,14.0
simu5g_00000655,2,3,17,1160.0,,15.0
simu5g_00000655,2,3,18,1160.0,,15.0
simu5g_00000655,2,3,19,1160.0,,15.0
simu5g_00000655,2,3,20,1160.0,,15.0
simu5g_00000655,2,3,21,1160.0,,15.0
simu5g_00000655,2,3,22,1128.0,,14.0
simu5g_00000655,2,3,23,1160.0,,15.0
simu5g_00000655,2,3,24,1128.0,,14.0
simu5g_00000655,3,4,0,1160.0,,15.0
simu5g_00000655,3,4,1,1160.0,,15.0
simu5g_00000655,3,4,2,1160.0,,15.0
simu5g_00000655,3,4,3,1160.0,,15.0
simu5g_00000655,3,4,4,1160.0,,15.0
simu5g_00000655,3,4,5,1160.0,,15.0
simu5g_00000655,3,4,6,1160.0,,15.0
simu5g_00000655,3,4,7,1160.0,,15.0
simu5g_00000655,3,4,8,1128.0,,14.0
simu5g_00000655,3,4,9,1128.0,,14.0
simu5g_00000655,3,4,10,1160.0,,15.0
simu5g_00000655,3,4,11,1160.0,,15.0
simu5g_00000655,3,4,12,1160.0,,15.0
simu5g_00000655,3,4,13,1160.0,,15.0
simu5g_00000655,3,4,14,1160.0,,15.0
simu5g_00000655,3,4,15,1160.0,,15.0
simu5g_00000655,3,4,16,1160.0,,15.0
simu5g_00000655,3,4,17,1160.0,,15.0
simu5g_00000655,3,4,18,1160.0,,15.0
simu5g_00000655,3,4,19,1160.0,,15.0
simu5g_00000655,3,4,20,1160.0,,15.0
simu5g_00000655,3,4,21,1160.0,,15.0
simu5g_00000655,3,4,22,1160.0,,15.0
simu5g_00000655,3,4,23,1160.0,,15.0
simu5g_00000655,3,4,24,1160.0,,15.0
simu5g_00000656,31,0,0,1128.0,,14.0
simu5g_00000656,31,0,1,984.0,,13.0
simu5g_00000656,31,0,2,1160.0,,15.0
simu5g_00000656,31,0,3,1160.0,,15.0
simu5g_00000656,31,0,4,1160.0,,15.0
simu5g_00000656,31,0,5,1128.0,,14.0
simu5g_00000656,31,0,6,1160.0,,15.0
simu5g_00000656,31,0,7,1128.0,,14.0
simu5g_00000656,31,0,8,1160.0,,15.0
simu5g_00000656,31,0,9,1160.0,,15.0
simu5g_00000656,31,0,10,1160.0,,15.0
simu5g_00000656,31,0,11,1128.0,,14.0
simu5g_00000656,31,0,12,608.0,,9.0
simu5g_00000656,31,0,13,1160.0,,15.0
simu5g_00000656,31,0,14,1160.0,,15.0
simu5g_00000656,31,0,15,1160.0,,15.0
simu5g_00000656,31,0,16,1128.0,,14.0
simu5g_00000656,31,0,17,1160.0,,15.0
simu5g_00000656,31,0,18,1160.0,,15.0
simu5g_00000656,31,0,19,1128.0,,14.0
simu5g_00000656,31,0,20,1128.0,,14.0
simu5g_00000656,31,0,21,1160.0,,15.0
simu5g_00000656,31,0,22,1128.0,,14.0
simu5g_00000656,31,0,23,1160.0,,15.0
simu5g_00000656,31,0,24,1160.0,,15.0
simu5g_00000656,4,1,0,1160.0,,15.0
simu5g_00000656,4,1,1,1160.0,,15.0
simu5g_00000656,4,1,2,1160.0,,15.0
simu5g_00000656,4,1,3,1160.0,,15.0
simu5g_00000656,4,1,4,1160.0,,15.0
simu5g_00000656,4,1,5,1160.0,,15.0
simu5g_00000656,4,1,6,1160.0,,15.0
simu5g_00000656,4,1,7,1160.0,,15.0
simu5g_00000656,4,1,8,1160.0,,15.0
simu5g_00000656,4,1,9,1160.0,,15.0
simu5g_00000656,4,1,10,1160.0,,15.0
simu5g_00000656,4,1,11,1160.0,,15.0
simu5g_00000656,4,1,12,1160.0,,15.0
simu5g_00000656,4,1,13,1160.0,,15.0
simu5g_00000656,4,1,14,1160.0,,15.0
simu5g_00000656,4,1,15,1160.0,,15.0
simu5g_00000656,4,1,16,1160.0,,15.0
simu5g_00000656,4,1,17,1160.0,,15.0
simu5g_00000656,4,1,18,1160.0,,15.0
simu5g_00000656,4,1,19,1160.0,,15.0
simu5g_00000656,4,1,20,1160.0,,15.0
simu5g_00000656,4,1,21,1160.0,,15.0
simu5g_00000656,4,1,22,1160.0,,15.0
simu5g_00000656,4,1,23,1160.0,,15.0
simu5g_00000656,4,1,24,1160.0,,15.0
simu5g_00000656,5,2,0,1128.0,,14.0
simu5g_00000656,5,2,1,984.0,,13.0
simu5g_00000656,5,2,2,984.0,,13.0
simu5g_00000656,5,2,3,888.0,,12.0
simu5g_00000656,5,2,4,1160.0,,15.0
simu5g_00000656,5,2,5,984.0,,13.0
simu5g_00000656,5,2,6,984.0,,13.0
simu5g_00000656,5,2,7,984.0,,13.0
simu5g_00000656,5,2,8,984.0,,13.0
simu5g_00000656,5,2,9,1160.0,,15.0
simu5g_00000656,5,2,10,1128.0,,14.0
simu5g_00000656,5,2,11,1128.0,,14.0
simu5g_00000656,5,2,12,984.0,,13.0
simu5g_00000656,5,2,13,888.0,,12.0
simu5g_00000656,5,2,14,808.0,,11.0
simu5g_00000656,5,2,15,888.0,,12.0
simu5g_00000656,5,2,16,368.0,,6.0
simu5g_00000656,5,2,17,1160.0,,15.0
simu5g_00000656,5,2,18,1128.0,,14.0
simu5g_00000656,5,2,19,1128.0,,14.0
simu5g_00000656,5,2,20,984.0,,13.0
simu5g_00000656,5,2,21,608.0,,9.0
simu5g_00000656,5,2,22,1128.0,,14.0
simu5g_00000656,5,2,23,888.0,,12.0
simu5g_00000656,5,2,24,984.0,,13.0
simu5g_00000656,6,3,0,1160.0,,15.0
simu5g_00000656,6,3,1,1128.0,,14.0
simu5g_00000656,6,3,2,1128.0,,14.0
simu5g_00000656,6,3,3,528.0,,8.0
simu5g_00000656,6,3,4,984.0,,13.0
simu5g_00000656,6,3,5,1128.0,,14.0
simu5g_00000656,6,3,6,1160.0,,15.0
simu5g_00000656,6,3,7,984.0,,13.0
simu5g_00000656,6,3,8,1160.0,,15.0
simu5g_00000656,6,3,9,984.0,,13.0
simu5g_00000656,6,3,10,984.0,,13.0
simu5g_00000656,6,3,11,1128.0,,14.0
simu5g_00000656,6,3,12,1160.0,,15.0
simu5g_00000656,6,3,13,984.0,,13.0
simu5g_00000656,6,3,14,1160.0,,15.0
simu5g_00000656,6,3,15,1160.0,,15.0
simu5g_00000656,6,3,16,808.0,,11.0
simu5g_00000656,6,3,17,1160.0,,15.0
simu5g_00000656,6,3,18,1128.0,,14.0
simu5g_00000656,6,3,19,1128.0,,14.0
simu5g_00000656,6,3,20,1160.0,,15.0
simu5g_00000656,6,3,21,1128.0,,14.0
simu5g_00000656,6,3,22,1160.0,,15.0
simu5g_00000656,6,3,23,1160.0,,15.0
simu5g_00000656,6,3,24,1160.0,,15.0
simu5g_00000656,7,4,0,1128.0,,14.0
simu5g_00000656,7,4,1,1160.0,,15.0
simu5g_00000656,7,4,2,1128.0,,14.0
simu5g_00000656,7,4,3,528.0,,8.0
simu5g_00000656,7,4,4,808.0,,11.0
simu5g_00000656,7,4,5,1160.0,,15.0
simu5g_00000656,7,4,6,984.0,,13.0
simu5g_00000656,7,4,7,1160.0,,15.0
simu5g_00000656,7,4,8,1160.0,,15.0
simu5g_00000656,7,4,9,984.0,,13.0
simu5g_00000656,7,4,10,1128.0,,14.0
simu5g_00000656,7,4,11,984.0,,13.0
simu5g_00000656,7,4,12,1160.0,,15.0
simu5g_00000656,7,4,13,1160.0,,15.0
simu5g_00000656,7,4,14,984.0,,13.0
simu5g_00000656,7,4,15,1128.0,,14.0
simu5g_00000656,7,4,16,984.0,,13.0
simu5g_00000656,7,4,17,528.0,,8.0
simu5g_00000656,7,4,18,1160.0,,15.0
simu5g_00000656,7,4,19,984.0,,13.0
simu5g_00000656,7,4,20,984.0,,13.0
simu5g_00000656,7,4,21,1128.0,,14.0
simu5g_00000656,7,4,22,1160.0,,15.0
simu5g_00000656,7,4,23,1160.0,,15.0
simu5g_00000656,7,4,24,1128.0,,14.0
simu5g_00000657,0,0,0,1160.0,,15.0
simu5g_00000657,0,0,1,1160.0,,15.0
simu5g_00000657,0,0,2,1160.0,,15.0
simu5g_00000657,0,0,3,1160.0,,15.0
simu5g_00000657,0,0,4,1160.0,,15.0
simu5g_00000657,0,0,5,1160.0,,15.0
simu5g_00000657,0,0,6,1160.0,,15.0
simu5g_00000657,0,0,7,1160.0,,15.0
simu5g_00000657,0,0,8,1160.0,,15.0
simu5g_00000657,0,0,9,1160.0,,15.0
simu5g_00000657,0,0,10,1160.0,,15.0
simu5g_00000657,0,0,11,1160.0,,15.0
simu5g_00000657,0,0,12,1160.0,,15.0
simu5g_00000657,0,0,13,1160.0,,15.0
simu5g_00000657,0,0,14,1160.0,,15.0
simu5g_00000657,0,0,15,1160.0,,15.0
simu5g_00000657,0,0,16,1160.0,,15.0
simu5g_00000657,0,0,17,1160.0,,15.0
simu5g_00000657,0,0,18,1160.0,,15.0
simu5g_00000657,0,0,19,1160.0,,15.0
simu5g_00000657,0,0,20,1160.0,,15.0
simu5g_00000657,0,0,21,1160.0,,15.0
simu5g_00000657,0,0,22,1160.0,,15.0
simu5g_00000657,0,0,23,1160.0,,15.0
simu5g_00000657,0,0,24,1160.0,,15.0
simu5g_00000657,1,1,0,1160.0,,15.0
simu5g_00000657,1,1,1,1160.0,,15.0
simu5g_00000657,1,1,2,1160.0,,15.0
simu5g_00000657,1,1,3,1160.0,,15.0
simu5g_00000657,1,1,4,1160.0,,15.0
simu5g_00000657,1,1,5,1160.0,,15.0
simu5g_00000657,1,1,6,1160.0,,15.0
simu5g_00000657,1,1,7,1160.0,,15.0
simu5g_00000657,1,1,8,1160.0,,15.0
simu5g_00000657,1,1,9,1160.0,,15.0
simu5g_00000657,1,1,10,1160.0,,15.0
simu5g_00000657,1,1,11,1160.0,,15.0
simu5g_00000657,1,1,12,1160.0,,15.0
simu5g_00000657,1,1,13,1160.0,,15.0
simu5g_00000657,1,1,14,1160.0,,15.0
simu5g_00000657,1,1,15,1160.0,,15.0
simu5g_00000657,1,1,16,1160.0,,15.0
simu5g_00000657,1,1,17,1160.0,,15.0
simu5g_00000657,1,1,18,1160.0,,15.0
simu5g_00000657,1,1,19,1160.0,,15.0
simu5g_00000657,1,1,20,1160.0,,15.0
simu5g_00000657,1,1,21,1160.0,,15.0
simu5g_00000657,1,1,22,1160.0,,15.0
simu5g_00000657,1,1,23,1160.0,,15.0
simu5g_00000657,1,1,24,1160.0,,15.0
simu5g_00000657,15,2,0,1160.0,,15.0
simu5g_00000657,15,2,1,1160.0,,15.0
simu5g_00000657,15,2,2,1160.0,,15.0
simu5g_00000657,15,2,3,1160.0,,15.0
simu5g_00000657,15,2,4,1128.0,,14.0
simu5g_00000657,15,2,5,888.0,,12.0
simu5g_00000657,15,2,6,1160.0,,15.0
simu5g_00000657,15,2,7,1160.0,,15.0
simu5g_00000657,15,2,8,1160.0,,15.0
simu5g_00000657,15,2,9,1160.0,,15.0
simu5g_00000657,15,2,10,1160.0,,15.0
simu5g_00000657,15,2,11,1160.0,,15.0
simu5g_00000657,15,2,12,1128.0,,14.0
simu5g_00000657,15,2,13,1160.0,,15.0
simu5g_00000657,15,2,14,1160.0,,15.0
simu5g_00000657,15,2,15,1128.0,,14.0
simu5g_00000657,15,2,16,1160.0,,15.0
simu5g_00000657,15,2,17,1160.0,,15.0
simu5g_00000657,15,2,18,1160.0,,15.0
simu5g_00000657,15,2,19,1160.0,,15.0
simu5g_00000657,15,2,20,1160.0,,15.0
simu5g_00000657,15,2,21,1160.0,,15.0
simu5g_00000657,15,2,22,1160.0,,15.0
simu5g_00000657,15,2,23,1160.0,,15.0
simu5g_00000657,15,2,24,1160.0,,15.0
simu5g_00000657,2,3,0,1160.0,,15.0
simu5g_00000657,2,3,1,1160.0,,15.0
simu5g_00000657,2,3,2,1160.0,,15.0
simu5g_00000657,2,3,3,1160.0,,15.0
simu5g_00000657,2,3,4,1160.0,,15.0
simu5g_00000657,2,3,5,1160.0,,15.0
simu5g_00000657,2,3,6,1160.0,,15.0
simu5g_00000657,2,3,7,984.0,,13.0
simu5g_00000657,2,3,8,1160.0,,15.0
simu5g_00000657,2,3,9,1160.0,,15.0
simu5g_00000657,2,3,10,1160.0,,15.0
simu5g_00000657,2,3,11,1128.0,,14.0
simu5g_00000657,2,3,12,1160.0,,15.0
simu5g_00000657,2,3,13,1160.0,,15.0
simu5g_00000657,2,3,14,1160.0,,15.0
simu5g_00000657,2,3,15,1160.0,,15.0
simu5g_00000657,2,3,16,1128.0,,14.0
simu5g_00000657,2,3,17,1160.0,,15.0
simu5g_00000657,2,3,18,1160.0,,15.0
simu5g_00000657,2,3,19,1160.0,,15.0
simu5g_00000657,2,3,20,1160.0,,15.0
simu5g_00000657,2,3,21,1160.0,,15.0
simu5g_00000657,2,3,22,1128.0,,14.0
simu5g_00000657,2,3,23,1160.0,,15.0
simu5g_00000657,2,3,24,1128.0,,14.0
simu5g_00000657,3,4,0,1160.0,,15.0
simu5g_00000657,3,4,1,1160.0,,15.0
simu5g_00000657,3,4,2,1160.0,,15.0
simu5g_00000657,3,4,3,1160.0,,15.0
simu5g_00000657,3,4,4,1160.0,,15.0
simu5g_00000657,3,4,5,1160.0,,15.0
simu5g_00000657,3,4,6,1160.0,,15.0
simu5g_00000657,3,4,7,1160.0,,15.0
simu5g_00000657,3,4,8,1128.0,,14.0
simu5g_00000657,3,4,9,1128.0,,14.0
simu5g_00000657,3,4,10,1160.0,,15.0
simu5g_00000657,3,4,11,1160.0,,15.0
simu5g_00000657,3,4,12,1160.0,,15.0
simu5g_00000657,3,4,13,1160.0,,15.0
simu5g_00000657,3,4,14,1160.0,,15.0
simu5g_00000657,3,4,15,1160.0,,15.0
simu5g_00000657,3,4,16,1160.0,,15.0
simu5g_00000657,3,4,17,1160.0,,15.0
simu5g_00000657,3,4,18,1160.0,,15.0
simu5g_00000657,3,4,19,1160.0,,15.0
simu5g_00000657,3,4,20,1160.0,,15.0
simu5g_00000657,3,4,21,1160.0,,15.0
simu5g_00000657,3,4,22,1160.0,,15.0
simu5g_00000657,3,4,23,1160.0,,15.0
simu5g_00000657,3,4,24,1160.0,,15.0
simu5g_00000658,31,0,0,1128.0,,14.0
simu5g_00000658,31,0,1,984.0,,13.0
simu5g_00000658,31,0,2,1160.0,,15.0
simu5g_00000658,31,0,3,1160.0,,15.0
simu5g_00000658,31,0,4,1160.0,,15.0
simu5g_00000658,31,0,5,1128.0,,14.0
simu5g_00000658,31,0,6,1160.0,,15.0
simu5g_00000658,31,0,7,1128.0,,14.0
simu5g_00000658,31,0,8,1160.0,,15.0
simu5g_00000658,31,0,9,1160.0,,15.0
simu5g_00000658,31,0,10,1160.0,,15.0
simu5g_00000658,31,0,11,1128.0,,14.0
simu5g_00000658,31,0,12,608.0,,9.0
simu5g_00000658,31,0,13,1160.0,,15.0
simu5g_00000658,31,0,14,1160.0,,15.0
simu5g_00000658,31,0,15,1160.0,,15.0
simu5g_00000658,31,0,16,1128.0,,14.0
simu5g_00000658,31,0,17,1160.0,,15.0
simu5g_00000658,31,0,18,1160.0,,15.0
simu5g_00000658,31,0,19,1128.0,,14.0
simu5g_00000658,31,0,20,1128.0,,14.0
simu5g_00000658,31,0,21,1160.0,,15.0
simu5g_00000658,31,0,22,1128.0,,14.0
simu5g_00000658,31,0,23,1160.0,,15.0
simu5g_00000658,31,0,24,1160.0,,15.0
simu5g_00000658,4,1,0,1160.0,,15.0
simu5g_00000658,4,1,1,1160.0,,15.0
simu5g_00000658,4,1,2,1160.0,,15.0
simu5g_00000658,4,1,3,1160.0,,15.0
simu5g_00000658,4,1,4,1160.0,,15.0
simu5g_00000658,4,1,5,1160.0,,15.0
simu5g_00000658,4,1,6,1160.0,,15.0
simu5g_00000658,4,1,7,1160.0,,15.0
simu5g_00000658,4,1,8,1160.0,,15.0
simu5g_00000658,4,1,9,1160.0,,15.0
simu5g_00000658,4,1,10,1160.0,,15.0
simu5g_00000658,4,1,11,1160.0,,15.0
simu5g_00000658,4,1,12,1160.0,,15.0
simu5g_00000658,4,1,13,1160.0,,15.0
simu5g_00000658,4,1,14,1160.0,,15.0
simu5g_00000658,4,1,15,1160.0,,15.0
simu5g_00000658,4,1,16,1160.0,,15.0
simu5g_00000658,4,1,17,1160.0,,15.0
simu5g_00000658,4,1,18,1160.0,,15.0
simu5g_00000658,4,1,19,1160.0,,15.0
simu5g_00000658,4,1,20,1160.0,,15.0
simu5g_00000658,4,1,21,1160.0,,15.0
simu5g_00000658,4,1,22,1160.0,,15.0
simu5g_00000658,4,1,23,1160.0,,15.0
simu5g_00000658,4,1,24,1160.0,,15.0
simu5g_00000658,5,2,0,1128.0,,14.0
simu5g_00000658,5,2,1,984.0,,13.0
simu5g_00000658,5,2,2,984.0,,13.0
simu5g_00000658,5,2,3,888.0,,12.0
simu5g_00000658,5,2,4,1160.0,,15.0
simu5g_00000658,5,2,5,984.0,,13.0
simu5g_00000658,5,2,6,984.0,,13.0
simu5g_00000658,5,2,7,984.0,,13.0
simu5g_00000658,5,2,8,984.0,,13.0
simu5g_00000658,5,2,9,1160.0,,15.0
simu5g_00000658,5,2,10,1128.0,,14.0
simu5g_00000658,5,2,11,1128.0,,14.0
simu5g_00000658,5,2,12,984.0,,13.0
simu5g_00000658,5,2,13,888.0,,12.0
simu5g_00000658,5,2,14,808.0,,11.0
simu5g_00000658,5,2,15,888.0,,12.0
simu5g_00000658,5,2,16,368.0,,6.0
simu5g_00000658,5,2,17,1160.0,,15.0
simu5g_00000658,5,2,18,1128.0,,14.0
simu5g_00000658,5,2,19,1128.0,,14.0
simu5g_00000658,5,2,20,984.0,,13.0
simu5g_00000658,5,2,21,608.0,,9.0
simu5g_00000658,5,2,22,1128.0,,14.0
simu5g_00000658,5,2,23,888.0,,12.0
simu5g_00000658,5,2,24,984.0,,13.0
simu5g_00000658,6,3,0,1128.0,,14.0
simu5g_00000658,6,3,1,984.0,,13.0
simu5g_00000658,6,3,2,984.0,,13.0
simu5g_00000658,6,3,3,368.0,,6.0
simu5g_00000658,6,3,4,888.0,,12.0
simu5g_00000658,6,3,5,984.0,,13.0
simu5g_00000658,6,3,6,1128.0,,14.0
simu5g_00000658,6,3,7,888.0,,12.0
simu5g_00000658,6,3,8,1128.0,,14.0
simu5g_00000658,6,3,9,808.0,,11.0
simu5g_00000658,6,3,10,808.0,,11.0
simu5g_00000658,6,3,11,984.0,,13.0
simu5g_00000658,6,3,12,1160.0,,15.0
simu5g_00000658,6,3,13,888.0,,12.0
simu5g_00000658,6,3,14,1128.0,,14.0
simu5g_00000658,6,3,15,1128.0,,14.0
simu5g_00000658,6,3,16,608.0,,9.0
simu5g_00000658,6,3,17,1128.0,,14.0
simu5g_00000658,6,3,18,984.0,,13.0
simu5g_00000658,6,3,19,888.0,,12.0
simu5g_00000658,6,3,20,1128.0,,14.0
simu5g_00000658,6,3,21,984.0,,13.0
simu5g_00000658,6,3,22,1128.0,,14.0
simu5g_00000658,6,3,23,1128.0,,14.0
simu5g_00000658,6,3,24,1160.0,,15.0
simu5g_00000658,7,4,0,1128.0,,14.0
simu5g_00000658,7,4,1,1160.0,,15.0
simu5g_00000658,7,4,2,1128.0,,14.0
simu5g_00000658,7,4,3,528.0,,8.0
simu5g_00000658,7,4,4,808.0,,11.0
simu5g_00000658,7,4,5,1160.0,,15.0
simu5g_00000658,7,4,6,984.0,,13.0
simu5g_00000658,7,4,7,1160.0,,15.0
simu5g_00000658,7,4,8,1160.0,,15.0
simu5g_00000658,7,4,9,984.0,,13.0
simu5g_00000658,7,4,10,1128.0,,14.0
simu5g_00000658,7,4,11,984.0,,13.0
simu5g_00000658,7,4,12,1160.0,,15.0
simu5g_00000658,7,4,13,1160.0,,15.0
simu5g_00000658,7,4,14,984.0,,13.0
simu5g_00000658,7,4,15,1128.0,,14.0
simu5g_00000658,7,4,16,984.0,,13.0
simu5g_00000658,7,4,17,528.0,,8.0
simu5g_00000658,7,4,18,1160.0,,15.0
simu5g_00000658,7,4,19,984.0,,13.0
simu5g_00000658,7,4,20,984.0,,13.0
simu5g_00000658,7,4,21,1128.0,,14.0
simu5g_00000658,7,4,22,1160.0,,15.0
simu5g_00000658,7,4,23,1160.0,,15.0
simu5g_00000658,7,4,24,1128.0,,14.0
simu5g_00000659,0,0,0,1160.0,,15.0
simu5g_00000659,0,0,1,1160.0,,15.0
simu5g_00000659,0,0,2,1160.0,,15.0
simu5g_00000659,0,0,3,1160.0,,15.0
simu5g_00000659,0,0,4,1160.0,,15.0
simu5g_00000659,0,0,5,1160.0,,15.0
simu5g_00000659,0,0,6,1160.0,,15.0
simu5g_00000659,0,0,7,1160.0,,15.0
simu5g_00000659,0,0,8,1160.0,,15.0
simu5g_00000659,0,0,9,1160.0,,15.0
simu5g_00000659,0,0,10,1160.0,,15.0
simu5g_00000659,0,0,11,1160.0,,15.0
simu5g_00000659,0,0,12,1160.0,,15.0
simu5g_00000659,0,0,13,1160.0,,15.0
simu5g_00000659,0,0,14,1160.0,,15.0
simu5g_00000659,0,0,15,1160.0,,15.0
simu5g_00000659,0,0,16,1160.0,,15.0
simu5g_00000659,0,0,17,1160.0,,15.0
simu5g_00000659,0,0,18,1160.0,,15.0
simu5g_00000659,0,0,19,1160.0,,15.0
simu5g_00000659,0,0,20,1160.0,,15.0
simu5g_00000659,0,0,21,1160.0,,15.0
simu5g_00000659,0,0,22,1160.0,,15.0
simu5g_00000659,0,0,23,1160.0,,15.0
simu5g_00000659,0,0,24,1160.0,,15.0
simu5g_00000659,1,1,0,1160.0,,15.0
simu5g_00000659,1,1,1,1160.0,,15.0
simu5g_00000659,1,1,2,1160.0,,15.0
simu5g_00000659,1,1,3,1160.0,,15.0
simu5g_00000659,1,1,4,1160.0,,15.0
simu5g_00000659,1,1,5,1160.0,,15.0
simu5g_00000659,1,1,6,1160.0,,15.0
simu5g_00000659,1,1,7,1160.0,,15.0
simu5g_00000659,1,1,8,1160.0,,15.0
simu5g_00000659,1,1,9,1160.0,,15.0
simu5g_00000659,1,1,10,1160.0,,15.0
simu5g_00000659,1,1,11,1160.0,,15.0
simu5g_00000659,1,1,12,1160.0,,15.0
simu5g_00000659,1,1,13,1160.0,,15.0
simu5g_00000659,1,1,14,1160.0,,15.0
simu5g_00000659,1,1,15,1160.0,,15.0
simu5g_00000659,1,1,16,1160.0,,15.0
simu5g_00000659,1,1,17,1160.0,,15.0
simu5g_00000659,1,1,18,1160.0,,15.0
simu5g_00000659,1,1,19,1160.0,,15.0
simu5g_00000659,1,1,20,1160.0,,15.0
simu5g_00000659,1,1,21,1160.0,,15.0
simu5g_00000659,1,1,22,1160.0,,15.0
simu5g_00000659,1,1,23,1160.0,,15.0
simu5g_00000659,1,1,24,1160.0,,15.0
simu5g_00000659,15,2,0,1160.0,,15.0
simu5g_00000659,15,2,1,1160.0,,15.0
simu5g_00000659,15,2,2,1160.0,,15.0
simu5g_00000659,15,2,3,1160.0,,15.0
simu5g_00000659,15,2,4,1128.0,,14.0
simu5g_00000659,15,2,5,888.0,,12.0
simu5g_00000659,15,2,6,1160.0,,15.0
simu5g_00000659,15,2,7,1160.0,,15.0
simu5g_00000659,15,2,8,1160.0,,15.0
simu5g_00000659,15,2,9,1160.0,,15.0
simu5g_00000659,15,2,10,1160.0,,15.0
simu5g_00000659,15,2,11,1160.0,,15.0
simu5g_00000659,15,2,12,1128.0,,14.0
simu5g_00000659,15,2,13,1160.0,,15.0
simu5g_00000659,15,2,14,1160.0,,15.0
simu5g_00000659,15,2,15,1128.0,,14.0
simu5g_00000659,15,2,16,1160.0,,15.0
simu5g_00000659,15,2,17,1160.0,,15.0
simu5g_00000659,15,2,18,1160.0,,15.0
simu5g_00000659,15,2,19,1160.0,,15.0
simu5g_00000659,15,2,20,1160.0,,15.0
simu5g_00000659,15,2,21,1160.0,,15.0
simu5g_00000659,15,2,22,1160.0,,15.0
simu5g_00000659,15,2,23,1160.0,,15.0
simu5g_00000659,15,2,24,1160.0,,15.0
simu5g_00000659,2,3,0,1160.0,,15.0
simu5g_00000659,2,3,1,1160.0,,15.0
simu5g_00000659,2,3,2,1160.0,,15.0
simu5g_00000659,2,3,3,1160.0,,15.0
simu5g_00000659,2,3,4,1160.0,,15.0
simu5g_00000659,2,3,5,1160.0,,15.0
simu5g_00000659,2,3,6,1160.0,,15.0
simu5g_00000659,2,3,7,984.0,,13.0
simu5g_00000659,2,3,8,1160.0,,15.0
simu5g_00000659,2,3,9,1160.0,,15.0
simu5g_00000659,2,3,10,1160.0,,15.0
simu5g_00000659,2,3,11,1128.0,,14.0
simu5g_00000659,2,3,12,1160.0,,15.0
simu5g_00000659,2,3,13,1160.0,,15.0
simu5g_00000659,2,3,14,1160.0,,15.0
simu5g_00000659,2,3,15,1160.0,,15.0
simu5g_00000659,2,3,16,1128.0,,14.0
simu5g_00000659,2,3,17,1160.0,,15.0
simu5g_00000659,2,3,18,1160.0,,15.0
simu5g_00000659,2,3,19,1160.0,,15.0
simu5g_00000659,2,3,20,1160.0,,15.0
simu5g_00000659,2,3,21,1160.0,,15.0
simu5g_00000659,2,3,22,1128.0,,14.0
simu5g_00000659,2,3,23,1160.0,,15.0
simu5g_00000659,2,3,24,1128.0,,14.0
simu5g_00000659,3,4,0,1160.0,,15.0
simu5g_00000659,3,4,1,1160.0,,15.0
simu5g_00000659,3,4,2,1160.0,,15.0
simu5g_00000659,3,4,3,1160.0,,15.0
simu5g_00000659,3,4,4,1160.0,,15.0
simu5g_00000659,3,4,5,1160.0,,15.0
simu5g_00000659,3,4,6,1160.0,,15.0
simu5g_00000659,3,4,7,1160.0,,15.0
simu5g_00000659,3,4,8,984.0,,13.0
simu5g_00000659,3,4,9,984.0,,13.0
simu5g_00000659,3,4,10,1160.0,,15.0
simu5g_00000659,3,4,11,1160.0,,15.0
simu5g_00000659,3,4,12,1160.0,,15.0
simu5g_00000659,3,4,13,1160.0,,15.0
simu5g_00000659,3,4,14,1160.0,,15.0
simu5g_00000659,3,4,15,1160.0,,15.0
simu5g_00000659,3,4,16,1160.0,,15.0
simu5g_00000659,3,4,17,1160.0,,15.0
simu5g_00000659,3,4,18,1160.0,,15.0
simu5g_00000659,3,4,19,1160.0,,15.0
simu5g_00000659,3,4,20,1160.0,,15.0
simu5g_00000659,3,4,21,1160.0,,15.0
simu5g_00000659,3,4,22,1128.0,,14.0
simu5g_00000659,3,4,23,1160.0,,15.0
simu5g_00000659,3,4,24,1128.0,,14.0
simu5g_00000660,31,0,0,984.0,,13.0
simu5g_00000660,31,0,1,984.0,,13.0
simu5g_00000660,31,0,2,1160.0,,15.0
simu5g_00000660,31,0,3,1160.0,,15.0
simu5g_00000660,31,0,4,1160.0,,15.0
simu5g_00000660,31,0,5,1128.0,,14.0
simu5g_00000660,31,0,6,1160.0,,15.0
simu5g_00000660,31,0,7,1128.0,,14.0
simu5g_00000660,31,0,8,1160.0,,15.0
simu5g_00000660,31,0,9,1160.0,,15.0
simu5g_00000660,31,0,10,1160.0,,15.0
simu5g_00000660,31,0,11,1128.0,,14.0
simu5g_00000660,31,0,12,608.0,,9.0
simu5g_00000660,31,0,13,1160.0,,15.0
simu5g_00000660,31,0,14,1160.0,,15.0
simu5g_00000660,31,0,15,1160.0,,15.0
simu5g_00000660,31,0,16,1128.0,,14.0
simu5g_00000660,31,0,17,1160.0,,15.0
simu5g_00000660,31,0,18,1160.0,,15.0
simu5g_00000660,31,0,19,1128.0,,14.0
simu5g_00000660,31,0,20,984.0,,13.0
simu5g_00000660,31,0,21,1160.0,,15.0
simu5g_00000660,31,0,22,1128.0,,14.0
simu5g_00000660,31,0,23,1160.0,,15.0
simu5g_00000660,31,0,24,1160.0,,15.0
simu5g_00000660,4,1,0,1160.0,,15.0
simu5g_00000660,4,1,1,1160.0,,15.0
simu5g_00000660,4,1,2,1160.0,,15.0
simu5g_00000660,4,1,3,1128.0,,14.0
simu5g_00000660,4,1,4,1160.0,,15.0
simu5g_00000660,4,1,5,1160.0,,15.0
simu5g_00000660,4,1,6,1160.0,,15.0
simu5g_00000660,4,1,7,1128.0,,14.0
simu5g_00000660,4,1,8,1160.0,,15.0
simu5g_00000660,4,1,9,1160.0,,15.0
simu5g_00000660,4,1,10,1160.0,,15.0
simu5g_00000660,4,1,11,1160.0,,15.0
simu5g_00000660,4,1,12,1160.0,,15.0
simu5g_00000660,4,1,13,1160.0,,15.0
simu5g_00000660,4,1,14,1160.0,,15.0
simu5g_00000660,4,1,15,1160.0,,15.0
simu5g_00000660,4,1,16,1160.0,,15.0
simu5g_00000660,4,1,17,1160.0,,15.0
simu5g_00000660,4,1,18,1160.0,,15.0
simu5g_00000660,4,1,19,1160.0,,15.0
simu5g_00000660,4,1,20,1160.0,,15.0
simu5g_00000660,4,1,21,1160.0,,15.0
simu5g_00000660,4,1,22,1160.0,,15.0
simu5g_00000660,4,1,23,1160.0,,15.0
simu5g_00000660,4,1,24,1160.0,,15.0
simu5g_00000660,5,2,0,1128.0,,14.0
simu5g_00000660,5,2,1,984.0,,13.0
simu5g_00000660,5,2,2,984.0,,13.0
simu5g_00000660,5,2,3,888.0,,12.0
simu5g_00000660,5,2,4,1160.0,,15.0
simu5g_00000660,5,2,5,984.0,,13.0
simu5g_00000660,5,2,6,984.0,,13.0
simu5g_00000660,5,2,7,984.0,,13.0
simu5g_00000660,5,2,8,984.0,,13.0
simu5g_00000660,5,2,9,1160.0,,15.0
simu5g_00000660,5,2,10,1128.0,,14.0
simu5g_00000660,5,2,11,1128.0,,14.0
simu5g_00000660,5,2,12,984.0,,13.0
simu5g_00000660,5,2,13,888.0,,12.0
simu5g_00000660,5,2,14,808.0,,11.0
simu5g_00000660,5,2,15,888.0,,12.0
simu5g_00000660,5,2,16,368.0,,6.0
simu5g_00000660,5,2,17,1160.0,,15.0
simu5g_00000660,5,2,18,1128.0,,14.0
simu5g_00000660,5,2,19,1128.0,,14.0
simu5g_00000660,5,2,20,984.0,,13.0
simu5g_00000660,5,2,21,608.0,,9.0
simu5g_00000660,5,2,22,1128.0,,14.0
simu5g_00000660,5,2,23,888.0,,12.0
simu5g_00000660,5,2,24,984.0,,13.0
simu5g_00000660,6,3,0,1128.0,,14.0
simu5g_00000660,6,3,1,984.0,,13.0
simu5g_00000660,6,3,2,984.0,,13.0
simu5g_00000660,6,3,3,368.0,,6.0
simu5g_00000660,6,3,4,888.0,,12.0
simu5g_00000660,6,3,5,984.0,,13.0
simu5g_00000660,6,3,6,1128.0,,14.0
simu5g_00000660,6,3,7,888.0,,12.0
simu5g_00000660,6,3,8,1128.0,,14.0
simu5g_00000660,6,3,9,808.0,,11.0
simu5g_00000660,6,3,10,808.0,,11.0
simu5g_00000660,6,3,11,984.0,,13.0
simu5g_00000660,6,3,12,1160.0,,15.0
simu5g_00000660,6,3,13,888.0,,12.0
simu5g_00000660,6,3,14,1128.0,,14.0
simu5g_00000660,6,3,15,1128.0,,14.0
simu5g_00000660,6,3,16,608.0,,9.0
simu5g_00000660,6,3,17,1128.0,,14.0
simu5g_00000660,6,3,18,984.0,,13.0
simu5g_00000660,6,3,19,888.0,,12.0
simu5g_00000660,6,3,20,1128.0,,14.0
simu5g_00000660,6,3,21,984.0,,13.0
simu5g_00000660,6,3,22,1128.0,,14.0
simu5g_00000660,6,3,23,1128.0,,14.0
simu5g_00000660,6,3,24,1160.0,,15.0
simu5g_00000660,7,4,0,1128.0,,14.0
simu5g_00000660,7,4,1,1160.0,,15.0
simu5g_00000660,7,4,2,1128.0,,14.0
simu5g_00000660,7,4,3,528.0,,8.0
simu5g_00000660,7,4,4,808.0,,11.0
simu5g_00000660,7,4,5,1160.0,,15.0
simu5g_00000660,7,4,6,984.0,,13.0
simu5g_00000660,7,4,7,1160.0,,15.0
simu5g_00000660,7,4,8,1160.0,,15.0
simu5g_00000660,7,4,9,984.0,,13.0
simu5g_00000660,7,4,10,1128.0,,14.0
simu5g_00000660,7,4,11,984.0,,13.0
simu5g_00000660,7,4,12,1160.0,,15.0
simu5g_00000660,7,4,13,1160.0,,15.0
simu5g_00000660,7,4,14,984.0,,13.0
simu5g_00000660,7,4,15,1128.0,,14.0
simu5g_00000660,7,4,16,984.0,,13.0
simu5g_00000660,7,4,17,528.0,,8.0
simu5g_00000660,7,4,18,1160.0,,15.0
simu5g_00000660,7,4,19,984.0,,13.0
simu5g_00000660,7,4,20,984.0,,13.0
simu5g_00000660,7,4,21,1128.0,,14.0
simu5g_00000660,7,4,22,1160.0,,15.0
simu5g_00000660,7,4,23,1160.0,,15.0
simu5g_00000660,7,4,24,1128.0,,14.0
simu5g_00000661,0,0,0,1160.0,,15.0
simu5g_00000661,0,0,1,984.0,,13.0
simu5g_00000661,0,0,2,1160.0,,15.0
simu5g_00000661,0,0,3,1160.0,,15.0
simu5g_00000661,0,0,4,1160.0,,15.0
simu5g_00000661,0,0,5,1160.0,,15.0
simu5g_00000661,0,0,6,1160.0,,15.0
simu5g_00000661,0,0,7,1160.0,,15.0
simu5g_00000661,0,0,8,1160.0,,15.0
simu5g_00000661,0,0,9,1160.0,,15.0
simu5g_00000661,0,0,10,1160.0,,15.0
simu5g_00000661,0,0,11,1160.0,,15.0
simu5g_00000661,0,0,12,1160.0,,15.0
simu5g_00000661,0,0,13,1160.0,,15.0
simu5g_00000661,0,0,14,1160.0,,15.0
simu5g_00000661,0,0,15,1160.0,,15.0
simu5g_00000661,0,0,16,1160.0,,15.0
simu5g_00000661,0,0,17,1160.0,,15.0
simu5g_00000661,0,0,18,1160.0,,15.0
simu5g_00000661,0,0,19,1160.0,,15.0
simu5g_00000661,0,0,20,1160.0,,15.0
simu5g_00000661,0,0,21,1160.0,,15.0
simu5g_00000661,0,0,22,1160.0,,15.0
simu5g_00000661,0,0,23,1160.0,,15.0
simu5g_00000661,0,0,24,1160.0,,15.0
simu5g_00000661,1,1,0,1160.0,,15.0
simu5g_00000661,1,1,1,1160.0,,15.0
simu5g_00000661,1,1,2,1160.0,,15.0
simu5g_00000661,1,1,3,1160.0,,15.0
simu5g_00000661,1,1,4,1160.0,,15.0
simu5g_00000661,1,1,5,1160.0,,15.0
simu5g_00000661,1,1,6,1160.0,,15.0
simu5g_00000661,1,1,7,1160.0,,15.0
simu5g_00000661,1,1,8,1160.0,,15.0
simu5g_00000661,1,1,9,1160.0,,15.0
simu5g_00000661,1,1,10,1160.0,,15.0
simu5g_00000661,1,1,11,1160.0,,15.0
simu5g_00000661,1,1,12,1160.0,,15.0
simu5g_00000661,1,1,13,1160.0,,15.0
simu5g_00000661,1,1,14,1160.0,,15.0
simu5g_00000661,1,1,15,1160.0,,15.0
simu5g_00000661,1,1,16,1160.0,,15.0
simu5g_00000661,1,1,17,1160.0,,15.0
simu5g_00000661,1,1,18,1160.0,,15.0
simu5g_00000661,1,1,19,1160.0,,15.0
simu5g_00000661,1,1,20,1160.0,,15.0
simu5g_00000661,1,1,21,1160.0,,15.0
simu5g_00000661,1,1,22,1160.0,,15.0
simu5g_00000661,1,1,23,1160.0,,15.0
simu5g_00000661,1,1,24,1160.0,,15.0
simu5g_00000661,15,2,0,1160.0,,15.0
simu5g_00000661,15,2,1,1160.0,,15.0
simu5g_00000661,15,2,2,1160.0,,15.0
simu5g_00000661,15,2,3,1160.0,,15.0
simu5g_00000661,15,2,4,1128.0,,14.0
simu5g_00000661,15,2,5,888.0,,12.0
simu5g_00000661,15,2,6,1160.0,,15.0
simu5g_00000661,15,2,7,1160.0,,15.0
simu5g_00000661,15,2,8,1160.0,,15.0
simu5g_00000661,15,2,9,1160.0,,15.0
simu5g_00000661,15,2,10,1160.0,,15.0
simu5g_00000661,15,2,11,1160.0,,15.0
simu5g_00000661,15,2,12,984.0,,13.0
simu5g_00000661,15,2,13,1160.0,,15.0
simu5g_00000661,15,2,14,1160.0,,15.0
simu5g_00000661,15,2,15,1128.0,,14.0
simu5g_00000661,15,2,16,1160.0,,15.0
simu5g_00000661,15,2,17,1160.0,,15.0
simu5g_00000661,15,2,18,1160.0,,15.0
simu5g_00000661,15,2,19,1160.0,,15.0
simu5g_00000661,15,2,20,1160.0,,15.0
simu5g_00000661,15,2,21,1160.0,,15.0
simu5g_00000661,15,2,22,1160.0,,15.0
simu5g_00000661,15,2,23,1160.0,,15.0
simu5g_00000661,15,2,24,1160.0,,15.0
simu5g_00000661,2,3,0,1160.0,,15.0
simu5g_00000661,2,3,1,1160.0,,15.0
simu5g_00000661,2,3,2,1160.0,,15.0
simu5g_00000661,2,3,3,1160.0,,15.0
simu5g_00000661,2,3,4,1160.0,,15.0
simu5g_00000661,2,3,5,1160.0,,15.0
simu5g_00000661,2,3,6,1160.0,,15.0
simu5g_00000661,2,3,7,984.0,,13.0
simu5g_00000661,2,3,8,1160.0,,15.0
simu5g_00000661,2,3,9,1160.0,,15.0
simu5g_00000661,2,3,10,1160.0,,15.0
simu5g_00000661,2,3,11,1128.0,,14.0
simu5g_00000661,2,3,12,1160.0,,15.0
simu5g_00000661,2,3,13,1160.0,,15.0
simu5g_00000661,2,3,14,1160.0,,15.0
simu5g_00000661,2,3,15,1160.0,,15.0
simu5g_00000661,2,3,16,1128.0,,14.0
simu5g_00000661,2,3,17,1160.0,,15.0
simu5g_00000661,2,3,18,1160.0,,15.0
simu5g_00000661,2,3,19,1160.0,,15.0
simu5g_00000661,2,3,20,1160.0,,15.0
simu5g_00000661,2,3,21,1160.0,,15.0
simu5g_00000661,2,3,22,1160.0,,15.0
simu5g_00000661,2,3,23,1160.0,,15.0
simu5g_00000661,2,3,24,1128.0,,14.0
simu5g_00000661,3,4,0,1160.0,,15.0
simu5g_00000661,3,4,1,1160.0,,15.0
simu5g_00000661,3,4,2,1160.0,,15.0
simu5g_00000661,3,4,3,1160.0,,15.0
simu5g_00000661,3,4,4,1160.0,,15.0
simu5g_00000661,3,4,5,1160.0,,15.0
simu5g_00000661,3,4,6,1160.0,,15.0
simu5g_00000661,3,4,7,1160.0,,15.0
simu5g_00000661,3,4,8,984.0,,13.0
simu5g_00000661,3,4,9,984.0,,13.0
simu5g_00000661,3,4,10,1160.0,,15.0
simu5g_00000661,3,4,11,1160.0,,15.0
simu5g_00000661,3,4,12,1160.0,,15.0
simu5g_00000661,3,4,13,1160.0,,15.0
simu5g_00000661,3,4,14,1160.0,,15.0
simu5g_00000661,3,4,15,1160.0,,15.0
simu5g_00000661,3,4,16,1160.0,,15.0
simu5g_00000661,3,4,17,1160.0,,15.0
simu5g_00000661,3,4,18,1160.0,,15.0
simu5g_00000661,3,4,19,1160.0,,15.0
simu5g_00000661,3,4,20,1160.0,,15.0
simu5g_00000661,3,4,21,1160.0,,15.0
simu5g_00000661,3,4,22,1128.0,,14.0
simu5g_00000661,3,4,23,1160.0,,15.0
simu5g_00000661,3,4,24,1128.0,,14.0
simu5g_00000662,31,0,0,1128.0,,14.0
simu5g_00000662,31,0,1,984.0,,13.0
simu5g_00000662,31,0,2,1160.0,,15.0
simu5g_00000662,31,0,3,1160.0,,15.0
simu5g_00000662,31,0,4,1160.0,,15.0
simu5g_00000662,31,0,5,1128.0,,14.0
simu5g_00000662,31,0,6,1160.0,,15.0
simu5g_00000662,31,0,7,1128.0,,14.0
simu5g_00000662,31,0,8,1160.0,,15.0
simu5g_00000662,31,0,9,1160.0,,15.0
simu5g_00000662,31,0,10,1160.0,,15.0
simu5g_00000662,31,0,11,1128.0,,14.0
simu5g_00000662,31,0,12,608.0,,9.0
simu5g_00000662,31,0,13,1160.0,,15.0
simu5g_00000662,31,0,14,1160.0,,15.0
simu5g_00000662,31,0,15,1160.0,,15.0
simu5g_00000662,31,0,16,1128.0,,14.0
simu5g_00000662,31,0,17,1160.0,,15.0
simu5g_00000662,31,0,18,1160.0,,15.0
simu5g_00000662,31,0,19,1128.0,,14.0
simu5g_00000662,31,0,20,984.0,,13.0
simu5g_00000662,31,0,21,1160.0,,15.0
simu5g_00000662,31,0,22,1128.0,,14.0
simu5g_00000662,31,0,23,1160.0,,15.0
simu5g_00000662,31,0,24,1160.0,,15.0
simu5g_00000662,4,1,0,1160.0,,15.0
simu5g_00000662,4,1,1,1160.0,,15.0
simu5g_00000662,4,1,2,1160.0,,15.0
simu5g_00000662,4,1,3,1128.0,,14.0
simu5g_00000662,4,1,4,1160.0,,15.0
simu5g_00000662,4,1,5,1160.0,,15.0
simu5g_00000662,4,1,6,1160.0,,15.0
simu5g_00000662,4,1,7,1128.0,,14.0
simu5g_00000662,4,1,8,1160.0,,15.0
simu5g_00000662,4,1,9,1160.0,,15.0
simu5g_00000662,4,1,10,1160.0,,15.0
simu5g_00000662,4,1,11,1160.0,,15.0
simu5g_00000662,4,1,12,1160.0,,15.0
simu5g_00000662,4,1,13,1160.0,,15.0
simu5g_00000662,4,1,14,1160.0,,15.0
simu5g_00000662,4,1,15,1160.0,,15.0
simu5g_00000662,4,1,16,1160.0,,15.0
simu5g_00000662,4,1,17,1160.0,,15.0
simu5g_00000662,4,1,18,1160.0,,15.0
simu5g_00000662,4,1,19,1160.0,,15.0
simu5g_00000662,4,1,20,1160.0,,15.0
simu5g_00000662,4,1,21,1160.0,,15.0
simu5g_00000662,4,1,22,1160.0,,15.0
simu5g_00000662,4,1,23,1160.0,,15.0
simu5g_00000662,4,1,24,1160.0,,15.0
simu5g_00000662,5,2,0,1160.0,,15.0
simu5g_00000662,5,2,1,1128.0,,14.0
simu5g_00000662,5,2,2,1160.0,,15.0
simu5g_00000662,5,2,3,1128.0,,14.0
simu5g_00000662,5,2,4,1160.0,,15.0
simu5g_00000662,5,2,5,1128.0,,14.0
simu5g_00000662,5,2,6,1160.0,,15.0
simu5g_00000662,5,2,7,1128.0,,14.0
simu5g_00000662,5,2,8,1128.0,,14.0
simu5g_00000662,5,2,9,1160.0,,15.0
simu5g_00000662,5,2,10,1160.0,,15.0
simu5g_00000662,5,2,11,1160.0,,15.0
simu5g_00000662,5,2,12,1160.0,,15.0
simu5g_00000662,5,2,13,1128.0,,14.0
simu5g_00000662,5,2,14,984.0,,13.0
simu5g_00000662,5,2,15,1128.0,,14.0
simu5g_00000662,5,2,16,608.0,,9.0
simu5g_00000662,5,2,17,1160.0,,15.0
simu5g_00000662,5,2,18,1160.0,,15.0
simu5g_00000662,5,2,19,1160.0,,15.0
simu5g_00000662,5,2,20,1128.0,,14.0
simu5g_00000662,5,2,21,984.0,,13.0
simu5g_00000662,5,2,22,1160.0,,15.0
simu5g_00000662,5,2,23,1128.0,,14.0
simu5g_00000662,5,2,24,1128.0,,14.0
simu5g_00000662,6,3,0,1128.0,,14.0
simu5g_00000662,6,3,1,984.0,,13.0
simu5g_00000662,6,3,2,984.0,,13.0
simu5g_00000662,6,3,3,368.0,,6.0
simu5g_00000662,6,3,4,888.0,,12.0
simu5g_00000662,6,3,5,984.0,,13.0
simu5g_00000662,6,3,6,1128.0,,14.0
simu5g_00000662,6,3,7,888.0,,12.0
simu5g_00000662,6,3,8,1128.0,,14.0
simu5g_00000662,6,3,9,808.0,,11.0
simu5g_00000662,6,3,10,808.0,,11.0
simu5g_00000662,6,3,11,984.0,,13.0
simu5g_00000662,6,3,12,1160.0,,15.0
simu5g_00000662,6,3,13,888.0,,12.0
simu5g_00000662,6,3,14,1128.0,,14.0
simu5g_00000662,6,3,15,1128.0,,14.0
simu5g_00000662,6,3,16,608.0,,9.0
simu5g_00000662,6,3,17,1128.0,,14.0
simu5g_00000662,6,3,18,984.0,,13.0
simu5g_00000662,6,3,19,888.0,,12.0
simu5g_00000662,6,3,20,1128.0,,14.0
simu5g_00000662,6,3,21,984.0,,13.0
simu5g_00000662,6,3,22,1128.0,,14.0
simu5g_00000662,6,3,23,1128.0,,14.0
simu5g_00000662,6,3,24,1160.0,,15.0
simu5g_00000662,7,4,0,1128.0,,14.0
simu5g_00000662,7,4,1,1160.0,,15.0
simu5g_00000662,7,4,2,1128.0,,14.0
simu5g_00000662,7,4,3,528.0,,8.0
simu5g_00000662,7,4,4,808.0,,11.0
simu5g_00000662,7,4,5,1160.0,,15.0
simu5g_00000662,7,4,6,984.0,,13.0
simu5g_00000662,7,4,7,1160.0,,15.0
simu5g_00000662,7,4,8,1160.0,,15.0
simu5g_00000662,7,4,9,984.0,,13.0
simu5g_00000662,7,4,10,1128.0,,14.0
simu5g_00000662,7,4,11,984.0,,13.0
simu5g_00000662,7,4,12,1160.0,,15.0
simu5g_00000662,7,4,13,1160.0,,15.0
simu5g_00000662,7,4,14,984.0,,13.0
simu5g_00000662,7,4,15,1128.0,,14.0
simu5g_00000662,7,4,16,984.0,,13.0
simu5g_00000662,7,4,17,528.0,,8.0
simu5g_00000662,7,4,18,1160.0,,15.0
simu5g_00000662,7,4,19,984.0,,13.0
simu5g_00000662,7,4,20,984.0,,13.0
simu5g_00000662,7,4,21,1128.0,,14.0
simu5g_00000662,7,4,22,1160.0,,15.0
simu5g_00000662,7,4,23,1160.0,,15.0
simu5g_00000662,7,4,24,1128.0,,14.0
simu5g_00000663,0,0,0,1160.0,,15.0
simu5g_00000663,0,0,1,984.0,,13.0
simu5g_00000663,0,0,2,1160.0,,15.0
simu5g_00000663,0,0,3,1160.0,,15.0
simu5g_00000663,0,0,4,1160.0,,15.0
simu5g_00000663,0,0,5,1160.0,,15.0
simu5g_00000663,0,0,6,1160.0,,15.0
simu5g_00000663,0,0,7,1160.0,,15.0
simu5g_00000663,0,0,8,1160.0,,15.0
simu5g_00000663,0,0,9,1160.0,,15.0
simu5g_00000663,0,0,10,1160.0,,15.0
simu5g_00000663,0,0,11,1160.0,,15.0
simu5g_00000663,0,0,12,1160.0,,15.0
simu5g_00000663,0,0,13,1160.0,,15.0
simu5g_00000663,0,0,14,1160.0,,15.0
simu5g_00000663,0,0,15,1160.0,,15.0
simu5g_00000663,0,0,16,1160.0,,15.0
simu5g_00000663,0,0,17,1160.0,,15.0
simu5g_00000663,0,0,18,1160.0,,15.0
simu5g_00000663,0,0,19,1160.0,,15.0
simu5g_00000663,0,0,20,1160.0,,15.0
simu5g_00000663,0,0,21,1160.0,,15.0
simu5g_00000663,0,0,22,1160.0,,15.0
simu5g_00000663,0,0,23,1160.0,,15.0
simu5g_00000663,0,0,24,1160.0,,15.0
simu5g_00000663,1,1,0,1160.0,,15.0
simu5g_00000663,1,1,1,1160.0,,15.0
simu5g_00000663,1,1,2,1160.0,,15.0
simu5g_00000663,1,1,3,1160.0,,15.0
simu5g_00000663,1,1,4,1160.0,,15.0
simu5g_00000663,1,1,5,1160.0,,15.0
simu5g_00000663,1,1,6,1160.0,,15.0
simu5g_00000663,1,1,7,1160.0,,15.0
simu5g_00000663,1,1,8,1160.0,,15.0
simu5g_00000663,1,1,9,1160.0,,15.0
simu5g_00000663,1,1,10,1160.0,,15.0
simu5g_00000663,1,1,11,1160.0,,15.0
simu5g_00000663,1,1,12,1160.0,,15.0
simu5g_00000663,1,1,13,1160.0,,15.0
simu5g_00000663,1,1,14,1160.0,,15.0
simu5g_00000663,1,1,15,1160.0,,15.0
simu5g_00000663,1,1,16,1160.0,,15.0
simu5g_00000663,1,1,17,1160.0,,15.0
simu5g_00000663,1,1,18,1160.0,,15.0
simu5g_00000663,1,1,19,1160.0,,15.0
simu5g_00000663,1,1,20,1160.0,,15.0
simu5g_00000663,1,1,21,1160.0,,15.0
simu5g_00000663,1,1,22,1160.0,,15.0
simu5g_00000663,1,1,23,1160.0,,15.0
simu5g_00000663,1,1,24,1160.0,,15.0
simu5g_00000663,15,2,0,1128.0,,14.0
simu5g_00000663,15,2,1,1160.0,,15.0
simu5g_00000663,15,2,2,1160.0,,15.0
simu5g_00000663,15,2,3,1160.0,,15.0
simu5g_00000663,15,2,4,1128.0,,14.0
simu5g_00000663,15,2,5,808.0,,11.0
simu5g_00000663,15,2,6,1160.0,,15.0
simu5g_00000663,15,2,7,1128.0,,14.0
simu5g_00000663,15,2,8,1160.0,,15.0
simu5g_00000663,15,2,9,1160.0,,15.0
simu5g_00000663,15,2,10,1160.0,,15.0
simu5g_00000663,15,2,11,1160.0,,15.0
simu5g_00000663,15,2,12,984.0,,13.0
simu5g_00000663,15,2,13,1160.0,,15.0
simu5g_00000663,15,2,14,1160.0,,15.0
simu5g_00000663,15,2,15,1128.0,,14.0
simu5g_00000663,15,2,16,1160.0,,15.0
simu5g_00000663,15,2,17,1160.0,,15.0
simu5g_00000663,15,2,18,1160.0,,15.0
simu5g_00000663,15,2,19,1160.0,,15.0
simu5g_00000663,15,2,20,1160.0,,15.0
simu5g_00000663,15,2,21,1160.0,,15.0
simu5g_00000663,15,2,22,1160.0,,15.0
simu5g_00000663,15,2,23,1160.0,,15.0
simu5g_00000663,15,2,24,1160.0,,15.0
simu5g_00000663,2,3,0,1160.0,,15.0
simu5g_00000663,2,3,1,1160.0,,15.0
simu5g_00000663,2,3,2,1160.0,,15.0
simu5g_00000663,2,3,3,1160.0,,15.0
simu5g_00000663,2,3,4,1160.0,,15.0
simu5g_00000663,2,3,5,1160.0,,15.0
simu5g_00000663,2,3,6,1160.0,,15.0
simu5g_00000663,2,3,7,984.0,,13.0
simu5g_00000663,2,3,8,1160.0,,15.0
simu5g_00000663,2,3,9,1160.0,,15.0
simu5g_00000663,2,3,10,1160.0,,15.0
simu5g_00000663,2,3,11,1128.0,,14.0
simu5g_00000663,2,3,12,1160.0,,15.0
simu5g_00000663,2,3,13,1160.0,,15.0
simu5g_00000663,2,3,14,1160.0,,15.0
simu5g_00000663,2,3,15,1160.0,,15.0
simu5g_00000663,2,3,16,1128.0,,14.0
simu5g_00000663,2,3,17,1160.0,,15.0
simu5g_00000663,2,3,18,1160.0,,15.0
simu5g_00000663,2,3,19,1160.0,,15.0
simu5g_00000663,2,3,20,1160.0,,15.0
simu5g_00000663,2,3,21,1160.0,,15.0
simu5g_00000663,2,3,22,1160.0,,15.0
simu5g_00000663,2,3,23,1160.0,,15.0
simu5g_00000663,2,3,24,1128.0,,14.0
simu5g_00000663,3,4,0,1160.0,,15.0
simu5g_00000663,3,4,1,1160.0,,15.0
simu5g_00000663,3,4,2,1160.0,,15.0
simu5g_00000663,3,4,3,1160.0,,15.0
simu5g_00000663,3,4,4,1160.0,,15.0
simu5g_00000663,3,4,5,1160.0,,15.0
simu5g_00000663,3,4,6,1160.0,,15.0
simu5g_00000663,3,4,7,1160.0,,15.0
simu5g_00000663,3,4,8,984.0,,13.0
simu5g_00000663,3,4,9,984.0,,13.0
simu5g_00000663,3,4,10,1160.0,,15.0
simu5g_00000663,3,4,11,1160.0,,15.0
simu5g_00000663,3,4,12,1160.0,,15.0
simu5g_00000663,3,4,13,1160.0,,15.0
simu5g_00000663,3,4,14,1160.0,,15.0
simu5g_00000663,3,4,15,1160.0,,15.0
simu5g_00000663,3,4,16,1160.0,,15.0
simu5g_00000663,3,4,17,1160.0,,15.0
simu5g_00000663,3,4,18,1160.0,,15.0
simu5g_00000663,3,4,19,1160.0,,15.0
simu5g_00000663,3,4,20,1160.0,,15.0
simu5g_00000663,3,4,21,1160.0,,15.0
simu5g_00000663,3,4,22,1128.0,,14.0
simu5g_00000663,3,4,23,1160.0,,15.0
simu5g_00000663,3,4,24,1128.0,,14.0
simu5g_00000664,31,0,0,1128.0,,14.0
simu5g_00000664,31,0,1,984.0,,13.0
simu5g_00000664,31,0,2,1160.0,,15.0
simu5g_00000664,31,0,3,1160.0,,15.0
simu5g_00000664,31,0,4,1160.0,,15.0
simu5g_00000664,31,0,5,1128.0,,14.0
simu5g_00000664,31,0,6,1160.0,,15.0
simu5g_00000664,31,0,7,1128.0,,14.0
simu5g_00000664,31,0,8,1160.0,,15.0
simu5g_00000664,31,0,9,1160.0,,15.0
simu5g_00000664,31,0,10,1160.0,,15.0
simu5g_00000664,31,0,11,1128.0,,14.0
simu5g_00000664,31,0,12,608.0,,9.0
simu5g_00000664,31,0,13,1160.0,,15.0
simu5g_00000664,31,0,14,1160.0,,15.0
simu5g_00000664,31,0,15,1160.0,,15.0
simu5g_00000664,31,0,16,1128.0,,14.0
simu5g_00000664,31,0,17,1160.0,,15.0
simu5g_00000664,31,0,18,1160.0,,15.0
simu5g_00000664,31,0,19,1128.0,,14.0
simu5g_00000664,31,0,20,984.0,,13.0
simu5g_00000664,31,0,21,1160.0,,15.0
simu5g_00000664,31,0,22,1128.0,,14.0
simu5g_00000664,31,0,23,1160.0,,15.0
simu5g_00000664,31,0,24,1160.0,,15.0
simu5g_00000664,4,1,0,1160.0,,15.0
simu5g_00000664,4,1,1,1160.0,,15.0
simu5g_00000664,4,1,2,1160.0,,15.0
simu5g_00000664,4,1,3,1128.0,,14.0
simu5g_00000664,4,1,4,1160.0,,15.0
simu5g_00000664,4,1,5,1160.0,,15.0
simu5g_00000664,4,1,6,1160.0,,15.0
simu5g_00000664,4,1,7,1128.0,,14.0
simu5g_00000664,4,1,8,1160.0,,15.0
simu5g_00000664,4,1,9,1160.0,,15.0
simu5g_00000664,4,1,10,1160.0,,15.0
simu5g_00000664,4,1,11,1160.0,,15.0
simu5g_00000664,4,1,12,1160.0,,15.0
simu5g_00000664,4,1,13,1160.0,,15.0
simu5g_00000664,4,1,14,1160.0,,15.0
simu5g_00000664,4,1,15,1160.0,,15.0
simu5g_00000664,4,1,16,1160.0,,15.0
simu5g_00000664,4,1,17,1160.0,,15.0
simu5g_00000664,4,1,18,1160.0,,15.0
simu5g_00000664,4,1,19,1160.0,,15.0
simu5g_00000664,4,1,20,1160.0,,15.0
simu5g_00000664,4,1,21,1160.0,,15.0
simu5g_00000664,4,1,22,1160.0,,15.0
simu5g_00000664,4,1,23,1160.0,,15.0
simu5g_00000664,4,1,24,1160.0,,15.0
simu5g_00000664,5,2,0,1160.0,,15.0
simu5g_00000664,5,2,1,1128.0,,14.0
simu5g_00000664,5,2,2,1160.0,,15.0
simu5g_00000664,5,2,3,1128.0,,14.0
simu5g_00000664,5,2,4,1160.0,,15.0
simu5g_00000664,5,2,5,1128.0,,14.0
simu5g_00000664,5,2,6,1160.0,,15.0
simu5g_00000664,5,2,7,1128.0,,14.0
simu5g_00000664,5,2,8,1128.0,,14.0
simu5g_00000664,5,2,9,1160.0,,15.0
simu5g_00000664,5,2,10,1160.0,,15.0
simu5g_00000664,5,2,11,1160.0,,15.0
simu5g_00000664,5,2,12,1160.0,,15.0
simu5g_00000664,5,2,13,1128.0,,14.0
simu5g_00000664,5,2,14,984.0,,13.0
simu5g_00000664,5,2,15,1128.0,,14.0
simu5g_00000664,5,2,16,608.0,,9.0
simu5g_00000664,5,2,17,1160.0,,15.0
simu5g_00000664,5,2,18,1160.0,,15.0
simu5g_00000664,5,2,19,1160.0,,15.0
simu5g_00000664,5,2,20,1128.0,,14.0
simu5g_00000664,5,2,21,984.0,,13.0
simu5g_00000664,5,2,22,1160.0,,15.0
simu5g_00000664,5,2,23,1128.0,,14.0
simu5g_00000664,5,2,24,1128.0,,14.0
simu5g_00000664,6,3,0,1128.0,,14.0
simu5g_00000664,6,3,1,984.0,,13.0
simu5g_00000664,6,3,2,984.0,,13.0
simu5g_00000664,6,3,3,368.0,,6.0
simu5g_00000664,6,3,4,888.0,,12.0
simu5g_00000664,6,3,5,984.0,,13.0
simu5g_00000664,6,3,6,1128.0,,14.0
simu5g_00000664,6,3,7,888.0,,12.0
simu5g_00000664,6,3,8,1128.0,,14.0
simu5g_00000664,6,3,9,808.0,,11.0
simu5g_00000664,6,3,10,808.0,,11.0
simu5g_00000664,6,3,11,984.0,,13.0
simu5g_00000664,6,3,12,1160.0,,15.0
simu5g_00000664,6,3,13,888.0,,12.0
simu5g_00000664,6,3,14,1128.0,,14.0
simu5g_00000664,6,3,15,1128.0,,14.0
simu5g_00000664,6,3,16,608.0,,9.0
simu5g_00000664,6,3,17,1128.0,,14.0
simu5g_00000664,6,3,18,984.0,,13.0
simu5g_00000664,6,3,19,888.0,,12.0
simu5g_00000664,6,3,20,1128.0,,14.0
simu5g_00000664,6,3,21,984.0,,13.0
simu5g_00000664,6,3,22,1128.0,,14.0
simu5g_00000664,6,3,23,1128.0,,14.0
simu5g_00000664,6,3,24,1160.0,,15.0
simu5g_00000664,7,4,0,1128.0,,14.0
simu5g_00000664,7,4,1,1160.0,,15.0
simu5g_00000664,7,4,2,1128.0,,14.0
simu5g_00000664,7,4,3,528.0,,8.0
simu5g_00000664,7,4,4,808.0,,11.0
simu5g_00000664,7,4,5,1160.0,,15.0
simu5g_00000664,7,4,6,984.0,,13.0
simu5g_00000664,7,4,7,1160.0,,15.0
simu5g_00000664,7,4,8,1160.0,,15.0
simu5g_00000664,7,4,9,984.0,,13.0
simu5g_00000664,7,4,10,1128.0,,14.0
simu5g_00000664,7,4,11,984.0,,13.0
simu5g_00000664,7,4,12,1160.0,,15.0
simu5g_00000664,7,4,13,1160.0,,15.0
simu5g_00000664,7,4,14,984.0,,13.0
simu5g_00000664,7,4,15,1128.0,,14.0
simu5g_00000664,7,4,16,984.0,,13.0
simu5g_00000664,7,4,17,528.0,,8.0
simu5g_00000664,7,4,18,1160.0,,15.0
simu5g_00000664,7,4,19,984.0,,13.0
simu5g_00000664,7,4,20,984.0,,13.0
simu5g_00000664,7,4,21,1128.0,,14.0
simu5g_00000664,7,4,22,1160.0,,15.0
simu5g_00000664,7,4,23,1160.0,,15.0
simu5g_00000664,7,4,24,1128.0,,14.0
simu5g_00000665,0,0,0,1160.0,,15.0
simu5g_00000665,0,0,1,1128.0,,14.0
simu5g_00000665,0,0,2,1160.0,,15.0
simu5g_00000665,0,0,3,1160.0,,15.0
simu5g_00000665,0,0,4,1160.0,,15.0
simu5g_00000665,0,0,5,1160.0,,15.0
simu5g_00000665,0,0,6,1160.0,,15.0
simu5g_00000665,0,0,7,1160.0,,15.0
simu5g_00000665,0,0,8,1160.0,,15.0
simu5g_00000665,0,0,9,1160.0,,15.0
simu5g_00000665,0,0,10,1160.0,,15.0
simu5g_00000665,0,0,11,1160.0,,15.0
simu5g_00000665,0,0,12,1160.0,,15.0
simu5g_00000665,0,0,13,1160.0,,15.0
simu5g_00000665,0,0,14,1160.0,,15.0
simu5g_00000665,0,0,15,1160.0,,15.0
simu5g_00000665,0,0,16,1160.0,,15.0
simu5g_00000665,0,0,17,1160.0,,15.0
simu5g_00000665,0,0,18,1160.0,,15.0
simu5g_00000665,0,0,19,1160.0,,15.0
simu5g_00000665,0,0,20,1160.0,,15.0
simu5g_00000665,0,0,21,1160.0,,15.0
simu5g_00000665,0,0,22,1160.0,,15.0
simu5g_00000665,0,0,23,1160.0,,15.0
simu5g_00000665,0,0,24,1160.0,,15.0
simu5g_00000665,1,1,0,1160.0,,15.0
simu5g_00000665,1,1,1,1160.0,,15.0
simu5g_00000665,1,1,2,1160.0,,15.0
simu5g_00000665,1,1,3,1160.0,,15.0
simu5g_00000665,1,1,4,1160.0,,15.0
simu5g_00000665,1,1,5,1160.0,,15.0
simu5g_00000665,1,1,6,1160.0,,15.0
simu5g_00000665,1,1,7,1160.0,,15.0
simu5g_00000665,1,1,8,1160.0,,15.0
simu5g_00000665,1,1,9,1160.0,,15.0
simu5g_00000665,1,1,10,1160.0,,15.0
simu5g_00000665,1,1,11,1160.0,,15.0
simu5g_00000665,1,1,12,1160.0,,15.0
simu5g_00000665,1,1,13,1160.0,,15.0
simu5g_00000665,1,1,14,1160.0,,15.0
simu5g_00000665,1,1,15,1160.0,,15.0
simu5g_00000665,1,1,16,1160.0,,15.0
simu5g_00000665,1,1,17,1160.0,,15.0
simu5g_00000665,1,1,18,1160.0,,15.0
simu5g_00000665,1,1,19,1160.0,,15.0
simu5g_00000665,1,1,20,1160.0,,15.0
simu5g_00000665,1,1,21,1160.0,,15.0
simu5g_00000665,1,1,22,1160.0,,15.0
simu5g_00000665,1,1,23,1160.0,,15.0
simu5g_00000665,1,1,24,1160.0,,15.0
simu5g_00000665,15,2,0,1128.0,,14.0
simu5g_00000665,15,2,1,1160.0,,15.0
simu5g_00000665,15,2,2,1160.0,,15.0
simu5g_00000665,15,2,3,1160.0,,15.0
simu5g_00000665,15,2,4,1128.0,,14.0
simu5g_00000665,15,2,5,808.0,,11.0
simu5g_00000665,15,2,6,1160.0,,15.0
simu5g_00000665,15,2,7,1128.0,,14.0
simu5g_00000665,15,2,8,1160.0,,15.0
simu5g_00000665,15,2,9,1160.0,,15.0
simu5g_00000665,15,2,10,1160.0,,15.0
simu5g_00000665,15,2,11,1160.0,,15.0
simu5g_00000665,15,2,12,984.0,,13.0
simu5g_00000665,15,2,13,1160.0,,15.0
simu5g_00000665,15,2,14,1160.0,,15.0
simu5g_00000665,15,2,15,1128.0,,14.0
simu5g_00000665,15,2,16,1160.0,,15.0
simu5g_00000665,15,2,17,1160.0,,15.0
simu5g_00000665,15,2,18,1160.0,,15.0
simu5g_00000665,15,2,19,1160.0,,15.0
simu5g_00000665,15,2,20,1160.0,,15.0
simu5g_00000665,15,2,21,1160.0,,15.0
simu5g_00000665,15,2,22,1160.0,,15.0
simu5g_00000665,15,2,23,1160.0,,15.0
simu5g_00000665,15,2,24,1160.0,,15.0
simu5g_00000665,2,3,0,1160.0,,15.0
simu5g_00000665,2,3,1,1160.0,,15.0
simu5g_00000665,2,3,2,1160.0,,15.0
simu5g_00000665,2,3,3,1160.0,,15.0
simu5g_00000665,2,3,4,1160.0,,15.0
simu5g_00000665,2,3,5,1160.0,,15.0
simu5g_00000665,2,3,6,1160.0,,15.0
simu5g_00000665,2,3,7,984.0,,13.0
simu5g_00000665,2,3,8,1160.0,,15.0
simu5g_00000665,2,3,9,1160.0,,15.0
simu5g_00000665,2,3,10,1160.0,,15.0
simu5g_00000665,2,3,11,1128.0,,14.0
simu5g_00000665,2,3,12,1160.0,,15.0
simu5g_00000665,2,3,13,1160.0,,15.0
simu5g_00000665,2,3,14,1160.0,,15.0
simu5g_00000665,2,3,15,1160.0,,15.0
simu5g_00000665,2,3,16,1128.0,,14.0
simu5g_00000665,2,3,17,1160.0,,15.0
simu5g_00000665,2,3,18,1160.0,,15.0
simu5g_00000665,2,3,19,1160.0,,15.0
simu5g_00000665,2,3,20,1160.0,,15.0
simu5g_00000665,2,3,21,1160.0,,15.0
simu5g_00000665,2,3,22,1160.0,,15.0
simu5g_00000665,2,3,23,1160.0,,15.0
simu5g_00000665,2,3,24,1128.0,,14.0
simu5g_00000665,3,4,0,984.0,,13.0
simu5g_00000665,3,4,1,1160.0,,15.0
simu5g_00000665,3,4,2,1128.0,,14.0
simu5g_00000665,3,4,3,1128.0,,14.0
simu5g_00000665,3,4,4,1160.0,,15.0
simu5g_00000665,3,4,5,1160.0,,15.0
simu5g_00000665,3,4,6,1160.0,,15.0
simu5g_00000665,3,4,7,1128.0,,14.0
simu5g_00000665,3,4,8,808.0,,11.0
simu5g_00000665,3,4,9,808.0,,11.0
simu5g_00000665,3,4,10,1128.0,,14.0
simu5g_00000665,3,4,11,1128.0,,14.0
simu5g_00000665,3,4,12,1160.0,,15.0
simu5g_00000665,3,4,13,1160.0,,15.0
simu5g_00000665,3,4,14,1160.0,,15.0
simu5g_00000665,3,4,15,1128.0,,14.0
simu5g_00000665,3,4,16,1160.0,,15.0
simu5g_00000665,3,4,17,1128.0,,14.0
simu5g_00000665,3,4,18,1128.0,,14.0
simu5g_00000665,3,4,19,1128.0,,14.0
simu5g_00000665,3,4,20,1160.0,,15.0
simu5g_00000665,3,4,21,1128.0,,14.0
simu5g_00000665,3,4,22,984.0,,13.0
simu5g_00000665,3,4,23,1160.0,,15.0
simu5g_00000665,3,4,24,984.0,,13.0
simu5g_00000666,31,0,0,1160.0,,15.0
simu5g_00000666,31,0,1,1160.0,,15.0
simu5g_00000666,31,0,2,1160.0,,15.0
simu5g_00000666,31,0,3,1160.0,,15.0
simu5g_00000666,31,0,4,1160.0,,15.0
simu5g_00000666,31,0,5,1160.0,,15.0
simu5g_00000666,31,0,6,1160.0,,15.0
simu5g_00000666,31,0,7,1160.0,,15.0
simu5g_00000666,31,0,8,1160.0,,15.0
simu5g_00000666,31,0,9,1160.0,,15.0
simu5g_00000666,31,0,10,1160.0,,15.0
simu5g_00000666,31,0,11,1160.0,,15.0
simu5g_00000666,31,0,12,1128.0,,14.0
simu5g_00000666,31,0,13,1160.0,,15.0
simu5g_00000666,31,0,14,1160.0,,15.0
simu5g_00000666,31,0,15,1160.0,,15.0
simu5g_00000666,31,0,16,1160.0,,15.0
simu5g_00000666,31,0,17,1160.0,,15.0
simu5g_00000666,31,0,18,1160.0,,15.0
simu5g_00000666,31,0,19,1160.0,,15.0
simu5g_00000666,31,0,20,1160.0,,15.0
simu5g_00000666,31,0,21,1160.0,,15.0
simu5g_00000666,31,0,22,1160.0,,15.0
simu5g_00000666,31,0,23,1160.0,,15.0
simu5g_00000666,31,0,24,1160.0,,15.0
simu5g_00000666,4,1,0,1160.0,,15.0
simu5g_00000666,4,1,1,1160.0,,15.0
simu5g_00000666,4,1,2,1160.0,,15.0
simu5g_00000666,4,1,3,1128.0,,14.0
simu5g_00000666,4,1,4,1160.0,,15.0
simu5g_00000666,4,1,5,1160.0,,15.0
simu5g_00000666,4,1,6,1160.0,,15.0
simu5g_00000666,4,1,7,1128.0,,14.0
simu5g_00000666,4,1,8,1160.0,,15.0
simu5g_00000666,4,1,9,1160.0,,15.0
simu5g_00000666,4,1,10,1160.0,,15.0
simu5g_00000666,4,1,11,1160.0,,15.0
simu5g_00000666,4,1,12,1160.0,,15.0
simu5g_00000666,4,1,13,1160.0,,15.0
simu5g_00000666,4,1,14,1160.0,,15.0
simu5g_00000666,4,1,15,1160.0,,15.0
simu5g_00000666,4,1,16,1160.0,,15.0
simu5g_00000666,4,1,17,1160.0,,15.0
simu5g_00000666,4,1,18,1160.0,,15.0
simu5g_00000666,4,1,19,1160.0,,15.0
simu5g_00000666,4,1,20,1160.0,,15.0
simu5g_00000666,4,1,21,1160.0,,15.0
simu5g_00000666,4,1,22,1160.0,,15.0
simu5g_00000666,4,1,23,1160.0,,15.0
simu5g_00000666,4,1,24,1160.0,,15.0
simu5g_00000666,5,2,0,1160.0,,15.0
simu5g_00000666,5,2,1,1128.0,,14.0
simu5g_00000666,5,2,2,1160.0,,15.0
simu5g_00000666,5,2,3,1128.0,,14.0
simu5g_00000666,5,2,4,1160.0,,15.0
simu5g_00000666,5,2,5,1128.0,,14.0
simu5g_00000666,5,2,6,1160.0,,15.0
simu5g_00000666,5,2,7,1128.0,,14.0
simu5g_00000666,5,2,8,1128.0,,14.0
simu5g_00000666,5,2,9,1160.0,,15.0
simu5g_00000666,5,2,10,1160.0,,15.0
simu5g_00000666,5,2,11,1160.0,,15.0
simu5g_00000666,5,2,12,1160.0,,15.0
simu5g_00000666,5,2,13,1128.0,,14.0
simu5g_00000666,5,2,14,984.0,,13.0
simu5g_00000666,5,2,15,1128.0,,14.0
simu5g_00000666,5,2,16,608.0,,9.0
simu5g_00000666,5,2,17,1160.0,,15.0
simu5g_00000666,5,2,18,1160.0,,15.0
simu5g_00000666,5,2,19,1160.0,,15.0
simu5g_00000666,5,2,20,1128.0,,14.0
simu5g_00000666,5,2,21,984.0,,13.0
simu5g_00000666,5,2,22,1160.0,,15.0
simu5g_00000666,5,2,23,1128.0,,14.0
simu5g_00000666,5,2,24,1128.0,,14.0
simu5g_00000666,6,3,0,1128.0,,14.0
simu5g_00000666,6,3,1,984.0,,13.0
simu5g_00000666,6,3,2,984.0,,13.0
simu5g_00000666,6,3,3,368.0,,6.0
simu5g_00000666,6,3,4,888.0,,12.0
simu5g_00000666,6,3,5,984.0,,13.0
simu5g_00000666,6,3,6,1128.0,,14.0
simu5g_00000666,6,3,7,888.0,,12.0
simu5g_00000666,6,3,8,1128.0,,14.0
simu5g_00000666,6,3,9,808.0,,11.0
simu5g_00000666,6,3,10,808.0,,11.0
simu5g_00000666,6,3,11,984.0,,13.0
simu5g_00000666,6,3,12,1160.0,,15.0
simu5g_00000666,6,3,13,888.0,,12.0
simu5g_00000666,6,3,14,1128.0,,14.0
simu5g_00000666,6,3,15,1128.0,,14.0
simu5g_00000666,6,3,16,608.0,,9.0
simu5g_00000666,6,3,17,1128.0,,14.0
simu5g_00000666,6,3,18,984.0,,13.0
simu5g_00000666,6,3,19,888.0,,12.0
simu5g_00000666,6,3,20,1128.0,,14.0
simu5g_00000666,6,3,21,984.0,,13.0
simu5g_00000666,6,3,22,1128.0,,14.0
simu5g_00000666,6,3,23,1128.0,,14.0
simu5g_00000666,6,3,24,1160.0,,15.0
simu5g_00000666,7,4,0,1128.0,,14.0
simu5g_00000666,7,4,1,1160.0,,15.0
simu5g_00000666,7,4,2,1128.0,,14.0
simu5g_00000666,7,4,3,432.0,,7.0
simu5g_00000666,7,4,4,704.0,,10.0
simu5g_00000666,7,4,5,1160.0,,15.0
simu5g_00000666,7,4,6,888.0,,12.0
simu5g_00000666,7,4,7,1128.0,,14.0
simu5g_00000666,7,4,8,1160.0,,15.0
simu5g_00000666,7,4,9,984.0,,13.0
simu5g_00000666,7,4,10,984.0,,13.0
simu5g_00000666,7,4,11,984.0,,13.0
simu5g_00000666,7,4,12,1128.0,,14.0
simu5g_00000666,7,4,13,1160.0,,15.0
simu5g_00000666,7,4,14,984.0,,13.0
simu5g_00000666,7,4,15,1128.0,,14.0
simu5g_00000666,7,4,16,984.0,,13.0
simu5g_00000666,7,4,17,432.0,,7.0
simu5g_00000666,7,4,18,1160.0,,15.0
simu5g_00000666,7,4,19,984.0,,13.0
simu5g_00000666,7,4,20,888.0,,12.0
simu5g_00000666,7,4,21,984.0,,13.0
simu5g_00000666,7,4,22,1128.0,,14.0
simu5g_00000666,7,4,23,1160.0,,15.0
simu5g_00000666,7,4,24,1128.0,,14.0
simu5g_00000667,0,0,0,1160.0,,15.0
simu5g_00000667,0,0,1,1128.0,,14.0
simu5g_00000667,0,0,2,1160.0,,15.0
simu5g_00000667,0,0,3,1160.0,,15.0
simu5g_00000667,0,0,4,1160.0,,15.0
simu5g_00000667,0,0,5,1160.0,,15.0
simu5g_00000667,0,0,6,1160.0,,15.0
simu5g_00000667,0,0,7,1160.0,,15.0
simu5g_00000667,0,0,8,1160.0,,15.0
simu5g_00000667,0,0,9,1160.0,,15.0
simu5g_00000667,0,0,10,1160.0,,15.0
simu5g_00000667,0,0,11,1160.0,,15.0
simu5g_00000667,0,0,12,1160.0,,15.0
simu5g_00000667,0,0,13,1160.0,,15.0
simu5g_00000667,0,0,14,1160.0,,15.0
simu5g_00000667,0,0,15,1160.0,,15.0
simu5g_00000667,0,0,16,1160.0,,15.0
simu5g_00000667,0,0,17,1160.0,,15.0
simu5g_00000667,0,0,18,1160.0,,15.0
simu5g_00000667,0,0,19,1160.0,,15.0
simu5g_00000667,0,0,20,1160.0,,15.0
simu5g_00000667,0,0,21,1160.0,,15.0
simu5g_00000667,0,0,22,1160.0,,15.0
simu5g_00000667,0,0,23,1160.0,,15.0
simu5g_00000667,0,0,24,1160.0,,15.0
simu5g_00000667,1,1,0,1160.0,,15.0
simu5g_00000667,1,1,1,1160.0,,15.0
simu5g_00000667,1,1,2,1160.0,,15.0
simu5g_00000667,1,1,3,1160.0,,15.0
simu5g_00000667,1,1,4,1160.0,,15.0
simu5g_00000667,1,1,5,1160.0,,15.0
simu5g_00000667,1,1,6,1160.0,,15.0
simu5g_00000667,1,1,7,1160.0,,15.0
simu5g_00000667,1,1,8,1160.0,,15.0
simu5g_00000667,1,1,9,1160.0,,15.0
simu5g_00000667,1,1,10,1160.0,,15.0
simu5g_00000667,1,1,11,1160.0,,15.0
simu5g_00000667,1,1,12,1160.0,,15.0
simu5g_00000667,1,1,13,1160.0,,15.0
simu5g_00000667,1,1,14,1160.0,,15.0
simu5g_00000667,1,1,15,1160.0,,15.0
simu5g_00000667,1,1,16,1160.0,,15.0
simu5g_00000667,1,1,17,1160.0,,15.0
simu5g_00000667,1,1,18,1160.0,,15.0
simu5g_00000667,1,1,19,1160.0,,15.0
simu5g_00000667,1,1,20,1160.0,,15.0
simu5g_00000667,1,1,21,1160.0,,15.0
simu5g_00000667,1,1,22,1160.0,,15.0
simu5g_00000667,1,1,23,1160.0,,15.0
simu5g_00000667,1,1,24,1160.0,,15.0
simu5g_00000667,15,2,0,1128.0,,14.0
simu5g_00000667,15,2,1,1128.0,,14.0
simu5g_00000667,15,2,2,1160.0,,15.0
simu5g_00000667,15,2,3,1160.0,,15.0
simu5g_00000667,15,2,4,1128.0,,14.0
simu5g_00000667,15,2,5,808.0,,11.0
simu5g_00000667,15,2,6,1160.0,,15.0
simu5g_00000667,15,2,7,1128.0,,14.0
simu5g_00000667,15,2,8,1160.0,,15.0
simu5g_00000667,15,2,9,1160.0,,15.0
simu5g_00000667,15,2,10,1160.0,,15.0
simu5g_00000667,15,2,11,1160.0,,15.0
simu5g_00000667,15,2,12,984.0,,13.0
simu5g_00000667,15,2,13,1160.0,,15.0
simu5g_00000667,15,2,14,1160.0,,15.0
simu5g_00000667,15,2,15,1128.0,,14.0
simu5g_00000667,15,2,16,1160.0,,15.0
simu5g_00000667,15,2,17,1160.0,,15.0
simu5g_00000667,15,2,18,1160.0,,15.0
simu5g_00000667,15,2,19,1160.0,,15.0
simu5g_00000667,15,2,20,1160.0,,15.0
simu5g_00000667,15,2,21,1160.0,,15.0
simu5g_00000667,15,2,22,1160.0,,15.0
simu5g_00000667,15,2,23,1160.0,,15.0
simu5g_00000667,15,2,24,1160.0,,15.0
simu5g_00000667,2,3,0,1160.0,,15.0
simu5g_00000667,2,3,1,1160.0,,15.0
simu5g_00000667,2,3,2,1160.0,,15.0
simu5g_00000667,2,3,3,1160.0,,15.0
simu5g_00000667,2,3,4,1160.0,,15.0
simu5g_00000667,2,3,5,1160.0,,15.0
simu5g_00000667,2,3,6,1160.0,,15.0
simu5g_00000667,2,3,7,984.0,,13.0
simu5g_00000667,2,3,8,1160.0,,15.0
simu5g_00000667,2,3,9,1160.0,,15.0
simu5g_00000667,2,3,10,1160.0,,15.0
simu5g_00000667,2,3,11,1128.0,,14.0
simu5g_00000667,2,3,12,1160.0,,15.0
simu5g_00000667,2,3,13,1160.0,,15.0
simu5g_00000667,2,3,14,1160.0,,15.0
simu5g_00000667,2,3,15,1160.0,,15.0
simu5g_00000667,2,3,16,1128.0,,14.0
simu5g_00000667,2,3,17,1160.0,,15.0
simu5g_00000667,2,3,18,1160.0,,15.0
simu5g_00000667,2,3,19,1160.0,,15.0
simu5g_00000667,2,3,20,1160.0,,15.0
simu5g_00000667,2,3,21,1160.0,,15.0
simu5g_00000667,2,3,22,1160.0,,15.0
simu5g_00000667,2,3,23,1160.0,,15.0
simu5g_00000667,2,3,24,1160.0,,15.0
simu5g_00000667,3,4,0,984.0,,13.0
simu5g_00000667,3,4,1,1160.0,,15.0
simu5g_00000667,3,4,2,1128.0,,14.0
simu5g_00000667,3,4,3,1128.0,,14.0
simu5g_00000667,3,4,4,1160.0,,15.0
simu5g_00000667,3,4,5,1160.0,,15.0
simu5g_00000667,3,4,6,1160.0,,15.0
simu5g_00000667,3,4,7,1128.0,,14.0
simu5g_00000667,3,4,8,808.0,,11.0
simu5g_00000667,3,4,9,808.0,,11.0
simu5g_00000667,3,4,10,1128.0,,14.0
simu5g_00000667,3,4,11,1128.0,,14.0
simu5g_00000667,3,4,12,1160.0,,15.0
simu5g_00000667,3,4,13,1160.0,,15.0
simu5g_00000667,3,4,14,1160.0,,15.0
simu5g_00000667,3,4,15,1128.0,,14.0
simu5g_00000667,3,4,16,1160.0,,15.0
simu5g_00000667,3,4,17,1128.0,,14.0
simu5g_00000667,3,4,18,1160.0,,15.0
simu5g_00000667,3,4,19,1128.0,,14.0
simu5g_00000667,3,4,20,1160.0,,15.0
simu5g_00000667,3,4,21,1128.0,,14.0
simu5g_00000667,3,4,22,984.0,,13.0
simu5g_00000667,3,4,23,1160.0,,15.0
simu5g_00000667,3,4,24,984.0,,13.0
simu5g_00000668,31,0,0,1160.0,,15.0
simu5g_00000668,31,0,1,1160.0,,15.0
simu5g_00000668,31,0,2,1160.0,,15.0
simu5g_00000668,31,0,3,1160.0,,15.0
simu5g_00000668,31,0,4,1160.0,,15.0
simu5g_00000668,31,0,5,1160.0,,15.0
simu5g_00000668,31,0,6,1160.0,,15.0
simu5g_00000668,31,0,7,1160.0,,15.0
simu5g_00000668,31,0,8,1160.0,,15.0
simu5g_00000668,31,0,9,1160.0,,15.0
simu5g_00000668,31,0,10,1160.0,,15.0
simu5g_00000668,31,0,11,1160.0,,15.0
simu5g_00000668,31,0,12,1128.0,,14.0
simu5g_00000668,31,0,13,1160.0,,15.0
simu5g_00000668,31,0,14,1160.0,,15.0
simu5g_00000668,31,0,15,1160.0,,15.0
simu5g_00000668,31,0,16,1160.0,,15.0
simu5g_00000668,31,0,17,1160.0,,15.0
simu5g_00000668,31,0,18,1160.0,,15.0
simu5g_00000668,31,0,19,1160.0,,15.0
simu5g_00000668,31,0,20,1160.0,,15.0
simu5g_00000668,31,0,21,1160.0,,15.0
simu5g_00000668,31,0,22,1160.0,,15.0
simu5g_00000668,31,0,23,1160.0,,15.0
simu5g_00000668,31,0,24,1160.0,,15.0
simu5g_00000668,4,1,0,1160.0,,15.0
simu5g_00000668,4,1,1,984.0,,13.0
simu5g_00000668,4,1,2,1160.0,,15.0
simu5g_00000668,4,1,3,608.0,,9.0
simu5g_00000668,4,1,4,1160.0,,15.0
simu5g_00000668,4,1,5,1160.0,,15.0
simu5g_00000668,4,1,6,1160.0,,15.0
simu5g_00000668,4,1,7,808.0,,11.0
simu5g_00000668,4,1,8,984.0,,13.0
simu5g_00000668,4,1,9,1160.0,,15.0
simu5g_00000668,4,1,10,1128.0,,14.0
simu5g_00000668,4,1,11,1160.0,,15.0
simu5g_00000668,4,1,12,1160.0,,15.0
simu5g_00000668,4,1,13,1128.0,,14.0
simu5g_00000668,4,1,14,1160.0,,15.0
simu5g_00000668,4,1,15,1128.0,,14.0
simu5g_00000668,4,1,16,1128.0,,14.0
simu5g_00000668,4,1,17,1128.0,,14.0
simu5g_00000668,4,1,18,1160.0,,15.0
simu5g_00000668,4,1,19,1160.0,,15.0
simu5g_00000668,4,1,20,1128.0,,14.0
simu5g_00000668,4,1,21,1128.0,,14.0
simu5g_00000668,4,1,22,1160.0,,15.0
simu5g_00000668,4,1,23,1160.0,,15.0
simu5g_00000668,4,1,24,1128.0,,14.0
simu5g_00000668,5,2,0,1160.0,,15.0
simu5g_00000668,5,2,1,1160.0,,15.0
simu5g_00000668,5,2,2,1160.0,,15.0
simu5g_00000668,5,2,3,1160.0,,15.0
simu5g_00000668,5,2,4,1160.0,,15.0
simu5g_00000668,5,2,5,1160.0,,15.0
simu5g_00000668,5,2,6,1160.0,,15.0
simu5g_00000668,5,2,7,1160.0,,15.0
simu5g_00000668,5,2,8,1160.0,,15.0
simu5g_00000668,5,2,9,1160.0,,15.0
simu5g_00000668,5,2,10,1160.0,,15.0
simu5g_00000668,5,2,11,1160.0,,15.0
simu5g_00000668,5,2,12,1160.0,,15.0
simu5g_00000668,5,2,13,1160.0,,15.0
simu5g_00000668,5,2,14,1160.0,,15.0
simu5g_00000668,5,2,15,1160.0,,15.0
simu5g_00000668,5,2,16,984.0,,13.0
simu5g_00000668,5,2,17,1160.0,,15.0
simu5g_00000668,5,2,18,1160.0,,15.0
simu5g_00000668,5,2,19,1160.0,,15.0
simu5g_00000668,5,2,20,1160.0,,15.0
simu5g_00000668,5,2,21,1128.0,,14.0
simu5g_00000668,5,2,22,1160.0,,15.0
simu5g_00000668,5,2,23,1160.0,,15.0
simu5g_00000668,5,2,24,1160.0,,15.0
simu5g_00000668,6,3,0,1128.0,,14.0
simu5g_00000668,6,3,1,984.0,,13.0
simu5g_00000668,6,3,2,1128.0,,14.0
simu5g_00000668,6,3,3,368.0,,6.0
simu5g_00000668,6,3,4,888.0,,12.0
simu5g_00000668,6,3,5,984.0,,13.0
simu5g_00000668,6,3,6,1128.0,,14.0
simu5g_00000668,6,3,7,888.0,,12.0
simu5g_00000668,6,3,8,1128.0,,14.0
simu5g_00000668,6,3,9,808.0,,11.0
simu5g_00000668,6,3,10,808.0,,11.0
simu5g_00000668,6,3,11,984.0,,13.0
simu5g_00000668,6,3,12,1160.0,,15.0
simu5g_00000668,6,3,13,888.0,,12.0
simu5g_00000668,6,3,14,1128.0,,14.0
simu5g_00000668,6,3,15,1128.0,,14.0
simu5g_00000668,6,3,16,608.0,,9.0
simu5g_00000668,6,3,17,1128.0,,14.0
simu5g_00000668,6,3,18,984.0,,13.0
simu5g_00000668,6,3,19,888.0,,12.0
simu5g_00000668,6,3,20,1128.0,,14.0
simu5g_00000668,6,3,21,984.0,,13.0
simu5g_00000668,6,3,22,1128.0,,14.0
simu5g_00000668,6,3,23,1128.0,,14.0
simu5g_00000668,6,3,24,1160.0,,15.0
simu5g_00000668,7,4,0,1128.0,,14.0
simu5g_00000668,7,4,1,1160.0,,15.0
simu5g_00000668,7,4,2,1128.0,,14.0
simu5g_00000668,7,4,3,432.0,,7.0
simu5g_00000668,7,4,4,704.0,,10.0
simu5g_00000668,7,4,5,1160.0,,15.0
simu5g_00000668,7,4,6,888.0,,12.0
simu5g_00000668,7,4,7,1128.0,,14.0
simu5g_00000668,7,4,8,1160.0,,15.0
simu5g_00000668,7,4,9,984.0,,13.0
simu5g_00000668,7,4,10,984.0,,13.0
simu5g_00000668,7,4,11,984.0,,13.0
simu5g_00000668,7,4,12,1128.0,,14.0
simu5g_00000668,7,4,13,1160.0,,15.0
simu5g_00000668,7,4,14,984.0,,13.0
simu5g_00000668,7,4,15,1128.0,,14.0
simu5g_00000668,7,4,16,984.0,,13.0
simu5g_00000668,7,4,17,432.0,,7.0
simu5g_00000668,7,4,18,1160.0,,15.0
simu5g_00000668,7,4,19,984.0,,13.0
simu5g_00000668,7,4,20,888.0,,12.0
simu5g_00000668,7,4,21,984.0,,13.0
simu5g_00000668,7,4,22,1128.0,,14.0
simu5g_00000668,7,4,23,1160.0,,15.0
simu5g_00000668,7,4,24,1128.0,,14.0
simu5g_00000669,0,0,0,1160.0,,15.0
simu5g_00000669,0,0,1,1128.0,,14.0
simu5g_00000669,0,0,2,1160.0,,15.0
simu5g_00000669,0,0,3,1160.0,,15.0
simu5g_00000669,0,0,4,1160.0,,15.0
simu5g_00000669,0,0,5,1160.0,,15.0
simu5g_00000669,0,0,6,1160.0,,15.0
simu5g_00000669,0,0,7,1160.0,,15.0
simu5g_00000669,0,0,8,1160.0,,15.0
simu5g_00000669,0,0,9,1160.0,,15.0
simu5g_00000669,0,0,10,1160.0,,15.0
simu5g_00000669,0,0,11,1160.0,,15.0
simu5g_00000669,0,0,12,1160.0,,15.0
simu5g_00000669,0,0,13,1160.0,,15.0
simu5g_00000669,0,0,14,1160.0,,15.0
simu5g_00000669,0,0,15,1160.0,,15.0
simu5g_00000669,0,0,16,1160.0,,15.0
simu5g_00000669,0,0,17,1160.0,,15.0
simu5g_00000669,0,0,18,1160.0,,15.0
simu5g_00000669,0,0,19,1160.0,,15.0
simu5g_00000669,0,0,20,1160.0,,15.0
simu5g_00000669,0,0,21,1160.0,,15.0
simu5g_00000669,0,0,22,1160.0,,15.0
simu5g_00000669,0,0,23,1160.0,,15.0
simu5g_00000669,0,0,24,1160.0,,15.0
simu5g_00000669,1,1,0,1160.0,,15.0
simu5g_00000669,1,1,1,1160.0,,15.0
simu5g_00000669,1,1,2,1160.0,,15.0
simu5g_00000669,1,1,3,1160.0,,15.0
simu5g_00000669,1,1,4,1160.0,,15.0
simu5g_00000669,1,1,5,1160.0,,15.0
simu5g_00000669,1,1,6,1160.0,,15.0
simu5g_00000669,1,1,7,1128.0,,14.0
simu5g_00000669,1,1,8,984.0,,13.0
simu5g_00000669,1,1,9,1160.0,,15.0
simu5g_00000669,1,1,10,1160.0,,15.0
simu5g_00000669,1,1,11,1160.0,,15.0
simu5g_00000669,1,1,12,1160.0,,15.0
simu5g_00000669,1,1,13,1160.0,,15.0
simu5g_00000669,1,1,14,1160.0,,15.0
simu5g_00000669,1,1,15,1160.0,,15.0
simu5g_00000669,1,1,16,1160.0,,15.0
simu5g_00000669,1,1,17,1160.0,,15.0
simu5g_00000669,1,1,18,1160.0,,15.0
simu5g_00000669,1,1,19,1160.0,,15.0
simu5g_00000669,1,1,20,1160.0,,15.0
simu5g_00000669,1,1,21,984.0,,13.0
simu5g_00000669,1,1,22,1160.0,,15.0
simu5g_00000669,1,1,23,1160.0,,15.0
simu5g_00000669,1,1,24,1160.0,,15.0
simu5g_00000669,15,2,0,1160.0,,15.0
simu5g_00000669,15,2,1,1160.0,,15.0
simu5g_00000669,15,2,2,1160.0,,15.0
simu5g_00000669,15,2,3,1160.0,,15.0
simu5g_00000669,15,2,4,1128.0,,14.0
simu5g_00000669,15,2,5,888.0,,12.0
simu5g_00000669,15,2,6,1160.0,,15.0
simu5g_00000669,15,2,7,1160.0,,15.0
simu5g_00000669,15,2,8,1160.0,,15.0
simu5g_00000669,15,2,9,1160.0,,15.0
simu5g_00000669,15,2,10,1160.0,,15.0
simu5g_00000669,15,2,11,1160.0,,15.0
simu5g_00000669,15,2,12,984.0,,13.0
simu5g_00000669,15,2,13,1160.0,,15.0
simu5g_00000669,15,2,14,1160.0,,15.0
simu5g_00000669,15,2,15,1128.0,,14.0
simu5g_00000669,15,2,16,1160.0,,15.0
simu5g_00000669,15,2,17,1160.0,,15.0
simu5g_00000669,15,2,18,1160.0,,15.0
simu5g_00000669,15,2,19,1160.0,,15.0
simu5g_00000669,15,2,20,1160.0,,15.0
simu5g_00000669,15,2,21,1160.0,,15.0
simu5g_00000669,15,2,22,1160.0,,15.0
simu5g_00000669,15,2,23,1160.0,,15.0
simu5g_00000669,15,2,24,1160.0,,15.0
simu5g_00000669,2,3,0,1160.0,,15.0
simu5g_00000669,2,3,1,1160.0,,15.0
simu5g_00000669,2,3,2,1160.0,,15.0
simu5g_00000669,2,3,3,1160.0,,15.0
simu5g_00000669,2,3,4,1160.0,,15.0
simu5g_00000669,2,3,5,1160.0,,15.0
simu5g_00000669,2,3,6,1160.0,,15.0
simu5g_00000669,2,3,7,984.0,,13.0
simu5g_00000669,2,3,8,1160.0,,15.0
simu5g_00000669,2,3,9,1160.0,,15.0
simu5g_00000669,2,3,10,1160.0,,15.0
simu5g_00000669,2,3,11,1128.0,,14.0
simu5g_00000669,2,3,12,1160.0,,15.0
simu5g_00000669,2,3,13,1160.0,,15.0
simu5g_00000669,2,3,14,1160.0,,15.0
simu5g_00000669,2,3,15,1160.0,,15.0
simu5g_00000669,2,3,16,1128.0,,14.0
simu5g_00000669,2,3,17,1160.0,,15.0
simu5g_00000669,2,3,18,1160.0,,15.0
simu5g_00000669,2,3,19,1160.0,,15.0
simu5g_00000669,2,3,20,1160.0,,15.0
simu5g_00000669,2,3,21,1160.0,,15.0
simu5g_00000669,2,3,22,1160.0,,15.0
simu5g_00000669,2,3,23,1160.0,,15.0
simu5g_00000669,2,3,24,1160.0,,15.0
simu5g_00000669,3,4,0,1128.0,,14.0
simu5g_00000669,3,4,1,1160.0,,15.0
simu5g_00000669,3,4,2,1128.0,,14.0
simu5g_00000669,3,4,3,1128.0,,14.0
simu5g_00000669,3,4,4,1160.0,,15.0
simu5g_00000669,3,4,5,1160.0,,15.0
simu5g_00000669,3,4,6,1160.0,,15.0
simu5g_00000669,3,4,7,1128.0,,14.0
simu5g_00000669,3,4,8,808.0,,11.0
simu5g_00000669,3,4,9,808.0,,11.0
simu5g_00000669,3,4,10,1128.0,,14.0
simu5g_00000669,3,4,11,1128.0,,14.0
simu5g_00000669,3,4,12,1160.0,,15.0
simu5g_00000669,3,4,13,1160.0,,15.0
simu5g_00000669,3,4,14,1160.0,,15.0
simu5g_00000669,3,4,15,1160.0,,15.0
simu5g_00000669,3,4,16,1160.0,,15.0
simu5g_00000669,3,4,17,1160.0,,15.0
simu5g_00000669,3,4,18,1160.0,,15.0
simu5g_00000669,3,4,19,1128.0,,14.0
simu5g_00000669,3,4,20,1160.0,,15.0
simu5g_00000669,3,4,21,1128.0,,14.0
simu5g_00000669,3,4,22,984.0,,13.0
simu5g_00000669,3,4,23,1160.0,,15.0
simu5g_00000669,3,4,24,984.0,,13.0
simu5g_00000670,31,0,0,1160.0,,15.0
simu5g_00000670,31,0,1,1160.0,,15.0
simu5g_00000670,31,0,2,1160.0,,15.0
simu5g_00000670,31,0,3,1160.0,,15.0
simu5g_00000670,31,0,4,1160.0,,15.0
simu5g_00000670,31,0,5,1160.0,,15.0
simu5g_00000670,31,0,6,1160.0,,15.0
simu5g_00000670,31,0,7,1160.0,,15.0
simu5g_00000670,31,0,8,1160.0,,15.0
simu5g_00000670,31,0,9,1160.0,,15.0
simu5g_00000670,31,0,10,1160.0,,15.0
simu5g_00000670,31,0,11,1160.0,,15.0
simu5g_00000670,31,0,12,1128.0,,14.0
simu5g_00000670,31,0,13,1160.0,,15.0
simu5g_00000670,31,0,14,1160.0,,15.0
simu5g_00000670,31,0,15,1160.0,,15.0
simu5g_00000670,31,0,16,1160.0,,15.0
simu5g_00000670,31,0,17,1160.0,,15.0
simu5g_00000670,31,0,18,1160.0,,15.0
simu5g_00000670,31,0,19,1160.0,,15.0
simu5g_00000670,31,0,20,1160.0,,15.0
simu5g_00000670,31,0,21,1160.0,,15.0
simu5g_00000670,31,0,22,1160.0,,15.0
simu5g_00000670,31,0,23,1160.0,,15.0
simu5g_00000670,31,0,24,1160.0,,15.0
simu5g_00000670,4,1,0,1160.0,,15.0
simu5g_00000670,4,1,1,984.0,,13.0
simu5g_00000670,4,1,2,1160.0,,15.0
simu5g_00000670,4,1,3,608.0,,9.0
simu5g_00000670,4,1,4,1160.0,,15.0
simu5g_00000670,4,1,5,1160.0,,15.0
simu5g_00000670,4,1,6,1160.0,,15.0
simu5g_00000670,4,1,7,808.0,,11.0
simu5g_00000670,4,1,8,984.0,,13.0
simu5g_00000670,4,1,9,1160.0,,15.0
simu5g_00000670,4,1,10,1128.0,,14.0
simu5g_00000670,4,1,11,1160.0,,15.0
simu5g_00000670,4,1,12,1160.0,,15.0
simu5g_00000670,4,1,13,1128.0,,14.0
simu5g_00000670,4,1,14,1160.0,,15.0
simu5g_00000670,4,1,15,1128.0,,14.0
simu5g_00000670,4,1,16,1128.0,,14.0
simu5g_00000670,4,1,17,1128.0,,14.0
simu5g_00000670,4,1,18,1160.0,,15.0
simu5g_00000670,4,1,19,1160.0,,15.0
simu5g_00000670,4,1,20,1128.0,,14.0
simu5g_00000670,4,1,21,1128.0,,14.0
simu5g_00000670,4,1,22,1160.0,,15.0
simu5g_00000670,4,1,23,1160.0,,15.0
simu5g_00000670,4,1,24,1128.0,,14.0
simu5g_00000670,5,2,0,1160.0,,15.0
simu5g_00000670,5,2,1,1160.0,,15.0
simu5g_00000670,5,2,2,1160.0,,15.0
simu5g_00000670,5,2,3,1160.0,,15.0
simu5g_00000670,5,2,4,1160.0,,15.0
simu5g_00000670,5,2,5,1160.0,,15.0
simu5g_00000670,5,2,6,1160.0,,15.0
simu5g_00000670,5,2,7,1160.0,,15.0
simu5g_00000670,5,2,8,1160.0,,15.0
simu5g_00000670,5,2,9,1160.0,,15.0
simu5g_00000670,5,2,10,1160.0,,15.0
simu5g_00000670,5,2,11,1160.0,,15.0
simu5g_00000670,5,2,12,1160.0,,15.0
simu5g_00000670,5,2,13,1160.0,,15.0
simu5g_00000670,5,2,14,1160.0,,15.0
simu5g_00000670,5,2,15,1160.0,,15.0
simu5g_00000670,5,2,16,984.0,,13.0
simu5g_00000670,5,2,17,1160.0,,15.0
simu5g_00000670,5,2,18,1160.0,,15.0
simu5g_00000670,5,2,19,1160.0,,15.0
simu5g_00000670,5,2,20,1160.0,,15.0
simu5g_00000670,5,2,21,1128.0,,14.0
simu5g_00000670,5,2,22,1160.0,,15.0
simu5g_00000670,5,2,23,1160.0,,15.0
simu5g_00000670,5,2,24,1160.0,,15.0
simu5g_00000670,6,3,0,1160.0,,15.0
simu5g_00000670,6,3,1,1128.0,,14.0
simu5g_00000670,6,3,2,1160.0,,15.0
simu5g_00000670,6,3,3,528.0,,8.0
simu5g_00000670,6,3,4,984.0,,13.0
simu5g_00000670,6,3,5,1128.0,,14.0
simu5g_00000670,6,3,6,1160.0,,15.0
simu5g_00000670,6,3,7,1128.0,,14.0
simu5g_00000670,6,3,8,1160.0,,15.0
simu5g_00000670,6,3,9,984.0,,13.0
simu5g_00000670,6,3,10,984.0,,13.0
simu5g_00000670,6,3,11,1128.0,,14.0
simu5g_00000670,6,3,12,1160.0,,15.0
simu5g_00000670,6,3,13,984.0,,13.0
simu5g_00000670,6,3,14,1160.0,,15.0
simu5g_00000670,6,3,15,1160.0,,15.0
simu5g_00000670,6,3,16,808.0,,11.0
simu5g_00000670,6,3,17,1160.0,,15.0
simu5g_00000670,6,3,18,1160.0,,15.0
simu5g_00000670,6,3,19,1128.0,,14.0
simu5g_00000670,6,3,20,1160.0,,15.0
simu5g_00000670,6,3,21,1128.0,,14.0
simu5g_00000670,6,3,22,1160.0,,15.0
simu5g_00000670,6,3,23,1160.0,,15.0
simu5g_00000670,6,3,24,1160.0,,15.0
simu5g_00000670,7,4,0,1128.0,,14.0
simu5g_00000670,7,4,1,1160.0,,15.0
simu5g_00000670,7,4,2,1128.0,,14.0
simu5g_00000670,7,4,3,432.0,,7.0
simu5g_00000670,7,4,4,704.0,,10.0
simu5g_00000670,7,4,5,1160.0,,15.0
simu5g_00000670,7,4,6,888.0,,12.0
simu5g_00000670,7,4,7,1128.0,,14.0
simu5g_00000670,7,4,8,1160.0,,15.0
simu5g_00000670,7,4,9,984.0,,13.0
simu5g_00000670,7,4,10,984.0,,13.0
simu5g_00000670,7,4,11,984.0,,13.0
simu5g_00000670,7,4,12,1128.0,,14.0
simu5g_00000670,7,4,13,1160.0,,15.0
simu5g_00000670,7,4,14,984.0,,13.0
simu5g_00000670,7,4,15,1128.0,,14.0
simu5g_00000670,7,4,16,984.0,,13.0
simu5g_00000670,7,4,17,432.0,,7.0
simu5g_00000670,7,4,18,1160.0,,15.0
simu5g_00000670,7,4,19,984.0,,13.0
simu5g_00000670,7,4,20,888.0,,12.0
simu5g_00000670,7,4,21,984.0,,13.0
simu5g_00000670,7,4,22,1128.0,,14.0
simu5g_00000670,7,4,23,1160.0,,15.0
simu5g_00000670,7,4,24,1128.0,,14.0
simu5g_00000671,0,0,0,1160.0,,15.0
simu5g_00000671,0,0,1,1128.0,,14.0
simu5g_00000671,0,0,2,1160.0,,15.0
simu5g_00000671,0,0,3,1160.0,,15.0
simu5g_00000671,0,0,4,1160.0,,15.0
simu5g_00000671,0,0,5,1160.0,,15.0
simu5g_00000671,0,0,6,1160.0,,15.0
simu5g_00000671,0,0,7,1160.0,,15.0
simu5g_00000671,0,0,8,1160.0,,15.0
simu5g_00000671,0,0,9,1160.0,,15.0
simu5g_00000671,0,0,10,1160.0,,15.0
simu5g_00000671,0,0,11,1160.0,,15.0
simu5g_00000671,0,0,12,1160.0,,15.0
simu5g_00000671,0,0,13,1160.0,,15.0
simu5g_00000671,0,0,14,1160.0,,15.0
simu5g_00000671,0,0,15,1160.0,,15.0
simu5g_00000671,0,0,16,1160.0,,15.0
simu5g_00000671,0,0,17,1160.0,,15.0
simu5g_00000671,0,0,18,1160.0,,15.0
simu5g_00000671,0,0,19,1160.0,,15.0
simu5g_00000671,0,0,20,1160.0,,15.0
simu5g_00000671,0,0,21,1160.0,,15.0
simu5g_00000671,0,0,22,1160.0,,15.0
simu5g_00000671,0,0,23,1160.0,,15.0
simu5g_00000671,0,0,24,1160.0,,15.0
simu5g_00000671,1,1,0,1160.0,,15.0
simu5g_00000671,1,1,1,1160.0,,15.0
simu5g_00000671,1,1,2,1160.0,,15.0
simu5g_00000671,1,1,3,1160.0,,15.0
simu5g_00000671,1,1,4,1160.0,,15.0
simu5g_00000671,1,1,5,1160.0,,15.0
simu5g_00000671,1,1,6,1160.0,,15.0
simu5g_00000671,1,1,7,1128.0,,14.0
simu5g_00000671,1,1,8,984.0,,13.0
simu5g_00000671,1,1,9,1160.0,,15.0
simu5g_00000671,1,1,10,1160.0,,15.0
simu5g_00000671,1,1,11,1160.0,,15.0
simu5g_00000671,1,1,12,1160.0,,15.0
simu5g_00000671,1,1,13,1160.0,,15.0
simu5g_00000671,1,1,14,1160.0,,15.0
simu5g_00000671,1,1,15,1160.0,,15.0
simu5g_00000671,1,1,16,1160.0,,15.0
simu5g_00000671,1,1,17,1160.0,,15.0
simu5g_00000671,1,1,18,1160.0,,15.0
simu5g_00000671,1,1,19,1160.0,,15.0
simu5g_00000671,1,1,20,1160.0,,15.0
simu5g_00000671,1,1,21,984.0,,13.0
simu5g_00000671,1,1,22,1160.0,,15.0
simu5g_00000671,1,1,23,1160.0,,15.0
simu5g_00000671,1,1,24,1160.0,,15.0
simu5g_00000671,15,2,0,1160.0,,15.0
simu5g_00000671,15,2,1,1160.0,,15.0
simu5g_00000671,15,2,2,1160.0,,15.0
simu5g_00000671,15,2,3,1160.0,,15.0
simu5g_00000671,15,2,4,1128.0,,14.0
simu5g_00000671,15,2,5,888.0,,12.0
simu5g_00000671,15,2,6,1160.0,,15.0
simu5g_00000671,15,2,7,1160.0,,15.0
simu5g_00000671,15,2,8,1160.0,,15.0
simu5g_00000671,15,2,9,1160.0,,15.0
simu5g_00000671,15,2,10,1160.0,,15.0
simu5g_00000671,15,2,11,1160.0,,15.0
simu5g_00000671,15,2,12,984.0,,13.0
simu5g_00000671,15,2,13,1160.0,,15.0
simu5g_00000671,15,2,14,1160.0,,15.0
simu5g_00000671,15,2,15,1128.0,,14.0
simu5g_00000671,15,2,16,1160.0,,15.0
simu5g_00000671,15,2,17,1160.0,,15.0
simu5g_00000671,15,2,18,1160.0,,15.0
simu5g_00000671,15,2,19,1160.0,,15.0
simu5g_00000671,15,2,20,1160.0,,15.0
simu5g_00000671,15,2,21,1160.0,,15.0
simu5g_00000671,15,2,22,1160.0,,15.0
simu5g_00000671,15,2,23,1160.0,,15.0
simu5g_00000671,15,2,24,1160.0,,15.0
simu5g_00000671,2,3,0,1160.0,,15.0
simu5g_00000671,2,3,1,1160.0,,15.0
simu5g_00000671,2,3,2,1160.0,,15.0
simu5g_00000671,2,3,3,1160.0,,15.0
simu5g_00000671,2,3,4,1160.0,,15.0
simu5g_00000671,2,3,5,1160.0,,15.0
simu5g_00000671,2,3,6,1160.0,,15.0
simu5g_00000671,2,3,7,984.0,,13.0
simu5g_00000671,2,3,8,1160.0,,15.0
simu5g_00000671,2,3,9,1160.0,,15.0
simu5g_00000671,2,3,10,1160.0,,15.0
simu5g_00000671,2,3,11,1128.0,,14.0
simu5g_00000671,2,3,12,1160.0,,15.0
simu5g_00000671,2,3,13,1160.0,,15.0
simu5g_00000671,2,3,14,1160.0,,15.0
simu5g_00000671,2,3,15,1160.0,,15.0
simu5g_00000671,2,3,16,1128.0,,14.0
simu5g_00000671,2,3,17,1160.0,,15.0
simu5g_00000671,2,3,18,1160.0,,15.0
simu5g_00000671,2,3,19,1160.0,,15.0
simu5g_00000671,2,3,20,1160.0,,15.0
simu5g_00000671,2,3,21,1160.0,,15.0
simu5g_00000671,2,3,22,1160.0,,15.0
simu5g_00000671,2,3,23,1160.0,,15.0
simu5g_00000671,2,3,24,1160.0,,15.0
simu5g_00000671,3,4,0,1160.0,,15.0
simu5g_00000671,3,4,1,1160.0,,15.0
simu5g_00000671,3,4,2,1160.0,,15.0
simu5g_00000671,3,4,3,1160.0,,15.0
simu5g_00000671,3,4,4,1160.0,,15.0
simu5g_00000671,3,4,5,1160.0,,15.0
simu5g_00000671,3,4,6,1160.0,,15.0
simu5g_00000671,3,4,7,1160.0,,15.0
simu5g_00000671,3,4,8,1160.0,,15.0
simu5g_00000671,3,4,9,1160.0,,15.0
simu5g_00000671,3,4,10,1160.0,,15.0
simu5g_00000671,3,4,11,1160.0,,15.0
simu5g_00000671,3,4,12,1160.0,,15.0
simu5g_00000671,3,4,13,1160.0,,15.0
simu5g_00000671,3,4,14,1160.0,,15.0
simu5g_00000671,3,4,15,1160.0,,15.0
simu5g_00000671,3,4,16,1160.0,,15.0
simu5g_00000671,3,4,17,1160.0,,15.0
simu5g_00000671,3,4,18,1160.0,,15.0
simu5g_00000671,3,4,19,1160.0,,15.0
simu5g_00000671,3,4,20,1160.0,,15.0
simu5g_00000671,3,4,21,1160.0,,15.0
simu5g_00000671,3,4,22,1160.0,,15.0
simu5g_00000671,3,4,23,1160.0,,15.0
simu5g_00000671,3,4,24,1160.0,,15.0
simu5g_00000672,31,0,0,1160.0,,15.0
simu5g_00000672,31,0,1,1160.0,,15.0
simu5g_00000672,31,0,2,1160.0,,15.0
simu5g_00000672,31,0,3,1160.0,,15.0
simu5g_00000672,31,0,4,1160.0,,15.0
simu5g_00000672,31,0,5,1160.0,,15.0
simu5g_00000672,31,0,6,1160.0,,15.0
simu5g_00000672,31,0,7,1160.0,,15.0
simu5g_00000672,31,0,8,1160.0,,15.0
simu5g_00000672,31,0,9,1160.0,,15.0
simu5g_00000672,31,0,10,1160.0,,15.0
simu5g_00000672,31,0,11,1160.0,,15.0
simu5g_00000672,31,0,12,1128.0,,14.0
simu5g_00000672,31,0,13,1160.0,,15.0
simu5g_00000672,31,0,14,1160.0,,15.0
simu5g_00000672,31,0,15,1160.0,,15.0
simu5g_00000672,31,0,16,1160.0,,15.0
simu5g_00000672,31,0,17,1160.0,,15.0
simu5g_00000672,31,0,18,1160.0,,15.0
simu5g_00000672,31,0,19,1160.0,,15.0
simu5g_00000672,31,0,20,1160.0,,15.0
simu5g_00000672,31,0,21,1160.0,,15.0
simu5g_00000672,31,0,22,1160.0,,15.0
simu5g_00000672,31,0,23,1160.0,,15.0
simu5g_00000672,31,0,24,1160.0,,15.0
simu5g_00000672,4,1,0,1160.0,,15.0
simu5g_00000672,4,1,1,984.0,,13.0
simu5g_00000672,4,1,2,1160.0,,15.0
simu5g_00000672,4,1,3,608.0,,9.0
simu5g_00000672,4,1,4,1160.0,,15.0
simu5g_00000672,4,1,5,1160.0,,15.0
simu5g_00000672,4,1,6,1160.0,,15.0
simu5g_00000672,4,1,7,808.0,,11.0
simu5g_00000672,4,1,8,984.0,,13.0
simu5g_00000672,4,1,9,1160.0,,15.0
simu5g_00000672,4,1,10,1128.0,,14.0
simu5g_00000672,4,1,11,1160.0,,15.0
simu5g_00000672,4,1,12,1160.0,,15.0
simu5g_00000672,4,1,13,1128.0,,14.0
simu5g_00000672,4,1,14,1160.0,,15.0
simu5g_00000672,4,1,15,1128.0,,14.0
simu5g_00000672,4,1,16,1128.0,,14.0
simu5g_00000672,4,1,17,1128.0,,14.0
simu5g_00000672,4,1,18,1160.0,,15.0
simu5g_00000672,4,1,19,1160.0,,15.0
simu5g_00000672,4,1,20,1128.0,,14.0
simu5g_00000672,4,1,21,1128.0,,14.0
simu5g_00000672,4,1,22,1160.0,,15.0
simu5g_00000672,4,1,23,1160.0,,15.0
simu5g_00000672,4,1,24,1128.0,,14.0
simu5g_00000672,5,2,0,1160.0,,15.0
simu5g_00000672,5,2,1,1160.0,,15.0
simu5g_00000672,5,2,2,1160.0,,15.0
simu5g_00000672,5,2,3,1160.0,,15.0
simu5g_00000672,5,2,4,1160.0,,15.0
simu5g_00000672,5,2,5,1160.0,,15.0
simu5g_00000672,5,2,6,1160.0,,15.0
simu5g_00000672,5,2,7,1160.0,,15.0
simu5g_00000672,5,2,8,1160.0,,15.0
simu5g_00000672,5,2,9,1160.0,,15.0
simu5g_00000672,5,2,10,1160.0,,15.0
simu5g_00000672,5,2,11,1160.0,,15.0
simu5g_00000672,5,2,12,1160.0,,15.0
simu5g_00000672,5,2,13,1160.0,,15.0
simu5g_00000672,5,2,14,1160.0,,15.0
simu5g_00000672,5,2,15,1160.0,,15.0
simu5g_00000672,5,2,16,984.0,,13.0
simu5g_00000672,5,2,17,1160.0,,15.0
simu5g_00000672,5,2,18,1160.0,,15.0
simu5g_00000672,5,2,19,1160.0,,15.0
simu5g_00000672,5,2,20,1160.0,,15.0
simu5g_00000672,5,2,21,1128.0,,14.0
simu5g_00000672,5,2,22,1160.0,,15.0
simu5g_00000672,5,2,23,1160.0,,15.0
simu5g_00000672,5,2,24,1160.0,,15.0
simu5g_00000672,6,3,0,1160.0,,15.0
simu5g_00000672,6,3,1,1128.0,,14.0
simu5g_00000672,6,3,2,1160.0,,15.0
simu5g_00000672,6,3,3,608.0,,9.0
simu5g_00000672,6,3,4,1128.0,,14.0
simu5g_00000672,6,3,5,1128.0,,14.0
simu5g_00000672,6,3,6,1160.0,,15.0
simu5g_00000672,6,3,7,1128.0,,14.0
simu5g_00000672,6,3,8,1160.0,,15.0
simu5g_00000672,6,3,9,984.0,,13.0
simu5g_00000672,6,3,10,984.0,,13.0
simu5g_00000672,6,3,11,1128.0,,14.0
simu5g_00000672,6,3,12,1160.0,,15.0
simu5g_00000672,6,3,13,984.0,,13.0
simu5g_00000672,6,3,14,1160.0,,15.0
simu5g_00000672,6,3,15,1160.0,,15.0
simu5g_00000672,6,3,16,808.0,,11.0
simu5g_00000672,6,3,17,1160.0,,15.0
simu5g_00000672,6,3,18,1160.0,,15.0
simu5g_00000672,6,3,19,1128.0,,14.0
simu5g_00000672,6,3,20,1160.0,,15.0
simu5g_00000672,6,3,21,1128.0,,14.0
simu5g_00000672,6,3,22,1160.0,,15.0
simu5g_00000672,6,3,23,1160.0,,15.0
simu5g_00000672,6,3,24,1160.0,,15.0
simu5g_00000672,7,4,0,1128.0,,14.0
simu5g_00000672,7,4,1,1160.0,,15.0
simu5g_00000672,7,4,2,1128.0,,14.0
simu5g_00000672,7,4,3,432.0,,7.0
simu5g_00000672,7,4,4,704.0,,10.0
simu5g_00000672,7,4,5,1160.0,,15.0
simu5g_00000672,7,4,6,888.0,,12.0
simu5g_00000672,7,4,7,1128.0,,14.0
simu5g_00000672,7,4,8,1160.0,,15.0
simu5g_00000672,7,4,9,984.0,,13.0
simu5g_00000672,7,4,10,984.0,,13.0
simu5g_00000672,7,4,11,984.0,,13.0
simu5g_00000672,7,4,12,1128.0,,14.0
simu5g_00000672,7,4,13,1160.0,,15.0
simu5g_00000672,7,4,14,984.0,,13.0
simu5g_00000672,7,4,15,1128.0,,14.0
simu5g_00000672,7,4,16,984.0,,13.0
simu5g_00000672,7,4,17,432.0,,7.0
simu5g_00000672,7,4,18,1160.0,,15.0
simu5g_00000672,7,4,19,984.0,,13.0
simu5g_00000672,7,4,20,888.0,,12.0
simu5g_00000672,7,4,21,984.0,,13.0
simu5g_00000672,7,4,22,1128.0,,14.0
simu5g_00000672,7,4,23,1160.0,,15.0
simu5g_00000672,7,4,24,1128.0,,14.0
simu5g_00000673,0,0,0,1160.0,,15.0
simu5g_00000673,0,0,1,1128.0,,14.0
simu5g_00000673,0,0,2,1160.0,,15.0
simu5g_00000673,0,0,3,1160.0,,15.0
simu5g_00000673,0,0,4,1160.0,,15.0
simu5g_00000673,0,0,5,1160.0,,15.0
simu5g_00000673,0,0,6,1160.0,,15.0
simu5g_00000673,0,0,7,1160.0,,15.0
simu5g_00000673,0,0,8,1160.0,,15.0
simu5g_00000673,0,0,9,1160.0,,15.0
simu5g_00000673,0,0,10,1160.0,,15.0
simu5g_00000673,0,0,11,1160.0,,15.0
simu5g_00000673,0,0,12,1160.0,,15.0
simu5g_00000673,0,0,13,1160.0,,15.0
simu5g_00000673,0,0,14,1160.0,,15.0
simu5g_00000673,0,0,15,1160.0,,15.0
simu5g_00000673,0,0,16,1160.0,,15.0
simu5g_00000673,0,0,17,1160.0,,15.0
simu5g_00000673,0,0,18,1160.0,,15.0
simu5g_00000673,0,0,19,1160.0,,15.0
simu5g_00000673,0,0,20,1160.0,,15.0
simu5g_00000673,0,0,21,1160.0,,15.0
simu5g_00000673,0,0,22,1160.0,,15.0
simu5g_00000673,0,0,23,1160.0,,15.0
simu5g_00000673,0,0,24,1160.0,,15.0
simu5g_00000673,1,1,0,1160.0,,15.0
simu5g_00000673,1,1,1,1160.0,,15.0
simu5g_00000673,1,1,2,1160.0,,15.0
simu5g_00000673,1,1,3,1160.0,,15.0
simu5g_00000673,1,1,4,1160.0,,15.0
simu5g_00000673,1,1,5,1160.0,,15.0
simu5g_00000673,1,1,6,1160.0,,15.0
simu5g_00000673,1,1,7,1128.0,,14.0
simu5g_00000673,1,1,8,984.0,,13.0
simu5g_00000673,1,1,9,1160.0,,15.0
simu5g_00000673,1,1,10,1160.0,,15.0
simu5g_00000673,1,1,11,1160.0,,15.0
simu5g_00000673,1,1,12,1160.0,,15.0
simu5g_00000673,1,1,13,1160.0,,15.0
simu5g_00000673,1,1,14,1160.0,,15.0
simu5g_00000673,1,1,15,1160.0,,15.0
simu5g_00000673,1,1,16,1160.0,,15.0
simu5g_00000673,1,1,17,1160.0,,15.0
simu5g_00000673,1,1,18,1160.0,,15.0
simu5g_00000673,1,1,19,1160.0,,15.0
simu5g_00000673,1,1,20,1160.0,,15.0
simu5g_00000673,1,1,21,984.0,,13.0
simu5g_00000673,1,1,22,1160.0,,15.0
simu5g_00000673,1,1,23,1160.0,,15.0
simu5g_00000673,1,1,24,1160.0,,15.0
simu5g_00000673,15,2,0,1128.0,,14.0
simu5g_00000673,15,2,1,1128.0,,14.0
simu5g_00000673,15,2,2,1160.0,,15.0
simu5g_00000673,15,2,3,1160.0,,15.0
simu5g_00000673,15,2,4,984.0,,13.0
simu5g_00000673,15,2,5,608.0,,9.0
simu5g_00000673,15,2,6,1160.0,,15.0
simu5g_00000673,15,2,7,1128.0,,14.0
simu5g_00000673,15,2,8,1160.0,,15.0
simu5g_00000673,15,2,9,1128.0,,14.0
simu5g_00000673,15,2,10,1160.0,,15.0
simu5g_00000673,15,2,11,1160.0,,15.0
simu5g_00000673,15,2,12,888.0,,12.0
simu5g_00000673,15,2,13,1160.0,,15.0
simu5g_00000673,15,2,14,1128.0,,14.0
simu5g_00000673,15,2,15,984.0,,13.0
simu5g_00000673,15,2,16,1160.0,,15.0
simu5g_00000673,15,2,17,1160.0,,15.0
simu5g_00000673,15,2,18,1160.0,,15.0
simu5g_00000673,15,2,19,1128.0,,14.0
simu5g_00000673,15,2,20,1160.0,,15.0
simu5g_00000673,15,2,21,1128.0,,14.0
simu5g_00000673,15,2,22,1160.0,,15.0
simu5g_00000673,15,2,23,1160.0,,15.0
simu5g_00000673,15,2,24,1128.0,,14.0
simu5g_00000673,2,3,0,1160.0,,15.0
simu5g_00000673,2,3,1,1160.0,,15.0
simu5g_00000673,2,3,2,1160.0,,15.0
simu5g_00000673,2,3,3,1160.0,,15.0
simu5g_00000673,2,3,4,1160.0,,15.0
simu5g_00000673,2,3,5,1160.0,,15.0
simu5g_00000673,2,3,6,1160.0,,15.0
simu5g_00000673,2,3,7,984.0,,13.0
simu5g_00000673,2,3,8,1160.0,,15.0
simu5g_00000673,2,3,9,1160.0,,15.0
simu5g_00000673,2,3,10,1160.0,,15.0
simu5g_00000673,2,3,11,1128.0,,14.0
simu5g_00000673,2,3,12,1160.0,,15.0
simu5g_00000673,2,3,13,1160.0,,15.0
simu5g_00000673,2,3,14,1160.0,,15.0
simu5g_00000673,2,3,15,1160.0,,15.0
simu5g_00000673,2,3,16,1128.0,,14.0
simu5g_00000673,2,3,17,1160.0,,15.0
simu5g_00000673,2,3,18,1160.0,,15.0
simu5g_00000673,2,3,19,1160.0,,15.0
simu5g_00000673,2,3,20,1160.0,,15.0
simu5g_00000673,2,3,21,1160.0,,15.0
simu5g_00000673,2,3,22,1160.0,,15.0
simu5g_00000673,2,3,23,1160.0,,15.0
simu5g_00000673,2,3,24,1160.0,,15.0
simu5g_00000673,3,4,0,1160.0,,15.0
simu5g_00000673,3,4,1,1160.0,,15.0
simu5g_00000673,3,4,2,1160.0,,15.0
simu5g_00000673,3,4,3,1160.0,,15.0
simu5g_00000673,3,4,4,1160.0,,15.0
simu5g_00000673,3,4,5,1160.0,,15.0
simu5g_00000673,3,4,6,1160.0,,15.0
simu5g_00000673,3,4,7,1160.0,,15.0
simu5g_00000673,3,4,8,1160.0,,15.0
simu5g_00000673,3,4,9,1160.0,,15.0
simu5g_00000673,3,4,10,1160.0,,15.0
simu5g_00000673,3,4,11,1160.0,,15.0
simu5g_00000673,3,4,12,1160.0,,15.0
simu5g_00000673,3,4,13,1160.0,,15.0
simu5g_00000673,3,4,14,1160.0,,15.0
simu5g_00000673,3,4,15,1160.0,,15.0
simu5g_00000673,3,4,16,1160.0,,15.0
simu5g_00000673,3,4,17,1160.0,,15.0
simu5g_00000673,3,4,18,1160.0,,15.0
simu5g_00000673,3,4,19,1160.0,,15.0
simu5g_00000673,3,4,20,1160.0,,15.0
simu5g_00000673,3,4,21,1160.0,,15.0
simu5g_00000673,3,4,22,1160.0,,15.0
simu5g_00000673,3,4,23,1160.0,,15.0
simu5g_00000673,3,4,24,1160.0,,15.0
simu5g_00000674,31,0,0,1160.0,,15.0
simu5g_00000674,31,0,1,1160.0,,15.0
simu5g_00000674,31,0,2,1160.0,,15.0
simu5g_00000674,31,0,3,1160.0,,15.0
simu5g_00000674,31,0,4,1160.0,,15.0
simu5g_00000674,31,0,5,1160.0,,15.0
simu5g_00000674,31,0,6,1160.0,,15.0
simu5g_00000674,31,0,7,1160.0,,15.0
simu5g_00000674,31,0,8,1160.0,,15.0
simu5g_00000674,31,0,9,1160.0,,15.0
simu5g_00000674,31,0,10,1160.0,,15.0
simu5g_00000674,31,0,11,1160.0,,15.0
simu5g_00000674,31,0,12,1128.0,,14.0
simu5g_00000674,31,0,13,1160.0,,15.0
simu5g_00000674,31,0,14,1160.0,,15.0
simu5g_00000674,31,0,15,1160.0,,15.0
simu5g_00000674,31,0,16,1160.0,,15.0
simu5g_00000674,31,0,17,1160.0,,15.0
simu5g_00000674,31,0,18,1160.0,,15.0
simu5g_00000674,31,0,19,1160.0,,15.0
simu5g_00000674,31,0,20,1160.0,,15.0
simu5g_00000674,31,0,21,1160.0,,15.0
simu5g_00000674,31,0,22,1160.0,,15.0
simu5g_00000674,31,0,23,1160.0,,15.0
simu5g_00000674,31,0,24,1160.0,,15.0
simu5g_00000674,4,1,0,1160.0,,15.0
simu5g_00000674,4,1,1,984.0,,13.0
simu5g_00000674,4,1,2,1160.0,,15.0
simu5g_00000674,4,1,3,608.0,,9.0
simu5g_00000674,4,1,4,1160.0,,15.0
simu5g_00000674,4,1,5,1160.0,,15.0
simu5g_00000674,4,1,6,1160.0,,15.0
simu5g_00000674,4,1,7,808.0,,11.0
simu5g_00000674,4,1,8,984.0,,13.0
simu5g_00000674,4,1,9,1160.0,,15.0
simu5g_00000674,4,1,10,1128.0,,14.0
simu5g_00000674,4,1,11,1160.0,,15.0
simu5g_00000674,4,1,12,1160.0,,15.0
simu5g_00000674,4,1,13,1128.0,,14.0
simu5g_00000674,4,1,14,1160.0,,15.0
simu5g_00000674,4,1,15,1128.0,,14.0
simu5g_00000674,4,1,16,1128.0,,14.0
simu5g_00000674,4,1,17,1128.0,,14.0
simu5g_00000674,4,1,18,1160.0,,15.0
simu5g_00000674,4,1,19,1160.0,,15.0
simu5g_00000674,4,1,20,1128.0,,14.0
simu5g_00000674,4,1,21,1128.0,,14.0
simu5g_00000674,4,1,22,1160.0,,15.0
simu5g_00000674,4,1,23,1160.0,,15.0
simu5g_00000674,4,1,24,1128.0,,14.0
simu5g_00000674,5,2,0,1160.0,,15.0
simu5g_00000674,5,2,1,1128.0,,14.0
simu5g_00000674,5,2,2,1160.0,,15.0
simu5g_00000674,5,2,3,1128.0,,14.0
simu5g_00000674,5,2,4,1160.0,,15.0
simu5g_00000674,5,2,5,1128.0,,14.0
simu5g_00000674,5,2,6,1160.0,,15.0
simu5g_00000674,5,2,7,1160.0,,15.0
simu5g_00000674,5,2,8,1160.0,,15.0
simu5g_00000674,5,2,9,1160.0,,15.0
simu5g_00000674,5,2,10,1160.0,,15.0
simu5g_00000674,5,2,11,1160.0,,15.0
simu5g_00000674,5,2,12,1160.0,,15.0
simu5g_00000674,5,2,13,1128.0,,14.0
simu5g_00000674,5,2,14,1128.0,,14.0
simu5g_00000674,5,2,15,1128.0,,14.0
simu5g_00000674,5,2,16,704.0,,10.0
simu5g_00000674,5,2,17,1160.0,,15.0
simu5g_00000674,5,2,18,1160.0,,15.0
simu5g_00000674,5,2,19,1160.0,,15.0
simu5g_00000674,5,2,20,1128.0,,14.0
simu5g_00000674,5,2,21,984.0,,13.0
simu5g_00000674,5,2,22,1160.0,,15.0
simu5g_00000674,5,2,23,1128.0,,14.0
simu5g_00000674,5,2,24,1128.0,,14.0
simu5g_00000674,6,3,0,1160.0,,15.0
simu5g_00000674,6,3,1,1128.0,,14.0
simu5g_00000674,6,3,2,1160.0,,15.0
simu5g_00000674,6,3,3,608.0,,9.0
simu5g_00000674,6,3,4,1128.0,,14.0
simu5g_00000674,6,3,5,1128.0,,14.0
simu5g_00000674,6,3,6,1160.0,,15.0
simu5g_00000674,6,3,7,1128.0,,14.0
simu5g_00000674,6,3,8,1160.0,,15.0
simu5g_00000674,6,3,9,984.0,,13.0
simu5g_00000674,6,3,10,984.0,,13.0
simu5g_00000674,6,3,11,1128.0,,14.0
simu5g_00000674,6,3,12,1160.0,,15.0
simu5g_00000674,6,3,13,984.0,,13.0
simu5g_00000674,6,3,14,1160.0,,15.0
simu5g_00000674,6,3,15,1160.0,,15.0
simu5g_00000674,6,3,16,808.0,,11.0
simu5g_00000674,6,3,17,1160.0,,15.0
simu5g_00000674,6,3,18,1160.0,,15.0
simu5g_00000674,6,3,19,1128.0,,14.0
simu5g_00000674,6,3,20,1160.0,,15.0
simu5g_00000674,6,3,21,1128.0,,14.0
simu5g_00000674,6,3,22,1160.0,,15.0
simu5g_00000674,6,3,23,1160.0,,15.0
simu5g_00000674,6,3,24,1160.0,,15.0
simu5g_00000674,7,4,0,1128.0,,14.0
simu5g_00000674,7,4,1,1160.0,,15.0
simu5g_00000674,7,4,2,1128.0,,14.0
simu5g_00000674,7,4,3,432.0,,7.0
simu5g_00000674,7,4,4,704.0,,10.0
simu5g_00000674,7,4,5,1160.0,,15.0
simu5g_00000674,7,4,6,888.0,,12.0
simu5g_00000674,7,4,7,1128.0,,14.0
simu5g_00000674,7,4,8,1160.0,,15.0
simu5g_00000674,7,4,9,984.0,,13.0
simu5g_00000674,7,4,10,984.0,,13.0
simu5g_00000674,7,4,11,984.0,,13.0
simu5g_00000674,7,4,12,1128.0,,14.0
simu5g_00000674,7,4,13,1160.0,,15.0
simu5g_00000674,7,4,14,984.0,,13.0
simu5g_00000674,7,4,15,1128.0,,14.0
simu5g_00000674,7,4,16,984.0,,13.0
simu5g_00000674,7,4,17,432.0,,7.0
simu5g_00000674,7,4,18,1160.0,,15.0
simu5g_00000674,7,4,19,984.0,,13.0
simu5g_00000674,7,4,20,888.0,,12.0
simu5g_00000674,7,4,21,984.0,,13.0
simu5g_00000674,7,4,22,1128.0,,14.0
simu5g_00000674,7,4,23,1160.0,,15.0
simu5g_00000674,7,4,24,1128.0,,14.0
simu5g_00000675,0,0,0,1160.0,,15.0
simu5g_00000675,0,0,1,1128.0,,14.0
simu5g_00000675,0,0,2,1160.0,,15.0
simu5g_00000675,0,0,3,1160.0,,15.0
simu5g_00000675,0,0,4,1160.0,,15.0
simu5g_00000675,0,0,5,1160.0,,15.0
simu5g_00000675,0,0,6,1160.0,,15.0
simu5g_00000675,0,0,7,1160.0,,15.0
simu5g_00000675,0,0,8,1160.0,,15.0
simu5g_00000675,0,0,9,1160.0,,15.0
simu5g_00000675,0,0,10,1160.0,,15.0
simu5g_00000675,0,0,11,1160.0,,15.0
simu5g_00000675,0,0,12,1160.0,,15.0
simu5g_00000675,0,0,13,1160.0,,15.0
simu5g_00000675,0,0,14,1160.0,,15.0
simu5g_00000675,0,0,15,1160.0,,15.0
simu5g_00000675,0,0,16,1160.0,,15.0
simu5g_00000675,0,0,17,1160.0,,15.0
simu5g_00000675,0,0,18,1160.0,,15.0
simu5g_00000675,0,0,19,1160.0,,15.0
simu5g_00000675,0,0,20,1160.0,,15.0
simu5g_00000675,0,0,21,1160.0,,15.0
simu5g_00000675,0,0,22,1160.0,,15.0
simu5g_00000675,0,0,23,1160.0,,15.0
simu5g_00000675,0,0,24,1160.0,,15.0
simu5g_00000675,1,1,0,1160.0,,15.0
simu5g_00000675,1,1,1,1160.0,,15.0
simu5g_00000675,1,1,2,1160.0,,15.0
simu5g_00000675,1,1,3,1160.0,,15.0
simu5g_00000675,1,1,4,1160.0,,15.0
simu5g_00000675,1,1,5,1160.0,,15.0
simu5g_00000675,1,1,6,1160.0,,15.0
simu5g_00000675,1,1,7,1128.0,,14.0
simu5g_00000675,1,1,8,984.0,,13.0
simu5g_00000675,1,1,9,1160.0,,15.0
simu5g_00000675,1,1,10,1160.0,,15.0
simu5g_00000675,1,1,11,1160.0,,15.0
simu5g_00000675,1,1,12,1160.0,,15.0
simu5g_00000675,1,1,13,1160.0,,15.0
simu5g_00000675,1,1,14,1160.0,,15.0
simu5g_00000675,1,1,15,1160.0,,15.0
simu5g_00000675,1,1,16,1160.0,,15.0
simu5g_00000675,1,1,17,1160.0,,15.0
simu5g_00000675,1,1,18,1160.0,,15.0
simu5g_00000675,1,1,19,1160.0,,15.0
simu5g_00000675,1,1,20,1160.0,,15.0
simu5g_00000675,1,1,21,984.0,,13.0
simu5g_00000675,1,1,22,1160.0,,15.0
simu5g_00000675,1,1,23,1160.0,,15.0
simu5g_00000675,1,1,24,1160.0,,15.0
simu5g_00000675,15,2,0,984.0,,13.0
simu5g_00000675,15,2,1,1128.0,,14.0
simu5g_00000675,15,2,2,1160.0,,15.0
simu5g_00000675,15,2,3,1160.0,,15.0
simu5g_00000675,15,2,4,984.0,,13.0
simu5g_00000675,15,2,5,608.0,,9.0
simu5g_00000675,15,2,6,1160.0,,15.0
simu5g_00000675,15,2,7,1128.0,,14.0
simu5g_00000675,15,2,8,1160.0,,15.0
simu5g_00000675,15,2,9,1128.0,,14.0
simu5g_00000675,15,2,10,1160.0,,15.0
simu5g_00000675,15,2,11,1160.0,,15.0
simu5g_00000675,15,2,12,888.0,,12.0
simu5g_00000675,15,2,13,1160.0,,15.0
simu5g_00000675,15,2,14,1128.0,,14.0
simu5g_00000675,15,2,15,984.0,,13.0
simu5g_00000675,15,2,16,1160.0,,15.0
simu5g_00000675,15,2,17,1160.0,,15.0
simu5g_00000675,15,2,18,1160.0,,15.0
simu5g_00000675,15,2,19,1128.0,,14.0
simu5g_00000675,15,2,20,1160.0,,15.0
simu5g_00000675,15,2,21,1128.0,,14.0
simu5g_00000675,15,2,22,1160.0,,15.0
simu5g_00000675,15,2,23,1160.0,,15.0
simu5g_00000675,15,2,24,1128.0,,14.0
simu5g_00000675,2,3,0,1160.0,,15.0
simu5g_00000675,2,3,1,1160.0,,15.0
simu5g_00000675,2,3,2,1160.0,,15.0
simu5g_00000675,2,3,3,1160.0,,15.0
simu5g_00000675,2,3,4,1160.0,,15.0
simu5g_00000675,2,3,5,1160.0,,15.0
simu5g_00000675,2,3,6,1160.0,,15.0
simu5g_00000675,2,3,7,1128.0,,14.0
simu5g_00000675,2,3,8,1160.0,,15.0
simu5g_00000675,2,3,9,1160.0,,15.0
simu5g_00000675,2,3,10,1160.0,,15.0
simu5g_00000675,2,3,11,1160.0,,15.0
simu5g_00000675,2,3,12,1160.0,,15.0
simu5g_00000675,2,3,13,1160.0,,15.0
simu5g_00000675,2,3,14,1160.0,,15.0
simu5g_00000675,2,3,15,1160.0,,15.0
simu5g_00000675,2,3,16,1160.0,,15.0
simu5g_00000675,2,3,17,1160.0,,15.0
simu5g_00000675,2,3,18,1160.0,,15.0
simu5g_00000675,2,3,19,1160.0,,15.0
simu5g_00000675,2,3,20,1160.0,,15.0
simu5g_00000675,2,3,21,1160.0,,15.0
simu5g_00000675,2,3,22,1160.0,,15.0
simu5g_00000675,2,3,23,1160.0,,15.0
simu5g_00000675,2,3,24,1160.0,,15.0
simu5g_00000675,3,4,0,1160.0,,15.0
simu5g_00000675,3,4,1,1160.0,,15.0
simu5g_00000675,3,4,2,1160.0,,15.0
simu5g_00000675,3,4,3,1160.0,,15.0
simu5g_00000675,3,4,4,1160.0,,15.0
simu5g_00000675,3,4,5,1160.0,,15.0
simu5g_00000675,3,4,6,1160.0,,15.0
simu5g_00000675,3,4,7,1160.0,,15.0
simu5g_00000675,3,4,8,1160.0,,15.0
simu5g_00000675,3,4,9,1160.0,,15.0
simu5g_00000675,3,4,10,1160.0,,15.0
simu5g_00000675,3,4,11,1160.0,,15.0
simu5g_00000675,3,4,12,1160.0,,15.0
simu5g_00000675,3,4,13,1160.0,,15.0
simu5g_00000675,3,4,14,1160.0,,15.0
simu5g_00000675,3,4,15,1160.0,,15.0
simu5g_00000675,3,4,16,1160.0,,15.0
simu5g_00000675,3,4,17,1160.0,,15.0
simu5g_00000675,3,4,18,1160.0,,15.0
simu5g_00000675,3,4,19,1160.0,,15.0
simu5g_00000675,3,4,20,1160.0,,15.0
simu5g_00000675,3,4,21,1160.0,,15.0
simu5g_00000675,3,4,22,1160.0,,15.0
simu5g_00000675,3,4,23,1160.0,,15.0
simu5g_00000675,3,4,24,1160.0,,15.0
simu5g_00000676,31,0,0,1160.0,,15.0
simu5g_00000676,31,0,1,1160.0,,15.0
simu5g_00000676,31,0,2,1160.0,,15.0
simu5g_00000676,31,0,3,1160.0,,15.0
simu5g_00000676,31,0,4,1160.0,,15.0
simu5g_00000676,31,0,5,1160.0,,15.0
simu5g_00000676,31,0,6,1160.0,,15.0
simu5g_00000676,31,0,7,1160.0,,15.0
simu5g_00000676,31,0,8,1160.0,,15.0
simu5g_00000676,31,0,9,1160.0,,15.0
simu5g_00000676,31,0,10,1160.0,,15.0
simu5g_00000676,31,0,11,1160.0,,15.0
simu5g_00000676,31,0,12,1128.0,,14.0
simu5g_00000676,31,0,13,1160.0,,15.0
simu5g_00000676,31,0,14,1160.0,,15.0
simu5g_00000676,31,0,15,1160.0,,15.0
simu5g_00000676,31,0,16,1160.0,,15.0
simu5g_00000676,31,0,17,1160.0,,15.0
simu5g_00000676,31,0,18,1160.0,,15.0
simu5g_00000676,31,0,19,1160.0,,15.0
simu5g_00000676,31,0,20,1160.0,,15.0
simu5g_00000676,31,0,21,1160.0,,15.0
simu5g_00000676,31,0,22,1160.0,,15.0
simu5g_00000676,31,0,23,1160.0,,15.0
simu5g_00000676,31,0,24,1160.0,,15.0
simu5g_00000676,4,1,0,1160.0,,15.0
simu5g_00000676,4,1,1,984.0,,13.0
simu5g_00000676,4,1,2,1160.0,,15.0
simu5g_00000676,4,1,3,608.0,,9.0
simu5g_00000676,4,1,4,1160.0,,15.0
simu5g_00000676,4,1,5,1160.0,,15.0
simu5g_00000676,4,1,6,1160.0,,15.0
simu5g_00000676,4,1,7,808.0,,11.0
simu5g_00000676,4,1,8,984.0,,13.0
simu5g_00000676,4,1,9,1160.0,,15.0
simu5g_00000676,4,1,10,1128.0,,14.0
simu5g_00000676,4,1,11,1160.0,,15.0
simu5g_00000676,4,1,12,1160.0,,15.0
simu5g_00000676,4,1,13,1128.0,,14.0
simu5g_00000676,4,1,14,1160.0,,15.0
simu5g_00000676,4,1,15,984.0,,13.0
simu5g_00000676,4,1,16,1128.0,,14.0
simu5g_00000676,4,1,17,1128.0,,14.0
simu5g_00000676,4,1,18,1160.0,,15.0
simu5g_00000676,4,1,19,1160.0,,15.0
simu5g_00000676,4,1,20,1128.0,,14.0
simu5g_00000676,4,1,21,1128.0,,14.0
simu5g_00000676,4,1,22,1160.0,,15.0
simu5g_00000676,4,1,23,1160.0,,15.0
simu5g_00000676,4,1,24,1128.0,,14.0
simu5g_00000676,5,2,0,1160.0,,15.0
simu5g_00000676,5,2,1,1128.0,,14.0
simu5g_00000676,5,2,2,1160.0,,15.0
simu5g_00000676,5,2,3,1128.0,,14.0
simu5g_00000676,5,2,4,1160.0,,15.0
simu5g_00000676,5,2,5,1128.0,,14.0
simu5g_00000676,5,2,6,1160.0,,15.0
simu5g_00000676,5,2,7,1160.0,,15.0
simu5g_00000676,5,2,8,1160.0,,15.0
simu5g_00000676,5,2,9,1160.0,,15.0
simu5g_00000676,5,2,10,1160.0,,15.0
simu5g_00000676,5,2,11,1160.0,,15.0
simu5g_00000676,5,2,12,1160.0,,15.0
simu5g_00000676,5,2,13,1128.0,,14.0
simu5g_00000676,5,2,14,1128.0,,14.0
simu5g_00000676,5,2,15,1128.0,,14.0
simu5g_00000676,5,2,16,704.0,,10.0
simu5g_00000676,5,2,17,1160.0,,15.0
simu5g_00000676,5,2,18,1160.0,,15.0
simu5g_00000676,5,2,19,1160.0,,15.0
simu5g_00000676,5,2,20,1128.0,,14.0
simu5g_00000676,5,2,21,984.0,,13.0
simu5g_00000676,5,2,22,1160.0,,15.0
simu5g_00000676,5,2,23,1128.0,,14.0
simu5g_00000676,5,2,24,1128.0,,14.0
simu5g_00000676,6,3,0,1160.0,,15.0
simu5g_00000676,6,3,1,1128.0,,14.0
simu5g_00000676,6,3,2,1160.0,,15.0
simu5g_00000676,6,3,3,608.0,,9.0
simu5g_00000676,6,3,4,1128.0,,14.0
simu5g_00000676,6,3,5,1128.0,,14.0
simu5g_00000676,6,3,6,1160.0,,15.0
simu5g_00000676,6,3,7,1128.0,,14.0
simu5g_00000676,6,3,8,1160.0,,15.0
simu5g_00000676,6,3,9,984.0,,13.0
simu5g_00000676,6,3,10,984.0,,13.0
simu5g_00000676,6,3,11,1128.0,,14.0
simu5g_00000676,6,3,12,1160.0,,15.0
simu5g_00000676,6,3,13,984.0,,13.0
simu5g_00000676,6,3,14,1160.0,,15.0
simu5g_00000676,6,3,15,1160.0,,15.0
simu5g_00000676,6,3,16,808.0,,11.0
simu5g_00000676,6,3,17,1160.0,,15.0
simu5g_00000676,6,3,18,1160.0,,15.0
simu5g_00000676,6,3,19,1128.0,,14.0
simu5g_00000676,6,3,20,1160.0,,15.0
simu5g_00000676,6,3,21,1128.0,,14.0
simu5g_00000676,6,3,22,1160.0,,15.0
simu5g_00000676,6,3,23,1160.0,,15.0
simu5g_00000676,6,3,24,1160.0,,15.0
simu5g_00000676,7,4,0,1128.0,,14.0
simu5g_00000676,7,4,1,1160.0,,15.0
simu5g_00000676,7,4,2,1128.0,,14.0
simu5g_00000676,7,4,3,432.0,,7.0
simu5g_00000676,7,4,4,808.0,,11.0
simu5g_00000676,7,4,5,1160.0,,15.0
simu5g_00000676,7,4,6,888.0,,12.0
simu5g_00000676,7,4,7,1128.0,,14.0
simu5g_00000676,7,4,8,1160.0,,15.0
simu5g_00000676,7,4,9,984.0,,13.0
simu5g_00000676,7,4,10,984.0,,13.0
simu5g_00000676,7,4,11,984.0,,13.0
simu5g_00000676,7,4,12,1128.0,,14.0
simu5g_00000676,7,4,13,1160.0,,15.0
simu5g_00000676,7,4,14,984.0,,13.0
simu5g_00000676,7,4,15,1128.0,,14.0
simu5g_00000676,7,4,16,984.0,,13.0
simu5g_00000676,7,4,17,432.0,,7.0
simu5g_00000676,7,4,18,1160.0,,15.0
simu5g_00000676,7,4,19,984.0,,13.0
simu5g_00000676,7,4,20,888.0,,12.0
simu5g_00000676,7,4,21,984.0,,13.0
simu5g_00000676,7,4,22,1128.0,,14.0
simu5g_00000676,7,4,23,1160.0,,15.0
simu5g_00000676,7,4,24,1128.0,,14.0
simu5g_00000677,0,0,0,1160.0,,15.0
simu5g_00000677,0,0,1,1128.0,,14.0
simu5g_00000677,0,0,2,1160.0,,15.0
simu5g_00000677,0,0,3,1160.0,,15.0
simu5g_00000677,0,0,4,1160.0,,15.0
simu5g_00000677,0,0,5,1160.0,,15.0
simu5g_00000677,0,0,6,1160.0,,15.0
simu5g_00000677,0,0,7,1160.0,,15.0
simu5g_00000677,0,0,8,1160.0,,15.0
simu5g_00000677,0,0,9,1160.0,,15.0
simu5g_00000677,0,0,10,1160.0,,15.0
simu5g_00000677,0,0,11,1160.0,,15.0
simu5g_00000677,0,0,12,1160.0,,15.0
simu5g_00000677,0,0,13,1160.0,,15.0
simu5g_00000677,0,0,14,1160.0,,15.0
simu5g_00000677,0,0,15,1160.0,,15.0
simu5g_00000677,0,0,16,1160.0,,15.0
simu5g_00000677,0,0,17,1160.0,,15.0
simu5g_00000677,0,0,18,1160.0,,15.0
simu5g_00000677,0,0,19,1160.0,,15.0
simu5g_00000677,0,0,20,1160.0,,15.0
simu5g_00000677,0,0,21,1160.0,,15.0
simu5g_00000677,0,0,22,1160.0,,15.0
simu5g_00000677,0,0,23,1160.0,,15.0
simu5g_00000677,0,0,24,1160.0,,15.0
simu5g_00000677,1,1,0,1160.0,,15.0
simu5g_00000677,1,1,1,1160.0,,15.0
simu5g_00000677,1,1,2,1160.0,,15.0
simu5g_00000677,1,1,3,1160.0,,15.0
simu5g_00000677,1,1,4,1160.0,,15.0
simu5g_00000677,1,1,5,1160.0,,15.0
simu5g_00000677,1,1,6,1160.0,,15.0
simu5g_00000677,1,1,7,1128.0,,14.0
simu5g_00000677,1,1,8,984.0,,13.0
simu5g_00000677,1,1,9,1160.0,,15.0
simu5g_00000677,1,1,10,1160.0,,15.0
simu5g_00000677,1,1,11,1160.0,,15.0
simu5g_00000677,1,1,12,1160.0,,15.0
simu5g_00000677,1,1,13,1160.0,,15.0
simu5g_00000677,1,1,14,1160.0,,15.0
simu5g_00000677,1,1,15,1160.0,,15.0
simu5g_00000677,1,1,16,1160.0,,15.0
simu5g_00000677,1,1,17,1160.0,,15.0
simu5g_00000677,1,1,18,1160.0,,15.0
simu5g_00000677,1,1,19,1160.0,,15.0
simu5g_00000677,1,1,20,1160.0,,15.0
simu5g_00000677,1,1,21,984.0,,13.0
simu5g_00000677,1,1,22,1160.0,,15.0
simu5g_00000677,1,1,23,1160.0,,15.0
simu5g_00000677,1,1,24,1160.0,,15.0
simu5g_00000677,15,2,0,984.0,,13.0
simu5g_00000677,15,2,1,1128.0,,14.0
simu5g_00000677,15,2,2,1160.0,,15.0
simu5g_00000677,15,2,3,1160.0,,15.0
simu5g_00000677,15,2,4,984.0,,13.0
simu5g_00000677,15,2,5,608.0,,9.0
simu5g_00000677,15,2,6,1160.0,,15.0
simu5g_00000677,15,2,7,984.0,,13.0
simu5g_00000677,15,2,8,1160.0,,15.0
simu5g_00000677,15,2,9,1128.0,,14.0
simu5g_00000677,15,2,10,1160.0,,15.0
simu5g_00000677,15,2,11,1160.0,,15.0
simu5g_00000677,15,2,12,888.0,,12.0
simu5g_00000677,15,2,13,1160.0,,15.0
simu5g_00000677,15,2,14,1128.0,,14.0
simu5g_00000677,15,2,15,984.0,,13.0
simu5g_00000677,15,2,16,1160.0,,15.0
simu5g_00000677,15,2,17,1160.0,,15.0
simu5g_00000677,15,2,18,1160.0,,15.0
simu5g_00000677,15,2,19,1128.0,,14.0
simu5g_00000677,15,2,20,1160.0,,15.0
simu5g_00000677,15,2,21,1128.0,,14.0
simu5g_00000677,15,2,22,1160.0,,15.0
simu5g_00000677,15,2,23,1160.0,,15.0
simu5g_00000677,15,2,24,1128.0,,14.0
simu5g_00000677,2,3,0,1160.0,,15.0
simu5g_00000677,2,3,1,1160.0,,15.0
simu5g_00000677,2,3,2,1160.0,,15.0
simu5g_00000677,2,3,3,1160.0,,15.0
simu5g_00000677,2,3,4,1160.0,,15.0
simu5g_00000677,2,3,5,1160.0,,15.0
simu5g_00000677,2,3,6,1160.0,,15.0
simu5g_00000677,2,3,7,1128.0,,14.0
simu5g_00000677,2,3,8,1160.0,,15.0
simu5g_00000677,2,3,9,1160.0,,15.0
simu5g_00000677,2,3,10,1160.0,,15.0
simu5g_00000677,2,3,11,1160.0,,15.0
simu5g_00000677,2,3,12,1160.0,,15.0
simu5g_00000677,2,3,13,1160.0,,15.0
simu5g_00000677,2,3,14,1160.0,,15.0
simu5g_00000677,2,3,15,1160.0,,15.0
simu5g_00000677,2,3,16,1160.0,,15.0
simu5g_00000677,2,3,17,1160.0,,15.0
simu5g_00000677,2,3,18,1160.0,,15.0
simu5g_00000677,2,3,19,1160.0,,15.0
simu5g_00000677,2,3,20,1160.0,,15.0
simu5g_00000677,2,3,21,1160.0,,15.0
simu5g_00000677,2,3,22,1160.0,,15.0
simu5g_00000677,2,3,23,1160.0,,15.0
simu5g_00000677,2,3,24,1160.0,,15.0
simu5g_00000677,3,4,0,1160.0,,15.0
simu5g_00000677,3,4,1,1160.0,,15.0
simu5g_00000677,3,4,2,1160.0,,15.0
simu5g_00000677,3,4,3,1160.0,,15.0
simu5g_00000677,3,4,4,1160.0,,15.0
simu5g_00000677,3,4,5,1160.0,,15.0
simu5g_00000677,3,4,6,1160.0,,15.0
simu5g_00000677,3,4,7,1160.0,,15.0
simu5g_00000677,3,4,8,1160.0,,15.0
simu5g_00000677,3,4,9,1128.0,,14.0
simu5g_00000677,3,4,10,1160.0,,15.0
simu5g_00000677,3,4,11,1160.0,,15.0
simu5g_00000677,3,4,12,1160.0,,15.0
simu5g_00000677,3,4,13,1160.0,,15.0
simu5g_00000677,3,4,14,1160.0,,15.0
simu5g_00000677,3,4,15,1160.0,,15.0
simu5g_00000677,3,4,16,1160.0,,15.0
simu5g_00000677,3,4,17,1160.0,,15.0
simu5g_00000677,3,4,18,1160.0,,15.0
simu5g_00000677,3,4,19,1160.0,,15.0
simu5g_00000677,3,4,20,1160.0,,15.0
simu5g_00000677,3,4,21,1160.0,,15.0
simu5g_00000677,3,4,22,1160.0,,15.0
simu5g_00000677,3,4,23,1160.0,,15.0
simu5g_00000677,3,4,24,1160.0,,15.0
simu5g_00000678,31,0,0,1128.0,,14.0
simu5g_00000678,31,0,1,1128.0,,14.0
simu5g_00000678,31,0,2,1160.0,,15.0
simu5g_00000678,31,0,3,1160.0,,15.0
simu5g_00000678,31,0,4,1160.0,,15.0
simu5g_00000678,31,0,5,1160.0,,15.0
simu5g_00000678,31,0,6,1160.0,,15.0
simu5g_00000678,31,0,7,1160.0,,15.0
simu5g_00000678,31,0,8,1160.0,,15.0
simu5g_00000678,31,0,9,1160.0,,15.0
simu5g_00000678,31,0,10,1160.0,,15.0
simu5g_00000678,31,0,11,1160.0,,15.0
simu5g_00000678,31,0,12,808.0,,11.0
simu5g_00000678,31,0,13,1160.0,,15.0
simu5g_00000678,31,0,14,1160.0,,15.0
simu5g_00000678,31,0,15,1160.0,,15.0
simu5g_00000678,31,0,16,1160.0,,15.0
simu5g_00000678,31,0,17,1160.0,,15.0
simu5g_00000678,31,0,18,1160.0,,15.0
simu5g_00000678,31,0,19,1160.0,,15.0
simu5g_00000678,31,0,20,1128.0,,14.0
simu5g_00000678,31,0,21,1160.0,,15.0
simu5g_00000678,31,0,22,1160.0,,15.0
simu5g_00000678,31,0,23,1160.0,,15.0
simu5g_00000678,31,0,24,1160.0,,15.0
simu5g_00000678,4,1,0,1160.0,,15.0
simu5g_00000678,4,1,1,984.0,,13.0
simu5g_00000678,4,1,2,1160.0,,15.0
simu5g_00000678,4,1,3,608.0,,9.0
simu5g_00000678,4,1,4,1160.0,,15.0
simu5g_00000678,4,1,5,1160.0,,15.0
simu5g_00000678,4,1,6,1160.0,,15.0
simu5g_00000678,4,1,7,808.0,,11.0
simu5g_00000678,4,1,8,984.0,,13.0
simu5g_00000678,4,1,9,1160.0,,15.0
simu5g_00000678,4,1,10,1128.0,,14.0
simu5g_00000678,4,1,11,1160.0,,15.0
simu5g_00000678,4,1,12,1160.0,,15.0
simu5g_00000678,4,1,13,1128.0,,14.0
simu5g_00000678,4,1,14,1160.0,,15.0
simu5g_00000678,4,1,15,984.0,,13.0
simu5g_00000678,4,1,16,1128.0,,14.0
simu5g_00000678,4,1,17,1128.0,,14.0
simu5g_00000678,4,1,18,1160.0,,15.0
simu5g_00000678,4,1,19,1160.0,,15.0
simu5g_00000678,4,1,20,1128.0,,14.0
simu5g_00000678,4,1,21,1128.0,,14.0
simu5g_00000678,4,1,22,1160.0,,15.0
simu5g_00000678,4,1,23,1160.0,,15.0
simu5g_00000678,4,1,24,1128.0,,14.0
simu5g_00000678,5,2,0,1160.0,,15.0
simu5g_00000678,5,2,1,1128.0,,14.0
simu5g_00000678,5,2,2,1160.0,,15.0
simu5g_00000678,5,2,3,1128.0,,14.0
simu5g_00000678,5,2,4,1160.0,,15.0
simu5g_00000678,5,2,5,1128.0,,14.0
simu5g_00000678,5,2,6,1160.0,,15.0
simu5g_00000678,5,2,7,1160.0,,15.0
simu5g_00000678,5,2,8,1160.0,,15.0
simu5g_00000678,5,2,9,1160.0,,15.0
simu5g_00000678,5,2,10,1160.0,,15.0
simu5g_00000678,5,2,11,1160.0,,15.0
simu5g_00000678,5,2,12,1160.0,,15.0
simu5g_00000678,5,2,13,1128.0,,14.0
simu5g_00000678,5,2,14,1128.0,,14.0
simu5g_00000678,5,2,15,1128.0,,14.0
simu5g_00000678,5,2,16,704.0,,10.0
simu5g_00000678,5,2,17,1160.0,,15.0
simu5g_00000678,5,2,18,1160.0,,15.0
simu5g_00000678,5,2,19,1160.0,,15.0
simu5g_00000678,5,2,20,1128.0,,14.0
simu5g_00000678,5,2,21,984.0,,13.0
simu5g_00000678,5,2,22,1160.0,,15.0
simu5g_00000678,5,2,23,1128.0,,14.0
simu5g_00000678,5,2,24,1128.0,,14.0
simu5g_00000678,6,3,0,1160.0,,15.0
simu5g_00000678,6,3,1,1128.0,,14.0
simu5g_00000678,6,3,2,1160.0,,15.0
simu5g_00000678,6,3,3,608.0,,9.0
simu5g_00000678,6,3,4,1128.0,,14.0
simu5g_00000678,6,3,5,1128.0,,14.0
simu5g_00000678,6,3,6,1160.0,,15.0
simu5g_00000678,6,3,7,1128.0,,14.0
simu5g_00000678,6,3,8,1160.0,,15.0
simu5g_00000678,6,3,9,984.0,,13.0
simu5g_00000678,6,3,10,984.0,,13.0
simu5g_00000678,6,3,11,1128.0,,14.0
simu5g_00000678,6,3,12,1160.0,,15.0
simu5g_00000678,6,3,13,984.0,,13.0
simu5g_00000678,6,3,14,1160.0,,15.0
simu5g_00000678,6,3,15,1160.0,,15.0
simu5g_00000678,6,3,16,808.0,,11.0
simu5g_00000678,6,3,17,1160.0,,15.0
simu5g_00000678,6,3,18,1160.0,,15.0
simu5g_00000678,6,3,19,1128.0,,14.0
simu5g_00000678,6,3,20,1160.0,,15.0
simu5g_00000678,6,3,21,1128.0,,14.0
simu5g_00000678,6,3,22,1160.0,,15.0
simu5g_00000678,6,3,23,1160.0,,15.0
simu5g_00000678,6,3,24,1160.0,,15.0
simu5g_00000678,7,4,0,1128.0,,14.0
simu5g_00000678,7,4,1,1160.0,,15.0
simu5g_00000678,7,4,2,1128.0,,14.0
simu5g_00000678,7,4,3,432.0,,7.0
simu5g_00000678,7,4,4,808.0,,11.0
simu5g_00000678,7,4,5,1160.0,,15.0
simu5g_00000678,7,4,6,888.0,,12.0
simu5g_00000678,7,4,7,1128.0,,14.0
simu5g_00000678,7,4,8,1160.0,,15.0
simu5g_00000678,7,4,9,984.0,,13.0
simu5g_00000678,7,4,10,984.0,,13.0
simu5g_00000678,7,4,11,984.0,,13.0
simu5g_00000678,7,4,12,1128.0,,14.0
simu5g_00000678,7,4,13,1160.0,,15.0
simu5g_00000678,7,4,14,984.0,,13.0
simu5g_00000678,7,4,15,1128.0,,14.0
simu5g_00000678,7,4,16,984.0,,13.0
simu5g_00000678,7,4,17,432.0,,7.0
simu5g_00000678,7,4,18,1160.0,,15.0
simu5g_00000678,7,4,19,984.0,,13.0
simu5g_00000678,7,4,20,888.0,,12.0
simu5g_00000678,7,4,21,984.0,,13.0
simu5g_00000678,7,4,22,1128.0,,14.0
simu5g_00000678,7,4,23,1160.0,,15.0
simu5g_00000678,7,4,24,1128.0,,14.0
simu5g_00000679,0,0,0,1160.0,,15.0
simu5g_00000679,0,0,1,1128.0,,14.0
simu5g_00000679,0,0,2,1160.0,,15.0
simu5g_00000679,0,0,3,1160.0,,15.0
simu5g_00000679,0,0,4,1160.0,,15.0
simu5g_00000679,0,0,5,1160.0,,15.0
simu5g_00000679,0,0,6,1160.0,,15.0
simu5g_00000679,0,0,7,1160.0,,15.0
simu5g_00000679,0,0,8,1160.0,,15.0
simu5g_00000679,0,0,9,1160.0,,15.0
simu5g_00000679,0,0,10,1160.0,,15.0
simu5g_00000679,0,0,11,1160.0,,15.0
simu5g_00000679,0,0,12,1160.0,,15.0
simu5g_00000679,0,0,13,1160.0,,15.0
simu5g_00000679,0,0,14,1160.0,,15.0
simu5g_00000679,0,0,15,1160.0,,15.0
simu5g_00000679,0,0,16,1160.0,,15.0
simu5g_00000679,0,0,17,1160.0,,15.0
simu5g_00000679,0,0,18,1160.0,,15.0
simu5g_00000679,0,0,19,1160.0,,15.0
simu5g_00000679,0,0,20,1160.0,,15.0
simu5g_00000679,0,0,21,1160.0,,15.0
simu5g_00000679,0,0,22,1160.0,,15.0
simu5g_00000679,0,0,23,1160.0,,15.0
simu5g_00000679,0,0,24,1160.0,,15.0
simu5g_00000679,1,1,0,1160.0,,15.0
simu5g_00000679,1,1,1,1160.0,,15.0
simu5g_00000679,1,1,2,1160.0,,15.0
simu5g_00000679,1,1,3,1160.0,,15.0
simu5g_00000679,1,1,4,1160.0,,15.0
simu5g_00000679,1,1,5,1160.0,,15.0
simu5g_00000679,1,1,6,1160.0,,15.0
simu5g_00000679,1,1,7,1128.0,,14.0
simu5g_00000679,1,1,8,984.0,,13.0
simu5g_00000679,1,1,9,1160.0,,15.0
simu5g_00000679,1,1,10,1160.0,,15.0
simu5g_00000679,1,1,11,1160.0,,15.0
simu5g_00000679,1,1,12,1160.0,,15.0
simu5g_00000679,1,1,13,1160.0,,15.0
simu5g_00000679,1,1,14,1160.0,,15.0
simu5g_00000679,1,1,15,1160.0,,15.0
simu5g_00000679,1,1,16,1160.0,,15.0
simu5g_00000679,1,1,17,1160.0,,15.0
simu5g_00000679,1,1,18,1160.0,,15.0
simu5g_00000679,1,1,19,1160.0,,15.0
simu5g_00000679,1,1,20,1160.0,,15.0
simu5g_00000679,1,1,21,984.0,,13.0
simu5g_00000679,1,1,22,1160.0,,15.0
simu5g_00000679,1,1,23,1160.0,,15.0
simu5g_00000679,1,1,24,1160.0,,15.0
simu5g_00000679,15,2,0,1128.0,,14.0
simu5g_00000679,15,2,1,1128.0,,14.0
simu5g_00000679,15,2,2,1160.0,,15.0
simu5g_00000679,15,2,3,1160.0,,15.0
simu5g_00000679,15,2,4,984.0,,13.0
simu5g_00000679,15,2,5,808.0,,11.0
simu5g_00000679,15,2,6,1160.0,,15.0
simu5g_00000679,15,2,7,1128.0,,14.0
simu5g_00000679,15,2,8,1160.0,,15.0
simu5g_00000679,15,2,9,1160.0,,15.0
simu5g_00000679,15,2,10,1160.0,,15.0
simu5g_00000679,15,2,11,1160.0,,15.0
simu5g_00000679,15,2,12,984.0,,13.0
simu5g_00000679,15,2,13,1160.0,,15.0
simu5g_00000679,15,2,14,1128.0,,14.0
simu5g_00000679,15,2,15,1128.0,,14.0
simu5g_00000679,15,2,16,1160.0,,15.0
simu5g_00000679,15,2,17,1160.0,,15.0
simu5g_00000679,15,2,18,1160.0,,15.0
simu5g_00000679,15,2,19,1160.0,,15.0
simu5g_00000679,15,2,20,1160.0,,15.0
simu5g_00000679,15,2,21,1160.0,,15.0
simu5g_00000679,15,2,22,1160.0,,15.0
simu5g_00000679,15,2,23,1160.0,,15.0
simu5g_00000679,15,2,24,1160.0,,15.0
simu5g_00000679,2,3,0,1160.0,,15.0
simu5g_00000679,2,3,1,1160.0,,15.0
simu5g_00000679,2,3,2,1160.0,,15.0
simu5g_00000679,2,3,3,1160.0,,15.0
simu5g_00000679,2,3,4,1160.0,,15.0
simu5g_00000679,2,3,5,1160.0,,15.0
simu5g_00000679,2,3,6,1160.0,,15.0
simu5g_00000679,2,3,7,1128.0,,14.0
simu5g_00000679,2,3,8,1160.0,,15.0
simu5g_00000679,2,3,9,1160.0,,15.0
simu5g_00000679,2,3,10,1160.0,,15.0
simu5g_00000679,2,3,11,1160.0,,15.0
simu5g_00000679,2,3,12,1160.0,,15.0
simu5g_00000679,2,3,13,1160.0,,15.0
simu5g_00000679,2,3,14,1160.0,,15.0
simu5g_00000679,2,3,15,1160.0,,15.0
simu5g_00000679,2,3,16,1160.0,,15.0
simu5g_00000679,2,3,17,1160.0,,15.0
simu5g_00000679,2,3,18,1160.0,,15.0
simu5g_00000679,2,3,19,1160.0,,15.0
simu5g_00000679,2,3,20,1160.0,,15.0
simu5g_00000679,2,3,21,1160.0,,15.0
simu5g_00000679,2,3,22,1160.0,,15.0
simu5g_00000679,2,3,23,1160.0,,15.0
simu5g_00000679,2,3,24,1160.0,,15.0
simu5g_00000679,3,4,0,1160.0,,15.0
simu5g_00000679,3,4,1,1160.0,,15.0
simu5g_00000679,3,4,2,1160.0,,15.0
simu5g_00000679,3,4,3,1160.0,,15.0
simu5g_00000679,3,4,4,1160.0,,15.0
simu5g_00000679,3,4,5,1160.0,,15.0
simu5g_00000679,3,4,6,1160.0,,15.0
simu5g_00000679,3,4,7,1160.0,,15.0
simu5g_00000679,3,4,8,1160.0,,15.0
simu5g_00000679,3,4,9,1128.0,,14.0
simu5g_00000679,3,4,10,1160.0,,15.0
simu5g_00000679,3,4,11,1160.0,,15.0
simu5g_00000679,3,4,12,1160.0,,15.0
simu5g_00000679,3,4,13,1160.0,,15.0
simu5g_00000679,3,4,14,1160.0,,15.0
simu5g_00000679,3,4,15,1160.0,,15.0
simu5g_00000679,3,4,16,1160.0,,15.0
simu5g_00000679,3,4,17,1160.0,,15.0
simu5g_00000679,3,4,18,1160.0,,15.0
simu5g_00000679,3,4,19,1160.0,,15.0
simu5g_00000679,3,4,20,1160.0,,15.0
simu5g_00000679,3,4,21,1160.0,,15.0
simu5g_00000679,3,4,22,1160.0,,15.0
simu5g_00000679,3,4,23,1160.0,,15.0
simu5g_00000679,3,4,24,1160.0,,15.0
simu5g_00000680,31,0,0,1128.0,,14.0
simu5g_00000680,31,0,1,1128.0,,14.0
simu5g_00000680,31,0,2,1160.0,,15.0
simu5g_00000680,31,0,3,1160.0,,15.0
simu5g_00000680,31,0,4,1160.0,,15.0
simu5g_00000680,31,0,5,1160.0,,15.0
simu5g_00000680,31,0,6,1160.0,,15.0
simu5g_00000680,31,0,7,1160.0,,15.0
simu5g_00000680,31,0,8,1160.0,,15.0
simu5g_00000680,31,0,9,1160.0,,15.0
simu5g_00000680,31,0,10,1160.0,,15.0
simu5g_00000680,31,0,11,1160.0,,15.0
simu5g_00000680,31,0,12,808.0,,11.0
simu5g_00000680,31,0,13,1160.0,,15.0
simu5g_00000680,31,0,14,1160.0,,15.0
simu5g_00000680,31,0,15,1160.0,,15.0
simu5g_00000680,31,0,16,1160.0,,15.0
simu5g_00000680,31,0,17,1160.0,,15.0
simu5g_00000680,31,0,18,1160.0,,15.0
simu5g_00000680,31,0,19,1160.0,,15.0
simu5g_00000680,31,0,20,1128.0,,14.0
simu5g_00000680,31,0,21,1160.0,,15.0
simu5g_00000680,31,0,22,1160.0,,15.0
simu5g_00000680,31,0,23,1160.0,,15.0
simu5g_00000680,31,0,24,1160.0,,15.0
simu5g_00000680,4,1,0,1160.0,,15.0
simu5g_00000680,4,1,1,984.0,,13.0
simu5g_00000680,4,1,2,1160.0,,15.0
simu5g_00000680,4,1,3,608.0,,9.0
simu5g_00000680,4,1,4,1160.0,,15.0
simu5g_00000680,4,1,5,1160.0,,15.0
simu5g_00000680,4,1,6,1160.0,,15.0
simu5g_00000680,4,1,7,808.0,,11.0
simu5g_00000680,4,1,8,984.0,,13.0
simu5g_00000680,4,1,9,1160.0,,15.0
simu5g_00000680,4,1,10,1128.0,,14.0
simu5g_00000680,4,1,11,1160.0,,15.0
simu5g_00000680,4,1,12,1160.0,,15.0
simu5g_00000680,4,1,13,1128.0,,14.0
simu5g_00000680,4,1,14,1160.0,,15.0
simu5g_00000680,4,1,15,984.0,,13.0
simu5g_00000680,4,1,16,1128.0,,14.0
simu5g_00000680,4,1,17,1128.0,,14.0
simu5g_00000680,4,1,18,1160.0,,15.0
simu5g_00000680,4,1,19,1160.0,,15.0
simu5g_00000680,4,1,20,1128.0,,14.0
simu5g_00000680,4,1,21,1128.0,,14.0
simu5g_00000680,4,1,22,1160.0,,15.0
simu5g_00000680,4,1,23,1160.0,,15.0
simu5g_00000680,4,1,24,1128.0,,14.0
simu5g_00000680,5,2,0,984.0,,13.0
simu5g_00000680,5,2,1,888.0,,12.0
simu5g_00000680,5,2,2,984.0,,13.0
simu5g_00000680,5,2,3,888.0,,12.0
simu5g_00000680,5,2,4,1160.0,,15.0
simu5g_00000680,5,2,5,984.0,,13.0
simu5g_00000680,5,2,6,984.0,,13.0
simu5g_00000680,5,2,7,984.0,,13.0
simu5g_00000680,5,2,8,984.0,,13.0
simu5g_00000680,5,2,9,1128.0,,14.0
simu5g_00000680,5,2,10,1128.0,,14.0
simu5g_00000680,5,2,11,984.0,,13.0
simu5g_00000680,5,2,12,984.0,,13.0
simu5g_00000680,5,2,13,808.0,,11.0
simu5g_00000680,5,2,14,704.0,,10.0
simu5g_00000680,5,2,15,888.0,,12.0
simu5g_00000680,5,2,16,368.0,,6.0
simu5g_00000680,5,2,17,1128.0,,14.0
simu5g_00000680,5,2,18,1128.0,,14.0
simu5g_00000680,5,2,19,984.0,,13.0
simu5g_00000680,5,2,20,888.0,,12.0
simu5g_00000680,5,2,21,608.0,,9.0
simu5g_00000680,5,2,22,1128.0,,14.0
simu5g_00000680,5,2,23,808.0,,11.0
simu5g_00000680,5,2,24,888.0,,12.0
simu5g_00000680,6,3,0,1160.0,,15.0
simu5g_00000680,6,3,1,1128.0,,14.0
simu5g_00000680,6,3,2,1160.0,,15.0
simu5g_00000680,6,3,3,608.0,,9.0
simu5g_00000680,6,3,4,1128.0,,14.0
simu5g_00000680,6,3,5,1128.0,,14.0
simu5g_00000680,6,3,6,1160.0,,15.0
simu5g_00000680,6,3,7,1128.0,,14.0
simu5g_00000680,6,3,8,1160.0,,15.0
simu5g_00000680,6,3,9,984.0,,13.0
simu5g_00000680,6,3,10,984.0,,13.0
simu5g_00000680,6,3,11,1128.0,,14.0
simu5g_00000680,6,3,12,1160.0,,15.0
simu5g_00000680,6,3,13,984.0,,13.0
simu5g_00000680,6,3,14,1160.0,,15.0
simu5g_00000680,6,3,15,1160.0,,15.0
simu5g_00000680,6,3,16,808.0,,11.0
simu5g_00000680,6,3,17,1160.0,,15.0
simu5g_00000680,6,3,18,1160.0,,15.0
simu5g_00000680,6,3,19,1128.0,,14.0
simu5g_00000680,6,3,20,1160.0,,15.0
simu5g_00000680,6,3,21,1128.0,,14.0
simu5g_00000680,6,3,22,1160.0,,15.0
simu5g_00000680,6,3,23,1160.0,,15.0
simu5g_00000680,6,3,24,1160.0,,15.0
simu5g_00000680,7,4,0,1128.0,,14.0
simu5g_00000680,7,4,1,1160.0,,15.0
simu5g_00000680,7,4,2,1128.0,,14.0
simu5g_00000680,7,4,3,432.0,,7.0
simu5g_00000680,7,4,4,808.0,,11.0
simu5g_00000680,7,4,5,1160.0,,15.0
simu5g_00000680,7,4,6,888.0,,12.0
simu5g_00000680,7,4,7,1128.0,,14.0
simu5g_00000680,7,4,8,1160.0,,15.0
simu5g_00000680,7,4,9,984.0,,13.0
simu5g_00000680,7,4,10,984.0,,13.0
simu5g_00000680,7,4,11,984.0,,13.0
simu5g_00000680,7,4,12,1128.0,,14.0
simu5g_00000680,7,4,13,1160.0,,15.0
simu5g_00000680,7,4,14,984.0,,13.0
simu5g_00000680,7,4,15,1128.0,,14.0
simu5g_00000680,7,4,16,984.0,,13.0
simu5g_00000680,7,4,17,432.0,,7.0
simu5g_00000680,7,4,18,1160.0,,15.0
simu5g_00000680,7,4,19,984.0,,13.0
simu5g_00000680,7,4,20,888.0,,12.0
simu5g_00000680,7,4,21,984.0,,13.0
simu5g_00000680,7,4,22,1128.0,,14.0
simu5g_00000680,7,4,23,1160.0,,15.0
simu5g_00000680,7,4,24,1128.0,,14.0
simu5g_00000681,0,0,0,1160.0,,15.0
simu5g_00000681,0,0,1,1128.0,,14.0
simu5g_00000681,0,0,2,1160.0,,15.0
simu5g_00000681,0,0,3,1160.0,,15.0
simu5g_00000681,0,0,4,1160.0,,15.0
simu5g_00000681,0,0,5,1160.0,,15.0
simu5g_00000681,0,0,6,1160.0,,15.0
simu5g_00000681,0,0,7,1160.0,,15.0
simu5g_00000681,0,0,8,1160.0,,15.0
simu5g_00000681,0,0,9,1160.0,,15.0
simu5g_00000681,0,0,10,1160.0,,15.0
simu5g_00000681,0,0,11,1160.0,,15.0
simu5g_00000681,0,0,12,1160.0,,15.0
simu5g_00000681,0,0,13,1160.0,,15.0
simu5g_00000681,0,0,14,1160.0,,15.0
simu5g_00000681,0,0,15,1160.0,,15.0
simu5g_00000681,0,0,16,1160.0,,15.0
simu5g_00000681,0,0,17,1160.0,,15.0
simu5g_00000681,0,0,18,1160.0,,15.0
simu5g_00000681,0,0,19,1160.0,,15.0
simu5g_00000681,0,0,20,1160.0,,15.0
simu5g_00000681,0,0,21,1160.0,,15.0
simu5g_00000681,0,0,22,1160.0,,15.0
simu5g_00000681,0,0,23,1160.0,,15.0
simu5g_00000681,0,0,24,1160.0,,15.0
simu5g_00000681,1,1,0,1160.0,,15.0
simu5g_00000681,1,1,1,1160.0,,15.0
simu5g_00000681,1,1,2,1160.0,,15.0
simu5g_00000681,1,1,3,1160.0,,15.0
simu5g_00000681,1,1,4,1160.0,,15.0
simu5g_00000681,1,1,5,1160.0,,15.0
simu5g_00000681,1,1,6,1160.0,,15.0
simu5g_00000681,1,1,7,1128.0,,14.0
simu5g_00000681,1,1,8,984.0,,13.0
simu5g_00000681,1,1,9,1160.0,,15.0
simu5g_00000681,1,1,10,1160.0,,15.0
simu5g_00000681,1,1,11,1160.0,,15.0
simu5g_00000681,1,1,12,1160.0,,15.0
simu5g_00000681,1,1,13,1160.0,,15.0
simu5g_00000681,1,1,14,1160.0,,15.0
simu5g_00000681,1,1,15,1160.0,,15.0
simu5g_00000681,1,1,16,1160.0,,15.0
simu5g_00000681,1,1,17,1160.0,,15.0
simu5g_00000681,1,1,18,1160.0,,15.0
simu5g_00000681,1,1,19,1160.0,,15.0
simu5g_00000681,1,1,20,1160.0,,15.0
simu5g_00000681,1,1,21,984.0,,13.0
simu5g_00000681,1,1,22,1160.0,,15.0
simu5g_00000681,1,1,23,1160.0,,15.0
simu5g_00000681,1,1,24,1160.0,,15.0
simu5g_00000681,15,2,0,1128.0,,14.0
simu5g_00000681,15,2,1,1128.0,,14.0
simu5g_00000681,15,2,2,1160.0,,15.0
simu5g_00000681,15,2,3,1160.0,,15.0
simu5g_00000681,15,2,4,984.0,,13.0
simu5g_00000681,15,2,5,808.0,,11.0
simu5g_00000681,15,2,6,1160.0,,15.0
simu5g_00000681,15,2,7,1128.0,,14.0
simu5g_00000681,15,2,8,1160.0,,15.0
simu5g_00000681,15,2,9,1160.0,,15.0
simu5g_00000681,15,2,10,1160.0,,15.0
simu5g_00000681,15,2,11,1160.0,,15.0
simu5g_00000681,15,2,12,984.0,,13.0
simu5g_00000681,15,2,13,1160.0,,15.0
simu5g_00000681,15,2,14,1128.0,,14.0
simu5g_00000681,15,2,15,1128.0,,14.0
simu5g_00000681,15,2,16,1160.0,,15.0
simu5g_00000681,15,2,17,1160.0,,15.0
simu5g_00000681,15,2,18,1160.0,,15.0
simu5g_00000681,15,2,19,1160.0,,15.0
simu5g_00000681,15,2,20,1160.0,,15.0
simu5g_00000681,15,2,21,1160.0,,15.0
simu5g_00000681,15,2,22,1160.0,,15.0
simu5g_00000681,15,2,23,1160.0,,15.0
simu5g_00000681,15,2,24,1160.0,,15.0
simu5g_00000681,2,3,0,1160.0,,15.0
simu5g_00000681,2,3,1,1160.0,,15.0
simu5g_00000681,2,3,2,1160.0,,15.0
simu5g_00000681,2,3,3,1160.0,,15.0
simu5g_00000681,2,3,4,1160.0,,15.0
simu5g_00000681,2,3,5,1160.0,,15.0
simu5g_00000681,2,3,6,1160.0,,15.0
simu5g_00000681,2,3,7,1128.0,,14.0
simu5g_00000681,2,3,8,1160.0,,15.0
simu5g_00000681,2,3,9,1160.0,,15.0
simu5g_00000681,2,3,10,1160.0,,15.0
simu5g_00000681,2,3,11,1160.0,,15.0
simu5g_00000681,2,3,12,1160.0,,15.0
simu5g_00000681,2,3,13,1160.0,,15.0
simu5g_00000681,2,3,14,1160.0,,15.0
simu5g_00000681,2,3,15,1160.0,,15.0
simu5g_00000681,2,3,16,1160.0,,15.0
simu5g_00000681,2,3,17,1160.0,,15.0
simu5g_00000681,2,3,18,1160.0,,15.0
simu5g_00000681,2,3,19,1160.0,,15.0
simu5g_00000681,2,3,20,1160.0,,15.0
simu5g_00000681,2,3,21,1160.0,,15.0
simu5g_00000681,2,3,22,1160.0,,15.0
simu5g_00000681,2,3,23,1160.0,,15.0
simu5g_00000681,2,3,24,1160.0,,15.0
simu5g_00000681,3,4,0,1160.0,,15.0
simu5g_00000681,3,4,1,1160.0,,15.0
simu5g_00000681,3,4,2,1160.0,,15.0
simu5g_00000681,3,4,3,1160.0,,15.0
simu5g_00000681,3,4,4,1160.0,,15.0
simu5g_00000681,3,4,5,1160.0,,15.0
simu5g_00000681,3,4,6,1160.0,,15.0
simu5g_00000681,3,4,7,1160.0,,15.0
simu5g_00000681,3,4,8,1160.0,,15.0
simu5g_00000681,3,4,9,1128.0,,14.0
simu5g_00000681,3,4,10,1160.0,,15.0
simu5g_00000681,3,4,11,1160.0,,15.0
simu5g_00000681,3,4,12,1160.0,,15.0
simu5g_00000681,3,4,13,1160.0,,15.0
simu5g_00000681,3,4,14,1160.0,,15.0
simu5g_00000681,3,4,15,1160.0,,15.0
simu5g_00000681,3,4,16,1160.0,,15.0
simu5g_00000681,3,4,17,1160.0,,15.0
simu5g_00000681,3,4,18,1160.0,,15.0
simu5g_00000681,3,4,19,1160.0,,15.0
simu5g_00000681,3,4,20,1160.0,,15.0
simu5g_00000681,3,4,21,1160.0,,15.0
simu5g_00000681,3,4,22,1160.0,,15.0
simu5g_00000681,3,4,23,1160.0,,15.0
simu5g_00000681,3,4,24,1160.0,,15.0
simu5g_00000682,31,0,0,1128.0,,14.0
simu5g_00000682,31,0,1,1128.0,,14.0
simu5g_00000682,31,0,2,1160.0,,15.0
simu5g_00000682,31,0,3,1160.0,,15.0
simu5g_00000682,31,0,4,1160.0,,15.0
simu5g_00000682,31,0,5,1160.0,,15.0
simu5g_00000682,31,0,6,1160.0,,15.0
simu5g_00000682,31,0,7,1160.0,,15.0
simu5g_00000682,31,0,8,1160.0,,15.0
simu5g_00000682,31,0,9,1160.0,,15.0
simu5g_00000682,31,0,10,1160.0,,15.0
simu5g_00000682,31,0,11,1160.0,,15.0
simu5g_00000682,31,0,12,808.0,,11.0
simu5g_00000682,31,0,13,1160.0,,15.0
simu5g_00000682,31,0,14,1160.0,,15.0
simu5g_00000682,31,0,15,1160.0,,15.0
simu5g_00000682,31,0,16,1160.0,,15.0
simu5g_00000682,31,0,17,1160.0,,15.0
simu5g_00000682,31,0,18,1160.0,,15.0
simu5g_00000682,31,0,19,1160.0,,15.0
simu5g_00000682,31,0,20,1128.0,,14.0
simu5g_00000682,31,0,21,1160.0,,15.0
simu5g_00000682,31,0,22,1160.0,,15.0
simu5g_00000682,31,0,23,1160.0,,15.0
simu5g_00000682,31,0,24,1160.0,,15.0
simu5g_00000682,4,1,0,1160.0,,15.0
simu5g_00000682,4,1,1,984.0,,13.0
simu5g_00000682,4,1,2,1160.0,,15.0
simu5g_00000682,4,1,3,608.0,,9.0
simu5g_00000682,4,1,4,1160.0,,15.0
simu5g_00000682,4,1,5,1160.0,,15.0
simu5g_00000682,4,1,6,1160.0,,15.0
simu5g_00000682,4,1,7,808.0,,11.0
simu5g_00000682,4,1,8,984.0,,13.0
simu5g_00000682,4,1,9,1160.0,,15.0
simu5g_00000682,4,1,10,1128.0,,14.0
simu5g_00000682,4,1,11,1160.0,,15.0
simu5g_00000682,4,1,12,1160.0,,15.0
simu5g_00000682,4,1,13,1128.0,,14.0
simu5g_00000682,4,1,14,1160.0,,15.0
simu5g_00000682,4,1,15,984.0,,13.0
simu5g_00000682,4,1,16,1128.0,,14.0
simu5g_00000682,4,1,17,1128.0,,14.0
simu5g_00000682,4,1,18,1160.0,,15.0
simu5g_00000682,4,1,19,1160.0,,15.0
simu5g_00000682,4,1,20,1128.0,,14.0
simu5g_00000682,4,1,21,1128.0,,14.0
simu5g_00000682,4,1,22,1160.0,,15.0
simu5g_00000682,4,1,23,1160.0,,15.0
simu5g_00000682,4,1,24,1128.0,,14.0
simu5g_00000682,5,2,0,984.0,,13.0
simu5g_00000682,5,2,1,888.0,,12.0
simu5g_00000682,5,2,2,984.0,,13.0
simu5g_00000682,5,2,3,888.0,,12.0
simu5g_00000682,5,2,4,1160.0,,15.0
simu5g_00000682,5,2,5,984.0,,13.0
simu5g_00000682,5,2,6,984.0,,13.0
simu5g_00000682,5,2,7,984.0,,13.0
simu5g_00000682,5,2,8,984.0,,13.0
simu5g_00000682,5,2,9,1128.0,,14.0
simu5g_00000682,5,2,10,1128.0,,14.0
simu5g_00000682,5,2,11,984.0,,13.0
simu5g_00000682,5,2,12,984.0,,13.0
simu5g_00000682,5,2,13,808.0,,11.0
simu5g_00000682,5,2,14,704.0,,10.0
simu5g_00000682,5,2,15,888.0,,12.0
simu5g_00000682,5,2,16,368.0,,6.0
simu5g_00000682,5,2,17,1128.0,,14.0
simu5g_00000682,5,2,18,1128.0,,14.0
simu5g_00000682,5,2,19,984.0,,13.0
simu5g_00000682,5,2,20,888.0,,12.0
simu5g_00000682,5,2,21,608.0,,9.0
simu5g_00000682,5,2,22,1128.0,,14.0
simu5g_00000682,5,2,23,808.0,,11.0
simu5g_00000682,5,2,24,888.0,,12.0
simu5g_00000682,6,3,0,1160.0,,15.0
simu5g_00000682,6,3,1,1128.0,,14.0
simu5g_00000682,6,3,2,1160.0,,15.0
simu5g_00000682,6,3,3,528.0,,8.0
simu5g_00000682,6,3,4,984.0,,13.0
simu5g_00000682,6,3,5,1128.0,,14.0
simu5g_00000682,6,3,6,1160.0,,15.0
simu5g_00000682,6,3,7,1128.0,,14.0
simu5g_00000682,6,3,8,1160.0,,15.0
simu5g_00000682,6,3,9,984.0,,13.0
simu5g_00000682,6,3,10,984.0,,13.0
simu5g_00000682,6,3,11,1128.0,,14.0
simu5g_00000682,6,3,12,1160.0,,15.0
simu5g_00000682,6,3,13,984.0,,13.0
simu5g_00000682,6,3,14,1160.0,,15.0
simu5g_00000682,6,3,15,1160.0,,15.0
simu5g_00000682,6,3,16,808.0,,11.0
simu5g_00000682,6,3,17,1160.0,,15.0
simu5g_00000682,6,3,18,1128.0,,14.0
simu5g_00000682,6,3,19,1128.0,,14.0
simu5g_00000682,6,3,20,1160.0,,15.0
simu5g_00000682,6,3,21,1128.0,,14.0
simu5g_00000682,6,3,22,1160.0,,15.0
simu5g_00000682,6,3,23,1160.0,,15.0
simu5g_00000682,6,3,24,1160.0,,15.0
simu5g_00000682,7,4,0,1128.0,,14.0
simu5g_00000682,7,4,1,1160.0,,15.0
simu5g_00000682,7,4,2,1128.0,,14.0
simu5g_00000682,7,4,3,432.0,,7.0
simu5g_00000682,7,4,4,808.0,,11.0
simu5g_00000682,7,4,5,1160.0,,15.0
simu5g_00000682,7,4,6,888.0,,12.0
simu5g_00000682,7,4,7,1128.0,,14.0
simu5g_00000682,7,4,8,1160.0,,15.0
simu5g_00000682,7,4,9,984.0,,13.0
simu5g_00000682,7,4,10,984.0,,13.0
simu5g_00000682,7,4,11,984.0,,13.0
simu5g_00000682,7,4,12,1128.0,,14.0
simu5g_00000682,7,4,13,1160.0,,15.0
simu5g_00000682,7,4,14,984.0,,13.0
simu5g_00000682,7,4,15,1128.0,,14.0
simu5g_00000682,7,4,16,984.0,,13.0
simu5g_00000682,7,4,17,432.0,,7.0
simu5g_00000682,7,4,18,1160.0,,15.0
simu5g_00000682,7,4,19,984.0,,13.0
simu5g_00000682,7,4,20,888.0,,12.0
simu5g_00000682,7,4,21,984.0,,13.0
simu5g_00000682,7,4,22,1128.0,,14.0
simu5g_00000682,7,4,23,1160.0,,15.0
simu5g_00000682,7,4,24,1128.0,,14.0
simu5g_00000683,0,0,0,1160.0,,15.0
simu5g_00000683,0,0,1,1128.0,,14.0
simu5g_00000683,0,0,2,1160.0,,15.0
simu5g_00000683,0,0,3,1160.0,,15.0
simu5g_00000683,0,0,4,1160.0,,15.0
simu5g_00000683,0,0,5,1160.0,,15.0
simu5g_00000683,0,0,6,1160.0,,15.0
simu5g_00000683,0,0,7,1160.0,,15.0
simu5g_00000683,0,0,8,1160.0,,15.0
simu5g_00000683,0,0,9,1160.0,,15.0
simu5g_00000683,0,0,10,1160.0,,15.0
simu5g_00000683,0,0,11,1160.0,,15.0
simu5g_00000683,0,0,12,1160.0,,15.0
simu5g_00000683,0,0,13,1160.0,,15.0
simu5g_00000683,0,0,14,1160.0,,15.0
simu5g_00000683,0,0,15,1160.0,,15.0
simu5g_00000683,0,0,16,1160.0,,15.0
simu5g_00000683,0,0,17,1160.0,,15.0
simu5g_00000683,0,0,18,1160.0,,15.0
simu5g_00000683,0,0,19,1160.0,,15.0
simu5g_00000683,0,0,20,1160.0,,15.0
simu5g_00000683,0,0,21,1160.0,,15.0
simu5g_00000683,0,0,22,1160.0,,15.0
simu5g_00000683,0,0,23,1160.0,,15.0
simu5g_00000683,0,0,24,1160.0,,15.0
simu5g_00000683,1,1,0,1160.0,,15.0
simu5g_00000683,1,1,1,1160.0,,15.0
simu5g_00000683,1,1,2,1160.0,,15.0
simu5g_00000683,1,1,3,1160.0,,15.0
simu5g_00000683,1,1,4,1160.0,,15.0
simu5g_00000683,1,1,5,1160.0,,15.0
simu5g_00000683,1,1,6,1160.0,,15.0
simu5g_00000683,1,1,7,1128.0,,14.0
simu5g_00000683,1,1,8,984.0,,13.0
simu5g_00000683,1,1,9,1160.0,,15.0
simu5g_00000683,1,1,10,1160.0,,15.0
simu5g_00000683,1,1,11,1160.0,,15.0
simu5g_00000683,1,1,12,1160.0,,15.0
simu5g_00000683,1,1,13,1160.0,,15.0
simu5g_00000683,1,1,14,1160.0,,15.0
simu5g_00000683,1,1,15,1160.0,,15.0
simu5g_00000683,1,1,16,1160.0,,15.0
simu5g_00000683,1,1,17,1160.0,,15.0
simu5g_00000683,1,1,18,1160.0,,15.0
simu5g_00000683,1,1,19,1160.0,,15.0
simu5g_00000683,1,1,20,1160.0,,15.0
simu5g_00000683,1,1,21,984.0,,13.0
simu5g_00000683,1,1,22,1160.0,,15.0
simu5g_00000683,1,1,23,1160.0,,15.0
simu5g_00000683,1,1,24,1160.0,,15.0
simu5g_00000683,15,2,0,1128.0,,14.0
simu5g_00000683,15,2,1,1128.0,,14.0
simu5g_00000683,15,2,2,1160.0,,15.0
simu5g_00000683,15,2,3,1160.0,,15.0
simu5g_00000683,15,2,4,984.0,,13.0
simu5g_00000683,15,2,5,808.0,,11.0
simu5g_00000683,15,2,6,1160.0,,15.0
simu5g_00000683,15,2,7,1128.0,,14.0
simu5g_00000683,15,2,8,1160.0,,15.0
simu5g_00000683,15,2,9,1160.0,,15.0
simu5g_00000683,15,2,10,1160.0,,15.0
simu5g_00000683,15,2,11,1160.0,,15.0
simu5g_00000683,15,2,12,984.0,,13.0
simu5g_00000683,15,2,13,1160.0,,15.0
simu5g_00000683,15,2,14,1128.0,,14.0
simu5g_00000683,15,2,15,1128.0,,14.0
simu5g_00000683,15,2,16,1160.0,,15.0
simu5g_00000683,15,2,17,1160.0,,15.0
simu5g_00000683,15,2,18,1160.0,,15.0
simu5g_00000683,15,2,19,1160.0,,15.0
simu5g_00000683,15,2,20,1160.0,,15.0
simu5g_00000683,15,2,21,1128.0,,14.0
simu5g_00000683,15,2,22,1160.0,,15.0
simu5g_00000683,15,2,23,1160.0,,15.0
simu5g_00000683,15,2,24,1160.0,,15.0
simu5g_00000683,2,3,0,1160.0,,15.0
simu5g_00000683,2,3,1,1160.0,,15.0
simu5g_00000683,2,3,2,1160.0,,15.0
simu5g_00000683,2,3,3,1160.0,,15.0
simu5g_00000683,2,3,4,1160.0,,15.0
simu5g_00000683,2,3,5,1160.0,,15.0
simu5g_00000683,2,3,6,1160.0,,15.0
simu5g_00000683,2,3,7,1128.0,,14.0
simu5g_00000683,2,3,8,1160.0,,15.0
simu5g_00000683,2,3,9,1160.0,,15.0
simu5g_00000683,2,3,10,1160.0,,15.0
simu5g_00000683,2,3,11,1160.0,,15.0
simu5g_00000683,2,3,12,1160.0,,15.0
simu5g_00000683,2,3,13,1160.0,,15.0
simu5g_00000683,2,3,14,1160.0,,15.0
simu5g_00000683,2,3,15,1160.0,,15.0
simu5g_00000683,2,3,16,1160.0,,15.0
simu5g_00000683,2,3,17,1160.0,,15.0
simu5g_00000683,2,3,18,1160.0,,15.0
simu5g_00000683,2,3,19,1160.0,,15.0
simu5g_00000683,2,3,20,1160.0,,15.0
simu5g_00000683,2,3,21,1160.0,,15.0
simu5g_00000683,2,3,22,1160.0,,15.0
simu5g_00000683,2,3,23,1160.0,,15.0
simu5g_00000683,2,3,24,1160.0,,15.0
simu5g_00000683,3,4,0,1128.0,,14.0
simu5g_00000683,3,4,1,1160.0,,15.0
simu5g_00000683,3,4,2,1160.0,,15.0
simu5g_00000683,3,4,3,1160.0,,15.0
simu5g_00000683,3,4,4,1160.0,,15.0
simu5g_00000683,3,4,5,1160.0,,15.0
simu5g_00000683,3,4,6,1160.0,,15.0
simu5g_00000683,3,4,7,1160.0,,15.0
simu5g_00000683,3,4,8,984.0,,13.0
simu5g_00000683,3,4,9,984.0,,13.0
simu5g_00000683,3,4,10,1160.0,,15.0
simu5g_00000683,3,4,11,1160.0,,15.0
simu5g_00000683,3,4,12,1160.0,,15.0
simu5g_00000683,3,4,13,1160.0,,15.0
simu5g_00000683,3,4,14,1160.0,,15.0
simu5g_00000683,3,4,15,1160.0,,15.0
simu5g_00000683,3,4,16,1160.0,,15.0
simu5g_00000683,3,4,17,1160.0,,15.0
simu5g_00000683,3,4,18,1160.0,,15.0
simu5g_00000683,3,4,19,1160.0,,15.0
simu5g_00000683,3,4,20,1160.0,,15.0
simu5g_00000683,3,4,21,1128.0,,14.0
simu5g_00000683,3,4,22,1128.0,,14.0
simu5g_00000683,3,4,23,1160.0,,15.0
simu5g_00000683,3,4,24,1128.0,,14.0
simu5g_00000684,31,0,0,1160.0,,15.0
simu5g_00000684,31,0,1,1128.0,,14.0
simu5g_00000684,31,0,2,1160.0,,15.0
simu5g_00000684,31,0,3,1160.0,,15.0
simu5g_00000684,31,0,4,1160.0,,15.0
simu5g_00000684,31,0,5,1160.0,,15.0
simu5g_00000684,31,0,6,1160.0,,15.0
simu5g_00000684,31,0,7,1160.0,,15.0
simu5g_00000684,31,0,8,1160.0,,15.0
simu5g_00000684,31,0,9,1160.0,,15.0
simu5g_00000684,31,0,10,1160.0,,15.0
simu5g_00000684,31,0,11,1160.0,,15.0
simu5g_00000684,31,0,12,888.0,,12.0
simu5g_00000684,31,0,13,1160.0,,15.0
simu5g_00000684,31,0,14,1160.0,,15.0
simu5g_00000684,31,0,15,1160.0,,15.0
simu5g_00000684,31,0,16,1160.0,,15.0
simu5g_00000684,31,0,17,1160.0,,15.0
simu5g_00000684,31,0,18,1160.0,,15.0
simu5g_00000684,31,0,19,1160.0,,15.0
simu5g_00000684,31,0,20,1160.0,,15.0
simu5g_00000684,31,0,21,1160.0,,15.0
simu5g_00000684,31,0,22,1160.0,,15.0
simu5g_00000684,31,0,23,1160.0,,15.0
simu5g_00000684,31,0,24,1160.0,,15.0
simu5g_00000684,4,1,0,1160.0,,15.0
simu5g_00000684,4,1,1,1128.0,,14.0
simu5g_00000684,4,1,2,1160.0,,15.0
simu5g_00000684,4,1,3,704.0,,10.0
simu5g_00000684,4,1,4,1160.0,,15.0
simu5g_00000684,4,1,5,1160.0,,15.0
simu5g_00000684,4,1,6,1160.0,,15.0
simu5g_00000684,4,1,7,888.0,,12.0
simu5g_00000684,4,1,8,1128.0,,14.0
simu5g_00000684,4,1,9,1160.0,,15.0
simu5g_00000684,4,1,10,1160.0,,15.0
simu5g_00000684,4,1,11,1160.0,,15.0
simu5g_00000684,4,1,12,1160.0,,15.0
simu5g_00000684,4,1,13,1160.0,,15.0
simu5g_00000684,4,1,14,1160.0,,15.0
simu5g_00000684,4,1,15,1128.0,,14.0
simu5g_00000684,4,1,16,1128.0,,14.0
simu5g_00000684,4,1,17,1128.0,,14.0
simu5g_00000684,4,1,18,1160.0,,15.0
simu5g_00000684,4,1,19,1160.0,,15.0
simu5g_00000684,4,1,20,1160.0,,15.0
simu5g_00000684,4,1,21,1128.0,,14.0
simu5g_00000684,4,1,22,1160.0,,15.0
simu5g_00000684,4,1,23,1160.0,,15.0
simu5g_00000684,4,1,24,1128.0,,14.0
simu5g_00000684,5,2,0,984.0,,13.0
simu5g_00000684,5,2,1,888.0,,12.0
simu5g_00000684,5,2,2,984.0,,13.0
simu5g_00000684,5,2,3,888.0,,12.0
simu5g_00000684,5,2,4,1160.0,,15.0
simu5g_00000684,5,2,5,984.0,,13.0
simu5g_00000684,5,2,6,984.0,,13.0
simu5g_00000684,5,2,7,984.0,,13.0
simu5g_00000684,5,2,8,984.0,,13.0
simu5g_00000684,5,2,9,1128.0,,14.0
simu5g_00000684,5,2,10,1128.0,,14.0
simu5g_00000684,5,2,11,984.0,,13.0
simu5g_00000684,5,2,12,984.0,,13.0
simu5g_00000684,5,2,13,808.0,,11.0
simu5g_00000684,5,2,14,704.0,,10.0
simu5g_00000684,5,2,15,888.0,,12.0
simu5g_00000684,5,2,16,368.0,,6.0
simu5g_00000684,5,2,17,1128.0,,14.0
simu5g_00000684,5,2,18,1128.0,,14.0
simu5g_00000684,5,2,19,984.0,,13.0
simu5g_00000684,5,2,20,888.0,,12.0
simu5g_00000684,5,2,21,608.0,,9.0
simu5g_00000684,5,2,22,1128.0,,14.0
simu5g_00000684,5,2,23,808.0,,11.0
simu5g_00000684,5,2,24,888.0,,12.0
simu5g_00000684,6,3,0,1160.0,,15.0
simu5g_00000684,6,3,1,1128.0,,14.0
simu5g_00000684,6,3,2,1160.0,,15.0
simu5g_00000684,6,3,3,528.0,,8.0
simu5g_00000684,6,3,4,984.0,,13.0
simu5g_00000684,6,3,5,1128.0,,14.0
simu5g_00000684,6,3,6,1160.0,,15.0
simu5g_00000684,6,3,7,1128.0,,14.0
simu5g_00000684,6,3,8,1160.0,,15.0
simu5g_00000684,6,3,9,984.0,,13.0
simu5g_00000684,6,3,10,984.0,,13.0
simu5g_00000684,6,3,11,1128.0,,14.0
simu5g_00000684,6,3,12,1160.0,,15.0
simu5g_00000684,6,3,13,984.0,,13.0
simu5g_00000684,6,3,14,1160.0,,15.0
simu5g_00000684,6,3,15,1160.0,,15.0
simu5g_00000684,6,3,16,808.0,,11.0
simu5g_00000684,6,3,17,1160.0,,15.0
simu5g_00000684,6,3,18,1160.0,,15.0
simu5g_00000684,6,3,19,1128.0,,14.0
simu5g_00000684,6,3,20,1160.0,,15.0
simu5g_00000684,6,3,21,1128.0,,14.0
simu5g_00000684,6,3,22,1160.0,,15.0
simu5g_00000684,6,3,23,1160.0,,15.0
simu5g_00000684,6,3,24,1160.0,,15.0
simu5g_00000684,7,4,0,1128.0,,14.0
simu5g_00000684,7,4,1,1160.0,,15.0
simu5g_00000684,7,4,2,1128.0,,14.0
simu5g_00000684,7,4,3,528.0,,8.0
simu5g_00000684,7,4,4,808.0,,11.0
simu5g_00000684,7,4,5,1160.0,,15.0
simu5g_00000684,7,4,6,984.0,,13.0
simu5g_00000684,7,4,7,1160.0,,15.0
simu5g_00000684,7,4,8,1160.0,,15.0
simu5g_00000684,7,4,9,984.0,,13.0
simu5g_00000684,7,4,10,1128.0,,14.0
simu5g_00000684,7,4,11,984.0,,13.0
simu5g_00000684,7,4,12,1160.0,,15.0
simu5g_00000684,7,4,13,1160.0,,15.0
simu5g_00000684,7,4,14,984.0,,13.0
simu5g_00000684,7,4,15,1128.0,,14.0
simu5g_00000684,7,4,16,1128.0,,14.0
simu5g_00000684,7,4,17,528.0,,8.0
simu5g_00000684,7,4,18,1160.0,,15.0
simu5g_00000684,7,4,19,984.0,,13.0
simu5g_00000684,7,4,20,984.0,,13.0
simu5g_00000684,7,4,21,1128.0,,14.0
simu5g_00000684,7,4,22,1160.0,,15.0
simu5g_00000684,7,4,23,1160.0,,15.0
simu5g_00000684,7,4,24,1160.0,,15.0
simu5g_00000685,0,0,0,1160.0,,15.0
simu5g_00000685,0,0,1,1160.0,,15.0
simu5g_00000685,0,0,2,1160.0,,15.0
simu5g_00000685,0,0,3,1160.0,,15.0
simu5g_00000685,0,0,4,1160.0,,15.0
simu5g_00000685,0,0,5,1160.0,,15.0
simu5g_00000685,0,0,6,1160.0,,15.0
simu5g_00000685,0,0,7,1160.0,,15.0
simu5g_00000685,0,0,8,1160.0,,15.0
simu5g_00000685,0,0,9,1160.0,,15.0
simu5g_00000685,0,0,10,1160.0,,15.0
simu5g_00000685,0,0,11,1160.0,,15.0
simu5g_00000685,0,0,12,1160.0,,15.0
simu5g_00000685,0,0,13,1160.0,,15.0
simu5g_00000685,0,0,14,1160.0,,15.0
simu5g_00000685,0,0,15,1160.0,,15.0
simu5g_00000685,0,0,16,1160.0,,15.0
simu5g_00000685,0,0,17,1160.0,,15.0
simu5g_00000685,0,0,18,1160.0,,15.0
simu5g_00000685,0,0,19,1160.0,,15.0
simu5g_00000685,0,0,20,1160.0,,15.0
simu5g_00000685,0,0,21,1160.0,,15.0
simu5g_00000685,0,0,22,1160.0,,15.0
simu5g_00000685,0,0,23,1160.0,,15.0
simu5g_00000685,0,0,24,1160.0,,15.0
simu5g_00000685,1,1,0,1160.0,,15.0
simu5g_00000685,1,1,1,1160.0,,15.0
simu5g_00000685,1,1,2,1160.0,,15.0
simu5g_00000685,1,1,3,1160.0,,15.0
simu5g_00000685,1,1,4,1160.0,,15.0
simu5g_00000685,1,1,5,1160.0,,15.0
simu5g_00000685,1,1,6,1160.0,,15.0
simu5g_00000685,1,1,7,1160.0,,15.0
simu5g_00000685,1,1,8,1128.0,,14.0
simu5g_00000685,1,1,9,1160.0,,15.0
simu5g_00000685,1,1,10,1160.0,,15.0
simu5g_00000685,1,1,11,1160.0,,15.0
simu5g_00000685,1,1,12,1160.0,,15.0
simu5g_00000685,1,1,13,1160.0,,15.0
simu5g_00000685,1,1,14,1160.0,,15.0
simu5g_00000685,1,1,15,1160.0,,15.0
simu5g_00000685,1,1,16,1160.0,,15.0
simu5g_00000685,1,1,17,1160.0,,15.0
simu5g_00000685,1,1,18,1160.0,,15.0
simu5g_00000685,1,1,19,1160.0,,15.0
simu5g_00000685,1,1,20,1160.0,,15.0
simu5g_00000685,1,1,21,1128.0,,14.0
simu5g_00000685,1,1,22,1160.0,,15.0
simu5g_00000685,1,1,23,1160.0,,15.0
simu5g_00000685,1,1,24,1160.0,,15.0
simu5g_00000685,15,2,0,1160.0,,15.0
simu5g_00000685,15,2,1,1160.0,,15.0
simu5g_00000685,15,2,2,1160.0,,15.0
simu5g_00000685,15,2,3,1160.0,,15.0
simu5g_00000685,15,2,4,1160.0,,15.0
simu5g_00000685,15,2,5,1128.0,,14.0
simu5g_00000685,15,2,6,1160.0,,15.0
simu5g_00000685,15,2,7,1160.0,,15.0
simu5g_00000685,15,2,8,1160.0,,15.0
simu5g_00000685,15,2,9,1160.0,,15.0
simu5g_00000685,15,2,10,1160.0,,15.0
simu5g_00000685,15,2,11,1160.0,,15.0
simu5g_00000685,15,2,12,1160.0,,15.0
simu5g_00000685,15,2,13,1160.0,,15.0
simu5g_00000685,15,2,14,1160.0,,15.0
simu5g_00000685,15,2,15,1160.0,,15.0
simu5g_00000685,15,2,16,1160.0,,15.0
simu5g_00000685,15,2,17,1160.0,,15.0
simu5g_00000685,15,2,18,1160.0,,15.0
simu5g_00000685,15,2,19,1160.0,,15.0
simu5g_00000685,15,2,20,1160.0,,15.0
simu5g_00000685,15,2,21,1160.0,,15.0
simu5g_00000685,15,2,22,1160.0,,15.0
simu5g_00000685,15,2,23,1160.0,,15.0
simu5g_00000685,15,2,24,1160.0,,15.0
simu5g_00000685,2,3,0,1160.0,,15.0
simu5g_00000685,2,3,1,1160.0,,15.0
simu5g_00000685,2,3,2,1160.0,,15.0
simu5g_00000685,2,3,3,1160.0,,15.0
simu5g_00000685,2,3,4,1160.0,,15.0
simu5g_00000685,2,3,5,1160.0,,15.0
simu5g_00000685,2,3,6,1160.0,,15.0
simu5g_00000685,2,3,7,1128.0,,14.0
simu5g_00000685,2,3,8,1160.0,,15.0
simu5g_00000685,2,3,9,1160.0,,15.0
simu5g_00000685,2,3,10,1160.0,,15.0
simu5g_00000685,2,3,11,1160.0,,15.0
simu5g_00000685,2,3,12,1160.0,,15.0
simu5g_00000685,2,3,13,1160.0,,15.0
simu5g_00000685,2,3,14,1160.0,,15.0
simu5g_00000685,2,3,15,1160.0,,15.0
simu5g_00000685,2,3,16,1160.0,,15.0
simu5g_00000685,2,3,17,1160.0,,15.0
simu5g_00000685,2,3,18,1160.0,,15.0
simu5g_00000685,2,3,19,1160.0,,15.0
simu5g_00000685,2,3,20,1160.0,,15.0
simu5g_00000685,2,3,21,1160.0,,15.0
simu5g_00000685,2,3,22,1160.0,,15.0
simu5g_00000685,2,3,23,1160.0,,15.0
simu5g_00000685,2,3,24,1160.0,,15.0
simu5g_00000685,3,4,0,1128.0,,14.0
simu5g_00000685,3,4,1,1160.0,,15.0
simu5g_00000685,3,4,2,1160.0,,15.0
simu5g_00000685,3,4,3,1160.0,,15.0
simu5g_00000685,3,4,4,1160.0,,15.0
simu5g_00000685,3,4,5,1160.0,,15.0
simu5g_00000685,3,4,6,1160.0,,15.0
simu5g_00000685,3,4,7,1160.0,,15.0
simu5g_00000685,3,4,8,984.0,,13.0
simu5g_00000685,3,4,9,984.0,,13.0
simu5g_00000685,3,4,10,1160.0,,15.0
simu5g_00000685,3,4,11,1160.0,,15.0
simu5g_00000685,3,4,12,1160.0,,15.0
simu5g_00000685,3,4,13,1160.0,,15.0
simu5g_00000685,3,4,14,1160.0,,15.0
simu5g_00000685,3,4,15,1160.0,,15.0
simu5g_00000685,3,4,16,1160.0,,15.0
simu5g_00000685,3,4,17,1160.0,,15.0
simu5g_00000685,3,4,18,1160.0,,15.0
simu5g_00000685,3,4,19,1160.0,,15.0
simu5g_00000685,3,4,20,1160.0,,15.0
simu5g_00000685,3,4,21,1160.0,,15.0
simu5g_00000685,3,4,22,1128.0,,14.0
simu5g_00000685,3,4,23,1160.0,,15.0
simu5g_00000685,3,4,24,1128.0,,14.0
simu5g_00000686,31,0,0,1160.0,,15.0
simu5g_00000686,31,0,1,1128.0,,14.0
simu5g_00000686,31,0,2,1160.0,,15.0
simu5g_00000686,31,0,3,1160.0,,15.0
simu5g_00000686,31,0,4,1160.0,,15.0
simu5g_00000686,31,0,5,1160.0,,15.0
simu5g_00000686,31,0,6,1160.0,,15.0
simu5g_00000686,31,0,7,1160.0,,15.0
simu5g_00000686,31,0,8,1160.0,,15.0
simu5g_00000686,31,0,9,1160.0,,15.0
simu5g_00000686,31,0,10,1160.0,,15.0
simu5g_00000686,31,0,11,1160.0,,15.0
simu5g_00000686,31,0,12,888.0,,12.0
simu5g_00000686,31,0,13,1160.0,,15.0
simu5g_00000686,31,0,14,1160.0,,15.0
simu5g_00000686,31,0,15,1160.0,,15.0
simu5g_00000686,31,0,16,1160.0,,15.0
simu5g_00000686,31,0,17,1160.0,,15.0
simu5g_00000686,31,0,18,1160.0,,15.0
simu5g_00000686,31,0,19,1160.0,,15.0
simu5g_00000686,31,0,20,1160.0,,15.0
simu5g_00000686,31,0,21,1160.0,,15.0
simu5g_00000686,31,0,22,1160.0,,15.0
simu5g_00000686,31,0,23,1160.0,,15.0
simu5g_00000686,31,0,24,1160.0,,15.0
simu5g_00000686,4,1,0,1160.0,,15.0
simu5g_00000686,4,1,1,1128.0,,14.0
simu5g_00000686,4,1,2,1160.0,,15.0
simu5g_00000686,4,1,3,704.0,,10.0
simu5g_00000686,4,1,4,1160.0,,15.0
simu5g_00000686,4,1,5,1160.0,,15.0
simu5g_00000686,4,1,6,1160.0,,15.0
simu5g_00000686,4,1,7,888.0,,12.0
simu5g_00000686,4,1,8,1128.0,,14.0
simu5g_00000686,4,1,9,1160.0,,15.0
simu5g_00000686,4,1,10,1160.0,,15.0
simu5g_00000686,4,1,11,1160.0,,15.0
simu5g_00000686,4,1,12,1160.0,,15.0
simu5g_00000686,4,1,13,1160.0,,15.0
simu5g_00000686,4,1,14,1160.0,,15.0
simu5g_00000686,4,1,15,1128.0,,14.0
simu5g_00000686,4,1,16,1128.0,,14.0
simu5g_00000686,4,1,17,1128.0,,14.0
simu5g_00000686,4,1,18,1160.0,,15.0
simu5g_00000686,4,1,19,1160.0,,15.0
simu5g_00000686,4,1,20,1160.0,,15.0
simu5g_00000686,4,1,21,1128.0,,14.0
simu5g_00000686,4,1,22,1160.0,,15.0
simu5g_00000686,4,1,23,1160.0,,15.0
simu5g_00000686,4,1,24,1128.0,,14.0
simu5g_00000686,5,2,0,1128.0,,14.0
simu5g_00000686,5,2,1,984.0,,13.0
simu5g_00000686,5,2,2,984.0,,13.0
simu5g_00000686,5,2,3,888.0,,12.0
simu5g_00000686,5,2,4,1160.0,,15.0
simu5g_00000686,5,2,5,984.0,,13.0
simu5g_00000686,5,2,6,984.0,,13.0
simu5g_00000686,5,2,7,984.0,,13.0
simu5g_00000686,5,2,8,984.0,,13.0
simu5g_00000686,5,2,9,1160.0,,15.0
simu5g_00000686,5,2,10,1128.0,,14.0
simu5g_00000686,5,2,11,1128.0,,14.0
simu5g_00000686,5,2,12,984.0,,13.0
simu5g_00000686,5,2,13,888.0,,12.0
simu5g_00000686,5,2,14,808.0,,11.0
simu5g_00000686,5,2,15,888.0,,12.0
simu5g_00000686,5,2,16,368.0,,6.0
simu5g_00000686,5,2,17,1160.0,,15.0
simu5g_00000686,5,2,18,1128.0,,14.0
simu5g_00000686,5,2,19,984.0,,13.0
simu5g_00000686,5,2,20,984.0,,13.0
simu5g_00000686,5,2,21,608.0,,9.0
simu5g_00000686,5,2,22,1128.0,,14.0
simu5g_00000686,5,2,23,888.0,,12.0
simu5g_00000686,5,2,24,984.0,,13.0
simu5g_00000686,6,3,0,1160.0,,15.0
simu5g_00000686,6,3,1,1128.0,,14.0
simu5g_00000686,6,3,2,1160.0,,15.0
simu5g_00000686,6,3,3,528.0,,8.0
simu5g_00000686,6,3,4,984.0,,13.0
simu5g_00000686,6,3,5,1128.0,,14.0
simu5g_00000686,6,3,6,1160.0,,15.0
simu5g_00000686,6,3,7,1128.0,,14.0
simu5g_00000686,6,3,8,1160.0,,15.0
simu5g_00000686,6,3,9,984.0,,13.0
simu5g_00000686,6,3,10,984.0,,13.0
simu5g_00000686,6,3,11,1128.0,,14.0
simu5g_00000686,6,3,12,1160.0,,15.0
simu5g_00000686,6,3,13,984.0,,13.0
simu5g_00000686,6,3,14,1160.0,,15.0
simu5g_00000686,6,3,15,1160.0,,15.0
simu5g_00000686,6,3,16,808.0,,11.0
simu5g_00000686,6,3,17,1160.0,,15.0
simu5g_00000686,6,3,18,1160.0,,15.0
simu5g_00000686,6,3,19,1128.0,,14.0
simu5g_00000686,6,3,20,1160.0,,15.0
simu5g_00000686,6,3,21,1128.0,,14.0
simu5g_00000686,6,3,22,1160.0,,15.0
simu5g_00000686,6,3,23,1160.0,,15.0
simu5g_00000686,6,3,24,1160.0,,15.0
simu5g_00000686,7,4,0,1128.0,,14.0
simu5g_00000686,7,4,1,1160.0,,15.0
simu5g_00000686,7,4,2,1128.0,,14.0
simu5g_00000686,7,4,3,528.0,,8.0
simu5g_00000686,7,4,4,808.0,,11.0
simu5g_00000686,7,4,5,1160.0,,15.0
simu5g_00000686,7,4,6,984.0,,13.0
simu5g_00000686,7,4,7,1160.0,,15.0
simu5g_00000686,7,4,8,1160.0,,15.0
simu5g_00000686,7,4,9,984.0,,13.0
simu5g_00000686,7,4,10,1128.0,,14.0
simu5g_00000686,7,4,11,984.0,,13.0
simu5g_00000686,7,4,12,1160.0,,15.0
simu5g_00000686,7,4,13,1160.0,,15.0
simu5g_00000686,7,4,14,984.0,,13.0
simu5g_00000686,7,4,15,1128.0,,14.0
simu5g_00000686,7,4,16,1128.0,,14.0
simu5g_00000686,7,4,17,528.0,,8.0
simu5g_00000686,7,4,18,1160.0,,15.0
simu5g_00000686,7,4,19,984.0,,13.0
simu5g_00000686,7,4,20,984.0,,13.0
simu5g_00000686,7,4,21,1128.0,,14.0
simu5g_00000686,7,4,22,1160.0,,15.0
simu5g_00000686,7,4,23,1160.0,,15.0
simu5g_00000686,7,4,24,1160.0,,15.0
simu5g_00000687,0,0,0,1160.0,,15.0
simu5g_00000687,0,0,1,1160.0,,15.0
simu5g_00000687,0,0,2,1160.0,,15.0
simu5g_00000687,0,0,3,1160.0,,15.0
simu5g_00000687,0,0,4,1160.0,,15.0
simu5g_00000687,0,0,5,1160.0,,15.0
simu5g_00000687,0,0,6,1160.0,,15.0
simu5g_00000687,0,0,7,1160.0,,15.0
simu5g_00000687,0,0,8,1160.0,,15.0
simu5g_00000687,0,0,9,1160.0,,15.0
simu5g_00000687,0,0,10,1160.0,,15.0
simu5g_00000687,0,0,11,1160.0,,15.0
simu5g_00000687,0,0,12,1160.0,,15.0
simu5g_00000687,0,0,13,1160.0,,15.0
simu5g_00000687,0,0,14,1160.0,,15.0
simu5g_00000687,0,0,15,1160.0,,15.0
simu5g_00000687,0,0,16,1160.0,,15.0
simu5g_00000687,0,0,17,1160.0,,15.0
simu5g_00000687,0,0,18,1160.0,,15.0
simu5g_00000687,0,0,19,1160.0,,15.0
simu5g_00000687,0,0,20,1160.0,,15.0
simu5g_00000687,0,0,21,1160.0,,15.0
simu5g_00000687,0,0,22,1160.0,,15.0
simu5g_00000687,0,0,23,1160.0,,15.0
simu5g_00000687,0,0,24,1160.0,,15.0
simu5g_00000687,1,1,0,1160.0,,15.0
simu5g_00000687,1,1,1,1160.0,,15.0
simu5g_00000687,1,1,2,1160.0,,15.0
simu5g_00000687,1,1,3,1160.0,,15.0
simu5g_00000687,1,1,4,1160.0,,15.0
simu5g_00000687,1,1,5,1160.0,,15.0
simu5g_00000687,1,1,6,1160.0,,15.0
simu5g_00000687,1,1,7,1160.0,,15.0
simu5g_00000687,1,1,8,1128.0,,14.0
simu5g_00000687,1,1,9,1160.0,,15.0
simu5g_00000687,1,1,10,1160.0,,15.0
simu5g_00000687,1,1,11,1160.0,,15.0
simu5g_00000687,1,1,12,1160.0,,15.0
simu5g_00000687,1,1,13,1160.0,,15.0
simu5g_00000687,1,1,14,1160.0,,15.0
simu5g_00000687,1,1,15,1160.0,,15.0
simu5g_00000687,1,1,16,1160.0,,15.0
simu5g_00000687,1,1,17,1160.0,,15.0
simu5g_00000687,1,1,18,1160.0,,15.0
simu5g_00000687,1,1,19,1160.0,,15.0
simu5g_00000687,1,1,20,1160.0,,15.0
simu5g_00000687,1,1,21,1128.0,,14.0
simu5g_00000687,1,1,22,1160.0,,15.0
simu5g_00000687,1,1,23,1160.0,,15.0
simu5g_00000687,1,1,24,1160.0,,15.0
simu5g_00000687,15,2,0,1160.0,,15.0
simu5g_00000687,15,2,1,1160.0,,15.0
simu5g_00000687,15,2,2,1160.0,,15.0
simu5g_00000687,15,2,3,1160.0,,15.0
simu5g_00000687,15,2,4,1160.0,,15.0
simu5g_00000687,15,2,5,1128.0,,14.0
simu5g_00000687,15,2,6,1160.0,,15.0
simu5g_00000687,15,2,7,1160.0,,15.0
simu5g_00000687,15,2,8,1160.0,,15.0
simu5g_00000687,15,2,9,1160.0,,15.0
simu5g_00000687,15,2,10,1160.0,,15.0
simu5g_00000687,15,2,11,1160.0,,15.0
simu5g_00000687,15,2,12,1160.0,,15.0
simu5g_00000687,15,2,13,1160.0,,15.0
simu5g_00000687,15,2,14,1160.0,,15.0
simu5g_00000687,15,2,15,1160.0,,15.0
simu5g_00000687,15,2,16,1160.0,,15.0
simu5g_00000687,15,2,17,1160.0,,15.0
simu5g_00000687,15,2,18,1160.0,,15.0
simu5g_00000687,15,2,19,1160.0,,15.0
simu5g_00000687,15,2,20,1160.0,,15.0
simu5g_00000687,15,2,21,1160.0,,15.0
simu5g_00000687,15,2,22,1160.0,,15.0
simu5g_00000687,15,2,23,1160.0,,15.0
simu5g_00000687,15,2,24,1160.0,,15.0
simu5g_00000687,2,3,0,1160.0,,15.0
simu5g_00000687,2,3,1,1160.0,,15.0
simu5g_00000687,2,3,2,1160.0,,15.0
simu5g_00000687,2,3,3,1160.0,,15.0
simu5g_00000687,2,3,4,1160.0,,15.0
simu5g_00000687,2,3,5,1160.0,,15.0
simu5g_00000687,2,3,6,1160.0,,15.0
simu5g_00000687,2,3,7,1128.0,,14.0
simu5g_00000687,2,3,8,1160.0,,15.0
simu5g_00000687,2,3,9,1160.0,,15.0
simu5g_00000687,2,3,10,1160.0,,15.0
simu5g_00000687,2,3,11,1160.0,,15.0
simu5g_00000687,2,3,12,1160.0,,15.0
simu5g_00000687,2,3,13,1160.0,,15.0
simu5g_00000687,2,3,14,1160.0,,15.0
simu5g_00000687,2,3,15,1160.0,,15.0
simu5g_00000687,2,3,16,1160.0,,15.0
simu5g_00000687,2,3,17,1160.0,,15.0
simu5g_00000687,2,3,18,1160.0,,15.0
simu5g_00000687,2,3,19,1160.0,,15.0
simu5g_00000687,2,3,20,1160.0,,15.0
simu5g_00000687,2,3,21,1160.0,,15.0
simu5g_00000687,2,3,22,1160.0,,15.0
simu5g_00000687,2,3,23,1160.0,,15.0
simu5g_00000687,2,3,24,1160.0,,15.0
simu5g_00000687,3,4,0,1128.0,,14.0
simu5g_00000687,3,4,1,1160.0,,15.0
simu5g_00000687,3,4,2,1160.0,,15.0
simu5g_00000687,3,4,3,1160.0,,15.0
simu5g_00000687,3,4,4,1160.0,,15.0
simu5g_00000687,3,4,5,1160.0,,15.0
simu5g_00000687,3,4,6,1160.0,,15.0
simu5g_00000687,3,4,7,1160.0,,15.0
simu5g_00000687,3,4,8,984.0,,13.0
simu5g_00000687,3,4,9,984.0,,13.0
simu5g_00000687,3,4,10,1160.0,,15.0
simu5g_00000687,3,4,11,1160.0,,15.0
simu5g_00000687,3,4,12,1160.0,,15.0
simu5g_00000687,3,4,13,1160.0,,15.0
simu5g_00000687,3,4,14,1160.0,,15.0
simu5g_00000687,3,4,15,1160.0,,15.0
simu5g_00000687,3,4,16,1160.0,,15.0
simu5g_00000687,3,4,17,1160.0,,15.0
simu5g_00000687,3,4,18,1160.0,,15.0
simu5g_00000687,3,4,19,1160.0,,15.0
simu5g_00000687,3,4,20,1160.0,,15.0
simu5g_00000687,3,4,21,1160.0,,15.0
simu5g_00000687,3,4,22,1128.0,,14.0
simu5g_00000687,3,4,23,1160.0,,15.0
simu5g_00000687,3,4,24,1128.0,,14.0
simu5g_00000688,31,0,0,1160.0,,15.0
simu5g_00000688,31,0,1,1128.0,,14.0
simu5g_00000688,31,0,2,1160.0,,15.0
simu5g_00000688,31,0,3,1160.0,,15.0
simu5g_00000688,31,0,4,1160.0,,15.0
simu5g_00000688,31,0,5,1160.0,,15.0
simu5g_00000688,31,0,6,1160.0,,15.0
simu5g_00000688,31,0,7,1160.0,,15.0
simu5g_00000688,31,0,8,1160.0,,15.0
simu5g_00000688,31,0,9,1160.0,,15.0
simu5g_00000688,31,0,10,1160.0,,15.0
simu5g_00000688,31,0,11,1160.0,,15.0
simu5g_00000688,31,0,12,888.0,,12.0
simu5g_00000688,31,0,13,1160.0,,15.0
simu5g_00000688,31,0,14,1160.0,,15.0
simu5g_00000688,31,0,15,1160.0,,15.0
simu5g_00000688,31,0,16,1160.0,,15.0
simu5g_00000688,31,0,17,1160.0,,15.0
simu5g_00000688,31,0,18,1160.0,,15.0
simu5g_00000688,31,0,19,1160.0,,15.0
simu5g_00000688,31,0,20,1160.0,,15.0
simu5g_00000688,31,0,21,1160.0,,15.0
simu5g_00000688,31,0,22,1160.0,,15.0
simu5g_00000688,31,0,23,1160.0,,15.0
simu5g_00000688,31,0,24,1160.0,,15.0
simu5g_00000688,4,1,0,1160.0,,15.0
simu5g_00000688,4,1,1,1128.0,,14.0
simu5g_00000688,4,1,2,1160.0,,15.0
simu5g_00000688,4,1,3,704.0,,10.0
simu5g_00000688,4,1,4,1160.0,,15.0
simu5g_00000688,4,1,5,1160.0,,15.0
simu5g_00000688,4,1,6,1160.0,,15.0
simu5g_00000688,4,1,7,888.0,,12.0
simu5g_00000688,4,1,8,1128.0,,14.0
simu5g_00000688,4,1,9,1160.0,,15.0
simu5g_00000688,4,1,10,1160.0,,15.0
simu5g_00000688,4,1,11,1160.0,,15.0
simu5g_00000688,4,1,12,1160.0,,15.0
simu5g_00000688,4,1,13,1160.0,,15.0
simu5g_00000688,4,1,14,1160.0,,15.0
simu5g_00000688,4,1,15,1128.0,,14.0
simu5g_00000688,4,1,16,1128.0,,14.0
simu5g_00000688,4,1,17,1128.0,,14.0
simu5g_00000688,4,1,18,1160.0,,15.0
simu5g_00000688,4,1,19,1160.0,,15.0
simu5g_00000688,4,1,20,1160.0,,15.0
simu5g_00000688,4,1,21,1128.0,,14.0
simu5g_00000688,4,1,22,1160.0,,15.0
simu5g_00000688,4,1,23,1160.0,,15.0
simu5g_00000688,4,1,24,1128.0,,14.0
simu5g_00000688,5,2,0,1128.0,,14.0
simu5g_00000688,5,2,1,984.0,,13.0
simu5g_00000688,5,2,2,984.0,,13.0
simu5g_00000688,5,2,3,888.0,,12.0
simu5g_00000688,5,2,4,1160.0,,15.0
simu5g_00000688,5,2,5,984.0,,13.0
simu5g_00000688,5,2,6,984.0,,13.0
simu5g_00000688,5,2,7,984.0,,13.0
simu5g_00000688,5,2,8,984.0,,13.0
simu5g_00000688,5,2,9,1160.0,,15.0
simu5g_00000688,5,2,10,1128.0,,14.0
simu5g_00000688,5,2,11,1128.0,,14.0
simu5g_00000688,5,2,12,984.0,,13.0
simu5g_00000688,5,2,13,888.0,,12.0
simu5g_00000688,5,2,14,808.0,,11.0
simu5g_00000688,5,2,15,888.0,,12.0
simu5g_00000688,5,2,16,368.0,,6.0
simu5g_00000688,5,2,17,1160.0,,15.0
simu5g_00000688,5,2,18,1128.0,,14.0
simu5g_00000688,5,2,19,984.0,,13.0
simu5g_00000688,5,2,20,984.0,,13.0
simu5g_00000688,5,2,21,608.0,,9.0
simu5g_00000688,5,2,22,1128.0,,14.0
simu5g_00000688,5,2,23,888.0,,12.0
simu5g_00000688,5,2,24,984.0,,13.0
simu5g_00000688,6,3,0,1160.0,,15.0
simu5g_00000688,6,3,1,1128.0,,14.0
simu5g_00000688,6,3,2,1160.0,,15.0
simu5g_00000688,6,3,3,528.0,,8.0
simu5g_00000688,6,3,4,984.0,,13.0
simu5g_00000688,6,3,5,1128.0,,14.0
simu5g_00000688,6,3,6,1160.0,,15.0
simu5g_00000688,6,3,7,1128.0,,14.0
simu5g_00000688,6,3,8,1160.0,,15.0
simu5g_00000688,6,3,9,984.0,,13.0
simu5g_00000688,6,3,10,984.0,,13.0
simu5g_00000688,6,3,11,1128.0,,14.0
simu5g_00000688,6,3,12,1160.0,,15.0
simu5g_00000688,6,3,13,984.0,,13.0
simu5g_00000688,6,3,14,1160.0,,15.0
simu5g_00000688,6,3,15,1160.0,,15.0
simu5g_00000688,6,3,16,808.0,,11.0
simu5g_00000688,6,3,17,1160.0,,15.0
simu5g_00000688,6,3,18,1160.0,,15.0
simu5g_00000688,6,3,19,1128.0,,14.0
simu5g_00000688,6,3,20,1160.0,,15.0
simu5g_00000688,6,3,21,1128.0,,14.0
simu5g_00000688,6,3,22,1160.0,,15.0
simu5g_00000688,6,3,23,1160.0,,15.0
simu5g_00000688,6,3,24,1160.0,,15.0
simu5g_00000688,7,4,0,1128.0,,14.0
simu5g_00000688,7,4,1,1160.0,,15.0
simu5g_00000688,7,4,2,1128.0,,14.0
simu5g_00000688,7,4,3,528.0,,8.0
simu5g_00000688,7,4,4,808.0,,11.0
simu5g_00000688,7,4,5,1160.0,,15.0
simu5g_00000688,7,4,6,984.0,,13.0
simu5g_00000688,7,4,7,1160.0,,15.0
simu5g_00000688,7,4,8,1160.0,,15.0
simu5g_00000688,7,4,9,984.0,,13.0
simu5g_00000688,7,4,10,1128.0,,14.0
simu5g_00000688,7,4,11,984.0,,13.0
simu5g_00000688,7,4,12,1160.0,,15.0
simu5g_00000688,7,4,13,1160.0,,15.0
simu5g_00000688,7,4,14,984.0,,13.0
simu5g_00000688,7,4,15,1128.0,,14.0
simu5g_00000688,7,4,16,1128.0,,14.0
simu5g_00000688,7,4,17,528.0,,8.0
simu5g_00000688,7,4,18,1160.0,,15.0
simu5g_00000688,7,4,19,984.0,,13.0
simu5g_00000688,7,4,20,984.0,,13.0
simu5g_00000688,7,4,21,1128.0,,14.0
simu5g_00000688,7,4,22,1160.0,,15.0
simu5g_00000688,7,4,23,1160.0,,15.0
simu5g_00000688,7,4,24,1160.0,,15.0
simu5g_00000689,0,0,0,1160.0,,15.0
simu5g_00000689,0,0,1,1160.0,,15.0
simu5g_00000689,0,0,2,1160.0,,15.0
simu5g_00000689,0,0,3,1160.0,,15.0
simu5g_00000689,0,0,4,1160.0,,15.0
simu5g_00000689,0,0,5,1160.0,,15.0
simu5g_00000689,0,0,6,1160.0,,15.0
simu5g_00000689,0,0,7,1160.0,,15.0
simu5g_00000689,0,0,8,1160.0,,15.0
simu5g_00000689,0,0,9,1160.0,,15.0
simu5g_00000689,0,0,10,1160.0,,15.0
simu5g_00000689,0,0,11,1160.0,,15.0
simu5g_00000689,0,0,12,1160.0,,15.0
simu5g_00000689,0,0,13,1160.0,,15.0
simu5g_00000689,0,0,14,1160.0,,15.0
simu5g_00000689,0,0,15,1160.0,,15.0
simu5g_00000689,0,0,16,1160.0,,15.0
simu5g_00000689,0,0,17,1160.0,,15.0
simu5g_00000689,0,0,18,1160.0,,15.0
simu5g_00000689,0,0,19,1160.0,,15.0
simu5g_00000689,0,0,20,1160.0,,15.0
simu5g_00000689,0,0,21,1160.0,,15.0
simu5g_00000689,0,0,22,1160.0,,15.0
simu5g_00000689,0,0,23,1160.0,,15.0
simu5g_00000689,0,0,24,1160.0,,15.0
simu5g_00000689,1,1,0,1160.0,,15.0
simu5g_00000689,1,1,1,1160.0,,15.0
simu5g_00000689,1,1,2,1160.0,,15.0
simu5g_00000689,1,1,3,1160.0,,15.0
simu5g_00000689,1,1,4,1160.0,,15.0
simu5g_00000689,1,1,5,1160.0,,15.0
simu5g_00000689,1,1,6,1160.0,,15.0
simu5g_00000689,1,1,7,1160.0,,15.0
simu5g_00000689,1,1,8,1128.0,,14.0
simu5g_00000689,1,1,9,1160.0,,15.0
simu5g_00000689,1,1,10,1160.0,,15.0
simu5g_00000689,1,1,11,1160.0,,15.0
simu5g_00000689,1,1,12,1160.0,,15.0
simu5g_00000689,1,1,13,1160.0,,15.0
simu5g_00000689,1,1,14,1160.0,,15.0
simu5g_00000689,1,1,15,1160.0,,15.0
simu5g_00000689,1,1,16,1160.0,,15.0
simu5g_00000689,1,1,17,1160.0,,15.0
simu5g_00000689,1,1,18,1160.0,,15.0
simu5g_00000689,1,1,19,1160.0,,15.0
simu5g_00000689,1,1,20,1160.0,,15.0
simu5g_00000689,1,1,21,1128.0,,14.0
simu5g_00000689,1,1,22,1160.0,,15.0
simu5g_00000689,1,1,23,1160.0,,15.0
simu5g_00000689,1,1,24,1160.0,,15.0
simu5g_00000689,15,2,0,1160.0,,15.0
simu5g_00000689,15,2,1,1160.0,,15.0
simu5g_00000689,15,2,2,1160.0,,15.0
simu5g_00000689,15,2,3,1160.0,,15.0
simu5g_00000689,15,2,4,1160.0,,15.0
simu5g_00000689,15,2,5,1128.0,,14.0
simu5g_00000689,15,2,6,1160.0,,15.0
simu5g_00000689,15,2,7,1160.0,,15.0
simu5g_00000689,15,2,8,1160.0,,15.0
simu5g_00000689,15,2,9,1160.0,,15.0
simu5g_00000689,15,2,10,1160.0,,15.0
simu5g_00000689,15,2,11,1160.0,,15.0
simu5g_00000689,15,2,12,1160.0,,15.0
simu5g_00000689,15,2,13,1160.0,,15.0
simu5g_00000689,15,2,14,1160.0,,15.0
simu5g_00000689,15,2,15,1160.0,,15.0
simu5g_00000689,15,2,16,1160.0,,15.0
simu5g_00000689,15,2,17,1160.0,,15.0
simu5g_00000689,15,2,18,1160.0,,15.0
simu5g_00000689,15,2,19,1160.0,,15.0
simu5g_00000689,15,2,20,1160.0,,15.0
simu5g_00000689,15,2,21,1160.0,,15.0
simu5g_00000689,15,2,22,1160.0,,15.0
simu5g_00000689,15,2,23,1160.0,,15.0
simu5g_00000689,15,2,24,1160.0,,15.0
simu5g_00000689,2,3,0,1160.0,,15.0
simu5g_00000689,2,3,1,1160.0,,15.0
simu5g_00000689,2,3,2,1160.0,,15.0
simu5g_00000689,2,3,3,1160.0,,15.0
simu5g_00000689,2,3,4,1160.0,,15.0
simu5g_00000689,2,3,5,1160.0,,15.0
simu5g_00000689,2,3,6,1160.0,,15.0
simu5g_00000689,2,3,7,1128.0,,14.0
simu5g_00000689,2,3,8,1160.0,,15.0
simu5g_00000689,2,3,9,1160.0,,15.0
simu5g_00000689,2,3,10,1160.0,,15.0
simu5g_00000689,2,3,11,1160.0,,15.0
simu5g_00000689,2,3,12,1160.0,,15.0
simu5g_00000689,2,3,13,1160.0,,15.0
simu5g_00000689,2,3,14,1160.0,,15.0
simu5g_00000689,2,3,15,1160.0,,15.0
simu5g_00000689,2,3,16,1160.0,,15.0
simu5g_00000689,2,3,17,1160.0,,15.0
simu5g_00000689,2,3,18,1160.0,,15.0
simu5g_00000689,2,3,19,1160.0,,15.0
simu5g_00000689,2,3,20,1160.0,,15.0
simu5g_00000689,2,3,21,1160.0,,15.0
simu5g_00000689,2,3,22,1160.0,,15.0
simu5g_00000689,2,3,23,1160.0,,15.0
simu5g_00000689,2,3,24,1160.0,,15.0
simu5g_00000689,3,4,0,1128.0,,14.0
simu5g_00000689,3,4,1,1160.0,,15.0
simu5g_00000689,3,4,2,1160.0,,15.0
simu5g_00000689,3,4,3,1160.0,,15.0
simu5g_00000689,3,4,4,1160.0,,15.0
simu5g_00000689,3,4,5,1160.0,,15.0
simu5g_00000689,3,4,6,1160.0,,15.0
simu5g_00000689,3,4,7,1160.0,,15.0
simu5g_00000689,3,4,8,984.0,,13.0
simu5g_00000689,3,4,9,984.0,,13.0
simu5g_00000689,3,4,10,1160.0,,15.0
simu5g_00000689,3,4,11,1160.0,,15.0
simu5g_00000689,3,4,12,1160.0,,15.0
simu5g_00000689,3,4,13,1160.0,,15.0
simu5g_00000689,3,4,14,1160.0,,15.0
simu5g_00000689,3,4,15,1160.0,,15.0
simu5g_00000689,3,4,16,1160.0,,15.0
simu5g_00000689,3,4,17,1160.0,,15.0
simu5g_00000689,3,4,18,1160.0,,15.0
simu5g_00000689,3,4,19,1160.0,,15.0
simu5g_00000689,3,4,20,1160.0,,15.0
simu5g_00000689,3,4,21,1128.0,,14.0
simu5g_00000689,3,4,22,1128.0,,14.0
simu5g_00000689,3,4,23,1160.0,,15.0
simu5g_00000689,3,4,24,1128.0,,14.0
simu5g_00000690,31,0,0,1160.0,,15.0
simu5g_00000690,31,0,1,1128.0,,14.0
simu5g_00000690,31,0,2,1160.0,,15.0
simu5g_00000690,31,0,3,1160.0,,15.0
simu5g_00000690,31,0,4,1160.0,,15.0
simu5g_00000690,31,0,5,1160.0,,15.0
simu5g_00000690,31,0,6,1160.0,,15.0
simu5g_00000690,31,0,7,1160.0,,15.0
simu5g_00000690,31,0,8,1160.0,,15.0
simu5g_00000690,31,0,9,1160.0,,15.0
simu5g_00000690,31,0,10,1160.0,,15.0
simu5g_00000690,31,0,11,1160.0,,15.0
simu5g_00000690,31,0,12,888.0,,12.0
simu5g_00000690,31,0,13,1160.0,,15.0
simu5g_00000690,31,0,14,1160.0,,15.0
simu5g_00000690,31,0,15,1160.0,,15.0
simu5g_00000690,31,0,16,1160.0,,15.0
simu5g_00000690,31,0,17,1160.0,,15.0
simu5g_00000690,31,0,18,1160.0,,15.0
simu5g_00000690,31,0,19,1160.0,,15.0
simu5g_00000690,31,0,20,1160.0,,15.0
simu5g_00000690,31,0,21,1160.0,,15.0
simu5g_00000690,31,0,22,1160.0,,15.0
simu5g_00000690,31,0,23,1160.0,,15.0
simu5g_00000690,31,0,24,1160.0,,15.0
simu5g_00000690,4,1,0,1160.0,,15.0
simu5g_00000690,4,1,1,1128.0,,14.0
simu5g_00000690,4,1,2,1160.0,,15.0
simu5g_00000690,4,1,3,704.0,,10.0
simu5g_00000690,4,1,4,1160.0,,15.0
simu5g_00000690,4,1,5,1160.0,,15.0
simu5g_00000690,4,1,6,1160.0,,15.0
simu5g_00000690,4,1,7,888.0,,12.0
simu5g_00000690,4,1,8,1128.0,,14.0
simu5g_00000690,4,1,9,1160.0,,15.0
simu5g_00000690,4,1,10,1160.0,,15.0
simu5g_00000690,4,1,11,1160.0,,15.0
simu5g_00000690,4,1,12,1160.0,,15.0
simu5g_00000690,4,1,13,1160.0,,15.0
simu5g_00000690,4,1,14,1160.0,,15.0
simu5g_00000690,4,1,15,1128.0,,14.0
simu5g_00000690,4,1,16,1128.0,,14.0
simu5g_00000690,4,1,17,1128.0,,14.0
simu5g_00000690,4,1,18,1160.0,,15.0
simu5g_00000690,4,1,19,1160.0,,15.0
simu5g_00000690,4,1,20,1160.0,,15.0
simu5g_00000690,4,1,21,1128.0,,14.0
simu5g_00000690,4,1,22,1160.0,,15.0
simu5g_00000690,4,1,23,1160.0,,15.0
simu5g_00000690,4,1,24,1128.0,,14.0
simu5g_00000690,5,2,0,1128.0,,14.0
simu5g_00000690,5,2,1,984.0,,13.0
simu5g_00000690,5,2,2,984.0,,13.0
simu5g_00000690,5,2,3,888.0,,12.0
simu5g_00000690,5,2,4,1160.0,,15.0
simu5g_00000690,5,2,5,984.0,,13.0
simu5g_00000690,5,2,6,984.0,,13.0
simu5g_00000690,5,2,7,984.0,,13.0
simu5g_00000690,5,2,8,984.0,,13.0
simu5g_00000690,5,2,9,1160.0,,15.0
simu5g_00000690,5,2,10,1128.0,,14.0
simu5g_00000690,5,2,11,1128.0,,14.0
simu5g_00000690,5,2,12,984.0,,13.0
simu5g_00000690,5,2,13,888.0,,12.0
simu5g_00000690,5,2,14,808.0,,11.0
simu5g_00000690,5,2,15,888.0,,12.0
simu5g_00000690,5,2,16,368.0,,6.0
simu5g_00000690,5,2,17,1160.0,,15.0
simu5g_00000690,5,2,18,1128.0,,14.0
simu5g_00000690,5,2,19,984.0,,13.0
simu5g_00000690,5,2,20,984.0,,13.0
simu5g_00000690,5,2,21,608.0,,9.0
simu5g_00000690,5,2,22,1128.0,,14.0
simu5g_00000690,5,2,23,888.0,,12.0
simu5g_00000690,5,2,24,984.0,,13.0
simu5g_00000690,6,3,0,1160.0,,15.0
simu5g_00000690,6,3,1,1128.0,,14.0
simu5g_00000690,6,3,2,1160.0,,15.0
simu5g_00000690,6,3,3,528.0,,8.0
simu5g_00000690,6,3,4,984.0,,13.0
simu5g_00000690,6,3,5,1128.0,,14.0
simu5g_00000690,6,3,6,1160.0,,15.0
simu5g_00000690,6,3,7,1128.0,,14.0
simu5g_00000690,6,3,8,1160.0,,15.0
simu5g_00000690,6,3,9,984.0,,13.0
simu5g_00000690,6,3,10,984.0,,13.0
simu5g_00000690,6,3,11,1128.0,,14.0
simu5g_00000690,6,3,12,1160.0,,15.0
simu5g_00000690,6,3,13,984.0,,13.0
simu5g_00000690,6,3,14,1160.0,,15.0
simu5g_00000690,6,3,15,1160.0,,15.0
simu5g_00000690,6,3,16,808.0,,11.0
simu5g_00000690,6,3,17,1160.0,,15.0
simu5g_00000690,6,3,18,1160.0,,15.0
simu5g_00000690,6,3,19,1128.0,,14.0
simu5g_00000690,6,3,20,1160.0,,15.0
simu5g_00000690,6,3,21,1128.0,,14.0
simu5g_00000690,6,3,22,1160.0,,15.0
simu5g_00000690,6,3,23,1160.0,,15.0
simu5g_00000690,6,3,24,1160.0,,15.0
simu5g_00000690,7,4,0,1128.0,,14.0
simu5g_00000690,7,4,1,1160.0,,15.0
simu5g_00000690,7,4,2,1128.0,,14.0
simu5g_00000690,7,4,3,528.0,,8.0
simu5g_00000690,7,4,4,808.0,,11.0
simu5g_00000690,7,4,5,1160.0,,15.0
simu5g_00000690,7,4,6,984.0,,13.0
simu5g_00000690,7,4,7,1160.0,,15.0
simu5g_00000690,7,4,8,1160.0,,15.0
simu5g_00000690,7,4,9,984.0,,13.0
simu5g_00000690,7,4,10,1128.0,,14.0
simu5g_00000690,7,4,11,984.0,,13.0
simu5g_00000690,7,4,12,1160.0,,15.0
simu5g_00000690,7,4,13,1160.0,,15.0
simu5g_00000690,7,4,14,984.0,,13.0
simu5g_00000690,7,4,15,1128.0,,14.0
simu5g_00000690,7,4,16,1128.0,,14.0
simu5g_00000690,7,4,17,528.0,,8.0
simu5g_00000690,7,4,18,1160.0,,15.0
simu5g_00000690,7,4,19,984.0,,13.0
simu5g_00000690,7,4,20,984.0,,13.0
simu5g_00000690,7,4,21,1128.0,,14.0
simu5g_00000690,7,4,22,1160.0,,15.0
simu5g_00000690,7,4,23,1160.0,,15.0
simu5g_00000690,7,4,24,1160.0,,15.0
simu5g_00000691,0,0,0,1160.0,,15.0
simu5g_00000691,0,0,1,1160.0,,15.0
simu5g_00000691,0,0,2,1160.0,,15.0
simu5g_00000691,0,0,3,1160.0,,15.0
simu5g_00000691,0,0,4,1160.0,,15.0
simu5g_00000691,0,0,5,1160.0,,15.0
simu5g_00000691,0,0,6,1160.0,,15.0
simu5g_00000691,0,0,7,1160.0,,15.0
simu5g_00000691,0,0,8,1160.0,,15.0
simu5g_00000691,0,0,9,1160.0,,15.0
simu5g_00000691,0,0,10,1160.0,,15.0
simu5g_00000691,0,0,11,1160.0,,15.0
simu5g_00000691,0,0,12,1160.0,,15.0
simu5g_00000691,0,0,13,1160.0,,15.0
simu5g_00000691,0,0,14,1160.0,,15.0
simu5g_00000691,0,0,15,1160.0,,15.0
simu5g_00000691,0,0,16,1160.0,,15.0
simu5g_00000691,0,0,17,1160.0,,15.0
simu5g_00000691,0,0,18,1160.0,,15.0
simu5g_00000691,0,0,19,1160.0,,15.0
simu5g_00000691,0,0,20,1160.0,,15.0
simu5g_00000691,0,0,21,1160.0,,15.0
simu5g_00000691,0,0,22,1160.0,,15.0
simu5g_00000691,0,0,23,1160.0,,15.0
simu5g_00000691,0,0,24,1160.0,,15.0
simu5g_00000691,1,1,0,1160.0,,15.0
simu5g_00000691,1,1,1,1160.0,,15.0
simu5g_00000691,1,1,2,1160.0,,15.0
simu5g_00000691,1,1,3,1160.0,,15.0
simu5g_00000691,1,1,4,1160.0,,15.0
simu5g_00000691,1,1,5,1160.0,,15.0
simu5g_00000691,1,1,6,1160.0,,15.0
simu5g_00000691,1,1,7,1160.0,,15.0
simu5g_00000691,1,1,8,1128.0,,14.0
simu5g_00000691,1,1,9,1160.0,,15.0
simu5g_00000691,1,1,10,1160.0,,15.0
simu5g_00000691,1,1,11,1160.0,,15.0
simu5g_00000691,1,1,12,1160.0,,15.0
simu5g_00000691,1,1,13,1160.0,,15.0
simu5g_00000691,1,1,14,1160.0,,15.0
simu5g_00000691,1,1,15,1160.0,,15.0
simu5g_00000691,1,1,16,1160.0,,15.0
simu5g_00000691,1,1,17,1160.0,,15.0
simu5g_00000691,1,1,18,1160.0,,15.0
simu5g_00000691,1,1,19,1160.0,,15.0
simu5g_00000691,1,1,20,1160.0,,15.0
simu5g_00000691,1,1,21,1128.0,,14.0
simu5g_00000691,1,1,22,1160.0,,15.0
simu5g_00000691,1,1,23,1160.0,,15.0
simu5g_00000691,1,1,24,1160.0,,15.0
simu5g_00000691,15,2,0,1128.0,,14.0
simu5g_00000691,15,2,1,1160.0,,15.0
simu5g_00000691,15,2,2,1160.0,,15.0
simu5g_00000691,15,2,3,1160.0,,15.0
simu5g_00000691,15,2,4,1128.0,,14.0
simu5g_00000691,15,2,5,888.0,,12.0
simu5g_00000691,15,2,6,1160.0,,15.0
simu5g_00000691,15,2,7,1128.0,,14.0
simu5g_00000691,15,2,8,1160.0,,15.0
simu5g_00000691,15,2,9,1160.0,,15.0
simu5g_00000691,15,2,10,1160.0,,15.0
simu5g_00000691,15,2,11,1160.0,,15.0
simu5g_00000691,15,2,12,984.0,,13.0
simu5g_00000691,15,2,13,1160.0,,15.0
simu5g_00000691,15,2,14,1160.0,,15.0
simu5g_00000691,15,2,15,1128.0,,14.0
simu5g_00000691,15,2,16,1160.0,,15.0
simu5g_00000691,15,2,17,1160.0,,15.0
simu5g_00000691,15,2,18,1160.0,,15.0
simu5g_00000691,15,2,19,1160.0,,15.0
simu5g_00000691,15,2,20,1160.0,,15.0
simu5g_00000691,15,2,21,1160.0,,15.0
simu5g_00000691,15,2,22,1160.0,,15.0
simu5g_00000691,15,2,23,1160.0,,15.0
simu5g_00000691,15,2,24,1160.0,,15.0
simu5g_00000691,2,3,0,1160.0,,15.0
simu5g_00000691,2,3,1,1160.0,,15.0
simu5g_00000691,2,3,2,1160.0,,15.0
simu5g_00000691,2,3,3,1160.0,,15.0
simu5g_00000691,2,3,4,1160.0,,15.0
simu5g_00000691,2,3,5,1160.0,,15.0
simu5g_00000691,2,3,6,1160.0,,15.0
simu5g_00000691,2,3,7,1160.0,,15.0
simu5g_00000691,2,3,8,1160.0,,15.0
simu5g_00000691,2,3,9,1160.0,,15.0
simu5g_00000691,2,3,10,1160.0,,15.0
simu5g_00000691,2,3,11,1160.0,,15.0
simu5g_00000691,2,3,12,1160.0,,15.0
simu5g_00000691,2,3,13,1160.0,,15.0
simu5g_00000691,2,3,14,1160.0,,15.0
simu5g_00000691,2,3,15,1160.0,,15.0
simu5g_00000691,2,3,16,1160.0,,15.0
simu5g_00000691,2,3,17,1160.0,,15.0
simu5g_00000691,2,3,18,1160.0,,15.0
simu5g_00000691,2,3,19,1160.0,,15.0
simu5g_00000691,2,3,20,1160.0,,15.0
simu5g_00000691,2,3,21,1160.0,,15.0
simu5g_00000691,2,3,22,1160.0,,15.0
simu5g_00000691,2,3,23,1160.0,,15.0
simu5g_00000691,2,3,24,1160.0,,15.0
simu5g_00000691,3,4,0,1128.0,,14.0
simu5g_00000691,3,4,1,1160.0,,15.0
simu5g_00000691,3,4,2,1160.0,,15.0
simu5g_00000691,3,4,3,1160.0,,15.0
simu5g_00000691,3,4,4,1160.0,,15.0
simu5g_00000691,3,4,5,1160.0,,15.0
simu5g_00000691,3,4,6,1160.0,,15.0
simu5g_00000691,3,4,7,1160.0,,15.0
simu5g_00000691,3,4,8,984.0,,13.0
simu5g_00000691,3,4,9,984.0,,13.0
simu5g_00000691,3,4,10,1160.0,,15.0
simu5g_00000691,3,4,11,1160.0,,15.0
simu5g_00000691,3,4,12,1160.0,,15.0
simu5g_00000691,3,4,13,1160.0,,15.0
simu5g_00000691,3,4,14,1160.0,,15.0
simu5g_00000691,3,4,15,1160.0,,15.0
simu5g_00000691,3,4,16,1160.0,,15.0
simu5g_00000691,3,4,17,1160.0,,15.0
simu5g_00000691,3,4,18,1160.0,,15.0
simu5g_00000691,3,4,19,1160.0,,15.0
simu5g_00000691,3,4,20,1160.0,,15.0
simu5g_00000691,3,4,21,1128.0,,14.0
simu5g_00000691,3,4,22,1128.0,,14.0
simu5g_00000691,3,4,23,1160.0,,15.0
simu5g_00000691,3,4,24,1128.0,,14.0
simu5g_00000692,31,0,0,1160.0,,15.0
simu5g_00000692,31,0,1,1128.0,,14.0
simu5g_00000692,31,0,2,1160.0,,15.0
simu5g_00000692,31,0,3,1160.0,,15.0
simu5g_00000692,31,0,4,1160.0,,15.0
simu5g_00000692,31,0,5,1160.0,,15.0
simu5g_00000692,31,0,6,1160.0,,15.0
simu5g_00000692,31,0,7,1160.0,,15.0
simu5g_00000692,31,0,8,1160.0,,15.0
simu5g_00000692,31,0,9,1160.0,,15.0
simu5g_00000692,31,0,10,1160.0,,15.0
simu5g_00000692,31,0,11,1160.0,,15.0
simu5g_00000692,31,0,12,888.0,,12.0
simu5g_00000692,31,0,13,1160.0,,15.0
simu5g_00000692,31,0,14,1160.0,,15.0
simu5g_00000692,31,0,15,1160.0,,15.0
simu5g_00000692,31,0,16,1160.0,,15.0
simu5g_00000692,31,0,17,1160.0,,15.0
simu5g_00000692,31,0,18,1160.0,,15.0
simu5g_00000692,31,0,19,1160.0,,15.0
simu5g_00000692,31,0,20,1160.0,,15.0
simu5g_00000692,31,0,21,1160.0,,15.0
simu5g_00000692,31,0,22,1160.0,,15.0
simu5g_00000692,31,0,23,1160.0,,15.0
simu5g_00000692,31,0,24,1160.0,,15.0
simu5g_00000692,4,1,0,1160.0,,15.0
simu5g_00000692,4,1,1,1160.0,,15.0
simu5g_00000692,4,1,2,1160.0,,15.0
simu5g_00000692,4,1,3,984.0,,13.0
simu5g_00000692,4,1,4,1160.0,,15.0
simu5g_00000692,4,1,5,1160.0,,15.0
simu5g_00000692,4,1,6,1160.0,,15.0
simu5g_00000692,4,1,7,1128.0,,14.0
simu5g_00000692,4,1,8,1160.0,,15.0
simu5g_00000692,4,1,9,1160.0,,15.0
simu5g_00000692,4,1,10,1160.0,,15.0
simu5g_00000692,4,1,11,1160.0,,15.0
simu5g_00000692,4,1,12,1160.0,,15.0
simu5g_00000692,4,1,13,1160.0,,15.0
simu5g_00000692,4,1,14,1160.0,,15.0
simu5g_00000692,4,1,15,1160.0,,15.0
simu5g_00000692,4,1,16,1160.0,,15.0
simu5g_00000692,4,1,17,1160.0,,15.0
simu5g_00000692,4,1,18,1160.0,,15.0
simu5g_00000692,4,1,19,1160.0,,15.0
simu5g_00000692,4,1,20,1160.0,,15.0
simu5g_00000692,4,1,21,1160.0,,15.0
simu5g_00000692,4,1,22,1160.0,,15.0
simu5g_00000692,4,1,23,1160.0,,15.0
simu5g_00000692,4,1,24,1160.0,,15.0
simu5g_00000692,5,2,0,1128.0,,14.0
simu5g_00000692,5,2,1,984.0,,13.0
simu5g_00000692,5,2,2,1128.0,,14.0
simu5g_00000692,5,2,3,984.0,,13.0
simu5g_00000692,5,2,4,1160.0,,15.0
simu5g_00000692,5,2,5,1128.0,,14.0
simu5g_00000692,5,2,6,1128.0,,14.0
simu5g_00000692,5,2,7,1128.0,,14.0
simu5g_00000692,5,2,8,1128.0,,14.0
simu5g_00000692,5,2,9,1160.0,,15.0
simu5g_00000692,5,2,10,1160.0,,15.0
simu5g_00000692,5,2,11,1128.0,,14.0
simu5g_00000692,5,2,12,1128.0,,14.0
simu5g_00000692,5,2,13,984.0,,13.0
simu5g_00000692,5,2,14,888.0,,12.0
simu5g_00000692,5,2,15,984.0,,13.0
simu5g_00000692,5,2,16,528.0,,8.0
simu5g_00000692,5,2,17,1160.0,,15.0
simu5g_00000692,5,2,18,1128.0,,14.0
simu5g_00000692,5,2,19,1128.0,,14.0
simu5g_00000692,5,2,20,984.0,,13.0
simu5g_00000692,5,2,21,808.0,,11.0
simu5g_00000692,5,2,22,1160.0,,15.0
simu5g_00000692,5,2,23,984.0,,13.0
simu5g_00000692,5,2,24,1128.0,,14.0
simu5g_00000692,6,3,0,1160.0,,15.0
simu5g_00000692,6,3,1,1128.0,,14.0
simu5g_00000692,6,3,2,1160.0,,15.0
simu5g_00000692,6,3,3,528.0,,8.0
simu5g_00000692,6,3,4,984.0,,13.0
simu5g_00000692,6,3,5,1128.0,,14.0
simu5g_00000692,6,3,6,1160.0,,15.0
simu5g_00000692,6,3,7,1128.0,,14.0
simu5g_00000692,6,3,8,1160.0,,15.0
simu5g_00000692,6,3,9,984.0,,13.0
simu5g_00000692,6,3,10,984.0,,13.0
simu5g_00000692,6,3,11,1128.0,,14.0
simu5g_00000692,6,3,12,1160.0,,15.0
simu5g_00000692,6,3,13,984.0,,13.0
simu5g_00000692,6,3,14,1160.0,,15.0
simu5g_00000692,6,3,15,1160.0,,15.0
simu5g_00000692,6,3,16,808.0,,11.0
simu5g_00000692,6,3,17,1160.0,,15.0
simu5g_00000692,6,3,18,1160.0,,15.0
simu5g_00000692,6,3,19,1128.0,,14.0
simu5g_00000692,6,3,20,1160.0,,15.0
simu5g_00000692,6,3,21,1128.0,,14.0
simu5g_00000692,6,3,22,1160.0,,15.0
simu5g_00000692,6,3,23,1160.0,,15.0
simu5g_00000692,6,3,24,1160.0,,15.0
simu5g_00000692,7,4,0,1128.0,,14.0
simu5g_00000692,7,4,1,1160.0,,15.0
simu5g_00000692,7,4,2,1128.0,,14.0
simu5g_00000692,7,4,3,528.0,,8.0
simu5g_00000692,7,4,4,808.0,,11.0
simu5g_00000692,7,4,5,1160.0,,15.0
simu5g_00000692,7,4,6,984.0,,13.0
simu5g_00000692,7,4,7,1160.0,,15.0
simu5g_00000692,7,4,8,1160.0,,15.0
simu5g_00000692,7,4,9,984.0,,13.0
simu5g_00000692,7,4,10,1128.0,,14.0
simu5g_00000692,7,4,11,984.0,,13.0
simu5g_00000692,7,4,12,1160.0,,15.0
simu5g_00000692,7,4,13,1160.0,,15.0
simu5g_00000692,7,4,14,984.0,,13.0
simu5g_00000692,7,4,15,1128.0,,14.0
simu5g_00000692,7,4,16,1128.0,,14.0
simu5g_00000692,7,4,17,528.0,,8.0
simu5g_00000692,7,4,18,1160.0,,15.0
simu5g_00000692,7,4,19,984.0,,13.0
simu5g_00000692,7,4,20,984.0,,13.0
simu5g_00000692,7,4,21,1128.0,,14.0
simu5g_00000692,7,4,22,1160.0,,15.0
simu5g_00000692,7,4,23,1160.0,,15.0
simu5g_00000692,7,4,24,1160.0,,15.0
simu5g_00000693,0,0,0,1160.0,,15.0
simu5g_00000693,0,0,1,1160.0,,15.0
simu5g_00000693,0,0,2,1160.0,,15.0
simu5g_00000693,0,0,3,1160.0,,15.0
simu5g_00000693,0,0,4,1160.0,,15.0
simu5g_00000693,0,0,5,1160.0,,15.0
simu5g_00000693,0,0,6,1160.0,,15.0
simu5g_00000693,0,0,7,1160.0,,15.0
simu5g_00000693,0,0,8,1160.0,,15.0
simu5g_00000693,0,0,9,1160.0,,15.0
simu5g_00000693,0,0,10,1160.0,,15.0
simu5g_00000693,0,0,11,1160.0,,15.0
simu5g_00000693,0,0,12,1160.0,,15.0
simu5g_00000693,0,0,13,1160.0,,15.0
simu5g_00000693,0,0,14,1160.0,,15.0
simu5g_00000693,0,0,15,1160.0,,15.0
simu5g_00000693,0,0,16,1160.0,,15.0
simu5g_00000693,0,0,17,1160.0,,15.0
simu5g_00000693,0,0,18,1160.0,,15.0
simu5g_00000693,0,0,19,1160.0,,15.0
simu5g_00000693,0,0,20,1160.0,,15.0
simu5g_00000693,0,0,21,1160.0,,15.0
simu5g_00000693,0,0,22,1160.0,,15.0
simu5g_00000693,0,0,23,1160.0,,15.0
simu5g_00000693,0,0,24,1160.0,,15.0
simu5g_00000693,1,1,0,1160.0,,15.0
simu5g_00000693,1,1,1,1160.0,,15.0
simu5g_00000693,1,1,2,1160.0,,15.0
simu5g_00000693,1,1,3,1160.0,,15.0
simu5g_00000693,1,1,4,1160.0,,15.0
simu5g_00000693,1,1,5,1160.0,,15.0
simu5g_00000693,1,1,6,1160.0,,15.0
simu5g_00000693,1,1,7,1160.0,,15.0
simu5g_00000693,1,1,8,1160.0,,15.0
simu5g_00000693,1,1,9,1160.0,,15.0
simu5g_00000693,1,1,10,1160.0,,15.0
simu5g_00000693,1,1,11,1160.0,,15.0
simu5g_00000693,1,1,12,1160.0,,15.0
simu5g_00000693,1,1,13,1160.0,,15.0
simu5g_00000693,1,1,14,1160.0,,15.0
simu5g_00000693,1,1,15,1160.0,,15.0
simu5g_00000693,1,1,16,1160.0,,15.0
simu5g_00000693,1,1,17,1160.0,,15.0
simu5g_00000693,1,1,18,1160.0,,15.0
simu5g_00000693,1,1,19,1160.0,,15.0
simu5g_00000693,1,1,20,1160.0,,15.0
simu5g_00000693,1,1,21,1160.0,,15.0
simu5g_00000693,1,1,22,1160.0,,15.0
simu5g_00000693,1,1,23,1160.0,,15.0
simu5g_00000693,1,1,24,1160.0,,15.0
simu5g_00000693,15,2,0,1128.0,,14.0
simu5g_00000693,15,2,1,1160.0,,15.0
simu5g_00000693,15,2,2,1160.0,,15.0
simu5g_00000693,15,2,3,1160.0,,15.0
simu5g_00000693,15,2,4,1128.0,,14.0
simu5g_00000693,15,2,5,888.0,,12.0
simu5g_00000693,15,2,6,1160.0,,15.0
simu5g_00000693,15,2,7,1128.0,,14.0
simu5g_00000693,15,2,8,1160.0,,15.0
simu5g_00000693,15,2,9,1160.0,,15.0
simu5g_00000693,15,2,10,1160.0,,15.0
simu5g_00000693,15,2,11,1160.0,,15.0
simu5g_00000693,15,2,12,984.0,,13.0
simu5g_00000693,15,2,13,1160.0,,15.0
simu5g_00000693,15,2,14,1160.0,,15.0
simu5g_00000693,15,2,15,1128.0,,14.0
simu5g_00000693,15,2,16,1160.0,,15.0
simu5g_00000693,15,2,17,1160.0,,15.0
simu5g_00000693,15,2,18,1160.0,,15.0
simu5g_00000693,15,2,19,1160.0,,15.0
simu5g_00000693,15,2,20,1160.0,,15.0
simu5g_00000693,15,2,21,1160.0,,15.0
simu5g_00000693,15,2,22,1160.0,,15.0
simu5g_00000693,15,2,23,1160.0,,15.0
simu5g_00000693,15,2,24,1160.0,,15.0
simu5g_00000693,2,3,0,1160.0,,15.0
simu5g_00000693,2,3,1,1160.0,,15.0
simu5g_00000693,2,3,2,1160.0,,15.0
simu5g_00000693,2,3,3,1160.0,,15.0
simu5g_00000693,2,3,4,1160.0,,15.0
simu5g_00000693,2,3,5,1160.0,,15.0
simu5g_00000693,2,3,6,1160.0,,15.0
simu5g_00000693,2,3,7,1160.0,,15.0
simu5g_00000693,2,3,8,1160.0,,15.0
simu5g_00000693,2,3,9,1160.0,,15.0
simu5g_00000693,2,3,10,1160.0,,15.0
simu5g_00000693,2,3,11,1160.0,,15.0
simu5g_00000693,2,3,12,1160.0,,15.0
simu5g_00000693,2,3,13,1160.0,,15.0
simu5g_00000693,2,3,14,1160.0,,15.0
simu5g_00000693,2,3,15,1160.0,,15.0
simu5g_00000693,2,3,16,1160.0,,15.0
simu5g_00000693,2,3,17,1160.0,,15.0
simu5g_00000693,2,3,18,1160.0,,15.0
simu5g_00000693,2,3,19,1160.0,,15.0
simu5g_00000693,2,3,20,1160.0,,15.0
simu5g_00000693,2,3,21,1160.0,,15.0
simu5g_00000693,2,3,22,1160.0,,15.0
simu5g_00000693,2,3,23,1160.0,,15.0
simu5g_00000693,2,3,24,1160.0,,15.0
simu5g_00000693,3,4,0,1128.0,,14.0
simu5g_00000693,3,4,1,1160.0,,15.0
simu5g_00000693,3,4,2,1160.0,,15.0
simu5g_00000693,3,4,3,1160.0,,15.0
simu5g_00000693,3,4,4,1160.0,,15.0
simu5g_00000693,3,4,5,1160.0,,15.0
simu5g_00000693,3,4,6,1160.0,,15.0
simu5g_00000693,3,4,7,1160.0,,15.0
simu5g_00000693,3,4,8,984.0,,13.0
simu5g_00000693,3,4,9,984.0,,13.0
simu5g_00000693,3,4,10,1160.0,,15.0
simu5g_00000693,3,4,11,1160.0,,15.0
simu5g_00000693,3,4,12,1160.0,,15.0
simu5g_00000693,3,4,13,1160.0,,15.0
simu5g_00000693,3,4,14,1160.0,,15.0
simu5g_00000693,3,4,15,1160.0,,15.0
simu5g_00000693,3,4,16,1160.0,,15.0
simu5g_00000693,3,4,17,1160.0,,15.0
simu5g_00000693,3,4,18,1160.0,,15.0
simu5g_00000693,3,4,19,1160.0,,15.0
simu5g_00000693,3,4,20,1160.0,,15.0
simu5g_00000693,3,4,21,1128.0,,14.0
simu5g_00000693,3,4,22,1128.0,,14.0
simu5g_00000693,3,4,23,1160.0,,15.0
simu5g_00000693,3,4,24,1128.0,,14.0
simu5g_00000693,4,5,0,1160.0,,15.0
simu5g_00000693,4,5,1,1160.0,,15.0
simu5g_00000693,4,5,2,1160.0,,15.0
simu5g_00000693,4,5,3,984.0,,13.0
simu5g_00000693,4,5,4,1160.0,,15.0
simu5g_00000693,4,5,5,1160.0,,15.0
simu5g_00000693,4,5,6,1160.0,,15.0
simu5g_00000693,4,5,7,984.0,,13.0
simu5g_00000693,4,5,8,1160.0,,15.0
simu5g_00000693,4,5,9,1160.0,,15.0
simu5g_00000693,4,5,10,1160.0,,15.0
simu5g_00000693,4,5,11,1160.0,,15.0
simu5g_00000693,4,5,12,1160.0,,15.0
simu5g_00000693,4,5,13,1160.0,,15.0
simu5g_00000693,4,5,14,1160.0,,15.0
simu5g_00000693,4,5,15,1160.0,,15.0
simu5g_00000693,4,5,16,1160.0,,15.0
simu5g_00000693,4,5,17,1160.0,,15.0
simu5g_00000693,4,5,18,1160.0,,15.0
simu5g_00000693,4,5,19,1160.0,,15.0
simu5g_00000693,4,5,20,1160.0,,15.0
simu5g_00000693,4,5,21,1160.0,,15.0
simu5g_00000693,4,5,22,1160.0,,15.0
simu5g_00000693,4,5,23,1160.0,,15.0
simu5g_00000693,4,5,24,1160.0,,15.0
simu5g_00000694,31,0,0,1160.0,,15.0
simu5g_00000694,31,0,1,1128.0,,14.0
simu5g_00000694,31,0,2,1160.0,,15.0
simu5g_00000694,31,0,3,1160.0,,15.0
simu5g_00000694,31,0,4,1160.0,,15.0
simu5g_00000694,31,0,5,1160.0,,15.0
simu5g_00000694,31,0,6,1160.0,,15.0
simu5g_00000694,31,0,7,1160.0,,15.0
simu5g_00000694,31,0,8,1160.0,,15.0
simu5g_00000694,31,0,9,1160.0,,15.0
simu5g_00000694,31,0,10,1160.0,,15.0
simu5g_00000694,31,0,11,1160.0,,15.0
simu5g_00000694,31,0,12,888.0,,12.0
simu5g_00000694,31,0,13,1160.0,,15.0
simu5g_00000694,31,0,14,1160.0,,15.0
simu5g_00000694,31,0,15,1160.0,,15.0
simu5g_00000694,31,0,16,1160.0,,15.0
simu5g_00000694,31,0,17,1160.0,,15.0
simu5g_00000694,31,0,18,1160.0,,15.0
simu5g_00000694,31,0,19,1160.0,,15.0
simu5g_00000694,31,0,20,1160.0,,15.0
simu5g_00000694,31,0,21,1160.0,,15.0
simu5g_00000694,31,0,22,1160.0,,15.0
simu5g_00000694,31,0,23,1160.0,,15.0
simu5g_00000694,31,0,24,1160.0,,15.0
simu5g_00000694,5,1,0,1128.0,,14.0
simu5g_00000694,5,1,1,984.0,,13.0
simu5g_00000694,5,1,2,1128.0,,14.0
simu5g_00000694,5,1,3,984.0,,13.0
simu5g_00000694,5,1,4,1160.0,,15.0
simu5g_00000694,5,1,5,1128.0,,14.0
simu5g_00000694,5,1,6,1128.0,,14.0
simu5g_00000694,5,1,7,1128.0,,14.0
simu5g_00000694,5,1,8,1128.0,,14.0
simu5g_00000694,5,1,9,1160.0,,15.0
simu5g_00000694,5,1,10,1160.0,,15.0
simu5g_00000694,5,1,11,1128.0,,14.0
simu5g_00000694,5,1,12,1128.0,,14.0
simu5g_00000694,5,1,13,984.0,,13.0
simu5g_00000694,5,1,14,888.0,,12.0
simu5g_00000694,5,1,15,984.0,,13.0
simu5g_00000694,5,1,16,528.0,,8.0
simu5g_00000694,5,1,17,1160.0,,15.0
simu5g_00000694,5,1,18,1128.0,,14.0
simu5g_00000694,5,1,19,1128.0,,14.0
simu5g_00000694,5,1,20,984.0,,13.0
simu5g_00000694,5,1,21,808.0,,11.0
simu5g_00000694,5,1,22,1160.0,,15.0
simu5g_00000694,5,1,23,984.0,,13.0
simu5g_00000694,5,1,24,1128.0,,14.0
simu5g_00000694,6,2,0,1160.0,,15.0
simu5g_00000694,6,2,1,1128.0,,14.0
simu5g_00000694,6,2,2,1160.0,,15.0
simu5g_00000694,6,2,3,608.0,,9.0
simu5g_00000694,6,2,4,1128.0,,14.0
simu5g_00000694,6,2,5,1128.0,,14.0
simu5g_00000694,6,2,6,1160.0,,15.0
simu5g_00000694,6,2,7,1128.0,,14.0
simu5g_00000694,6,2,8,1160.0,,15.0
simu5g_00000694,6,2,9,984.0,,13.0
simu5g_00000694,6,2,10,984.0,,13.0
simu5g_00000694,6,2,11,1128.0,,14.0
simu5g_00000694,6,2,12,1160.0,,15.0
simu5g_00000694,6,2,13,1128.0,,14.0
simu5g_00000694,6,2,14,1160.0,,15.0
simu5g_00000694,6,2,15,1160.0,,15.0
simu5g_00000694,6,2,16,888.0,,12.0
simu5g_00000694,6,2,17,1160.0,,15.0
simu5g_00000694,6,2,18,1160.0,,15.0
simu5g_00000694,6,2,19,1128.0,,14.0
simu5g_00000694,6,2,20,1160.0,,15.0
simu5g_00000694,6,2,21,1128.0,,14.0
simu5g_00000694,6,2,22,1160.0,,15.0
simu5g_00000694,6,2,23,1160.0,,15.0
simu5g_00000694,6,2,24,1160.0,,15.0
simu5g_00000694,7,3,0,1160.0,,15.0
simu5g_00000694,7,3,1,1160.0,,15.0
simu5g_00000694,7,3,2,1160.0,,15.0
simu5g_00000694,7,3,3,704.0,,10.0
simu5g_00000694,7,3,4,984.0,,13.0
simu5g_00000694,7,3,5,1160.0,,15.0
simu5g_00000694,7,3,6,1128.0,,14.0
simu5g_00000694,7,3,7,1160.0,,15.0
simu5g_00000694,7,3,8,1160.0,,15.0
simu5g_00000694,7,3,9,1128.0,,14.0
simu5g_00000694,7,3,10,1128.0,,14.0
simu5g_00000694,7,3,11,1128.0,,14.0
simu5g_00000694,7,3,12,1160.0,,15.0
simu5g_00000694,7,3,13,1160.0,,15.0
simu5g_00000694,7,3,14,1128.0,,14.0
simu5g_00000694,7,3,15,1160.0,,15.0
simu5g_00000694,7,3,16,1128.0,,14.0
simu5g_00000694,7,3,17,704.0,,10.0
simu5g_00000694,7,3,18,1160.0,,15.0
simu5g_00000694,7,3,19,1128.0,,14.0
simu5g_00000694,7,3,20,1128.0,,14.0
simu5g_00000694,7,3,21,1128.0,,14.0
simu5g_00000694,7,3,22,1160.0,,15.0
simu5g_00000694,7,3,23,1160.0,,15.0
simu5g_00000694,7,3,24,1160.0,,15.0
simu5g_00000695,0,0,0,1160.0,,15.0
simu5g_00000695,0,0,1,1160.0,,15.0
simu5g_00000695,0,0,2,1160.0,,15.0
simu5g_00000695,0,0,3,1160.0,,15.0
simu5g_00000695,0,0,4,1160.0,,15.0
simu5g_00000695,0,0,5,1160.0,,15.0
simu5g_00000695,0,0,6,1160.0,,15.0
simu5g_00000695,0,0,7,1160.0,,15.0
simu5g_00000695,0,0,8,1160.0,,15.0
simu5g_00000695,0,0,9,1160.0,,15.0
simu5g_00000695,0,0,10,1160.0,,15.0
simu5g_00000695,0,0,11,1160.0,,15.0
simu5g_00000695,0,0,12,1160.0,,15.0
simu5g_00000695,0,0,13,1160.0,,15.0
simu5g_00000695,0,0,14,1160.0,,15.0
simu5g_00000695,0,0,15,1160.0,,15.0
simu5g_00000695,0,0,16,1160.0,,15.0
simu5g_00000695,0,0,17,1160.0,,15.0
simu5g_00000695,0,0,18,1160.0,,15.0
simu5g_00000695,0,0,19,1160.0,,15.0
simu5g_00000695,0,0,20,1160.0,,15.0
simu5g_00000695,0,0,21,1160.0,,15.0
simu5g_00000695,0,0,22,1160.0,,15.0
simu5g_00000695,0,0,23,1160.0,,15.0
simu5g_00000695,0,0,24,1160.0,,15.0
simu5g_00000695,1,1,0,1160.0,,15.0
simu5g_00000695,1,1,1,1160.0,,15.0
simu5g_00000695,1,1,2,1160.0,,15.0
simu5g_00000695,1,1,3,1160.0,,15.0
simu5g_00000695,1,1,4,1160.0,,15.0
simu5g_00000695,1,1,5,1160.0,,15.0
simu5g_00000695,1,1,6,1160.0,,15.0
simu5g_00000695,1,1,7,1160.0,,15.0
simu5g_00000695,1,1,8,1160.0,,15.0
simu5g_00000695,1,1,9,1160.0,,15.0
simu5g_00000695,1,1,10,1160.0,,15.0
simu5g_00000695,1,1,11,1160.0,,15.0
simu5g_00000695,1,1,12,1160.0,,15.0
simu5g_00000695,1,1,13,1160.0,,15.0
simu5g_00000695,1,1,14,1160.0,,15.0
simu5g_00000695,1,1,15,1160.0,,15.0
simu5g_00000695,1,1,16,1160.0,,15.0
simu5g_00000695,1,1,17,1160.0,,15.0
simu5g_00000695,1,1,18,1160.0,,15.0
simu5g_00000695,1,1,19,1160.0,,15.0
simu5g_00000695,1,1,20,1160.0,,15.0
simu5g_00000695,1,1,21,1160.0,,15.0
simu5g_00000695,1,1,22,1160.0,,15.0
simu5g_00000695,1,1,23,1160.0,,15.0
simu5g_00000695,1,1,24,1160.0,,15.0
simu5g_00000695,15,2,0,1128.0,,14.0
simu5g_00000695,15,2,1,1160.0,,15.0
simu5g_00000695,15,2,2,1160.0,,15.0
simu5g_00000695,15,2,3,1160.0,,15.0
simu5g_00000695,15,2,4,1128.0,,14.0
simu5g_00000695,15,2,5,888.0,,12.0
simu5g_00000695,15,2,6,1160.0,,15.0
simu5g_00000695,15,2,7,1128.0,,14.0
simu5g_00000695,15,2,8,1160.0,,15.0
simu5g_00000695,15,2,9,1160.0,,15.0
simu5g_00000695,15,2,10,1160.0,,15.0
simu5g_00000695,15,2,11,1160.0,,15.0
simu5g_00000695,15,2,12,984.0,,13.0
simu5g_00000695,15,2,13,1160.0,,15.0
simu5g_00000695,15,2,14,1160.0,,15.0
simu5g_00000695,15,2,15,1128.0,,14.0
simu5g_00000695,15,2,16,1160.0,,15.0
simu5g_00000695,15,2,17,1160.0,,15.0
simu5g_00000695,15,2,18,1160.0,,15.0
simu5g_00000695,15,2,19,1160.0,,15.0
simu5g_00000695,15,2,20,1160.0,,15.0
simu5g_00000695,15,2,21,1160.0,,15.0
simu5g_00000695,15,2,22,1160.0,,15.0
simu5g_00000695,15,2,23,1160.0,,15.0
simu5g_00000695,15,2,24,1160.0,,15.0
simu5g_00000695,2,3,0,1160.0,,15.0
simu5g_00000695,2,3,1,1160.0,,15.0
simu5g_00000695,2,3,2,1160.0,,15.0
simu5g_00000695,2,3,3,1160.0,,15.0
simu5g_00000695,2,3,4,1160.0,,15.0
simu5g_00000695,2,3,5,1160.0,,15.0
simu5g_00000695,2,3,6,1160.0,,15.0
simu5g_00000695,2,3,7,1160.0,,15.0
simu5g_00000695,2,3,8,1160.0,,15.0
simu5g_00000695,2,3,9,1160.0,,15.0
simu5g_00000695,2,3,10,1160.0,,15.0
simu5g_00000695,2,3,11,1160.0,,15.0
simu5g_00000695,2,3,12,1160.0,,15.0
simu5g_00000695,2,3,13,1160.0,,15.0
simu5g_00000695,2,3,14,1160.0,,15.0
simu5g_00000695,2,3,15,1160.0,,15.0
simu5g_00000695,2,3,16,1160.0,,15.0
simu5g_00000695,2,3,17,1160.0,,15.0
simu5g_00000695,2,3,18,1160.0,,15.0
simu5g_00000695,2,3,19,1160.0,,15.0
simu5g_00000695,2,3,20,1160.0,,15.0
simu5g_00000695,2,3,21,1160.0,,15.0
simu5g_00000695,2,3,22,1160.0,,15.0
simu5g_00000695,2,3,23,1160.0,,15.0
simu5g_00000695,2,3,24,1160.0,,15.0
simu5g_00000695,3,4,0,1160.0,,15.0
simu5g_00000695,3,4,1,1160.0,,15.0
simu5g_00000695,3,4,2,1160.0,,15.0
simu5g_00000695,3,4,3,1160.0,,15.0
simu5g_00000695,3,4,4,1160.0,,15.0
simu5g_00000695,3,4,5,1160.0,,15.0
simu5g_00000695,3,4,6,1160.0,,15.0
simu5g_00000695,3,4,7,1160.0,,15.0
simu5g_00000695,3,4,8,1128.0,,14.0
simu5g_00000695,3,4,9,1128.0,,14.0
simu5g_00000695,3,4,10,1160.0,,15.0
simu5g_00000695,3,4,11,1160.0,,15.0
simu5g_00000695,3,4,12,1160.0,,15.0
simu5g_00000695,3,4,13,1160.0,,15.0
simu5g_00000695,3,4,14,1160.0,,15.0
simu5g_00000695,3,4,15,1160.0,,15.0
simu5g_00000695,3,4,16,1160.0,,15.0
simu5g_00000695,3,4,17,1160.0,,15.0
simu5g_00000695,3,4,18,1160.0,,15.0
simu5g_00000695,3,4,19,1160.0,,15.0
simu5g_00000695,3,4,20,1160.0,,15.0
simu5g_00000695,3,4,21,1160.0,,15.0
simu5g_00000695,3,4,22,1160.0,,15.0
simu5g_00000695,3,4,23,1160.0,,15.0
simu5g_00000695,3,4,24,1160.0,,15.0
simu5g_00000695,4,5,0,1160.0,,15.0
simu5g_00000695,4,5,1,1160.0,,15.0
simu5g_00000695,4,5,2,1160.0,,15.0
simu5g_00000695,4,5,3,984.0,,13.0
simu5g_00000695,4,5,4,1160.0,,15.0
simu5g_00000695,4,5,5,1160.0,,15.0
simu5g_00000695,4,5,6,1160.0,,15.0
simu5g_00000695,4,5,7,984.0,,13.0
simu5g_00000695,4,5,8,1160.0,,15.0
simu5g_00000695,4,5,9,1160.0,,15.0
simu5g_00000695,4,5,10,1160.0,,15.0
simu5g_00000695,4,5,11,1160.0,,15.0
simu5g_00000695,4,5,12,1160.0,,15.0
simu5g_00000695,4,5,13,1160.0,,15.0
simu5g_00000695,4,5,14,1160.0,,15.0
simu5g_00000695,4,5,15,1160.0,,15.0
simu5g_00000695,4,5,16,1160.0,,15.0
simu5g_00000695,4,5,17,1160.0,,15.0
simu5g_00000695,4,5,18,1160.0,,15.0
simu5g_00000695,4,5,19,1160.0,,15.0
simu5g_00000695,4,5,20,1160.0,,15.0
simu5g_00000695,4,5,21,1160.0,,15.0
simu5g_00000695,4,5,22,1160.0,,15.0
simu5g_00000695,4,5,23,1160.0,,15.0
simu5g_00000695,4,5,24,1160.0,,15.0
simu5g_00000696,31,0,0,1160.0,,15.0
simu5g_00000696,31,0,1,1160.0,,15.0
simu5g_00000696,31,0,2,1160.0,,15.0
simu5g_00000696,31,0,3,1160.0,,15.0
simu5g_00000696,31,0,4,1160.0,,15.0
simu5g_00000696,31,0,5,1160.0,,15.0
simu5g_00000696,31,0,6,1160.0,,15.0
simu5g_00000696,31,0,7,1160.0,,15.0
simu5g_00000696,31,0,8,1160.0,,15.0
simu5g_00000696,31,0,9,1160.0,,15.0
simu5g_00000696,31,0,10,1160.0,,15.0
simu5g_00000696,31,0,11,1160.0,,15.0
simu5g_00000696,31,0,12,1128.0,,14.0
simu5g_00000696,31,0,13,1160.0,,15.0
simu5g_00000696,31,0,14,1160.0,,15.0
simu5g_00000696,31,0,15,1160.0,,15.0
simu5g_00000696,31,0,16,1160.0,,15.0
simu5g_00000696,31,0,17,1160.0,,15.0
simu5g_00000696,31,0,18,1160.0,,15.0
simu5g_00000696,31,0,19,1160.0,,15.0
simu5g_00000696,31,0,20,1160.0,,15.0
simu5g_00000696,31,0,21,1160.0,,15.0
simu5g_00000696,31,0,22,1160.0,,15.0
simu5g_00000696,31,0,23,1160.0,,15.0
simu5g_00000696,31,0,24,1160.0,,15.0
simu5g_00000696,5,1,0,1128.0,,14.0
simu5g_00000696,5,1,1,984.0,,13.0
simu5g_00000696,5,1,2,1128.0,,14.0
simu5g_00000696,5,1,3,984.0,,13.0
simu5g_00000696,5,1,4,1160.0,,15.0
simu5g_00000696,5,1,5,1128.0,,14.0
simu5g_00000696,5,1,6,1128.0,,14.0
simu5g_00000696,5,1,7,1128.0,,14.0
simu5g_00000696,5,1,8,1128.0,,14.0
simu5g_00000696,5,1,9,1160.0,,15.0
simu5g_00000696,5,1,10,1160.0,,15.0
simu5g_00000696,5,1,11,1128.0,,14.0
simu5g_00000696,5,1,12,1128.0,,14.0
simu5g_00000696,5,1,13,984.0,,13.0
simu5g_00000696,5,1,14,888.0,,12.0
simu5g_00000696,5,1,15,984.0,,13.0
simu5g_00000696,5,1,16,528.0,,8.0
simu5g_00000696,5,1,17,1160.0,,15.0
simu5g_00000696,5,1,18,1128.0,,14.0
simu5g_00000696,5,1,19,1128.0,,14.0
simu5g_00000696,5,1,20,984.0,,13.0
simu5g_00000696,5,1,21,808.0,,11.0
simu5g_00000696,5,1,22,1160.0,,15.0
simu5g_00000696,5,1,23,984.0,,13.0
simu5g_00000696,5,1,24,1128.0,,14.0
simu5g_00000696,6,2,0,1160.0,,15.0
simu5g_00000696,6,2,1,1128.0,,14.0
simu5g_00000696,6,2,2,1160.0,,15.0
simu5g_00000696,6,2,3,608.0,,9.0
simu5g_00000696,6,2,4,1128.0,,14.0
simu5g_00000696,6,2,5,1128.0,,14.0
simu5g_00000696,6,2,6,1160.0,,15.0
simu5g_00000696,6,2,7,1128.0,,14.0
simu5g_00000696,6,2,8,1160.0,,15.0
simu5g_00000696,6,2,9,984.0,,13.0
simu5g_00000696,6,2,10,984.0,,13.0
simu5g_00000696,6,2,11,1128.0,,14.0
simu5g_00000696,6,2,12,1160.0,,15.0
simu5g_00000696,6,2,13,1128.0,,14.0
simu5g_00000696,6,2,14,1160.0,,15.0
simu5g_00000696,6,2,15,1160.0,,15.0
simu5g_00000696,6,2,16,888.0,,12.0
simu5g_00000696,6,2,17,1160.0,,15.0
simu5g_00000696,6,2,18,1160.0,,15.0
simu5g_00000696,6,2,19,1128.0,,14.0
simu5g_00000696,6,2,20,1160.0,,15.0
simu5g_00000696,6,2,21,1128.0,,14.0
simu5g_00000696,6,2,22,1160.0,,15.0
simu5g_00000696,6,2,23,1160.0,,15.0
simu5g_00000696,6,2,24,1160.0,,15.0
simu5g_00000696,7,3,0,1160.0,,15.0
simu5g_00000696,7,3,1,1160.0,,15.0
simu5g_00000696,7,3,2,1160.0,,15.0
simu5g_00000696,7,3,3,704.0,,10.0
simu5g_00000696,7,3,4,984.0,,13.0
simu5g_00000696,7,3,5,1160.0,,15.0
simu5g_00000696,7,3,6,1128.0,,14.0
simu5g_00000696,7,3,7,1160.0,,15.0
simu5g_00000696,7,3,8,1160.0,,15.0
simu5g_00000696,7,3,9,1128.0,,14.0
simu5g_00000696,7,3,10,1128.0,,14.0
simu5g_00000696,7,3,11,1128.0,,14.0
simu5g_00000696,7,3,12,1160.0,,15.0
simu5g_00000696,7,3,13,1160.0,,15.0
simu5g_00000696,7,3,14,1128.0,,14.0
simu5g_00000696,7,3,15,1160.0,,15.0
simu5g_00000696,7,3,16,1128.0,,14.0
simu5g_00000696,7,3,17,704.0,,10.0
simu5g_00000696,7,3,18,1160.0,,15.0
simu5g_00000696,7,3,19,1128.0,,14.0
simu5g_00000696,7,3,20,1128.0,,14.0
simu5g_00000696,7,3,21,1160.0,,15.0
simu5g_00000696,7,3,22,1160.0,,15.0
simu5g_00000696,7,3,23,1160.0,,15.0
simu5g_00000696,7,3,24,1160.0,,15.0
simu5g_00000697,0,0,0,1160.0,,15.0
simu5g_00000697,0,0,1,1160.0,,15.0
simu5g_00000697,0,0,2,1160.0,,15.0
simu5g_00000697,0,0,3,1160.0,,15.0
simu5g_00000697,0,0,4,1160.0,,15.0
simu5g_00000697,0,0,5,1160.0,,15.0
simu5g_00000697,0,0,6,1160.0,,15.0
simu5g_00000697,0,0,7,1160.0,,15.0
simu5g_00000697,0,0,8,1160.0,,15.0
simu5g_00000697,0,0,9,1160.0,,15.0
simu5g_00000697,0,0,10,1160.0,,15.0
simu5g_00000697,0,0,11,1160.0,,15.0
simu5g_00000697,0,0,12,1160.0,,15.0
simu5g_00000697,0,0,13,1160.0,,15.0
simu5g_00000697,0,0,14,1160.0,,15.0
simu5g_00000697,0,0,15,1160.0,,15.0
simu5g_00000697,0,0,16,1160.0,,15.0
simu5g_00000697,0,0,17,1160.0,,15.0
simu5g_00000697,0,0,18,1160.0,,15.0
simu5g_00000697,0,0,19,1160.0,,15.0
simu5g_00000697,0,0,20,1160.0,,15.0
simu5g_00000697,0,0,21,1160.0,,15.0
simu5g_00000697,0,0,22,1160.0,,15.0
simu5g_00000697,0,0,23,1160.0,,15.0
simu5g_00000697,0,0,24,1160.0,,15.0
simu5g_00000697,1,1,0,1160.0,,15.0
simu5g_00000697,1,1,1,1160.0,,15.0
simu5g_00000697,1,1,2,1160.0,,15.0
simu5g_00000697,1,1,3,1160.0,,15.0
simu5g_00000697,1,1,4,1160.0,,15.0
simu5g_00000697,1,1,5,1160.0,,15.0
simu5g_00000697,1,1,6,1160.0,,15.0
simu5g_00000697,1,1,7,1160.0,,15.0
simu5g_00000697,1,1,8,1160.0,,15.0
simu5g_00000697,1,1,9,1160.0,,15.0
simu5g_00000697,1,1,10,1160.0,,15.0
simu5g_00000697,1,1,11,1160.0,,15.0
simu5g_00000697,1,1,12,1160.0,,15.0
simu5g_00000697,1,1,13,1160.0,,15.0
simu5g_00000697,1,1,14,1160.0,,15.0
simu5g_00000697,1,1,15,1160.0,,15.0
simu5g_00000697,1,1,16,1160.0,,15.0
simu5g_00000697,1,1,17,1160.0,,15.0
simu5g_00000697,1,1,18,1160.0,,15.0
simu5g_00000697,1,1,19,1160.0,,15.0
simu5g_00000697,1,1,20,1160.0,,15.0
simu5g_00000697,1,1,21,1160.0,,15.0
simu5g_00000697,1,1,22,1160.0,,15.0
simu5g_00000697,1,1,23,1160.0,,15.0
simu5g_00000697,1,1,24,1160.0,,15.0
simu5g_00000697,15,2,0,1128.0,,14.0
simu5g_00000697,15,2,1,1160.0,,15.0
simu5g_00000697,15,2,2,1160.0,,15.0
simu5g_00000697,15,2,3,1160.0,,15.0
simu5g_00000697,15,2,4,1128.0,,14.0
simu5g_00000697,15,2,5,888.0,,12.0
simu5g_00000697,15,2,6,1160.0,,15.0
simu5g_00000697,15,2,7,1128.0,,14.0
simu5g_00000697,15,2,8,1160.0,,15.0
simu5g_00000697,15,2,9,1160.0,,15.0
simu5g_00000697,15,2,10,1160.0,,15.0
simu5g_00000697,15,2,11,1160.0,,15.0
simu5g_00000697,15,2,12,984.0,,13.0
simu5g_00000697,15,2,13,1160.0,,15.0
simu5g_00000697,15,2,14,1160.0,,15.0
simu5g_00000697,15,2,15,1128.0,,14.0
simu5g_00000697,15,2,16,1160.0,,15.0
simu5g_00000697,15,2,17,1160.0,,15.0
simu5g_00000697,15,2,18,1160.0,,15.0
simu5g_00000697,15,2,19,1160.0,,15.0
simu5g_00000697,15,2,20,1160.0,,15.0
simu5g_00000697,15,2,21,1160.0,,15.0
simu5g_00000697,15,2,22,1160.0,,15.0
simu5g_00000697,15,2,23,1160.0,,15.0
simu5g_00000697,15,2,24,1160.0,,15.0
simu5g_00000697,2,3,0,1160.0,,15.0
simu5g_00000697,2,3,1,1160.0,,15.0
simu5g_00000697,2,3,2,1160.0,,15.0
simu5g_00000697,2,3,3,1160.0,,15.0
simu5g_00000697,2,3,4,1160.0,,15.0
simu5g_00000697,2,3,5,1160.0,,15.0
simu5g_00000697,2,3,6,1160.0,,15.0
simu5g_00000697,2,3,7,1160.0,,15.0
simu5g_00000697,2,3,8,1160.0,,15.0
simu5g_00000697,2,3,9,1160.0,,15.0
simu5g_00000697,2,3,10,1160.0,,15.0
simu5g_00000697,2,3,11,1160.0,,15.0
simu5g_00000697,2,3,12,1160.0,,15.0
simu5g_00000697,2,3,13,1160.0,,15.0
simu5g_00000697,2,3,14,1160.0,,15.0
simu5g_00000697,2,3,15,1160.0,,15.0
simu5g_00000697,2,3,16,1160.0,,15.0
simu5g_00000697,2,3,17,1160.0,,15.0
simu5g_00000697,2,3,18,1160.0,,15.0
simu5g_00000697,2,3,19,1160.0,,15.0
simu5g_00000697,2,3,20,1160.0,,15.0
simu5g_00000697,2,3,21,1160.0,,15.0
simu5g_00000697,2,3,22,1160.0,,15.0
simu5g_00000697,2,3,23,1160.0,,15.0
simu5g_00000697,2,3,24,1160.0,,15.0
simu5g_00000697,3,4,0,1160.0,,15.0
simu5g_00000697,3,4,1,1160.0,,15.0
simu5g_00000697,3,4,2,1160.0,,15.0
simu5g_00000697,3,4,3,1160.0,,15.0
simu5g_00000697,3,4,4,1160.0,,15.0
simu5g_00000697,3,4,5,1160.0,,15.0
simu5g_00000697,3,4,6,1160.0,,15.0
simu5g_00000697,3,4,7,1160.0,,15.0
simu5g_00000697,3,4,8,1128.0,,14.0
simu5g_00000697,3,4,9,1128.0,,14.0
simu5g_00000697,3,4,10,1160.0,,15.0
simu5g_00000697,3,4,11,1160.0,,15.0
simu5g_00000697,3,4,12,1160.0,,15.0
simu5g_00000697,3,4,13,1160.0,,15.0
simu5g_00000697,3,4,14,1160.0,,15.0
simu5g_00000697,3,4,15,1160.0,,15.0
simu5g_00000697,3,4,16,1160.0,,15.0
simu5g_00000697,3,4,17,1160.0,,15.0
simu5g_00000697,3,4,18,1160.0,,15.0
simu5g_00000697,3,4,19,1160.0,,15.0
simu5g_00000697,3,4,20,1160.0,,15.0
simu5g_00000697,3,4,21,1160.0,,15.0
simu5g_00000697,3,4,22,1160.0,,15.0
simu5g_00000697,3,4,23,1160.0,,15.0
simu5g_00000697,3,4,24,1160.0,,15.0
simu5g_00000697,4,5,0,1160.0,,15.0
simu5g_00000697,4,5,1,1160.0,,15.0
simu5g_00000697,4,5,2,1160.0,,15.0
simu5g_00000697,4,5,3,984.0,,13.0
simu5g_00000697,4,5,4,1160.0,,15.0
simu5g_00000697,4,5,5,1160.0,,15.0
simu5g_00000697,4,5,6,1160.0,,15.0
simu5g_00000697,4,5,7,984.0,,13.0
simu5g_00000697,4,5,8,1160.0,,15.0
simu5g_00000697,4,5,9,1160.0,,15.0
simu5g_00000697,4,5,10,1160.0,,15.0
simu5g_00000697,4,5,11,1160.0,,15.0
simu5g_00000697,4,5,12,1160.0,,15.0
simu5g_00000697,4,5,13,1160.0,,15.0
simu5g_00000697,4,5,14,1160.0,,15.0
simu5g_00000697,4,5,15,1160.0,,15.0
simu5g_00000697,4,5,16,1160.0,,15.0
simu5g_00000697,4,5,17,1160.0,,15.0
simu5g_00000697,4,5,18,1160.0,,15.0
simu5g_00000697,4,5,19,1160.0,,15.0
simu5g_00000697,4,5,20,1160.0,,15.0
simu5g_00000697,4,5,21,1160.0,,15.0
simu5g_00000697,4,5,22,1160.0,,15.0
simu5g_00000697,4,5,23,1160.0,,15.0
simu5g_00000697,4,5,24,1160.0,,15.0
simu5g_00000698,31,0,0,1160.0,,15.0
simu5g_00000698,31,0,1,1160.0,,15.0
simu5g_00000698,31,0,2,1160.0,,15.0
simu5g_00000698,31,0,3,1160.0,,15.0
simu5g_00000698,31,0,4,1160.0,,15.0
simu5g_00000698,31,0,5,1160.0,,15.0
simu5g_00000698,31,0,6,1160.0,,15.0
simu5g_00000698,31,0,7,1160.0,,15.0
simu5g_00000698,31,0,8,1160.0,,15.0
simu5g_00000698,31,0,9,1160.0,,15.0
simu5g_00000698,31,0,10,1160.0,,15.0
simu5g_00000698,31,0,11,1160.0,,15.0
simu5g_00000698,31,0,12,1128.0,,14.0
simu5g_00000698,31,0,13,1160.0,,15.0
simu5g_00000698,31,0,14,1160.0,,15.0
simu5g_00000698,31,0,15,1160.0,,15.0
simu5g_00000698,31,0,16,1160.0,,15.0
simu5g_00000698,31,0,17,1160.0,,15.0
simu5g_00000698,31,0,18,1160.0,,15.0
simu5g_00000698,31,0,19,1160.0,,15.0
simu5g_00000698,31,0,20,1160.0,,15.0
simu5g_00000698,31,0,21,1160.0,,15.0
simu5g_00000698,31,0,22,1160.0,,15.0
simu5g_00000698,31,0,23,1160.0,,15.0
simu5g_00000698,31,0,24,1160.0,,15.0
simu5g_00000698,5,1,0,984.0,,13.0
simu5g_00000698,5,1,1,888.0,,12.0
simu5g_00000698,5,1,2,984.0,,13.0
simu5g_00000698,5,1,3,808.0,,11.0
simu5g_00000698,5,1,4,1160.0,,15.0
simu5g_00000698,5,1,5,984.0,,13.0
simu5g_00000698,5,1,6,984.0,,13.0
simu5g_00000698,5,1,7,984.0,,13.0
simu5g_00000698,5,1,8,984.0,,13.0
simu5g_00000698,5,1,9,1128.0,,14.0
simu5g_00000698,5,1,10,1128.0,,14.0
simu5g_00000698,5,1,11,984.0,,13.0
simu5g_00000698,5,1,12,984.0,,13.0
simu5g_00000698,5,1,13,808.0,,11.0
simu5g_00000698,5,1,14,704.0,,10.0
simu5g_00000698,5,1,15,888.0,,12.0
simu5g_00000698,5,1,16,368.0,,6.0
simu5g_00000698,5,1,17,1128.0,,14.0
simu5g_00000698,5,1,18,1128.0,,14.0
simu5g_00000698,5,1,19,984.0,,13.0
simu5g_00000698,5,1,20,888.0,,12.0
simu5g_00000698,5,1,21,608.0,,9.0
simu5g_00000698,5,1,22,1128.0,,14.0
simu5g_00000698,5,1,23,808.0,,11.0
simu5g_00000698,5,1,24,888.0,,12.0
simu5g_00000698,6,2,0,1160.0,,15.0
simu5g_00000698,6,2,1,1128.0,,14.0
simu5g_00000698,6,2,2,1160.0,,15.0
simu5g_00000698,6,2,3,608.0,,9.0
simu5g_00000698,6,2,4,1128.0,,14.0
simu5g_00000698,6,2,5,1128.0,,14.0
simu5g_00000698,6,2,6,1160.0,,15.0
simu5g_00000698,6,2,7,1128.0,,14.0
simu5g_00000698,6,2,8,1160.0,,15.0
simu5g_00000698,6,2,9,984.0,,13.0
simu5g_00000698,6,2,10,984.0,,13.0
simu5g_00000698,6,2,11,1128.0,,14.0
simu5g_00000698,6,2,12,1160.0,,15.0
simu5g_00000698,6,2,13,1128.0,,14.0
simu5g_00000698,6,2,14,1160.0,,15.0
simu5g_00000698,6,2,15,1160.0,,15.0
simu5g_00000698,6,2,16,888.0,,12.0
simu5g_00000698,6,2,17,1160.0,,15.0
simu5g_00000698,6,2,18,1160.0,,15.0
simu5g_00000698,6,2,19,1128.0,,14.0
simu5g_00000698,6,2,20,1160.0,,15.0
simu5g_00000698,6,2,21,1128.0,,14.0
simu5g_00000698,6,2,22,1160.0,,15.0
simu5g_00000698,6,2,23,1160.0,,15.0
simu5g_00000698,6,2,24,1160.0,,15.0
simu5g_00000698,7,3,0,1160.0,,15.0
simu5g_00000698,7,3,1,1160.0,,15.0
simu5g_00000698,7,3,2,1160.0,,15.0
simu5g_00000698,7,3,3,704.0,,10.0
simu5g_00000698,7,3,4,984.0,,13.0
simu5g_00000698,7,3,5,1160.0,,15.0
simu5g_00000698,7,3,6,1128.0,,14.0
simu5g_00000698,7,3,7,1160.0,,15.0
simu5g_00000698,7,3,8,1160.0,,15.0
simu5g_00000698,7,3,9,1128.0,,14.0
simu5g_00000698,7,3,10,1128.0,,14.0
simu5g_00000698,7,3,11,1128.0,,14.0
simu5g_00000698,7,3,12,1160.0,,15.0
simu5g_00000698,7,3,13,1160.0,,15.0
simu5g_00000698,7,3,14,1128.0,,14.0
simu5g_00000698,7,3,15,1160.0,,15.0
simu5g_00000698,7,3,16,1128.0,,14.0
simu5g_00000698,7,3,17,704.0,,10.0
simu5g_00000698,7,3,18,1160.0,,15.0
simu5g_00000698,7,3,19,1128.0,,14.0
simu5g_00000698,7,3,20,1128.0,,14.0
simu5g_00000698,7,3,21,1160.0,,15.0
simu5g_00000698,7,3,22,1160.0,,15.0
simu5g_00000698,7,3,23,1160.0,,15.0
simu5g_00000698,7,3,24,1160.0,,15.0
simu5g_00000699,0,0,0,1160.0,,15.0
simu5g_00000699,0,0,1,1160.0,,15.0
simu5g_00000699,0,0,2,1160.0,,15.0
simu5g_00000699,0,0,3,1160.0,,15.0
simu5g_00000699,0,0,4,1160.0,,15.0
simu5g_00000699,0,0,5,1160.0,,15.0
simu5g_00000699,0,0,6,1160.0,,15.0
simu5g_00000699,0,0,7,1160.0,,15.0
simu5g_00000699,0,0,8,1160.0,,15.0
simu5g_00000699,0,0,9,1160.0,,15.0
simu5g_00000699,0,0,10,1160.0,,15.0
simu5g_00000699,0,0,11,1160.0,,15.0
simu5g_00000699,0,0,12,1160.0,,15.0
simu5g_00000699,0,0,13,1160.0,,15.0
simu5g_00000699,0,0,14,1160.0,,15.0
simu5g_00000699,0,0,15,1160.0,,15.0
simu5g_00000699,0,0,16,1160.0,,15.0
simu5g_00000699,0,0,17,1160.0,,15.0
simu5g_00000699,0,0,18,1160.0,,15.0
simu5g_00000699,0,0,19,1160.0,,15.0
simu5g_00000699,0,0,20,1160.0,,15.0
simu5g_00000699,0,0,21,1160.0,,15.0
simu5g_00000699,0,0,22,1160.0,,15.0
simu5g_00000699,0,0,23,1160.0,,15.0
simu5g_00000699,0,0,24,1160.0,,15.0
simu5g_00000699,1,1,0,1160.0,,15.0
simu5g_00000699,1,1,1,1160.0,,15.0
simu5g_00000699,1,1,2,1160.0,,15.0
simu5g_00000699,1,1,3,1160.0,,15.0
simu5g_00000699,1,1,4,1160.0,,15.0
simu5g_00000699,1,1,5,1160.0,,15.0
simu5g_00000699,1,1,6,1160.0,,15.0
simu5g_00000699,1,1,7,1160.0,,15.0
simu5g_00000699,1,1,8,1160.0,,15.0
simu5g_00000699,1,1,9,1160.0,,15.0
simu5g_00000699,1,1,10,1160.0,,15.0
simu5g_00000699,1,1,11,1160.0,,15.0
simu5g_00000699,1,1,12,1160.0,,15.0
simu5g_00000699,1,1,13,1160.0,,15.0
simu5g_00000699,1,1,14,1160.0,,15.0
simu5g_00000699,1,1,15,1160.0,,15.0
simu5g_00000699,1,1,16,1160.0,,15.0
simu5g_00000699,1,1,17,1160.0,,15.0
simu5g_00000699,1,1,18,1160.0,,15.0
simu5g_00000699,1,1,19,1160.0,,15.0
simu5g_00000699,1,1,20,1160.0,,15.0
simu5g_00000699,1,1,21,1160.0,,15.0
simu5g_00000699,1,1,22,1160.0,,15.0
simu5g_00000699,1,1,23,1160.0,,15.0
simu5g_00000699,1,1,24,1160.0,,15.0
simu5g_00000699,15,2,0,1128.0,,14.0
simu5g_00000699,15,2,1,1160.0,,15.0
simu5g_00000699,15,2,2,1160.0,,15.0
simu5g_00000699,15,2,3,1160.0,,15.0
simu5g_00000699,15,2,4,1128.0,,14.0
simu5g_00000699,15,2,5,888.0,,12.0
simu5g_00000699,15,2,6,1160.0,,15.0
simu5g_00000699,15,2,7,1128.0,,14.0
simu5g_00000699,15,2,8,1160.0,,15.0
simu5g_00000699,15,2,9,1160.0,,15.0
simu5g_00000699,15,2,10,1160.0,,15.0
simu5g_00000699,15,2,11,1160.0,,15.0
simu5g_00000699,15,2,12,984.0,,13.0
simu5g_00000699,15,2,13,1160.0,,15.0
simu5g_00000699,15,2,14,1160.0,,15.0
simu5g_00000699,15,2,15,1128.0,,14.0
simu5g_00000699,15,2,16,1160.0,,15.0
simu5g_00000699,15,2,17,1160.0,,15.0
simu5g_00000699,15,2,18,1160.0,,15.0
simu5g_00000699,15,2,19,1160.0,,15.0
simu5g_00000699,15,2,20,1160.0,,15.0
simu5g_00000699,15,2,21,1160.0,,15.0
simu5g_00000699,15,2,22,1160.0,,15.0
simu5g_00000699,15,2,23,1160.0,,15.0
simu5g_00000699,15,2,24,1160.0,,15.0
simu5g_00000699,2,3,0,1160.0,,15.0
simu5g_00000699,2,3,1,1160.0,,15.0
simu5g_00000699,2,3,2,1160.0,,15.0
simu5g_00000699,2,3,3,1160.0,,15.0
simu5g_00000699,2,3,4,1160.0,,15.0
simu5g_00000699,2,3,5,1160.0,,15.0
simu5g_00000699,2,3,6,1160.0,,15.0
simu5g_00000699,2,3,7,1128.0,,14.0
simu5g_00000699,2,3,8,1160.0,,15.0
simu5g_00000699,2,3,9,1160.0,,15.0
simu5g_00000699,2,3,10,1160.0,,15.0
simu5g_00000699,2,3,11,1128.0,,14.0
simu5g_00000699,2,3,12,1160.0,,15.0
simu5g_00000699,2,3,13,1160.0,,15.0
simu5g_00000699,2,3,14,1160.0,,15.0
simu5g_00000699,2,3,15,1160.0,,15.0
simu5g_00000699,2,3,16,1160.0,,15.0
simu5g_00000699,2,3,17,1160.0,,15.0
simu5g_00000699,2,3,18,1160.0,,15.0
simu5g_00000699,2,3,19,1160.0,,15.0
simu5g_00000699,2,3,20,1160.0,,15.0
simu5g_00000699,2,3,21,1160.0,,15.0
simu5g_00000699,2,3,22,1160.0,,15.0
simu5g_00000699,2,3,23,1160.0,,15.0
simu5g_00000699,2,3,24,1160.0,,15.0
simu5g_00000699,3,4,0,1160.0,,15.0
simu5g_00000699,3,4,1,1160.0,,15.0
simu5g_00000699,3,4,2,1160.0,,15.0
simu5g_00000699,3,4,3,1160.0,,15.0
simu5g_00000699,3,4,4,1160.0,,15.0
simu5g_00000699,3,4,5,1160.0,,15.0
simu5g_00000699,3,4,6,1160.0,,15.0
simu5g_00000699,3,4,7,1160.0,,15.0
simu5g_00000699,3,4,8,1128.0,,14.0
simu5g_00000699,3,4,9,1128.0,,14.0
simu5g_00000699,3,4,10,1160.0,,15.0
simu5g_00000699,3,4,11,1160.0,,15.0
simu5g_00000699,3,4,12,1160.0,,15.0
simu5g_00000699,3,4,13,1160.0,,15.0
simu5g_00000699,3,4,14,1160.0,,15.0
simu5g_00000699,3,4,15,1160.0,,15.0
simu5g_00000699,3,4,16,1160.0,,15.0
simu5g_00000699,3,4,17,1160.0,,15.0
simu5g_00000699,3,4,18,1160.0,,15.0
simu5g_00000699,3,4,19,1160.0,,15.0
simu5g_00000699,3,4,20,1160.0,,15.0
simu5g_00000699,3,4,21,1160.0,,15.0
simu5g_00000699,3,4,22,1160.0,,15.0
simu5g_00000699,3,4,23,1160.0,,15.0
simu5g_00000699,3,4,24,1160.0,,15.0
simu5g_00000699,4,5,0,1160.0,,15.0
simu5g_00000699,4,5,1,1128.0,,14.0
simu5g_00000699,4,5,2,1160.0,,15.0
simu5g_00000699,4,5,3,808.0,,11.0
simu5g_00000699,4,5,4,1160.0,,15.0
simu5g_00000699,4,5,5,1160.0,,15.0
simu5g_00000699,4,5,6,1160.0,,15.0
simu5g_00000699,4,5,7,984.0,,13.0
simu5g_00000699,4,5,8,1128.0,,14.0
simu5g_00000699,4,5,9,1160.0,,15.0
simu5g_00000699,4,5,10,1160.0,,15.0
simu5g_00000699,4,5,11,1160.0,,15.0
simu5g_00000699,4,5,12,1160.0,,15.0
simu5g_00000699,4,5,13,1160.0,,15.0
simu5g_00000699,4,5,14,1160.0,,15.0
simu5g_00000699,4,5,15,1128.0,,14.0
simu5g_00000699,4,5,16,1160.0,,15.0
simu5g_00000699,4,5,17,1160.0,,15.0
simu5g_00000699,4,5,18,1160.0,,15.0
simu5g_00000699,4,5,19,1160.0,,15.0
simu5g_00000699,4,5,20,1160.0,,15.0
simu5g_00000699,4,5,21,1128.0,,14.0
simu5g_00000699,4,5,22,1160.0,,15.0
simu5g_00000699,4,5,23,1160.0,,15.0
simu5g_00000699,4,5,24,1160.0,,15.0
simu5g_00000700,31,0,0,1160.0,,15.0
simu5g_00000700,31,0,1,1160.0,,15.0
simu5g_00000700,31,0,2,1160.0,,15.0
simu5g_00000700,31,0,3,1160.0,,15.0
simu5g_00000700,31,0,4,1160.0,,15.0
simu5g_00000700,31,0,5,1160.0,,15.0
simu5g_00000700,31,0,6,1160.0,,15.0
simu5g_00000700,31,0,7,1160.0,,15.0
simu5g_00000700,31,0,8,1160.0,,15.0
simu5g_00000700,31,0,9,1160.0,,15.0
simu5g_00000700,31,0,10,1160.0,,15.0
simu5g_00000700,31,0,11,1160.0,,15.0
simu5g_00000700,31,0,12,1128.0,,14.0
simu5g_00000700,31,0,13,1160.0,,15.0
simu5g_00000700,31,0,14,1160.0,,15.0
simu5g_00000700,31,0,15,1160.0,,15.0
simu5g_00000700,31,0,16,1160.0,,15.0
simu5g_00000700,31,0,17,1160.0,,15.0
simu5g_00000700,31,0,18,1160.0,,15.0
simu5g_00000700,31,0,19,1160.0,,15.0
simu5g_00000700,31,0,20,1160.0,,15.0
simu5g_00000700,31,0,21,1160.0,,15.0
simu5g_00000700,31,0,22,1160.0,,15.0
simu5g_00000700,31,0,23,1160.0,,15.0
simu5g_00000700,31,0,24,1160.0,,15.0
simu5g_00000700,5,1,0,984.0,,13.0
simu5g_00000700,5,1,1,888.0,,12.0
simu5g_00000700,5,1,2,984.0,,13.0
simu5g_00000700,5,1,3,808.0,,11.0
simu5g_00000700,5,1,4,1160.0,,15.0
simu5g_00000700,5,1,5,984.0,,13.0
simu5g_00000700,5,1,6,984.0,,13.0
simu5g_00000700,5,1,7,984.0,,13.0
simu5g_00000700,5,1,8,984.0,,13.0
simu5g_00000700,5,1,9,1128.0,,14.0
simu5g_00000700,5,1,10,1128.0,,14.0
simu5g_00000700,5,1,11,984.0,,13.0
simu5g_00000700,5,1,12,984.0,,13.0
simu5g_00000700,5,1,13,808.0,,11.0
simu5g_00000700,5,1,14,704.0,,10.0
simu5g_00000700,5,1,15,888.0,,12.0
simu5g_00000700,5,1,16,368.0,,6.0
simu5g_00000700,5,1,17,1128.0,,14.0
simu5g_00000700,5,1,18,1128.0,,14.0
simu5g_00000700,5,1,19,984.0,,13.0
simu5g_00000700,5,1,20,888.0,,12.0
simu5g_00000700,5,1,21,608.0,,9.0
simu5g_00000700,5,1,22,1128.0,,14.0
simu5g_00000700,5,1,23,808.0,,11.0
simu5g_00000700,5,1,24,888.0,,12.0
simu5g_00000700,6,2,0,1160.0,,15.0
simu5g_00000700,6,2,1,1128.0,,14.0
simu5g_00000700,6,2,2,1160.0,,15.0
simu5g_00000700,6,2,3,608.0,,9.0
simu5g_00000700,6,2,4,1128.0,,14.0
simu5g_00000700,6,2,5,1128.0,,14.0
simu5g_00000700,6,2,6,1160.0,,15.0
simu5g_00000700,6,2,7,1128.0,,14.0
simu5g_00000700,6,2,8,1160.0,,15.0
simu5g_00000700,6,2,9,984.0,,13.0
simu5g_00000700,6,2,10,984.0,,13.0
simu5g_00000700,6,2,11,1128.0,,14.0
simu5g_00000700,6,2,12,1160.0,,15.0
simu5g_00000700,6,2,13,1128.0,,14.0
simu5g_00000700,6,2,14,1160.0,,15.0
simu5g_00000700,6,2,15,1160.0,,15.0
simu5g_00000700,6,2,16,888.0,,12.0
simu5g_00000700,6,2,17,1160.0,,15.0
simu5g_00000700,6,2,18,1160.0,,15.0
simu5g_00000700,6,2,19,1128.0,,14.0
simu5g_00000700,6,2,20,1160.0,,15.0
simu5g_00000700,6,2,21,1128.0,,14.0
simu5g_00000700,6,2,22,1160.0,,15.0
simu5g_00000700,6,2,23,1160.0,,15.0
simu5g_00000700,6,2,24,1160.0,,15.0
simu5g_00000700,7,3,0,1160.0,,15.0
simu5g_00000700,7,3,1,1160.0,,15.0
simu5g_00000700,7,3,2,1160.0,,15.0
simu5g_00000700,7,3,3,704.0,,10.0
simu5g_00000700,7,3,4,984.0,,13.0
simu5g_00000700,7,3,5,1160.0,,15.0
simu5g_00000700,7,3,6,1128.0,,14.0
simu5g_00000700,7,3,7,1160.0,,15.0
simu5g_00000700,7,3,8,1160.0,,15.0
simu5g_00000700,7,3,9,1128.0,,14.0
simu5g_00000700,7,3,10,1128.0,,14.0
simu5g_00000700,7,3,11,1128.0,,14.0
simu5g_00000700,7,3,12,1160.0,,15.0
simu5g_00000700,7,3,13,1160.0,,15.0
simu5g_00000700,7,3,14,1128.0,,14.0
simu5g_00000700,7,3,15,1160.0,,15.0
simu5g_00000700,7,3,16,1128.0,,14.0
simu5g_00000700,7,3,17,704.0,,10.0
simu5g_00000700,7,3,18,1160.0,,15.0
simu5g_00000700,7,3,19,1128.0,,14.0
simu5g_00000700,7,3,20,1128.0,,14.0
simu5g_00000700,7,3,21,1160.0,,15.0
simu5g_00000700,7,3,22,1160.0,,15.0
simu5g_00000700,7,3,23,1160.0,,15.0
simu5g_00000700,7,3,24,1160.0,,15.0
simu5g_00000701,0,0,0,1160.0,,15.0
simu5g_00000701,0,0,1,1128.0,,14.0
simu5g_00000701,0,0,2,1160.0,,15.0
simu5g_00000701,0,0,3,1160.0,,15.0
simu5g_00000701,0,0,4,1160.0,,15.0
simu5g_00000701,0,0,5,1160.0,,15.0
simu5g_00000701,0,0,6,1160.0,,15.0
simu5g_00000701,0,0,7,1160.0,,15.0
simu5g_00000701,0,0,8,1160.0,,15.0
simu5g_00000701,0,0,9,1160.0,,15.0
simu5g_00000701,0,0,10,1160.0,,15.0
simu5g_00000701,0,0,11,1160.0,,15.0
simu5g_00000701,0,0,12,1160.0,,15.0
simu5g_00000701,0,0,13,1160.0,,15.0
simu5g_00000701,0,0,14,1160.0,,15.0
simu5g_00000701,0,0,15,1160.0,,15.0
simu5g_00000701,0,0,16,1160.0,,15.0
simu5g_00000701,0,0,17,1160.0,,15.0
simu5g_00000701,0,0,18,1160.0,,15.0
simu5g_00000701,0,0,19,1160.0,,15.0
simu5g_00000701,0,0,20,1160.0,,15.0
simu5g_00000701,0,0,21,1160.0,,15.0
simu5g_00000701,0,0,22,1160.0,,15.0
simu5g_00000701,0,0,23,1160.0,,15.0
simu5g_00000701,0,0,24,1160.0,,15.0
simu5g_00000701,1,1,0,1160.0,,15.0
simu5g_00000701,1,1,1,1160.0,,15.0
simu5g_00000701,1,1,2,1160.0,,15.0
simu5g_00000701,1,1,3,1160.0,,15.0
simu5g_00000701,1,1,4,1160.0,,15.0
simu5g_00000701,1,1,5,1160.0,,15.0
simu5g_00000701,1,1,6,1160.0,,15.0
simu5g_00000701,1,1,7,1160.0,,15.0
simu5g_00000701,1,1,8,1160.0,,15.0
simu5g_00000701,1,1,9,1160.0,,15.0
simu5g_00000701,1,1,10,1160.0,,15.0
simu5g_00000701,1,1,11,1160.0,,15.0
simu5g_00000701,1,1,12,1160.0,,15.0
simu5g_00000701,1,1,13,1160.0,,15.0
simu5g_00000701,1,1,14,1160.0,,15.0
simu5g_00000701,1,1,15,1160.0,,15.0
simu5g_00000701,1,1,16,1160.0,,15.0
simu5g_00000701,1,1,17,1160.0,,15.0
simu5g_00000701,1,1,18,1160.0,,15.0
simu5g_00000701,1,1,19,1160.0,,15.0
simu5g_00000701,1,1,20,1160.0,,15.0
simu5g_00000701,1,1,21,1160.0,,15.0
simu5g_00000701,1,1,22,1160.0,,15.0
simu5g_00000701,1,1,23,1160.0,,15.0
simu5g_00000701,1,1,24,1160.0,,15.0
simu5g_00000701,15,2,0,1128.0,,14.0
simu5g_00000701,15,2,1,1160.0,,15.0
simu5g_00000701,15,2,2,1160.0,,15.0
simu5g_00000701,15,2,3,1160.0,,15.0
simu5g_00000701,15,2,4,1128.0,,14.0
simu5g_00000701,15,2,5,888.0,,12.0
simu5g_00000701,15,2,6,1160.0,,15.0
simu5g_00000701,15,2,7,1128.0,,14.0
simu5g_00000701,15,2,8,1160.0,,15.0
simu5g_00000701,15,2,9,1160.0,,15.0
simu5g_00000701,15,2,10,1160.0,,15.0
simu5g_00000701,15,2,11,1160.0,,15.0
simu5g_00000701,15,2,12,984.0,,13.0
simu5g_00000701,15,2,13,1160.0,,15.0
simu5g_00000701,15,2,14,1160.0,,15.0
simu5g_00000701,15,2,15,1128.0,,14.0
simu5g_00000701,15,2,16,1160.0,,15.0
simu5g_00000701,15,2,17,1160.0,,15.0
simu5g_00000701,15,2,18,1160.0,,15.0
simu5g_00000701,15,2,19,1160.0,,15.0
simu5g_00000701,15,2,20,1160.0,,15.0
simu5g_00000701,15,2,21,1160.0,,15.0
simu5g_00000701,15,2,22,1160.0,,15.0
simu5g_00000701,15,2,23,1160.0,,15.0
simu5g_00000701,15,2,24,1160.0,,15.0
simu5g_00000701,2,3,0,1160.0,,15.0
simu5g_00000701,2,3,1,1160.0,,15.0
simu5g_00000701,2,3,2,1160.0,,15.0
simu5g_00000701,2,3,3,1160.0,,15.0
simu5g_00000701,2,3,4,1160.0,,15.0
simu5g_00000701,2,3,5,1160.0,,15.0
simu5g_00000701,2,3,6,1160.0,,15.0
simu5g_00000701,2,3,7,1128.0,,14.0
simu5g_00000701,2,3,8,1160.0,,15.0
simu5g_00000701,2,3,9,1160.0,,15.0
simu5g_00000701,2,3,10,1160.0,,15.0
simu5g_00000701,2,3,11,1128.0,,14.0
simu5g_00000701,2,3,12,1160.0,,15.0
simu5g_00000701,2,3,13,1160.0,,15.0
simu5g_00000701,2,3,14,1160.0,,15.0
simu5g_00000701,2,3,15,1160.0,,15.0
simu5g_00000701,2,3,16,1160.0,,15.0
simu5g_00000701,2,3,17,1160.0,,15.0
simu5g_00000701,2,3,18,1160.0,,15.0
simu5g_00000701,2,3,19,1160.0,,15.0
simu5g_00000701,2,3,20,1160.0,,15.0
simu5g_00000701,2,3,21,1160.0,,15.0
simu5g_00000701,2,3,22,1160.0,,15.0
simu5g_00000701,2,3,23,1160.0,,15.0
simu5g_00000701,2,3,24,1160.0,,15.0
simu5g_00000701,3,4,0,1128.0,,14.0
simu5g_00000701,3,4,1,1160.0,,15.0
simu5g_00000701,3,4,2,1160.0,,15.0
simu5g_00000701,3,4,3,1160.0,,15.0
simu5g_00000701,3,4,4,1160.0,,15.0
simu5g_00000701,3,4,5,1160.0,,15.0
simu5g_00000701,3,4,6,1160.0,,15.0
simu5g_00000701,3,4,7,1160.0,,15.0
simu5g_00000701,3,4,8,984.0,,13.0
simu5g_00000701,3,4,9,984.0,,13.0
simu5g_00000701,3,4,10,1160.0,,15.0
simu5g_00000701,3,4,11,1160.0,,15.0
simu5g_00000701,3,4,12,1160.0,,15.0
simu5g_00000701,3,4,13,1160.0,,15.0
simu5g_00000701,3,4,14,1160.0,,15.0
simu5g_00000701,3,4,15,1160.0,,15.0
simu5g_00000701,3,4,16,1160.0,,15.0
simu5g_00000701,3,4,17,1160.0,,15.0
simu5g_00000701,3,4,18,1160.0,,15.0
simu5g_00000701,3,4,19,1160.0,,15.0
simu5g_00000701,3,4,20,1160.0,,15.0
simu5g_00000701,3,4,21,1128.0,,14.0
simu5g_00000701,3,4,22,1128.0,,14.0
simu5g_00000701,3,4,23,1160.0,,15.0
simu5g_00000701,3,4,24,1128.0,,14.0
simu5g_00000701,4,5,0,1160.0,,15.0
simu5g_00000701,4,5,1,1128.0,,14.0
simu5g_00000701,4,5,2,1160.0,,15.0
simu5g_00000701,4,5,3,808.0,,11.0
simu5g_00000701,4,5,4,1160.0,,15.0
simu5g_00000701,4,5,5,1160.0,,15.0
simu5g_00000701,4,5,6,1160.0,,15.0
simu5g_00000701,4,5,7,984.0,,13.0
simu5g_00000701,4,5,8,1128.0,,14.0
simu5g_00000701,4,5,9,1160.0,,15.0
simu5g_00000701,4,5,10,1160.0,,15.0
simu5g_00000701,4,5,11,1160.0,,15.0
simu5g_00000701,4,5,12,1160.0,,15.0
simu5g_00000701,4,5,13,1160.0,,15.0
simu5g_00000701,4,5,14,1160.0,,15.0
simu5g_00000701,4,5,15,1128.0,,14.0
simu5g_00000701,4,5,16,1160.0,,15.0
simu5g_00000701,4,5,17,1160.0,,15.0
simu5g_00000701,4,5,18,1160.0,,15.0
simu5g_00000701,4,5,19,1160.0,,15.0
simu5g_00000701,4,5,20,1160.0,,15.0
simu5g_00000701,4,5,21,1128.0,,14.0
simu5g_00000701,4,5,22,1160.0,,15.0
simu5g_00000701,4,5,23,1160.0,,15.0
simu5g_00000701,4,5,24,1160.0,,15.0
simu5g_00000702,31,0,0,1160.0,,15.0
simu5g_00000702,31,0,1,1160.0,,15.0
simu5g_00000702,31,0,2,1160.0,,15.0
simu5g_00000702,31,0,3,1160.0,,15.0
simu5g_00000702,31,0,4,1160.0,,15.0
simu5g_00000702,31,0,5,1160.0,,15.0
simu5g_00000702,31,0,6,1160.0,,15.0
simu5g_00000702,31,0,7,1160.0,,15.0
simu5g_00000702,31,0,8,1160.0,,15.0
simu5g_00000702,31,0,9,1160.0,,15.0
simu5g_00000702,31,0,10,1160.0,,15.0
simu5g_00000702,31,0,11,1160.0,,15.0
simu5g_00000702,31,0,12,1160.0,,15.0
simu5g_00000702,31,0,13,1160.0,,15.0
simu5g_00000702,31,0,14,1160.0,,15.0
simu5g_00000702,31,0,15,1160.0,,15.0
simu5g_00000702,31,0,16,1160.0,,15.0
simu5g_00000702,31,0,17,1160.0,,15.0
simu5g_00000702,31,0,18,1160.0,,15.0
simu5g_00000702,31,0,19,1160.0,,15.0
simu5g_00000702,31,0,20,1160.0,,15.0
simu5g_00000702,31,0,21,1160.0,,15.0
simu5g_00000702,31,0,22,1160.0,,15.0
simu5g_00000702,31,0,23,1160.0,,15.0
simu5g_00000702,31,0,24,1160.0,,15.0
simu5g_00000702,5,1,0,984.0,,13.0
simu5g_00000702,5,1,1,888.0,,12.0
simu5g_00000702,5,1,2,984.0,,13.0
simu5g_00000702,5,1,3,888.0,,12.0
simu5g_00000702,5,1,4,1160.0,,15.0
simu5g_00000702,5,1,5,984.0,,13.0
simu5g_00000702,5,1,6,984.0,,13.0
simu5g_00000702,5,1,7,984.0,,13.0
simu5g_00000702,5,1,8,984.0,,13.0
simu5g_00000702,5,1,9,1128.0,,14.0
simu5g_00000702,5,1,10,1128.0,,14.0
simu5g_00000702,5,1,11,984.0,,13.0
simu5g_00000702,5,1,12,984.0,,13.0
simu5g_00000702,5,1,13,808.0,,11.0
simu5g_00000702,5,1,14,704.0,,10.0
simu5g_00000702,5,1,15,888.0,,12.0
simu5g_00000702,5,1,16,368.0,,6.0
simu5g_00000702,5,1,17,1128.0,,14.0
simu5g_00000702,5,1,18,1128.0,,14.0
simu5g_00000702,5,1,19,984.0,,13.0
simu5g_00000702,5,1,20,888.0,,12.0
simu5g_00000702,5,1,21,608.0,,9.0
simu5g_00000702,5,1,22,1128.0,,14.0
simu5g_00000702,5,1,23,808.0,,11.0
simu5g_00000702,5,1,24,888.0,,12.0
simu5g_00000702,6,2,0,1160.0,,15.0
simu5g_00000702,6,2,1,1128.0,,14.0
simu5g_00000702,6,2,2,1160.0,,15.0
simu5g_00000702,6,2,3,608.0,,9.0
simu5g_00000702,6,2,4,1128.0,,14.0
simu5g_00000702,6,2,5,1128.0,,14.0
simu5g_00000702,6,2,6,1160.0,,15.0
simu5g_00000702,6,2,7,1128.0,,14.0
simu5g_00000702,6,2,8,1160.0,,15.0
simu5g_00000702,6,2,9,984.0,,13.0
simu5g_00000702,6,2,10,984.0,,13.0
simu5g_00000702,6,2,11,1128.0,,14.0
simu5g_00000702,6,2,12,1160.0,,15.0
simu5g_00000702,6,2,13,1128.0,,14.0
simu5g_00000702,6,2,14,1160.0,,15.0
simu5g_00000702,6,2,15,1160.0,,15.0
simu5g_00000702,6,2,16,888.0,,12.0
simu5g_00000702,6,2,17,1160.0,,15.0
simu5g_00000702,6,2,18,1160.0,,15.0
simu5g_00000702,6,2,19,1128.0,,14.0
simu5g_00000702,6,2,20,1160.0,,15.0
simu5g_00000702,6,2,21,1128.0,,14.0
simu5g_00000702,6,2,22,1160.0,,15.0
simu5g_00000702,6,2,23,1160.0,,15.0
simu5g_00000702,6,2,24,1160.0,,15.0
simu5g_00000702,7,3,0,1160.0,,15.0
simu5g_00000702,7,3,1,1160.0,,15.0
simu5g_00000702,7,3,2,1160.0,,15.0
simu5g_00000702,7,3,3,704.0,,10.0
simu5g_00000702,7,3,4,984.0,,13.0
simu5g_00000702,7,3,5,1160.0,,15.0
simu5g_00000702,7,3,6,1128.0,,14.0
simu5g_00000702,7,3,7,1160.0,,15.0
simu5g_00000702,7,3,8,1160.0,,15.0
simu5g_00000702,7,3,9,1128.0,,14.0
simu5g_00000702,7,3,10,1128.0,,14.0
simu5g_00000702,7,3,11,1128.0,,14.0
simu5g_00000702,7,3,12,1160.0,,15.0
simu5g_00000702,7,3,13,1160.0,,15.0
simu5g_00000702,7,3,14,1128.0,,14.0
simu5g_00000702,7,3,15,1160.0,,15.0
simu5g_00000702,7,3,16,1128.0,,14.0
simu5g_00000702,7,3,17,704.0,,10.0
simu5g_00000702,7,3,18,1160.0,,15.0
simu5g_00000702,7,3,19,1128.0,,14.0
simu5g_00000702,7,3,20,1128.0,,14.0
simu5g_00000702,7,3,21,1160.0,,15.0
simu5g_00000702,7,3,22,1160.0,,15.0
simu5g_00000702,7,3,23,1160.0,,15.0
simu5g_00000702,7,3,24,1160.0,,15.0
simu5g_00000703,0,0,0,1160.0,,15.0
simu5g_00000703,0,0,1,1128.0,,14.0
simu5g_00000703,0,0,2,1160.0,,15.0
simu5g_00000703,0,0,3,1160.0,,15.0
simu5g_00000703,0,0,4,1160.0,,15.0
simu5g_00000703,0,0,5,1160.0,,15.0
simu5g_00000703,0,0,6,1160.0,,15.0
simu5g_00000703,0,0,7,1160.0,,15.0
simu5g_00000703,0,0,8,1160.0,,15.0
simu5g_00000703,0,0,9,1160.0,,15.0
simu5g_00000703,0,0,10,1160.0,,15.0
simu5g_00000703,0,0,11,1160.0,,15.0
simu5g_00000703,0,0,12,1160.0,,15.0
simu5g_00000703,0,0,13,1160.0,,15.0
simu5g_00000703,0,0,14,1160.0,,15.0
simu5g_00000703,0,0,15,1160.0,,15.0
simu5g_00000703,0,0,16,1160.0,,15.0
simu5g_00000703,0,0,17,1160.0,,15.0
simu5g_00000703,0,0,18,1160.0,,15.0
simu5g_00000703,0,0,19,1160.0,,15.0
simu5g_00000703,0,0,20,1160.0,,15.0
simu5g_00000703,0,0,21,1160.0,,15.0
simu5g_00000703,0,0,22,1160.0,,15.0
simu5g_00000703,0,0,23,1160.0,,15.0
simu5g_00000703,0,0,24,1160.0,,15.0
simu5g_00000703,1,1,0,1160.0,,15.0
simu5g_00000703,1,1,1,1160.0,,15.0
simu5g_00000703,1,1,2,1160.0,,15.0
simu5g_00000703,1,1,3,1160.0,,15.0
simu5g_00000703,1,1,4,1160.0,,15.0
simu5g_00000703,1,1,5,1160.0,,15.0
simu5g_00000703,1,1,6,1160.0,,15.0
simu5g_00000703,1,1,7,1160.0,,15.0
simu5g_00000703,1,1,8,1160.0,,15.0
simu5g_00000703,1,1,9,1160.0,,15.0
simu5g_00000703,1,1,10,1160.0,,15.0
simu5g_00000703,1,1,11,1160.0,,15.0
simu5g_00000703,1,1,12,1160.0,,15.0
simu5g_00000703,1,1,13,1160.0,,15.0
simu5g_00000703,1,1,14,1160.0,,15.0
simu5g_00000703,1,1,15,1160.0,,15.0
simu5g_00000703,1,1,16,1160.0,,15.0
simu5g_00000703,1,1,17,1160.0,,15.0
simu5g_00000703,1,1,18,1160.0,,15.0
simu5g_00000703,1,1,19,1160.0,,15.0
simu5g_00000703,1,1,20,1160.0,,15.0
simu5g_00000703,1,1,21,1160.0,,15.0
simu5g_00000703,1,1,22,1160.0,,15.0
simu5g_00000703,1,1,23,1160.0,,15.0
simu5g_00000703,1,1,24,1160.0,,15.0
simu5g_00000703,15,2,0,984.0,,13.0
simu5g_00000703,15,2,1,984.0,,13.0
simu5g_00000703,15,2,2,1128.0,,14.0
simu5g_00000703,15,2,3,1128.0,,14.0
simu5g_00000703,15,2,4,888.0,,12.0
simu5g_00000703,15,2,5,608.0,,9.0
simu5g_00000703,15,2,6,1160.0,,15.0
simu5g_00000703,15,2,7,984.0,,13.0
simu5g_00000703,15,2,8,1160.0,,15.0
simu5g_00000703,15,2,9,1128.0,,14.0
simu5g_00000703,15,2,10,1160.0,,15.0
simu5g_00000703,15,2,11,1160.0,,15.0
simu5g_00000703,15,2,12,808.0,,11.0
simu5g_00000703,15,2,13,1128.0,,14.0
simu5g_00000703,15,2,14,984.0,,13.0
simu5g_00000703,15,2,15,984.0,,13.0
simu5g_00000703,15,2,16,1160.0,,15.0
simu5g_00000703,15,2,17,1128.0,,14.0
simu5g_00000703,15,2,18,1128.0,,14.0
simu5g_00000703,15,2,19,1128.0,,14.0
simu5g_00000703,15,2,20,1160.0,,15.0
simu5g_00000703,15,2,21,1128.0,,14.0
simu5g_00000703,15,2,22,1128.0,,14.0
simu5g_00000703,15,2,23,1128.0,,14.0
simu5g_00000703,15,2,24,1128.0,,14.0
simu5g_00000703,2,3,0,1160.0,,15.0
simu5g_00000703,2,3,1,1160.0,,15.0
simu5g_00000703,2,3,2,1160.0,,15.0
simu5g_00000703,2,3,3,1160.0,,15.0
simu5g_00000703,2,3,4,1160.0,,15.0
simu5g_00000703,2,3,5,1160.0,,15.0
simu5g_00000703,2,3,6,1160.0,,15.0
simu5g_00000703,2,3,7,1128.0,,14.0
simu5g_00000703,2,3,8,1160.0,,15.0
simu5g_00000703,2,3,9,1160.0,,15.0
simu5g_00000703,2,3,10,1160.0,,15.0
simu5g_00000703,2,3,11,1128.0,,14.0
simu5g_00000703,2,3,12,1160.0,,15.0
simu5g_00000703,2,3,13,1160.0,,15.0
simu5g_00000703,2,3,14,1160.0,,15.0
simu5g_00000703,2,3,15,1160.0,,15.0
simu5g_00000703,2,3,16,1160.0,,15.0
simu5g_00000703,2,3,17,1160.0,,15.0
simu5g_00000703,2,3,18,1160.0,,15.0
simu5g_00000703,2,3,19,1160.0,,15.0
simu5g_00000703,2,3,20,1160.0,,15.0
simu5g_00000703,2,3,21,1160.0,,15.0
simu5g_00000703,2,3,22,1160.0,,15.0
simu5g_00000703,2,3,23,1160.0,,15.0
simu5g_00000703,2,3,24,1160.0,,15.0
simu5g_00000703,3,4,0,1128.0,,14.0
simu5g_00000703,3,4,1,1160.0,,15.0
simu5g_00000703,3,4,2,1160.0,,15.0
simu5g_00000703,3,4,3,1160.0,,15.0
simu5g_00000703,3,4,4,1160.0,,15.0
simu5g_00000703,3,4,5,1160.0,,15.0
simu5g_00000703,3,4,6,1160.0,,15.0
simu5g_00000703,3,4,7,1160.0,,15.0
simu5g_00000703,3,4,8,984.0,,13.0
simu5g_00000703,3,4,9,984.0,,13.0
simu5g_00000703,3,4,10,1160.0,,15.0
simu5g_00000703,3,4,11,1160.0,,15.0
simu5g_00000703,3,4,12,1160.0,,15.0
simu5g_00000703,3,4,13,1160.0,,15.0
simu5g_00000703,3,4,14,1160.0,,15.0
simu5g_00000703,3,4,15,1160.0,,15.0
simu5g_00000703,3,4,16,1160.0,,15.0
simu5g_00000703,3,4,17,1160.0,,15.0
simu5g_00000703,3,4,18,1160.0,,15.0
simu5g_00000703,3,4,19,1160.0,,15.0
simu5g_00000703,3,4,20,1160.0,,15.0
simu5g_00000703,3,4,21,1128.0,,14.0
simu5g_00000703,3,4,22,1128.0,,14.0
simu5g_00000703,3,4,23,1160.0,,15.0
simu5g_00000703,3,4,24,1128.0,,14.0
simu5g_00000703,4,5,0,1160.0,,15.0
simu5g_00000703,4,5,1,1128.0,,14.0
simu5g_00000703,4,5,2,1160.0,,15.0
simu5g_00000703,4,5,3,888.0,,12.0
simu5g_00000703,4,5,4,1160.0,,15.0
simu5g_00000703,4,5,5,1160.0,,15.0
simu5g_00000703,4,5,6,1160.0,,15.0
simu5g_00000703,4,5,7,984.0,,13.0
simu5g_00000703,4,5,8,1128.0,,14.0
simu5g_00000703,4,5,9,1160.0,,15.0
simu5g_00000703,4,5,10,1160.0,,15.0
simu5g_00000703,4,5,11,1160.0,,15.0
simu5g_00000703,4,5,12,1160.0,,15.0
simu5g_00000703,4,5,13,1160.0,,15.0
simu5g_00000703,4,5,14,1160.0,,15.0
simu5g_00000703,4,5,15,1128.0,,14.0
simu5g_00000703,4,5,16,1160.0,,15.0
simu5g_00000703,4,5,17,1160.0,,15.0
simu5g_00000703,4,5,18,1160.0,,15.0
simu5g_00000703,4,5,19,1160.0,,15.0
simu5g_00000703,4,5,20,1160.0,,15.0
simu5g_00000703,4,5,21,1128.0,,14.0
simu5g_00000703,4,5,22,1160.0,,15.0
simu5g_00000703,4,5,23,1160.0,,15.0
simu5g_00000703,4,5,24,1160.0,,15.0
simu5g_00000704,31,0,0,1160.0,,15.0
simu5g_00000704,31,0,1,1160.0,,15.0
simu5g_00000704,31,0,2,1160.0,,15.0
simu5g_00000704,31,0,3,1160.0,,15.0
simu5g_00000704,31,0,4,1160.0,,15.0
simu5g_00000704,31,0,5,1160.0,,15.0
simu5g_00000704,31,0,6,1160.0,,15.0
simu5g_00000704,31,0,7,1160.0,,15.0
simu5g_00000704,31,0,8,1160.0,,15.0
simu5g_00000704,31,0,9,1160.0,,15.0
simu5g_00000704,31,0,10,1160.0,,15.0
simu5g_00000704,31,0,11,1160.0,,15.0
simu5g_00000704,31,0,12,1160.0,,15.0
simu5g_00000704,31,0,13,1160.0,,15.0
simu5g_00000704,31,0,14,1160.0,,15.0
simu5g_00000704,31,0,15,1160.0,,15.0
simu5g_00000704,31,0,16,1160.0,,15.0
simu5g_00000704,31,0,17,1160.0,,15.0
simu5g_00000704,31,0,18,1160.0,,15.0
simu5g_00000704,31,0,19,1160.0,,15.0
simu5g_00000704,31,0,20,1160.0,,15.0
simu5g_00000704,31,0,21,1160.0,,15.0
simu5g_00000704,31,0,22,1160.0,,15.0
simu5g_00000704,31,0,23,1160.0,,15.0
simu5g_00000704,31,0,24,1160.0,,15.0
simu5g_00000704,5,1,0,1160.0,,15.0
simu5g_00000704,5,1,1,1128.0,,14.0
simu5g_00000704,5,1,2,1128.0,,14.0
simu5g_00000704,5,1,3,1128.0,,14.0
simu5g_00000704,5,1,4,1160.0,,15.0
simu5g_00000704,5,1,5,1128.0,,14.0
simu5g_00000704,5,1,6,1128.0,,14.0
simu5g_00000704,5,1,7,1128.0,,14.0
simu5g_00000704,5,1,8,1128.0,,14.0
simu5g_00000704,5,1,9,1160.0,,15.0
simu5g_00000704,5,1,10,1160.0,,15.0
simu5g_00000704,5,1,11,1160.0,,15.0
simu5g_00000704,5,1,12,1128.0,,14.0
simu5g_00000704,5,1,13,984.0,,13.0
simu5g_00000704,5,1,14,984.0,,13.0
simu5g_00000704,5,1,15,1128.0,,14.0
simu5g_00000704,5,1,16,608.0,,9.0
simu5g_00000704,5,1,17,1160.0,,15.0
simu5g_00000704,5,1,18,1160.0,,15.0
simu5g_00000704,5,1,19,1128.0,,14.0
simu5g_00000704,5,1,20,1128.0,,14.0
simu5g_00000704,5,1,21,888.0,,12.0
simu5g_00000704,5,1,22,1160.0,,15.0
simu5g_00000704,5,1,23,1128.0,,14.0
simu5g_00000704,5,1,24,1128.0,,14.0
simu5g_00000704,6,2,0,1160.0,,15.0
simu5g_00000704,6,2,1,1128.0,,14.0
simu5g_00000704,6,2,2,1160.0,,15.0
simu5g_00000704,6,2,3,608.0,,9.0
simu5g_00000704,6,2,4,1128.0,,14.0
simu5g_00000704,6,2,5,1160.0,,15.0
simu5g_00000704,6,2,6,1160.0,,15.0
simu5g_00000704,6,2,7,1128.0,,14.0
simu5g_00000704,6,2,8,1160.0,,15.0
simu5g_00000704,6,2,9,1128.0,,14.0
simu5g_00000704,6,2,10,1128.0,,14.0
simu5g_00000704,6,2,11,1160.0,,15.0
simu5g_00000704,6,2,12,1160.0,,15.0
simu5g_00000704,6,2,13,1128.0,,14.0
simu5g_00000704,6,2,14,1160.0,,15.0
simu5g_00000704,6,2,15,1160.0,,15.0
simu5g_00000704,6,2,16,984.0,,13.0
simu5g_00000704,6,2,17,1160.0,,15.0
simu5g_00000704,6,2,18,1160.0,,15.0
simu5g_00000704,6,2,19,1128.0,,14.0
simu5g_00000704,6,2,20,1160.0,,15.0
simu5g_00000704,6,2,21,1160.0,,15.0
simu5g_00000704,6,2,22,1160.0,,15.0
simu5g_00000704,6,2,23,1160.0,,15.0
simu5g_00000704,6,2,24,1160.0,,15.0
simu5g_00000704,7,3,0,1160.0,,15.0
simu5g_00000704,7,3,1,1160.0,,15.0
simu5g_00000704,7,3,2,1160.0,,15.0
simu5g_00000704,7,3,3,704.0,,10.0
simu5g_00000704,7,3,4,984.0,,13.0
simu5g_00000704,7,3,5,1160.0,,15.0
simu5g_00000704,7,3,6,1128.0,,14.0
simu5g_00000704,7,3,7,1160.0,,15.0
simu5g_00000704,7,3,8,1160.0,,15.0
simu5g_00000704,7,3,9,1128.0,,14.0
simu5g_00000704,7,3,10,1128.0,,14.0
simu5g_00000704,7,3,11,1128.0,,14.0
simu5g_00000704,7,3,12,1160.0,,15.0
simu5g_00000704,7,3,13,1160.0,,15.0
simu5g_00000704,7,3,14,1128.0,,14.0
simu5g_00000704,7,3,15,1160.0,,15.0
simu5g_00000704,7,3,16,1128.0,,14.0
simu5g_00000704,7,3,17,704.0,,10.0
simu5g_00000704,7,3,18,1160.0,,15.0
simu5g_00000704,7,3,19,1128.0,,14.0
simu5g_00000704,7,3,20,1128.0,,14.0
simu5g_00000704,7,3,21,1160.0,,15.0
simu5g_00000704,7,3,22,1160.0,,15.0
simu5g_00000704,7,3,23,1160.0,,15.0
simu5g_00000704,7,3,24,1160.0,,15.0
simu5g_00000705,0,0,0,1160.0,,15.0
simu5g_00000705,0,0,1,1128.0,,14.0
simu5g_00000705,0,0,2,1160.0,,15.0
simu5g_00000705,0,0,3,1160.0,,15.0
simu5g_00000705,0,0,4,1160.0,,15.0
simu5g_00000705,0,0,5,1160.0,,15.0
simu5g_00000705,0,0,6,1160.0,,15.0
simu5g_00000705,0,0,7,1160.0,,15.0
simu5g_00000705,0,0,8,1160.0,,15.0
simu5g_00000705,0,0,9,1160.0,,15.0
simu5g_00000705,0,0,10,1160.0,,15.0
simu5g_00000705,0,0,11,1160.0,,15.0
simu5g_00000705,0,0,12,1160.0,,15.0
simu5g_00000705,0,0,13,1160.0,,15.0
simu5g_00000705,0,0,14,1160.0,,15.0
simu5g_00000705,0,0,15,1160.0,,15.0
simu5g_00000705,0,0,16,1160.0,,15.0
simu5g_00000705,0,0,17,1160.0,,15.0
simu5g_00000705,0,0,18,1160.0,,15.0
simu5g_00000705,0,0,19,1160.0,,15.0
simu5g_00000705,0,0,20,1160.0,,15.0
simu5g_00000705,0,0,21,1160.0,,15.0
simu5g_00000705,0,0,22,1160.0,,15.0
simu5g_00000705,0,0,23,1160.0,,15.0
simu5g_00000705,0,0,24,1160.0,,15.0
simu5g_00000705,1,1,0,1160.0,,15.0
simu5g_00000705,1,1,1,1160.0,,15.0
simu5g_00000705,1,1,2,1160.0,,15.0
simu5g_00000705,1,1,3,1160.0,,15.0
simu5g_00000705,1,1,4,1160.0,,15.0
simu5g_00000705,1,1,5,1160.0,,15.0
simu5g_00000705,1,1,6,1160.0,,15.0
simu5g_00000705,1,1,7,1160.0,,15.0
simu5g_00000705,1,1,8,1160.0,,15.0
simu5g_00000705,1,1,9,1160.0,,15.0
simu5g_00000705,1,1,10,1160.0,,15.0
simu5g_00000705,1,1,11,1160.0,,15.0
simu5g_00000705,1,1,12,1160.0,,15.0
simu5g_00000705,1,1,13,1160.0,,15.0
simu5g_00000705,1,1,14,1160.0,,15.0
simu5g_00000705,1,1,15,1160.0,,15.0
simu5g_00000705,1,1,16,1160.0,,15.0
simu5g_00000705,1,1,17,1160.0,,15.0
simu5g_00000705,1,1,18,1160.0,,15.0
simu5g_00000705,1,1,19,1160.0,,15.0
simu5g_00000705,1,1,20,1160.0,,15.0
simu5g_00000705,1,1,21,1160.0,,15.0
simu5g_00000705,1,1,22,1160.0,,15.0
simu5g_00000705,1,1,23,1160.0,,15.0
simu5g_00000705,1,1,24,1160.0,,15.0
simu5g_00000705,15,2,0,984.0,,13.0
simu5g_00000705,15,2,1,984.0,,13.0
simu5g_00000705,15,2,2,1128.0,,14.0
simu5g_00000705,15,2,3,1128.0,,14.0
simu5g_00000705,15,2,4,888.0,,12.0
simu5g_00000705,15,2,5,608.0,,9.0
simu5g_00000705,15,2,6,1160.0,,15.0
simu5g_00000705,15,2,7,984.0,,13.0
simu5g_00000705,15,2,8,1160.0,,15.0
simu5g_00000705,15,2,9,1128.0,,14.0
simu5g_00000705,15,2,10,1160.0,,15.0
simu5g_00000705,15,2,11,1160.0,,15.0
simu5g_00000705,15,2,12,808.0,,11.0
simu5g_00000705,15,2,13,1128.0,,14.0
simu5g_00000705,15,2,14,984.0,,13.0
simu5g_00000705,15,2,15,984.0,,13.0
simu5g_00000705,15,2,16,1160.0,,15.0
simu5g_00000705,15,2,17,1128.0,,14.0
simu5g_00000705,15,2,18,1128.0,,14.0
simu5g_00000705,15,2,19,1128.0,,14.0
simu5g_00000705,15,2,20,1160.0,,15.0
simu5g_00000705,15,2,21,1128.0,,14.0
simu5g_00000705,15,2,22,1128.0,,14.0
simu5g_00000705,15,2,23,1128.0,,14.0
simu5g_00000705,15,2,24,1128.0,,14.0
simu5g_00000705,2,3,0,1160.0,,15.0
simu5g_00000705,2,3,1,1160.0,,15.0
simu5g_00000705,2,3,2,1160.0,,15.0
simu5g_00000705,2,3,3,1160.0,,15.0
simu5g_00000705,2,3,4,1160.0,,15.0
simu5g_00000705,2,3,5,1160.0,,15.0
simu5g_00000705,2,3,6,1160.0,,15.0
simu5g_00000705,2,3,7,1128.0,,14.0
simu5g_00000705,2,3,8,1160.0,,15.0
simu5g_00000705,2,3,9,1160.0,,15.0
simu5g_00000705,2,3,10,1160.0,,15.0
simu5g_00000705,2,3,11,1128.0,,14.0
simu5g_00000705,2,3,12,1160.0,,15.0
simu5g_00000705,2,3,13,1160.0,,15.0
simu5g_00000705,2,3,14,1160.0,,15.0
simu5g_00000705,2,3,15,1160.0,,15.0
simu5g_00000705,2,3,16,1160.0,,15.0
simu5g_00000705,2,3,17,1160.0,,15.0
simu5g_00000705,2,3,18,1160.0,,15.0
simu5g_00000705,2,3,19,1160.0,,15.0
simu5g_00000705,2,3,20,1160.0,,15.0
simu5g_00000705,2,3,21,1160.0,,15.0
simu5g_00000705,2,3,22,1160.0,,15.0
simu5g_00000705,2,3,23,1160.0,,15.0
simu5g_00000705,2,3,24,1160.0,,15.0
simu5g_00000705,3,4,0,1128.0,,14.0
simu5g_00000705,3,4,1,1160.0,,15.0
simu5g_00000705,3,4,2,1160.0,,15.0
simu5g_00000705,3,4,3,1160.0,,15.0
simu5g_00000705,3,4,4,1160.0,,15.0
simu5g_00000705,3,4,5,1160.0,,15.0
simu5g_00000705,3,4,6,1160.0,,15.0
simu5g_00000705,3,4,7,1160.0,,15.0
simu5g_00000705,3,4,8,984.0,,13.0
simu5g_00000705,3,4,9,984.0,,13.0
simu5g_00000705,3,4,10,1160.0,,15.0
simu5g_00000705,3,4,11,1160.0,,15.0
simu5g_00000705,3,4,12,1160.0,,15.0
simu5g_00000705,3,4,13,1160.0,,15.0
simu5g_00000705,3,4,14,1160.0,,15.0
simu5g_00000705,3,4,15,1160.0,,15.0
simu5g_00000705,3,4,16,1160.0,,15.0
simu5g_00000705,3,4,17,1160.0,,15.0
simu5g_00000705,3,4,18,1160.0,,15.0
simu5g_00000705,3,4,19,1160.0,,15.0
simu5g_00000705,3,4,20,1160.0,,15.0
simu5g_00000705,3,4,21,1160.0,,15.0
simu5g_00000705,3,4,22,1128.0,,14.0
simu5g_00000705,3,4,23,1160.0,,15.0
simu5g_00000705,3,4,24,1128.0,,14.0
simu5g_00000705,4,5,0,1160.0,,15.0
simu5g_00000705,4,5,1,1128.0,,14.0
simu5g_00000705,4,5,2,1160.0,,15.0
simu5g_00000705,4,5,3,888.0,,12.0
simu5g_00000705,4,5,4,1160.0,,15.0
simu5g_00000705,4,5,5,1160.0,,15.0
simu5g_00000705,4,5,6,1160.0,,15.0
simu5g_00000705,4,5,7,984.0,,13.0
simu5g_00000705,4,5,8,1128.0,,14.0
simu5g_00000705,4,5,9,1160.0,,15.0
simu5g_00000705,4,5,10,1160.0,,15.0
simu5g_00000705,4,5,11,1160.0,,15.0
simu5g_00000705,4,5,12,1160.0,,15.0
simu5g_00000705,4,5,13,1160.0,,15.0
simu5g_00000705,4,5,14,1160.0,,15.0
simu5g_00000705,4,5,15,1128.0,,14.0
simu5g_00000705,4,5,16,1160.0,,15.0
simu5g_00000705,4,5,17,1160.0,,15.0
simu5g_00000705,4,5,18,1160.0,,15.0
simu5g_00000705,4,5,19,1160.0,,15.0
simu5g_00000705,4,5,20,1160.0,,15.0
simu5g_00000705,4,5,21,1128.0,,14.0
simu5g_00000705,4,5,22,1160.0,,15.0
simu5g_00000705,4,5,23,1160.0,,15.0
simu5g_00000705,4,5,24,1160.0,,15.0
simu5g_00000706,31,0,0,1160.0,,15.0
simu5g_00000706,31,0,1,1160.0,,15.0
simu5g_00000706,31,0,2,1160.0,,15.0
simu5g_00000706,31,0,3,1160.0,,15.0
simu5g_00000706,31,0,4,1160.0,,15.0
simu5g_00000706,31,0,5,1160.0,,15.0
simu5g_00000706,31,0,6,1160.0,,15.0
simu5g_00000706,31,0,7,1160.0,,15.0
simu5g_00000706,31,0,8,1160.0,,15.0
simu5g_00000706,31,0,9,1160.0,,15.0
simu5g_00000706,31,0,10,1160.0,,15.0
simu5g_00000706,31,0,11,1160.0,,15.0
simu5g_00000706,31,0,12,1160.0,,15.0
simu5g_00000706,31,0,13,1160.0,,15.0
simu5g_00000706,31,0,14,1160.0,,15.0
simu5g_00000706,31,0,15,1160.0,,15.0
simu5g_00000706,31,0,16,1160.0,,15.0
simu5g_00000706,31,0,17,1160.0,,15.0
simu5g_00000706,31,0,18,1160.0,,15.0
simu5g_00000706,31,0,19,1160.0,,15.0
simu5g_00000706,31,0,20,1160.0,,15.0
simu5g_00000706,31,0,21,1160.0,,15.0
simu5g_00000706,31,0,22,1160.0,,15.0
simu5g_00000706,31,0,23,1160.0,,15.0
simu5g_00000706,31,0,24,1160.0,,15.0
simu5g_00000706,5,1,0,1160.0,,15.0
simu5g_00000706,5,1,1,1128.0,,14.0
simu5g_00000706,5,1,2,1128.0,,14.0
simu5g_00000706,5,1,3,1128.0,,14.0
simu5g_00000706,5,1,4,1160.0,,15.0
simu5g_00000706,5,1,5,1128.0,,14.0
simu5g_00000706,5,1,6,1128.0,,14.0
simu5g_00000706,5,1,7,1128.0,,14.0
simu5g_00000706,5,1,8,1128.0,,14.0
simu5g_00000706,5,1,9,1160.0,,15.0
simu5g_00000706,5,1,10,1160.0,,15.0
simu5g_00000706,5,1,11,1160.0,,15.0
simu5g_00000706,5,1,12,1128.0,,14.0
simu5g_00000706,5,1,13,984.0,,13.0
simu5g_00000706,5,1,14,984.0,,13.0
simu5g_00000706,5,1,15,1128.0,,14.0
simu5g_00000706,5,1,16,608.0,,9.0
simu5g_00000706,5,1,17,1160.0,,15.0
simu5g_00000706,5,1,18,1160.0,,15.0
simu5g_00000706,5,1,19,1128.0,,14.0
simu5g_00000706,5,1,20,1128.0,,14.0
simu5g_00000706,5,1,21,888.0,,12.0
simu5g_00000706,5,1,22,1160.0,,15.0
simu5g_00000706,5,1,23,1128.0,,14.0
simu5g_00000706,5,1,24,1128.0,,14.0
simu5g_00000706,6,2,0,1160.0,,15.0
simu5g_00000706,6,2,1,1128.0,,14.0
simu5g_00000706,6,2,2,1160.0,,15.0
simu5g_00000706,6,2,3,608.0,,9.0
simu5g_00000706,6,2,4,1128.0,,14.0
simu5g_00000706,6,2,5,1160.0,,15.0
simu5g_00000706,6,2,6,1160.0,,15.0
simu5g_00000706,6,2,7,1128.0,,14.0
simu5g_00000706,6,2,8,1160.0,,15.0
simu5g_00000706,6,2,9,1128.0,,14.0
simu5g_00000706,6,2,10,1128.0,,14.0
simu5g_00000706,6,2,11,1160.0,,15.0
simu5g_00000706,6,2,12,1160.0,,15.0
simu5g_00000706,6,2,13,1128.0,,14.0
simu5g_00000706,6,2,14,1160.0,,15.0
simu5g_00000706,6,2,15,1160.0,,15.0
simu5g_00000706,6,2,16,984.0,,13.0
simu5g_00000706,6,2,17,1160.0,,15.0
simu5g_00000706,6,2,18,1160.0,,15.0
simu5g_00000706,6,2,19,1128.0,,14.0
simu5g_00000706,6,2,20,1160.0,,15.0
simu5g_00000706,6,2,21,1160.0,,15.0
simu5g_00000706,6,2,22,1160.0,,15.0
simu5g_00000706,6,2,23,1160.0,,15.0
simu5g_00000706,6,2,24,1160.0,,15.0
simu5g_00000706,7,3,0,1160.0,,15.0
simu5g_00000706,7,3,1,1160.0,,15.0
simu5g_00000706,7,3,2,1160.0,,15.0
simu5g_00000706,7,3,3,704.0,,10.0
simu5g_00000706,7,3,4,984.0,,13.0
simu5g_00000706,7,3,5,1160.0,,15.0
simu5g_00000706,7,3,6,1128.0,,14.0
simu5g_00000706,7,3,7,1160.0,,15.0
simu5g_00000706,7,3,8,1160.0,,15.0
simu5g_00000706,7,3,9,1128.0,,14.0
simu5g_00000706,7,3,10,1128.0,,14.0
simu5g_00000706,7,3,11,1128.0,,14.0
simu5g_00000706,7,3,12,1160.0,,15.0
simu5g_00000706,7,3,13,1160.0,,15.0
simu5g_00000706,7,3,14,1128.0,,14.0
simu5g_00000706,7,3,15,1160.0,,15.0
simu5g_00000706,7,3,16,1128.0,,14.0
simu5g_00000706,7,3,17,704.0,,10.0
simu5g_00000706,7,3,18,1160.0,,15.0
simu5g_00000706,7,3,19,1128.0,,14.0
simu5g_00000706,7,3,20,1128.0,,14.0
simu5g_00000706,7,3,21,1160.0,,15.0
simu5g_00000706,7,3,22,1160.0,,15.0
simu5g_00000706,7,3,23,1160.0,,15.0
simu5g_00000706,7,3,24,1160.0,,15.0
simu5g_00000707,0,0,0,1160.0,,15.0
simu5g_00000707,0,0,1,1128.0,,14.0
simu5g_00000707,0,0,2,1160.0,,15.0
simu5g_00000707,0,0,3,1160.0,,15.0
simu5g_00000707,0,0,4,1160.0,,15.0
simu5g_00000707,0,0,5,1160.0,,15.0
simu5g_00000707,0,0,6,1160.0,,15.0
simu5g_00000707,0,0,7,1160.0,,15.0
simu5g_00000707,0,0,8,1160.0,,15.0
simu5g_00000707,0,0,9,1160.0,,15.0
simu5g_00000707,0,0,10,1160.0,,15.0
simu5g_00000707,0,0,11,1160.0,,15.0
simu5g_00000707,0,0,12,1160.0,,15.0
simu5g_00000707,0,0,13,1160.0,,15.0
simu5g_00000707,0,0,14,1160.0,,15.0
simu5g_00000707,0,0,15,1160.0,,15.0
simu5g_00000707,0,0,16,1160.0,,15.0
simu5g_00000707,0,0,17,1160.0,,15.0
simu5g_00000707,0,0,18,1160.0,,15.0
simu5g_00000707,0,0,19,1160.0,,15.0
simu5g_00000707,0,0,20,1160.0,,15.0
simu5g_00000707,0,0,21,1160.0,,15.0
simu5g_00000707,0,0,22,1160.0,,15.0
simu5g_00000707,0,0,23,1160.0,,15.0
simu5g_00000707,0,0,24,1160.0,,15.0
simu5g_00000707,1,1,0,1160.0,,15.0
simu5g_00000707,1,1,1,1160.0,,15.0
simu5g_00000707,1,1,2,1160.0,,15.0
simu5g_00000707,1,1,3,1160.0,,15.0
simu5g_00000707,1,1,4,1160.0,,15.0
simu5g_00000707,1,1,5,1160.0,,15.0
simu5g_00000707,1,1,6,1160.0,,15.0
simu5g_00000707,1,1,7,1160.0,,15.0
simu5g_00000707,1,1,8,1160.0,,15.0
simu5g_00000707,1,1,9,1160.0,,15.0
simu5g_00000707,1,1,10,1160.0,,15.0
simu5g_00000707,1,1,11,1160.0,,15.0
simu5g_00000707,1,1,12,1160.0,,15.0
simu5g_00000707,1,1,13,1160.0,,15.0
simu5g_00000707,1,1,14,1160.0,,15.0
simu5g_00000707,1,1,15,1160.0,,15.0
simu5g_00000707,1,1,16,1160.0,,15.0
simu5g_00000707,1,1,17,1160.0,,15.0
simu5g_00000707,1,1,18,1160.0,,15.0
simu5g_00000707,1,1,19,1160.0,,15.0
simu5g_00000707,1,1,20,1160.0,,15.0
simu5g_00000707,1,1,21,1160.0,,15.0
simu5g_00000707,1,1,22,1160.0,,15.0
simu5g_00000707,1,1,23,1160.0,,15.0
simu5g_00000707,1,1,24,1160.0,,15.0
simu5g_00000707,15,2,0,984.0,,13.0
simu5g_00000707,15,2,1,984.0,,13.0
simu5g_00000707,15,2,2,1128.0,,14.0
simu5g_00000707,15,2,3,1128.0,,14.0
simu5g_00000707,15,2,4,888.0,,12.0
simu5g_00000707,15,2,5,528.0,,8.0
simu5g_00000707,15,2,6,1160.0,,15.0
simu5g_00000707,15,2,7,984.0,,13.0
simu5g_00000707,15,2,8,1160.0,,15.0
simu5g_00000707,15,2,9,1128.0,,14.0
simu5g_00000707,15,2,10,1160.0,,15.0
simu5g_00000707,15,2,11,1160.0,,15.0
simu5g_00000707,15,2,12,808.0,,11.0
simu5g_00000707,15,2,13,1128.0,,14.0
simu5g_00000707,15,2,14,984.0,,13.0
simu5g_00000707,15,2,15,984.0,,13.0
simu5g_00000707,15,2,16,1160.0,,15.0
simu5g_00000707,15,2,17,1128.0,,14.0
simu5g_00000707,15,2,18,1128.0,,14.0
simu5g_00000707,15,2,19,1128.0,,14.0
simu5g_00000707,15,2,20,1160.0,,15.0
simu5g_00000707,15,2,21,1128.0,,14.0
simu5g_00000707,15,2,22,1128.0,,14.0
simu5g_00000707,15,2,23,1128.0,,14.0
simu5g_00000707,15,2,24,1128.0,,14.0
simu5g_00000707,2,3,0,1160.0,,15.0
simu5g_00000707,2,3,1,1160.0,,15.0
simu5g_00000707,2,3,2,1160.0,,15.0
simu5g_00000707,2,3,3,1160.0,,15.0
simu5g_00000707,2,3,4,1160.0,,15.0
simu5g_00000707,2,3,5,1160.0,,15.0
simu5g_00000707,2,3,6,1160.0,,15.0
simu5g_00000707,2,3,7,1128.0,,14.0
simu5g_00000707,2,3,8,1160.0,,15.0
simu5g_00000707,2,3,9,1160.0,,15.0
simu5g_00000707,2,3,10,1160.0,,15.0
simu5g_00000707,2,3,11,1160.0,,15.0
simu5g_00000707,2,3,12,1160.0,,15.0
simu5g_00000707,2,3,13,1160.0,,15.0
simu5g_00000707,2,3,14,1160.0,,15.0
simu5g_00000707,2,3,15,1160.0,,15.0
simu5g_00000707,2,3,16,1160.0,,15.0
simu5g_00000707,2,3,17,1160.0,,15.0
simu5g_00000707,2,3,18,1160.0,,15.0
simu5g_00000707,2,3,19,1160.0,,15.0
simu5g_00000707,2,3,20,1160.0,,15.0
simu5g_00000707,2,3,21,1160.0,,15.0
simu5g_00000707,2,3,22,1160.0,,15.0
simu5g_00000707,2,3,23,1160.0,,15.0
simu5g_00000707,2,3,24,1160.0,,15.0
simu5g_00000707,3,4,0,984.0,,13.0
simu5g_00000707,3,4,1,1160.0,,15.0
simu5g_00000707,3,4,2,984.0,,13.0
simu5g_00000707,3,4,3,1128.0,,14.0
simu5g_00000707,3,4,4,1128.0,,14.0
simu5g_00000707,3,4,5,1128.0,,14.0
simu5g_00000707,3,4,6,1128.0,,14.0
simu5g_00000707,3,4,7,984.0,,13.0
simu5g_00000707,3,4,8,608.0,,9.0
simu5g_00000707,3,4,9,608.0,,9.0
simu5g_00000707,3,4,10,1128.0,,14.0
simu5g_00000707,3,4,11,984.0,,13.0
simu5g_00000707,3,4,12,1128.0,,14.0
simu5g_00000707,3,4,13,1128.0,,14.0
simu5g_00000707,3,4,14,1160.0,,15.0
simu5g_00000707,3,4,15,1128.0,,14.0
simu5g_00000707,3,4,16,1128.0,,14.0
simu5g_00000707,3,4,17,1128.0,,14.0
simu5g_00000707,3,4,18,1128.0,,14.0
simu5g_00000707,3,4,19,1128.0,,14.0
simu5g_00000707,3,4,20,1128.0,,14.0
simu5g_00000707,3,4,21,984.0,,13.0
simu5g_00000707,3,4,22,888.0,,12.0
simu5g_00000707,3,4,23,1128.0,,14.0
simu5g_00000707,3,4,24,888.0,,12.0
simu5g_00000707,4,5,0,1160.0,,15.0
simu5g_00000707,4,5,1,1128.0,,14.0
simu5g_00000707,4,5,2,1160.0,,15.0
simu5g_00000707,4,5,3,808.0,,11.0
simu5g_00000707,4,5,4,1160.0,,15.0
simu5g_00000707,4,5,5,1160.0,,15.0
simu5g_00000707,4,5,6,1160.0,,15.0
simu5g_00000707,4,5,7,888.0,,12.0
simu5g_00000707,4,5,8,1128.0,,14.0
simu5g_00000707,4,5,9,1160.0,,15.0
simu5g_00000707,4,5,10,1160.0,,15.0
simu5g_00000707,4,5,11,1160.0,,15.0
simu5g_00000707,4,5,12,1160.0,,15.0
simu5g_00000707,4,5,13,1160.0,,15.0
simu5g_00000707,4,5,14,1160.0,,15.0
simu5g_00000707,4,5,15,1128.0,,14.0
simu5g_00000707,4,5,16,1128.0,,14.0
simu5g_00000707,4,5,17,1160.0,,15.0
simu5g_00000707,4,5,18,1160.0,,15.0
simu5g_00000707,4,5,19,1160.0,,15.0
simu5g_00000707,4,5,20,1160.0,,15.0
simu5g_00000707,4,5,21,1128.0,,14.0
simu5g_00000707,4,5,22,1160.0,,15.0
simu5g_00000707,4,5,23,1160.0,,15.0
simu5g_00000707,4,5,24,1128.0,,14.0
simu5g_00000708,31,0,0,1160.0,,15.0
simu5g_00000708,31,0,1,1128.0,,14.0
simu5g_00000708,31,0,2,1160.0,,15.0
simu5g_00000708,31,0,3,1160.0,,15.0
simu5g_00000708,31,0,4,1160.0,,15.0
simu5g_00000708,31,0,5,1160.0,,15.0
simu5g_00000708,31,0,6,1160.0,,15.0
simu5g_00000708,31,0,7,1160.0,,15.0
simu5g_00000708,31,0,8,1160.0,,15.0
simu5g_00000708,31,0,9,1160.0,,15.0
simu5g_00000708,31,0,10,1160.0,,15.0
simu5g_00000708,31,0,11,1160.0,,15.0
simu5g_00000708,31,0,12,984.0,,13.0
simu5g_00000708,31,0,13,1160.0,,15.0
simu5g_00000708,31,0,14,1160.0,,15.0
simu5g_00000708,31,0,15,1160.0,,15.0
simu5g_00000708,31,0,16,1160.0,,15.0
simu5g_00000708,31,0,17,1160.0,,15.0
simu5g_00000708,31,0,18,1160.0,,15.0
simu5g_00000708,31,0,19,1160.0,,15.0
simu5g_00000708,31,0,20,1160.0,,15.0
simu5g_00000708,31,0,21,1160.0,,15.0
simu5g_00000708,31,0,22,1160.0,,15.0
simu5g_00000708,31,0,23,1160.0,,15.0
simu5g_00000708,31,0,24,1160.0,,15.0
simu5g_00000708,5,1,0,1160.0,,15.0
simu5g_00000708,5,1,1,1128.0,,14.0
simu5g_00000708,5,1,2,1128.0,,14.0
simu5g_00000708,5,1,3,1128.0,,14.0
simu5g_00000708,5,1,4,1160.0,,15.0
simu5g_00000708,5,1,5,1128.0,,14.0
simu5g_00000708,5,1,6,1128.0,,14.0
simu5g_00000708,5,1,7,1128.0,,14.0
simu5g_00000708,5,1,8,1128.0,,14.0
simu5g_00000708,5,1,9,1160.0,,15.0
simu5g_00000708,5,1,10,1160.0,,15.0
simu5g_00000708,5,1,11,1160.0,,15.0
simu5g_00000708,5,1,12,1128.0,,14.0
simu5g_00000708,5,1,13,984.0,,13.0
simu5g_00000708,5,1,14,984.0,,13.0
simu5g_00000708,5,1,15,1128.0,,14.0
simu5g_00000708,5,1,16,608.0,,9.0
simu5g_00000708,5,1,17,1160.0,,15.0
simu5g_00000708,5,1,18,1160.0,,15.0
simu5g_00000708,5,1,19,1128.0,,14.0
simu5g_00000708,5,1,20,1128.0,,14.0
simu5g_00000708,5,1,21,888.0,,12.0
simu5g_00000708,5,1,22,1160.0,,15.0
simu5g_00000708,5,1,23,1128.0,,14.0
simu5g_00000708,5,1,24,1128.0,,14.0
simu5g_00000708,6,2,0,1160.0,,15.0
simu5g_00000708,6,2,1,1128.0,,14.0
simu5g_00000708,6,2,2,1160.0,,15.0
simu5g_00000708,6,2,3,608.0,,9.0
simu5g_00000708,6,2,4,1128.0,,14.0
simu5g_00000708,6,2,5,1160.0,,15.0
simu5g_00000708,6,2,6,1160.0,,15.0
simu5g_00000708,6,2,7,1128.0,,14.0
simu5g_00000708,6,2,8,1160.0,,15.0
simu5g_00000708,6,2,9,1128.0,,14.0
simu5g_00000708,6,2,10,1128.0,,14.0
simu5g_00000708,6,2,11,1160.0,,15.0
simu5g_00000708,6,2,12,1160.0,,15.0
simu5g_00000708,6,2,13,1128.0,,14.0
simu5g_00000708,6,2,14,1160.0,,15.0
simu5g_00000708,6,2,15,1160.0,,15.0
simu5g_00000708,6,2,16,984.0,,13.0
simu5g_00000708,6,2,17,1160.0,,15.0
simu5g_00000708,6,2,18,1160.0,,15.0
simu5g_00000708,6,2,19,1128.0,,14.0
simu5g_00000708,6,2,20,1160.0,,15.0
simu5g_00000708,6,2,21,1160.0,,15.0
simu5g_00000708,6,2,22,1160.0,,15.0
simu5g_00000708,6,2,23,1160.0,,15.0
simu5g_00000708,6,2,24,1160.0,,15.0
simu5g_00000708,7,3,0,1160.0,,15.0
simu5g_00000708,7,3,1,1160.0,,15.0
simu5g_00000708,7,3,2,1160.0,,15.0
simu5g_00000708,7,3,3,704.0,,10.0
simu5g_00000708,7,3,4,984.0,,13.0
simu5g_00000708,7,3,5,1160.0,,15.0
simu5g_00000708,7,3,6,1128.0,,14.0
simu5g_00000708,7,3,7,1160.0,,15.0
simu5g_00000708,7,3,8,1160.0,,15.0
simu5g_00000708,7,3,9,1128.0,,14.0
simu5g_00000708,7,3,10,1128.0,,14.0
simu5g_00000708,7,3,11,1128.0,,14.0
simu5g_00000708,7,3,12,1160.0,,15.0
simu5g_00000708,7,3,13,1160.0,,15.0
simu5g_00000708,7,3,14,1128.0,,14.0
simu5g_00000708,7,3,15,1160.0,,15.0
simu5g_00000708,7,3,16,1128.0,,14.0
simu5g_00000708,7,3,17,704.0,,10.0
simu5g_00000708,7,3,18,1160.0,,15.0
simu5g_00000708,7,3,19,1128.0,,14.0
simu5g_00000708,7,3,20,1128.0,,14.0
simu5g_00000708,7,3,21,1160.0,,15.0
simu5g_00000708,7,3,22,1160.0,,15.0
simu5g_00000708,7,3,23,1160.0,,15.0
simu5g_00000708,7,3,24,1160.0,,15.0
simu5g_00000709,0,0,0,1160.0,,15.0
simu5g_00000709,0,0,1,1128.0,,14.0
simu5g_00000709,0,0,2,1160.0,,15.0
simu5g_00000709,0,0,3,1160.0,,15.0
simu5g_00000709,0,0,4,1160.0,,15.0
simu5g_00000709,0,0,5,1160.0,,15.0
simu5g_00000709,0,0,6,1160.0,,15.0
simu5g_00000709,0,0,7,1160.0,,15.0
simu5g_00000709,0,0,8,1160.0,,15.0
simu5g_00000709,0,0,9,1160.0,,15.0
simu5g_00000709,0,0,10,1160.0,,15.0
simu5g_00000709,0,0,11,1160.0,,15.0
simu5g_00000709,0,0,12,1160.0,,15.0
simu5g_00000709,0,0,13,1160.0,,15.0
simu5g_00000709,0,0,14,1160.0,,15.0
simu5g_00000709,0,0,15,1160.0,,15.0
simu5g_00000709,0,0,16,1160.0,,15.0
simu5g_00000709,0,0,17,1160.0,,15.0
simu5g_00000709,0,0,18,1160.0,,15.0
simu5g_00000709,0,0,19,1160.0,,15.0
simu5g_00000709,0,0,20,1160.0,,15.0
simu5g_00000709,0,0,21,1160.0,,15.0
simu5g_00000709,0,0,22,1160.0,,15.0
simu5g_00000709,0,0,23,1160.0,,15.0
simu5g_00000709,0,0,24,1160.0,,15.0
simu5g_00000709,1,1,0,1160.0,,15.0
simu5g_00000709,1,1,1,1160.0,,15.0
simu5g_00000709,1,1,2,1160.0,,15.0
simu5g_00000709,1,1,3,1160.0,,15.0
simu5g_00000709,1,1,4,1160.0,,15.0
simu5g_00000709,1,1,5,1160.0,,15.0
simu5g_00000709,1,1,6,1160.0,,15.0
simu5g_00000709,1,1,7,1160.0,,15.0
simu5g_00000709,1,1,8,1160.0,,15.0
simu5g_00000709,1,1,9,1160.0,,15.0
simu5g_00000709,1,1,10,1160.0,,15.0
simu5g_00000709,1,1,11,1160.0,,15.0
simu5g_00000709,1,1,12,1160.0,,15.0
simu5g_00000709,1,1,13,1160.0,,15.0
simu5g_00000709,1,1,14,1160.0,,15.0
simu5g_00000709,1,1,15,1160.0,,15.0
simu5g_00000709,1,1,16,1160.0,,15.0
simu5g_00000709,1,1,17,1160.0,,15.0
simu5g_00000709,1,1,18,1160.0,,15.0
simu5g_00000709,1,1,19,1160.0,,15.0
simu5g_00000709,1,1,20,1160.0,,15.0
simu5g_00000709,1,1,21,1160.0,,15.0
simu5g_00000709,1,1,22,1160.0,,15.0
simu5g_00000709,1,1,23,1160.0,,15.0
simu5g_00000709,1,1,24,1160.0,,15.0
simu5g_00000709,15,2,0,1128.0,,14.0
simu5g_00000709,15,2,1,1128.0,,14.0
simu5g_00000709,15,2,2,1160.0,,15.0
simu5g_00000709,15,2,3,1160.0,,15.0
simu5g_00000709,15,2,4,984.0,,13.0
simu5g_00000709,15,2,5,608.0,,9.0
simu5g_00000709,15,2,6,1160.0,,15.0
simu5g_00000709,15,2,7,1128.0,,14.0
simu5g_00000709,15,2,8,1160.0,,15.0
simu5g_00000709,15,2,9,1128.0,,14.0
simu5g_00000709,15,2,10,1160.0,,15.0
simu5g_00000709,15,2,11,1160.0,,15.0
simu5g_00000709,15,2,12,888.0,,12.0
simu5g_00000709,15,2,13,1160.0,,15.0
simu5g_00000709,15,2,14,1128.0,,14.0
simu5g_00000709,15,2,15,984.0,,13.0
simu5g_00000709,15,2,16,1160.0,,15.0
simu5g_00000709,15,2,17,1160.0,,15.0
simu5g_00000709,15,2,18,1160.0,,15.0
simu5g_00000709,15,2,19,1128.0,,14.0
simu5g_00000709,15,2,20,1160.0,,15.0
simu5g_00000709,15,2,21,1128.0,,14.0
simu5g_00000709,15,2,22,1160.0,,15.0
simu5g_00000709,15,2,23,1160.0,,15.0
simu5g_00000709,15,2,24,1128.0,,14.0
simu5g_00000709,2,3,0,1160.0,,15.0
simu5g_00000709,2,3,1,1160.0,,15.0
simu5g_00000709,2,3,2,1160.0,,15.0
simu5g_00000709,2,3,3,1160.0,,15.0
simu5g_00000709,2,3,4,1160.0,,15.0
simu5g_00000709,2,3,5,1160.0,,15.0
simu5g_00000709,2,3,6,1160.0,,15.0
simu5g_00000709,2,3,7,1128.0,,14.0
simu5g_00000709,2,3,8,1160.0,,15.0
simu5g_00000709,2,3,9,1160.0,,15.0
simu5g_00000709,2,3,10,1160.0,,15.0
simu5g_00000709,2,3,11,1160.0,,15.0
simu5g_00000709,2,3,12,1160.0,,15.0
simu5g_00000709,2,3,13,1160.0,,15.0
simu5g_00000709,2,3,14,1160.0,,15.0
simu5g_00000709,2,3,15,1160.0,,15.0
simu5g_00000709,2,3,16,1160.0,,15.0
simu5g_00000709,2,3,17,1160.0,,15.0
simu5g_00000709,2,3,18,1160.0,,15.0
simu5g_00000709,2,3,19,1160.0,,15.0
simu5g_00000709,2,3,20,1160.0,,15.0
simu5g_00000709,2,3,21,1160.0,,15.0
simu5g_00000709,2,3,22,1160.0,,15.0
simu5g_00000709,2,3,23,1160.0,,15.0
simu5g_00000709,2,3,24,1160.0,,15.0
simu5g_00000709,3,4,0,984.0,,13.0
simu5g_00000709,3,4,1,1160.0,,15.0
simu5g_00000709,3,4,2,984.0,,13.0
simu5g_00000709,3,4,3,1128.0,,14.0
simu5g_00000709,3,4,4,1128.0,,14.0
simu5g_00000709,3,4,5,1128.0,,14.0
simu5g_00000709,3,4,6,1128.0,,14.0
simu5g_00000709,3,4,7,1128.0,,14.0
simu5g_00000709,3,4,8,608.0,,9.0
simu5g_00000709,3,4,9,608.0,,9.0
simu5g_00000709,3,4,10,1128.0,,14.0
simu5g_00000709,3,4,11,984.0,,13.0
simu5g_00000709,3,4,12,1128.0,,14.0
simu5g_00000709,3,4,13,1128.0,,14.0
simu5g_00000709,3,4,14,1160.0,,15.0
simu5g_00000709,3,4,15,1128.0,,14.0
simu5g_00000709,3,4,16,1128.0,,14.0
simu5g_00000709,3,4,17,1128.0,,14.0
simu5g_00000709,3,4,18,1128.0,,14.0
simu5g_00000709,3,4,19,1128.0,,14.0
simu5g_00000709,3,4,20,1128.0,,14.0
simu5g_00000709,3,4,21,984.0,,13.0
simu5g_00000709,3,4,22,888.0,,12.0
simu5g_00000709,3,4,23,1128.0,,14.0
simu5g_00000709,3,4,24,888.0,,12.0
simu5g_00000709,4,5,0,1160.0,,15.0
simu5g_00000709,4,5,1,1128.0,,14.0
simu5g_00000709,4,5,2,1160.0,,15.0
simu5g_00000709,4,5,3,808.0,,11.0
simu5g_00000709,4,5,4,1160.0,,15.0
simu5g_00000709,4,5,5,1160.0,,15.0
simu5g_00000709,4,5,6,1160.0,,15.0
simu5g_00000709,4,5,7,888.0,,12.0
simu5g_00000709,4,5,8,1128.0,,14.0
simu5g_00000709,4,5,9,1160.0,,15.0
simu5g_00000709,4,5,10,1160.0,,15.0
simu5g_00000709,4,5,11,1160.0,,15.0
simu5g_00000709,4,5,12,1160.0,,15.0
simu5g_00000709,4,5,13,1160.0,,15.0
simu5g_00000709,4,5,14,1160.0,,15.0
simu5g_00000709,4,5,15,1128.0,,14.0
simu5g_00000709,4,5,16,1128.0,,14.0
simu5g_00000709,4,5,17,1160.0,,15.0
simu5g_00000709,4,5,18,1160.0,,15.0
simu5g_00000709,4,5,19,1160.0,,15.0
simu5g_00000709,4,5,20,1160.0,,15.0
simu5g_00000709,4,5,21,1128.0,,14.0
simu5g_00000709,4,5,22,1160.0,,15.0
simu5g_00000709,4,5,23,1160.0,,15.0
simu5g_00000709,4,5,24,1128.0,,14.0
simu5g_00000710,31,0,0,1160.0,,15.0
simu5g_00000710,31,0,1,1128.0,,14.0
simu5g_00000710,31,0,2,1160.0,,15.0
simu5g_00000710,31,0,3,1160.0,,15.0
simu5g_00000710,31,0,4,1160.0,,15.0
simu5g_00000710,31,0,5,1160.0,,15.0
simu5g_00000710,31,0,6,1160.0,,15.0
simu5g_00000710,31,0,7,1160.0,,15.0
simu5g_00000710,31,0,8,1160.0,,15.0
simu5g_00000710,31,0,9,1160.0,,15.0
simu5g_00000710,31,0,10,1160.0,,15.0
simu5g_00000710,31,0,11,1160.0,,15.0
simu5g_00000710,31,0,12,984.0,,13.0
simu5g_00000710,31,0,13,1160.0,,15.0
simu5g_00000710,31,0,14,1160.0,,15.0
simu5g_00000710,31,0,15,1160.0,,15.0
simu5g_00000710,31,0,16,1160.0,,15.0
simu5g_00000710,31,0,17,1160.0,,15.0
simu5g_00000710,31,0,18,1160.0,,15.0
simu5g_00000710,31,0,19,1160.0,,15.0
simu5g_00000710,31,0,20,1160.0,,15.0
simu5g_00000710,31,0,21,1160.0,,15.0
simu5g_00000710,31,0,22,1160.0,,15.0
simu5g_00000710,31,0,23,1160.0,,15.0
simu5g_00000710,31,0,24,1160.0,,15.0
simu5g_00000710,5,1,0,1160.0,,15.0
simu5g_00000710,5,1,1,1128.0,,14.0
simu5g_00000710,5,1,2,1128.0,,14.0
simu5g_00000710,5,1,3,1128.0,,14.0
simu5g_00000710,5,1,4,1160.0,,15.0
simu5g_00000710,5,1,5,1128.0,,14.0
simu5g_00000710,5,1,6,1128.0,,14.0
simu5g_00000710,5,1,7,1128.0,,14.0
simu5g_00000710,5,1,8,1128.0,,14.0
simu5g_00000710,5,1,9,1160.0,,15.0
simu5g_00000710,5,1,10,1160.0,,15.0
simu5g_00000710,5,1,11,1128.0,,14.0
simu5g_00000710,5,1,12,1128.0,,14.0
simu5g_00000710,5,1,13,984.0,,13.0
simu5g_00000710,5,1,14,984.0,,13.0
simu5g_00000710,5,1,15,1128.0,,14.0
simu5g_00000710,5,1,16,608.0,,9.0
simu5g_00000710,5,1,17,1160.0,,15.0
simu5g_00000710,5,1,18,1160.0,,15.0
simu5g_00000710,5,1,19,1128.0,,14.0
simu5g_00000710,5,1,20,1128.0,,14.0
simu5g_00000710,5,1,21,888.0,,12.0
simu5g_00000710,5,1,22,1160.0,,15.0
simu5g_00000710,5,1,23,984.0,,13.0
simu5g_00000710,5,1,24,1128.0,,14.0
simu5g_00000710,6,2,0,1160.0,,15.0
simu5g_00000710,6,2,1,1128.0,,14.0
simu5g_00000710,6,2,2,1160.0,,15.0
simu5g_00000710,6,2,3,608.0,,9.0
simu5g_00000710,6,2,4,1128.0,,14.0
simu5g_00000710,6,2,5,1160.0,,15.0
simu5g_00000710,6,2,6,1160.0,,15.0
simu5g_00000710,6,2,7,1128.0,,14.0
simu5g_00000710,6,2,8,1160.0,,15.0
simu5g_00000710,6,2,9,1128.0,,14.0
simu5g_00000710,6,2,10,1128.0,,14.0
simu5g_00000710,6,2,11,1160.0,,15.0
simu5g_00000710,6,2,12,1160.0,,15.0
simu5g_00000710,6,2,13,1128.0,,14.0
simu5g_00000710,6,2,14,1160.0,,15.0
simu5g_00000710,6,2,15,1160.0,,15.0
simu5g_00000710,6,2,16,984.0,,13.0
simu5g_00000710,6,2,17,1160.0,,15.0
simu5g_00000710,6,2,18,1160.0,,15.0
simu5g_00000710,6,2,19,1128.0,,14.0
simu5g_00000710,6,2,20,1160.0,,15.0
simu5g_00000710,6,2,21,1160.0,,15.0
simu5g_00000710,6,2,22,1160.0,,15.0
simu5g_00000710,6,2,23,1160.0,,15.0
simu5g_00000710,6,2,24,1160.0,,15.0
simu5g_00000710,7,3,0,1128.0,,14.0
simu5g_00000710,7,3,1,1160.0,,15.0
simu5g_00000710,7,3,2,1128.0,,14.0
simu5g_00000710,7,3,3,528.0,,8.0
simu5g_00000710,7,3,4,808.0,,11.0
simu5g_00000710,7,3,5,1160.0,,15.0
simu5g_00000710,7,3,6,984.0,,13.0
simu5g_00000710,7,3,7,1160.0,,15.0
simu5g_00000710,7,3,8,1160.0,,15.0
simu5g_00000710,7,3,9,984.0,,13.0
simu5g_00000710,7,3,10,1128.0,,14.0
simu5g_00000710,7,3,11,984.0,,13.0
simu5g_00000710,7,3,12,1160.0,,15.0
simu5g_00000710,7,3,13,1160.0,,15.0
simu5g_00000710,7,3,14,984.0,,13.0
simu5g_00000710,7,3,15,1128.0,,14.0
simu5g_00000710,7,3,16,1128.0,,14.0
simu5g_00000710,7,3,17,528.0,,8.0
simu5g_00000710,7,3,18,1160.0,,15.0
simu5g_00000710,7,3,19,984.0,,13.0
simu5g_00000710,7,3,20,984.0,,13.0
simu5g_00000710,7,3,21,1128.0,,14.0
simu5g_00000710,7,3,22,1160.0,,15.0
simu5g_00000710,7,3,23,1160.0,,15.0
simu5g_00000710,7,3,24,1160.0,,15.0
simu5g_00000711,0,0,0,1160.0,,15.0
simu5g_00000711,0,0,1,1128.0,,14.0
simu5g_00000711,0,0,2,1160.0,,15.0
simu5g_00000711,0,0,3,1160.0,,15.0
simu5g_00000711,0,0,4,1160.0,,15.0
simu5g_00000711,0,0,5,1160.0,,15.0
simu5g_00000711,0,0,6,1160.0,,15.0
simu5g_00000711,0,0,7,1160.0,,15.0
simu5g_00000711,0,0,8,1160.0,,15.0
simu5g_00000711,0,0,9,1160.0,,15.0
simu5g_00000711,0,0,10,1160.0,,15.0
simu5g_00000711,0,0,11,1160.0,,15.0
simu5g_00000711,0,0,12,1160.0,,15.0
simu5g_00000711,0,0,13,1160.0,,15.0
simu5g_00000711,0,0,14,1160.0,,15.0
simu5g_00000711,0,0,15,1160.0,,15.0
simu5g_00000711,0,0,16,1160.0,,15.0
simu5g_00000711,0,0,17,1160.0,,15.0
simu5g_00000711,0,0,18,1160.0,,15.0
simu5g_00000711,0,0,19,1160.0,,15.0
simu5g_00000711,0,0,20,1160.0,,15.0
simu5g_00000711,0,0,21,1160.0,,15.0
simu5g_00000711,0,0,22,1160.0,,15.0
simu5g_00000711,0,0,23,1160.0,,15.0
simu5g_00000711,0,0,24,1160.0,,15.0
simu5g_00000711,1,1,0,1160.0,,15.0
simu5g_00000711,1,1,1,1160.0,,15.0
simu5g_00000711,1,1,2,1160.0,,15.0
simu5g_00000711,1,1,3,1160.0,,15.0
simu5g_00000711,1,1,4,1160.0,,15.0
simu5g_00000711,1,1,5,1160.0,,15.0
simu5g_00000711,1,1,6,1160.0,,15.0
simu5g_00000711,1,1,7,1160.0,,15.0
simu5g_00000711,1,1,8,1160.0,,15.0
simu5g_00000711,1,1,9,1160.0,,15.0
simu5g_00000711,1,1,10,1160.0,,15.0
simu5g_00000711,1,1,11,1160.0,,15.0
simu5g_00000711,1,1,12,1160.0,,15.0
simu5g_00000711,1,1,13,1160.0,,15.0
simu5g_00000711,1,1,14,1160.0,,15.0
simu5g_00000711,1,1,15,1160.0,,15.0
simu5g_00000711,1,1,16,1160.0,,15.0
simu5g_00000711,1,1,17,1160.0,,15.0
simu5g_00000711,1,1,18,1160.0,,15.0
simu5g_00000711,1,1,19,1160.0,,15.0
simu5g_00000711,1,1,20,1160.0,,15.0
simu5g_00000711,1,1,21,1160.0,,15.0
simu5g_00000711,1,1,22,1160.0,,15.0
simu5g_00000711,1,1,23,1160.0,,15.0
simu5g_00000711,1,1,24,1160.0,,15.0
simu5g_00000711,15,2,0,1128.0,,14.0
simu5g_00000711,15,2,1,1128.0,,14.0
simu5g_00000711,15,2,2,1160.0,,15.0
simu5g_00000711,15,2,3,1160.0,,15.0
simu5g_00000711,15,2,4,984.0,,13.0
simu5g_00000711,15,2,5,608.0,,9.0
simu5g_00000711,15,2,6,1160.0,,15.0
simu5g_00000711,15,2,7,1128.0,,14.0
simu5g_00000711,15,2,8,1160.0,,15.0
simu5g_00000711,15,2,9,1128.0,,14.0
simu5g_00000711,15,2,10,1160.0,,15.0
simu5g_00000711,15,2,11,1160.0,,15.0
simu5g_00000711,15,2,12,888.0,,12.0
simu5g_00000711,15,2,13,1160.0,,15.0
simu5g_00000711,15,2,14,1128.0,,14.0
simu5g_00000711,15,2,15,984.0,,13.0
simu5g_00000711,15,2,16,1160.0,,15.0
simu5g_00000711,15,2,17,1160.0,,15.0
simu5g_00000711,15,2,18,1160.0,,15.0
simu5g_00000711,15,2,19,1128.0,,14.0
simu5g_00000711,15,2,20,1160.0,,15.0
simu5g_00000711,15,2,21,1128.0,,14.0
simu5g_00000711,15,2,22,1160.0,,15.0
simu5g_00000711,15,2,23,1160.0,,15.0
simu5g_00000711,15,2,24,1128.0,,14.0
simu5g_00000711,2,3,0,1160.0,,15.0
simu5g_00000711,2,3,1,1160.0,,15.0
simu5g_00000711,2,3,2,1160.0,,15.0
simu5g_00000711,2,3,3,1160.0,,15.0
simu5g_00000711,2,3,4,1160.0,,15.0
simu5g_00000711,2,3,5,1160.0,,15.0
simu5g_00000711,2,3,6,1160.0,,15.0
simu5g_00000711,2,3,7,1128.0,,14.0
simu5g_00000711,2,3,8,1160.0,,15.0
simu5g_00000711,2,3,9,1160.0,,15.0
simu5g_00000711,2,3,10,1160.0,,15.0
simu5g_00000711,2,3,11,1160.0,,15.0
simu5g_00000711,2,3,12,1160.0,,15.0
simu5g_00000711,2,3,13,1160.0,,15.0
simu5g_00000711,2,3,14,1160.0,,15.0
simu5g_00000711,2,3,15,1160.0,,15.0
simu5g_00000711,2,3,16,1160.0,,15.0
simu5g_00000711,2,3,17,1160.0,,15.0
simu5g_00000711,2,3,18,1160.0,,15.0
simu5g_00000711,2,3,19,1160.0,,15.0
simu5g_00000711,2,3,20,1160.0,,15.0
simu5g_00000711,2,3,21,1160.0,,15.0
simu5g_00000711,2,3,22,1160.0,,15.0
simu5g_00000711,2,3,23,1160.0,,15.0
simu5g_00000711,2,3,24,1160.0,,15.0
simu5g_00000711,3,4,0,984.0,,13.0
simu5g_00000711,3,4,1,1160.0,,15.0
simu5g_00000711,3,4,2,984.0,,13.0
simu5g_00000711,3,4,3,1128.0,,14.0
simu5g_00000711,3,4,4,1128.0,,14.0
simu5g_00000711,3,4,5,1128.0,,14.0
simu5g_00000711,3,4,6,1128.0,,14.0
simu5g_00000711,3,4,7,1128.0,,14.0
simu5g_00000711,3,4,8,608.0,,9.0
simu5g_00000711,3,4,9,608.0,,9.0
simu5g_00000711,3,4,10,1128.0,,14.0
simu5g_00000711,3,4,11,984.0,,13.0
simu5g_00000711,3,4,12,1128.0,,14.0
simu5g_00000711,3,4,13,1128.0,,14.0
simu5g_00000711,3,4,14,1160.0,,15.0
simu5g_00000711,3,4,15,1128.0,,14.0
simu5g_00000711,3,4,16,1128.0,,14.0
simu5g_00000711,3,4,17,1128.0,,14.0
simu5g_00000711,3,4,18,1128.0,,14.0
simu5g_00000711,3,4,19,1128.0,,14.0
simu5g_00000711,3,4,20,1128.0,,14.0
simu5g_00000711,3,4,21,984.0,,13.0
simu5g_00000711,3,4,22,888.0,,12.0
simu5g_00000711,3,4,23,1128.0,,14.0
simu5g_00000711,3,4,24,888.0,,12.0
simu5g_00000711,4,5,0,1160.0,,15.0
simu5g_00000711,4,5,1,1128.0,,14.0
simu5g_00000711,4,5,2,1160.0,,15.0
simu5g_00000711,4,5,3,808.0,,11.0
simu5g_00000711,4,5,4,1160.0,,15.0
simu5g_00000711,4,5,5,1160.0,,15.0
simu5g_00000711,4,5,6,1160.0,,15.0
simu5g_00000711,4,5,7,888.0,,12.0
simu5g_00000711,4,5,8,1128.0,,14.0
simu5g_00000711,4,5,9,1160.0,,15.0
simu5g_00000711,4,5,10,1160.0,,15.0
simu5g_00000711,4,5,11,1160.0,,15.0
simu5g_00000711,4,5,12,1160.0,,15.0
simu5g_00000711,4,5,13,1160.0,,15.0
simu5g_00000711,4,5,14,1160.0,,15.0
simu5g_00000711,4,5,15,1128.0,,14.0
simu5g_00000711,4,5,16,1128.0,,14.0
simu5g_00000711,4,5,17,1160.0,,15.0
simu5g_00000711,4,5,18,1160.0,,15.0
simu5g_00000711,4,5,19,1160.0,,15.0
simu5g_00000711,4,5,20,1160.0,,15.0
simu5g_00000711,4,5,21,1128.0,,14.0
simu5g_00000711,4,5,22,1160.0,,15.0
simu5g_00000711,4,5,23,1160.0,,15.0
simu5g_00000711,4,5,24,1128.0,,14.0
simu5g_00000712,31,0,0,1160.0,,15.0
simu5g_00000712,31,0,1,1128.0,,14.0
simu5g_00000712,31,0,2,1160.0,,15.0
simu5g_00000712,31,0,3,1160.0,,15.0
simu5g_00000712,31,0,4,1160.0,,15.0
simu5g_00000712,31,0,5,1160.0,,15.0
simu5g_00000712,31,0,6,1160.0,,15.0
simu5g_00000712,31,0,7,1160.0,,15.0
simu5g_00000712,31,0,8,1160.0,,15.0
simu5g_00000712,31,0,9,1160.0,,15.0
simu5g_00000712,31,0,10,1160.0,,15.0
simu5g_00000712,31,0,11,1160.0,,15.0
simu5g_00000712,31,0,12,984.0,,13.0
simu5g_00000712,31,0,13,1160.0,,15.0
simu5g_00000712,31,0,14,1160.0,,15.0
simu5g_00000712,31,0,15,1160.0,,15.0
simu5g_00000712,31,0,16,1160.0,,15.0
simu5g_00000712,31,0,17,1160.0,,15.0
simu5g_00000712,31,0,18,1160.0,,15.0
simu5g_00000712,31,0,19,1160.0,,15.0
simu5g_00000712,31,0,20,1160.0,,15.0
simu5g_00000712,31,0,21,1160.0,,15.0
simu5g_00000712,31,0,22,1160.0,,15.0
simu5g_00000712,31,0,23,1160.0,,15.0
simu5g_00000712,31,0,24,1160.0,,15.0
simu5g_00000712,5,1,0,1160.0,,15.0
simu5g_00000712,5,1,1,1128.0,,14.0
simu5g_00000712,5,1,2,1128.0,,14.0
simu5g_00000712,5,1,3,1128.0,,14.0
simu5g_00000712,5,1,4,1160.0,,15.0
simu5g_00000712,5,1,5,1128.0,,14.0
simu5g_00000712,5,1,6,1128.0,,14.0
simu5g_00000712,5,1,7,1128.0,,14.0
simu5g_00000712,5,1,8,1128.0,,14.0
simu5g_00000712,5,1,9,1160.0,,15.0
simu5g_00000712,5,1,10,1160.0,,15.0
simu5g_00000712,5,1,11,1128.0,,14.0
simu5g_00000712,5,1,12,1128.0,,14.0
simu5g_00000712,5,1,13,984.0,,13.0
simu5g_00000712,5,1,14,984.0,,13.0
simu5g_00000712,5,1,15,1128.0,,14.0
simu5g_00000712,5,1,16,608.0,,9.0
simu5g_00000712,5,1,17,1160.0,,15.0
simu5g_00000712,5,1,18,1160.0,,15.0
simu5g_00000712,5,1,19,1128.0,,14.0
simu5g_00000712,5,1,20,1128.0,,14.0
simu5g_00000712,5,1,21,888.0,,12.0
simu5g_00000712,5,1,22,1160.0,,15.0
simu5g_00000712,5,1,23,984.0,,13.0
simu5g_00000712,5,1,24,1128.0,,14.0
simu5g_00000712,6,2,0,1160.0,,15.0
simu5g_00000712,6,2,1,1128.0,,14.0
simu5g_00000712,6,2,2,1160.0,,15.0
simu5g_00000712,6,2,3,608.0,,9.0
simu5g_00000712,6,2,4,1128.0,,14.0
simu5g_00000712,6,2,5,1160.0,,15.0
simu5g_00000712,6,2,6,1160.0,,15.0
simu5g_00000712,6,2,7,1128.0,,14.0
simu5g_00000712,6,2,8,1160.0,,15.0
simu5g_00000712,6,2,9,1128.0,,14.0
simu5g_00000712,6,2,10,1128.0,,14.0
simu5g_00000712,6,2,11,1160.0,,15.0
simu5g_00000712,6,2,12,1160.0,,15.0
simu5g_00000712,6,2,13,1128.0,,14.0
simu5g_00000712,6,2,14,1160.0,,15.0
simu5g_00000712,6,2,15,1160.0,,15.0
simu5g_00000712,6,2,16,984.0,,13.0
simu5g_00000712,6,2,17,1160.0,,15.0
simu5g_00000712,6,2,18,1160.0,,15.0
simu5g_00000712,6,2,19,1128.0,,14.0
simu5g_00000712,6,2,20,1160.0,,15.0
simu5g_00000712,6,2,21,1160.0,,15.0
simu5g_00000712,6,2,22,1160.0,,15.0
simu5g_00000712,6,2,23,1160.0,,15.0
simu5g_00000712,6,2,24,1160.0,,15.0
simu5g_00000712,7,3,0,1128.0,,14.0
simu5g_00000712,7,3,1,1160.0,,15.0
simu5g_00000712,7,3,2,1128.0,,14.0
simu5g_00000712,7,3,3,528.0,,8.0
simu5g_00000712,7,3,4,808.0,,11.0
simu5g_00000712,7,3,5,1160.0,,15.0
simu5g_00000712,7,3,6,984.0,,13.0
simu5g_00000712,7,3,7,1160.0,,15.0
simu5g_00000712,7,3,8,1160.0,,15.0
simu5g_00000712,7,3,9,984.0,,13.0
simu5g_00000712,7,3,10,1128.0,,14.0
simu5g_00000712,7,3,11,984.0,,13.0
simu5g_00000712,7,3,12,1160.0,,15.0
simu5g_00000712,7,3,13,1160.0,,15.0
simu5g_00000712,7,3,14,984.0,,13.0
simu5g_00000712,7,3,15,1128.0,,14.0
simu5g_00000712,7,3,16,1128.0,,14.0
simu5g_00000712,7,3,17,528.0,,8.0
simu5g_00000712,7,3,18,1160.0,,15.0
simu5g_00000712,7,3,19,984.0,,13.0
simu5g_00000712,7,3,20,984.0,,13.0
simu5g_00000712,7,3,21,1128.0,,14.0
simu5g_00000712,7,3,22,1160.0,,15.0
simu5g_00000712,7,3,23,1160.0,,15.0
simu5g_00000712,7,3,24,1160.0,,15.0
simu5g_00000713,0,0,0,1160.0,,15.0
simu5g_00000713,0,0,1,1128.0,,14.0
simu5g_00000713,0,0,2,1160.0,,15.0
simu5g_00000713,0,0,3,1160.0,,15.0
simu5g_00000713,0,0,4,1160.0,,15.0
simu5g_00000713,0,0,5,1160.0,,15.0
simu5g_00000713,0,0,6,1160.0,,15.0
simu5g_00000713,0,0,7,1160.0,,15.0
simu5g_00000713,0,0,8,1160.0,,15.0
simu5g_00000713,0,0,9,1160.0,,15.0
simu5g_00000713,0,0,10,1160.0,,15.0
simu5g_00000713,0,0,11,1160.0,,15.0
simu5g_00000713,0,0,12,1160.0,,15.0
simu5g_00000713,0,0,13,1160.0,,15.0
simu5g_00000713,0,0,14,1160.0,,15.0
simu5g_00000713,0,0,15,1160.0,,15.0
simu5g_00000713,0,0,16,1160.0,,15.0
simu5g_00000713,0,0,17,1160.0,,15.0
simu5g_00000713,0,0,18,1160.0,,15.0
simu5g_00000713,0,0,19,1160.0,,15.0
simu5g_00000713,0,0,20,1160.0,,15.0
simu5g_00000713,0,0,21,1160.0,,15.0
simu5g_00000713,0,0,22,1160.0,,15.0
simu5g_00000713,0,0,23,1160.0,,15.0
simu5g_00000713,0,0,24,1160.0,,15.0
simu5g_00000713,1,1,0,1160.0,,15.0
simu5g_00000713,1,1,1,1160.0,,15.0
simu5g_00000713,1,1,2,1160.0,,15.0
simu5g_00000713,1,1,3,1160.0,,15.0
simu5g_00000713,1,1,4,1160.0,,15.0
simu5g_00000713,1,1,5,1160.0,,15.0
simu5g_00000713,1,1,6,1160.0,,15.0
simu5g_00000713,1,1,7,1160.0,,15.0
simu5g_00000713,1,1,8,1160.0,,15.0
simu5g_00000713,1,1,9,1160.0,,15.0
simu5g_00000713,1,1,10,1160.0,,15.0
simu5g_00000713,1,1,11,1160.0,,15.0
simu5g_00000713,1,1,12,1160.0,,15.0
simu5g_00000713,1,1,13,1160.0,,15.0
simu5g_00000713,1,1,14,1160.0,,15.0
simu5g_00000713,1,1,15,1160.0,,15.0
simu5g_00000713,1,1,16,1160.0,,15.0
simu5g_00000713,1,1,17,1160.0,,15.0
simu5g_00000713,1,1,18,1160.0,,15.0
simu5g_00000713,1,1,19,1160.0,,15.0
simu5g_00000713,1,1,20,1160.0,,15.0
simu5g_00000713,1,1,21,1160.0,,15.0
simu5g_00000713,1,1,22,1160.0,,15.0
simu5g_00000713,1,1,23,1160.0,,15.0
simu5g_00000713,1,1,24,1160.0,,15.0
simu5g_00000713,15,2,0,984.0,,13.0
simu5g_00000713,15,2,1,1128.0,,14.0
simu5g_00000713,15,2,2,1160.0,,15.0
simu5g_00000713,15,2,3,1160.0,,15.0
simu5g_00000713,15,2,4,984.0,,13.0
simu5g_00000713,15,2,5,608.0,,9.0
simu5g_00000713,15,2,6,1160.0,,15.0
simu5g_00000713,15,2,7,1128.0,,14.0
simu5g_00000713,15,2,8,1160.0,,15.0
simu5g_00000713,15,2,9,1128.0,,14.0
simu5g_00000713,15,2,10,1160.0,,15.0
simu5g_00000713,15,2,11,1160.0,,15.0
simu5g_00000713,15,2,12,888.0,,12.0
simu5g_00000713,15,2,13,1160.0,,15.0
simu5g_00000713,15,2,14,1128.0,,14.0
simu5g_00000713,15,2,15,984.0,,13.0
simu5g_00000713,15,2,16,1160.0,,15.0
simu5g_00000713,15,2,17,1160.0,,15.0
simu5g_00000713,15,2,18,1160.0,,15.0
simu5g_00000713,15,2,19,1128.0,,14.0
simu5g_00000713,15,2,20,1160.0,,15.0
simu5g_00000713,15,2,21,1128.0,,14.0
simu5g_00000713,15,2,22,1160.0,,15.0
simu5g_00000713,15,2,23,1160.0,,15.0
simu5g_00000713,15,2,24,1128.0,,14.0
simu5g_00000713,2,3,0,1160.0,,15.0
simu5g_00000713,2,3,1,1160.0,,15.0
simu5g_00000713,2,3,2,1160.0,,15.0
simu5g_00000713,2,3,3,1160.0,,15.0
simu5g_00000713,2,3,4,1160.0,,15.0
simu5g_00000713,2,3,5,1160.0,,15.0
simu5g_00000713,2,3,6,1160.0,,15.0
simu5g_00000713,2,3,7,1128.0,,14.0
simu5g_00000713,2,3,8,1160.0,,15.0
simu5g_00000713,2,3,9,1160.0,,15.0
simu5g_00000713,2,3,10,1160.0,,15.0
simu5g_00000713,2,3,11,1160.0,,15.0
simu5g_00000713,2,3,12,1160.0,,15.0
simu5g_00000713,2,3,13,1160.0,,15.0
simu5g_00000713,2,3,14,1160.0,,15.0
simu5g_00000713,2,3,15,1160.0,,15.0
simu5g_00000713,2,3,16,1160.0,,15.0
simu5g_00000713,2,3,17,1160.0,,15.0
simu5g_00000713,2,3,18,1160.0,,15.0
simu5g_00000713,2,3,19,1160.0,,15.0
simu5g_00000713,2,3,20,1160.0,,15.0
simu5g_00000713,2,3,21,1160.0,,15.0
simu5g_00000713,2,3,22,1160.0,,15.0
simu5g_00000713,2,3,23,1160.0,,15.0
simu5g_00000713,2,3,24,1160.0,,15.0
simu5g_00000713,3,4,0,1128.0,,14.0
simu5g_00000713,3,4,1,1160.0,,15.0
simu5g_00000713,3,4,2,1128.0,,14.0
simu5g_00000713,3,4,3,1128.0,,14.0
simu5g_00000713,3,4,4,1160.0,,15.0
simu5g_00000713,3,4,5,1160.0,,15.0
simu5g_00000713,3,4,6,1160.0,,15.0
simu5g_00000713,3,4,7,1128.0,,14.0
simu5g_00000713,3,4,8,808.0,,11.0
simu5g_00000713,3,4,9,808.0,,11.0
simu5g_00000713,3,4,10,1128.0,,14.0
simu5g_00000713,3,4,11,1128.0,,14.0
simu5g_00000713,3,4,12,1160.0,,15.0
simu5g_00000713,3,4,13,1160.0,,15.0
simu5g_00000713,3,4,14,1160.0,,15.0
simu5g_00000713,3,4,15,1160.0,,15.0
simu5g_00000713,3,4,16,1160.0,,15.0
simu5g_00000713,3,4,17,1160.0,,15.0
simu5g_00000713,3,4,18,1160.0,,15.0
simu5g_00000713,3,4,19,1128.0,,14.0
simu5g_00000713,3,4,20,1160.0,,15.0
simu5g_00000713,3,4,21,1128.0,,14.0
simu5g_00000713,3,4,22,984.0,,13.0
simu5g_00000713,3,4,23,1160.0,,15.0
simu5g_00000713,3,4,24,984.0,,13.0
simu5g_00000713,4,5,0,1160.0,,15.0
simu5g_00000713,4,5,1,1128.0,,14.0
simu5g_00000713,4,5,2,1160.0,,15.0
simu5g_00000713,4,5,3,808.0,,11.0
simu5g_00000713,4,5,4,1160.0,,15.0
simu5g_00000713,4,5,5,1160.0,,15.0
simu5g_00000713,4,5,6,1160.0,,15.0
simu5g_00000713,4,5,7,888.0,,12.0
simu5g_00000713,4,5,8,1128.0,,14.0
simu5g_00000713,4,5,9,1160.0,,15.0
simu5g_00000713,4,5,10,1160.0,,15.0
simu5g_00000713,4,5,11,1160.0,,15.0
simu5g_00000713,4,5,12,1160.0,,15.0
simu5g_00000713,4,5,13,1160.0,,15.0
simu5g_00000713,4,5,14,1160.0,,15.0
simu5g_00000713,4,5,15,1128.0,,14.0
simu5g_00000713,4,5,16,1128.0,,14.0
simu5g_00000713,4,5,17,1160.0,,15.0
simu5g_00000713,4,5,18,1160.0,,15.0
simu5g_00000713,4,5,19,1160.0,,15.0
simu5g_00000713,4,5,20,1160.0,,15.0
simu5g_00000713,4,5,21,1128.0,,14.0
simu5g_00000713,4,5,22,1160.0,,15.0
simu5g_00000713,4,5,23,1160.0,,15.0
simu5g_00000713,4,5,24,1128.0,,14.0
simu5g_00000714,31,0,0,1128.0,,14.0
simu5g_00000714,31,0,1,1128.0,,14.0
simu5g_00000714,31,0,2,1160.0,,15.0
simu5g_00000714,31,0,3,1160.0,,15.0
simu5g_00000714,31,0,4,1160.0,,15.0
simu5g_00000714,31,0,5,1160.0,,15.0
simu5g_00000714,31,0,6,1160.0,,15.0
simu5g_00000714,31,0,7,1160.0,,15.0
simu5g_00000714,31,0,8,1160.0,,15.0
simu5g_00000714,31,0,9,1160.0,,15.0
simu5g_00000714,31,0,10,1160.0,,15.0
simu5g_00000714,31,0,11,1160.0,,15.0
simu5g_00000714,31,0,12,888.0,,12.0
simu5g_00000714,31,0,13,1160.0,,15.0
simu5g_00000714,31,0,14,1160.0,,15.0
simu5g_00000714,31,0,15,1160.0,,15.0
simu5g_00000714,31,0,16,1160.0,,15.0
simu5g_00000714,31,0,17,1160.0,,15.0
simu5g_00000714,31,0,18,1160.0,,15.0
simu5g_00000714,31,0,19,1160.0,,15.0
simu5g_00000714,31,0,20,1128.0,,14.0
simu5g_00000714,31,0,21,1160.0,,15.0
simu5g_00000714,31,0,22,1160.0,,15.0
simu5g_00000714,31,0,23,1160.0,,15.0
simu5g_00000714,31,0,24,1160.0,,15.0
simu5g_00000714,5,1,0,1160.0,,15.0
simu5g_00000714,5,1,1,1128.0,,14.0
simu5g_00000714,5,1,2,1128.0,,14.0
simu5g_00000714,5,1,3,1128.0,,14.0
simu5g_00000714,5,1,4,1160.0,,15.0
simu5g_00000714,5,1,5,1128.0,,14.0
simu5g_00000714,5,1,6,1128.0,,14.0
simu5g_00000714,5,1,7,1128.0,,14.0
simu5g_00000714,5,1,8,1128.0,,14.0
simu5g_00000714,5,1,9,1160.0,,15.0
simu5g_00000714,5,1,10,1160.0,,15.0
simu5g_00000714,5,1,11,1128.0,,14.0
simu5g_00000714,5,1,12,1128.0,,14.0
simu5g_00000714,5,1,13,984.0,,13.0
simu5g_00000714,5,1,14,984.0,,13.0
simu5g_00000714,5,1,15,1128.0,,14.0
simu5g_00000714,5,1,16,608.0,,9.0
simu5g_00000714,5,1,17,1160.0,,15.0
simu5g_00000714,5,1,18,1160.0,,15.0
simu5g_00000714,5,1,19,1128.0,,14.0
simu5g_00000714,5,1,20,1128.0,,14.0
simu5g_00000714,5,1,21,888.0,,12.0
simu5g_00000714,5,1,22,1160.0,,15.0
simu5g_00000714,5,1,23,984.0,,13.0
simu5g_00000714,5,1,24,1128.0,,14.0
simu5g_00000714,6,2,0,1160.0,,15.0
simu5g_00000714,6,2,1,1128.0,,14.0
simu5g_00000714,6,2,2,1160.0,,15.0
simu5g_00000714,6,2,3,608.0,,9.0
simu5g_00000714,6,2,4,1128.0,,14.0
simu5g_00000714,6,2,5,1128.0,,14.0
simu5g_00000714,6,2,6,1160.0,,15.0
simu5g_00000714,6,2,7,1128.0,,14.0
simu5g_00000714,6,2,8,1160.0,,15.0
simu5g_00000714,6,2,9,984.0,,13.0
simu5g_00000714,6,2,10,984.0,,13.0
simu5g_00000714,6,2,11,1128.0,,14.0
simu5g_00000714,6,2,12,1160.0,,15.0
simu5g_00000714,6,2,13,1128.0,,14.0
simu5g_00000714,6,2,14,1160.0,,15.0
simu5g_00000714,6,2,15,1160.0,,15.0
simu5g_00000714,6,2,16,888.0,,12.0
simu5g_00000714,6,2,17,1160.0,,15.0
simu5g_00000714,6,2,18,1160.0,,15.0
simu5g_00000714,6,2,19,1128.0,,14.0
simu5g_00000714,6,2,20,1160.0,,15.0
simu5g_00000714,6,2,21,1128.0,,14.0
simu5g_00000714,6,2,22,1160.0,,15.0
simu5g_00000714,6,2,23,1160.0,,15.0
simu5g_00000714,6,2,24,1160.0,,15.0
simu5g_00000714,7,3,0,1128.0,,14.0
simu5g_00000714,7,3,1,1160.0,,15.0
simu5g_00000714,7,3,2,1128.0,,14.0
simu5g_00000714,7,3,3,528.0,,8.0
simu5g_00000714,7,3,4,808.0,,11.0
simu5g_00000714,7,3,5,1160.0,,15.0
simu5g_00000714,7,3,6,984.0,,13.0
simu5g_00000714,7,3,7,1160.0,,15.0
simu5g_00000714,7,3,8,1160.0,,15.0
simu5g_00000714,7,3,9,984.0,,13.0
simu5g_00000714,7,3,10,1128.0,,14.0
simu5g_00000714,7,3,11,984.0,,13.0
simu5g_00000714,7,3,12,1160.0,,15.0
simu5g_00000714,7,3,13,1160.0,,15.0
simu5g_00000714,7,3,14,984.0,,13.0
simu5g_00000714,7,3,15,1128.0,,14.0
simu5g_00000714,7,3,16,1128.0,,14.0
simu5g_00000714,7,3,17,528.0,,8.0
simu5g_00000714,7,3,18,1160.0,,15.0
simu5g_00000714,7,3,19,984.0,,13.0
simu5g_00000714,7,3,20,984.0,,13.0
simu5g_00000714,7,3,21,1128.0,,14.0
simu5g_00000714,7,3,22,1160.0,,15.0
simu5g_00000714,7,3,23,1160.0,,15.0
simu5g_00000714,7,3,24,1160.0,,15.0
simu5g_00000715,0,0,0,1160.0,,15.0
simu5g_00000715,0,0,1,1128.0,,14.0
simu5g_00000715,0,0,2,1160.0,,15.0
simu5g_00000715,0,0,3,1160.0,,15.0
simu5g_00000715,0,0,4,1160.0,,15.0
simu5g_00000715,0,0,5,1160.0,,15.0
simu5g_00000715,0,0,6,1160.0,,15.0
simu5g_00000715,0,0,7,1160.0,,15.0
simu5g_00000715,0,0,8,1160.0,,15.0
simu5g_00000715,0,0,9,1160.0,,15.0
simu5g_00000715,0,0,10,1160.0,,15.0
simu5g_00000715,0,0,11,1160.0,,15.0
simu5g_00000715,0,0,12,1160.0,,15.0
simu5g_00000715,0,0,13,1160.0,,15.0
simu5g_00000715,0,0,14,1160.0,,15.0
simu5g_00000715,0,0,15,1160.0,,15.0
simu5g_00000715,0,0,16,1160.0,,15.0
simu5g_00000715,0,0,17,1160.0,,15.0
simu5g_00000715,0,0,18,1160.0,,15.0
simu5g_00000715,0,0,19,1160.0,,15.0
simu5g_00000715,0,0,20,1160.0,,15.0
simu5g_00000715,0,0,21,1160.0,,15.0
simu5g_00000715,0,0,22,1160.0,,15.0
simu5g_00000715,0,0,23,1160.0,,15.0
simu5g_00000715,0,0,24,1160.0,,15.0
simu5g_00000715,1,1,0,1160.0,,15.0
simu5g_00000715,1,1,1,1160.0,,15.0
simu5g_00000715,1,1,2,1160.0,,15.0
simu5g_00000715,1,1,3,1160.0,,15.0
simu5g_00000715,1,1,4,1160.0,,15.0
simu5g_00000715,1,1,5,1160.0,,15.0
simu5g_00000715,1,1,6,1160.0,,15.0
simu5g_00000715,1,1,7,1160.0,,15.0
simu5g_00000715,1,1,8,1160.0,,15.0
simu5g_00000715,1,1,9,1160.0,,15.0
simu5g_00000715,1,1,10,1160.0,,15.0
simu5g_00000715,1,1,11,1160.0,,15.0
simu5g_00000715,1,1,12,1160.0,,15.0
simu5g_00000715,1,1,13,1160.0,,15.0
simu5g_00000715,1,1,14,1160.0,,15.0
simu5g_00000715,1,1,15,1160.0,,15.0
simu5g_00000715,1,1,16,1160.0,,15.0
simu5g_00000715,1,1,17,1160.0,,15.0
simu5g_00000715,1,1,18,1160.0,,15.0
simu5g_00000715,1,1,19,1160.0,,15.0
simu5g_00000715,1,1,20,1160.0,,15.0
simu5g_00000715,1,1,21,1160.0,,15.0
simu5g_00000715,1,1,22,1160.0,,15.0
simu5g_00000715,1,1,23,1160.0,,15.0
simu5g_00000715,1,1,24,1160.0,,15.0
simu5g_00000715,15,2,0,1128.0,,14.0
simu5g_00000715,15,2,1,1128.0,,14.0
simu5g_00000715,15,2,2,1160.0,,15.0
simu5g_00000715,15,2,3,1160.0,,15.0
simu5g_00000715,15,2,4,984.0,,13.0
simu5g_00000715,15,2,5,808.0,,11.0
simu5g_00000715,15,2,6,1160.0,,15.0
simu5g_00000715,15,2,7,1128.0,,14.0
simu5g_00000715,15,2,8,1160.0,,15.0
simu5g_00000715,15,2,9,1160.0,,15.0
simu5g_00000715,15,2,10,1160.0,,15.0
simu5g_00000715,15,2,11,1160.0,,15.0
simu5g_00000715,15,2,12,984.0,,13.0
simu5g_00000715,15,2,13,1160.0,,15.0
simu5g_00000715,15,2,14,1128.0,,14.0
simu5g_00000715,15,2,15,1128.0,,14.0
simu5g_00000715,15,2,16,1160.0,,15.0
simu5g_00000715,15,2,17,1160.0,,15.0
simu5g_00000715,15,2,18,1160.0,,15.0
simu5g_00000715,15,2,19,1160.0,,15.0
simu5g_00000715,15,2,20,1160.0,,15.0
simu5g_00000715,15,2,21,1128.0,,14.0
simu5g_00000715,15,2,22,1160.0,,15.0
simu5g_00000715,15,2,23,1160.0,,15.0
simu5g_00000715,15,2,24,1160.0,,15.0
simu5g_00000715,2,3,0,1160.0,,15.0
simu5g_00000715,2,3,1,1160.0,,15.0
simu5g_00000715,2,3,2,1160.0,,15.0
simu5g_00000715,2,3,3,1160.0,,15.0
simu5g_00000715,2,3,4,1160.0,,15.0
simu5g_00000715,2,3,5,1160.0,,15.0
simu5g_00000715,2,3,6,1160.0,,15.0
simu5g_00000715,2,3,7,1160.0,,15.0
simu5g_00000715,2,3,8,1160.0,,15.0
simu5g_00000715,2,3,9,1160.0,,15.0
simu5g_00000715,2,3,10,1160.0,,15.0
simu5g_00000715,2,3,11,1160.0,,15.0
simu5g_00000715,2,3,12,1160.0,,15.0
simu5g_00000715,2,3,13,1160.0,,15.0
simu5g_00000715,2,3,14,1160.0,,15.0
simu5g_00000715,2,3,15,1160.0,,15.0
simu5g_00000715,2,3,16,1160.0,,15.0
simu5g_00000715,2,3,17,1160.0,,15.0
simu5g_00000715,2,3,18,1160.0,,15.0
simu5g_00000715,2,3,19,1160.0,,15.0
simu5g_00000715,2,3,20,1160.0,,15.0
simu5g_00000715,2,3,21,1160.0,,15.0
simu5g_00000715,2,3,22,1160.0,,15.0
simu5g_00000715,2,3,23,1160.0,,15.0
simu5g_00000715,2,3,24,1160.0,,15.0
simu5g_00000715,3,4,0,1128.0,,14.0
simu5g_00000715,3,4,1,1160.0,,15.0
simu5g_00000715,3,4,2,1128.0,,14.0
simu5g_00000715,3,4,3,1128.0,,14.0
simu5g_00000715,3,4,4,1160.0,,15.0
simu5g_00000715,3,4,5,1160.0,,15.0
simu5g_00000715,3,4,6,1160.0,,15.0
simu5g_00000715,3,4,7,1128.0,,14.0
simu5g_00000715,3,4,8,808.0,,11.0
simu5g_00000715,3,4,9,808.0,,11.0
simu5g_00000715,3,4,10,1128.0,,14.0
simu5g_00000715,3,4,11,1128.0,,14.0
simu5g_00000715,3,4,12,1160.0,,15.0
simu5g_00000715,3,4,13,1160.0,,15.0
simu5g_00000715,3,4,14,1160.0,,15.0
simu5g_00000715,3,4,15,1160.0,,15.0
simu5g_00000715,3,4,16,1160.0,,15.0
simu5g_00000715,3,4,17,1160.0,,15.0
simu5g_00000715,3,4,18,1160.0,,15.0
simu5g_00000715,3,4,19,1160.0,,15.0
simu5g_00000715,3,4,20,1160.0,,15.0
simu5g_00000715,3,4,21,1128.0,,14.0
simu5g_00000715,3,4,22,984.0,,13.0
simu5g_00000715,3,4,23,1160.0,,15.0
simu5g_00000715,3,4,24,984.0,,13.0
simu5g_00000715,4,5,0,1160.0,,15.0
simu5g_00000715,4,5,1,1128.0,,14.0
simu5g_00000715,4,5,2,1160.0,,15.0
simu5g_00000715,4,5,3,704.0,,10.0
simu5g_00000715,4,5,4,1160.0,,15.0
simu5g_00000715,4,5,5,1160.0,,15.0
simu5g_00000715,4,5,6,1160.0,,15.0
simu5g_00000715,4,5,7,888.0,,12.0
simu5g_00000715,4,5,8,1128.0,,14.0
simu5g_00000715,4,5,9,1160.0,,15.0
simu5g_00000715,4,5,10,1160.0,,15.0
simu5g_00000715,4,5,11,1160.0,,15.0
simu5g_00000715,4,5,12,1160.0,,15.0
simu5g_00000715,4,5,13,1160.0,,15.0
simu5g_00000715,4,5,14,1160.0,,15.0
simu5g_00000715,4,5,15,1128.0,,14.0
simu5g_00000715,4,5,16,1128.0,,14.0
simu5g_00000715,4,5,17,1128.0,,14.0
simu5g_00000715,4,5,18,1160.0,,15.0
simu5g_00000715,4,5,19,1160.0,,15.0
simu5g_00000715,4,5,20,1160.0,,15.0
simu5g_00000715,4,5,21,1128.0,,14.0
simu5g_00000715,4,5,22,1160.0,,15.0
simu5g_00000715,4,5,23,1160.0,,15.0
simu5g_00000715,4,5,24,1128.0,,14.0
simu5g_00000716,31,0,0,1128.0,,14.0
simu5g_00000716,31,0,1,1128.0,,14.0
simu5g_00000716,31,0,2,1160.0,,15.0
simu5g_00000716,31,0,3,1160.0,,15.0
simu5g_00000716,31,0,4,1160.0,,15.0
simu5g_00000716,31,0,5,1160.0,,15.0
simu5g_00000716,31,0,6,1160.0,,15.0
simu5g_00000716,31,0,7,1160.0,,15.0
simu5g_00000716,31,0,8,1160.0,,15.0
simu5g_00000716,31,0,9,1160.0,,15.0
simu5g_00000716,31,0,10,1160.0,,15.0
simu5g_00000716,31,0,11,1160.0,,15.0
simu5g_00000716,31,0,12,888.0,,12.0
simu5g_00000716,31,0,13,1160.0,,15.0
simu5g_00000716,31,0,14,1160.0,,15.0
simu5g_00000716,31,0,15,1160.0,,15.0
simu5g_00000716,31,0,16,1160.0,,15.0
simu5g_00000716,31,0,17,1160.0,,15.0
simu5g_00000716,31,0,18,1160.0,,15.0
simu5g_00000716,31,0,19,1160.0,,15.0
simu5g_00000716,31,0,20,1128.0,,14.0
simu5g_00000716,31,0,21,1160.0,,15.0
simu5g_00000716,31,0,22,1160.0,,15.0
simu5g_00000716,31,0,23,1160.0,,15.0
simu5g_00000716,31,0,24,1160.0,,15.0
simu5g_00000716,5,1,0,1160.0,,15.0
simu5g_00000716,5,1,1,1160.0,,15.0
simu5g_00000716,5,1,2,1160.0,,15.0
simu5g_00000716,5,1,3,1160.0,,15.0
simu5g_00000716,5,1,4,1160.0,,15.0
simu5g_00000716,5,1,5,1160.0,,15.0
simu5g_00000716,5,1,6,1160.0,,15.0
simu5g_00000716,5,1,7,1160.0,,15.0
simu5g_00000716,5,1,8,1160.0,,15.0
simu5g_00000716,5,1,9,1160.0,,15.0
simu5g_00000716,5,1,10,1160.0,,15.0
simu5g_00000716,5,1,11,1160.0,,15.0
simu5g_00000716,5,1,12,1160.0,,15.0
simu5g_00000716,5,1,13,1160.0,,15.0
simu5g_00000716,5,1,14,1160.0,,15.0
simu5g_00000716,5,1,15,1160.0,,15.0
simu5g_00000716,5,1,16,984.0,,13.0
simu5g_00000716,5,1,17,1160.0,,15.0
simu5g_00000716,5,1,18,1160.0,,15.0
simu5g_00000716,5,1,19,1160.0,,15.0
simu5g_00000716,5,1,20,1160.0,,15.0
simu5g_00000716,5,1,21,1128.0,,14.0
simu5g_00000716,5,1,22,1160.0,,15.0
simu5g_00000716,5,1,23,1160.0,,15.0
simu5g_00000716,5,1,24,1160.0,,15.0
simu5g_00000716,6,2,0,1160.0,,15.0
simu5g_00000716,6,2,1,1128.0,,14.0
simu5g_00000716,6,2,2,1160.0,,15.0
simu5g_00000716,6,2,3,608.0,,9.0
simu5g_00000716,6,2,4,1128.0,,14.0
simu5g_00000716,6,2,5,1128.0,,14.0
simu5g_00000716,6,2,6,1160.0,,15.0
simu5g_00000716,6,2,7,1128.0,,14.0
simu5g_00000716,6,2,8,1160.0,,15.0
simu5g_00000716,6,2,9,984.0,,13.0
simu5g_00000716,6,2,10,984.0,,13.0
simu5g_00000716,6,2,11,1128.0,,14.0
simu5g_00000716,6,2,12,1160.0,,15.0
simu5g_00000716,6,2,13,1128.0,,14.0
simu5g_00000716,6,2,14,1160.0,,15.0
simu5g_00000716,6,2,15,1160.0,,15.0
simu5g_00000716,6,2,16,888.0,,12.0
simu5g_00000716,6,2,17,1160.0,,15.0
simu5g_00000716,6,2,18,1160.0,,15.0
simu5g_00000716,6,2,19,1128.0,,14.0
simu5g_00000716,6,2,20,1160.0,,15.0
simu5g_00000716,6,2,21,1128.0,,14.0
simu5g_00000716,6,2,22,1160.0,,15.0
simu5g_00000716,6,2,23,1160.0,,15.0
simu5g_00000716,6,2,24,1160.0,,15.0
simu5g_00000716,7,3,0,1128.0,,14.0
simu5g_00000716,7,3,1,1160.0,,15.0
simu5g_00000716,7,3,2,1128.0,,14.0
simu5g_00000716,7,3,3,528.0,,8.0
simu5g_00000716,7,3,4,808.0,,11.0
simu5g_00000716,7,3,5,1160.0,,15.0
simu5g_00000716,7,3,6,984.0,,13.0
simu5g_00000716,7,3,7,1160.0,,15.0
simu5g_00000716,7,3,8,1160.0,,15.0
simu5g_00000716,7,3,9,984.0,,13.0
simu5g_00000716,7,3,10,1128.0,,14.0
simu5g_00000716,7,3,11,1128.0,,14.0
simu5g_00000716,7,3,12,1160.0,,15.0
simu5g_00000716,7,3,13,1160.0,,15.0
simu5g_00000716,7,3,14,984.0,,13.0
simu5g_00000716,7,3,15,1128.0,,14.0
simu5g_00000716,7,3,16,1128.0,,14.0
simu5g_00000716,7,3,17,528.0,,8.0
simu5g_00000716,7,3,18,1160.0,,15.0
simu5g_00000716,7,3,19,984.0,,13.0
simu5g_00000716,7,3,20,984.0,,13.0
simu5g_00000716,7,3,21,1128.0,,14.0
simu5g_00000716,7,3,22,1160.0,,15.0
simu5g_00000716,7,3,23,1160.0,,15.0
simu5g_00000716,7,3,24,1160.0,,15.0
simu5g_00000717,0,0,0,1160.0,,15.0
simu5g_00000717,0,0,1,1128.0,,14.0
simu5g_00000717,0,0,2,1160.0,,15.0
simu5g_00000717,0,0,3,1160.0,,15.0
simu5g_00000717,0,0,4,1160.0,,15.0
simu5g_00000717,0,0,5,1160.0,,15.0
simu5g_00000717,0,0,6,1160.0,,15.0
simu5g_00000717,0,0,7,1160.0,,15.0
simu5g_00000717,0,0,8,1160.0,,15.0
simu5g_00000717,0,0,9,1160.0,,15.0
simu5g_00000717,0,0,10,1160.0,,15.0
simu5g_00000717,0,0,11,1160.0,,15.0
simu5g_00000717,0,0,12,1160.0,,15.0
simu5g_00000717,0,0,13,1160.0,,15.0
simu5g_00000717,0,0,14,1160.0,,15.0
simu5g_00000717,0,0,15,1160.0,,15.0
simu5g_00000717,0,0,16,1160.0,,15.0
simu5g_00000717,0,0,17,1160.0,,15.0
simu5g_00000717,0,0,18,1160.0,,15.0
simu5g_00000717,0,0,19,1160.0,,15.0
simu5g_00000717,0,0,20,1160.0,,15.0
simu5g_00000717,0,0,21,1160.0,,15.0
simu5g_00000717,0,0,22,1160.0,,15.0
simu5g_00000717,0,0,23,1160.0,,15.0
simu5g_00000717,0,0,24,1160.0,,15.0
simu5g_00000717,1,1,0,1160.0,,15.0
simu5g_00000717,1,1,1,1160.0,,15.0
simu5g_00000717,1,1,2,1160.0,,15.0
simu5g_00000717,1,1,3,1160.0,,15.0
simu5g_00000717,1,1,4,1160.0,,15.0
simu5g_00000717,1,1,5,1160.0,,15.0
simu5g_00000717,1,1,6,1160.0,,15.0
simu5g_00000717,1,1,7,1160.0,,15.0
simu5g_00000717,1,1,8,1160.0,,15.0
simu5g_00000717,1,1,9,1160.0,,15.0
simu5g_00000717,1,1,10,1160.0,,15.0
simu5g_00000717,1,1,11,1160.0,,15.0
simu5g_00000717,1,1,12,1160.0,,15.0
simu5g_00000717,1,1,13,1160.0,,15.0
simu5g_00000717,1,1,14,1160.0,,15.0
simu5g_00000717,1,1,15,1160.0,,15.0
simu5g_00000717,1,1,16,1160.0,,15.0
simu5g_00000717,1,1,17,1160.0,,15.0
simu5g_00000717,1,1,18,1160.0,,15.0
simu5g_00000717,1,1,19,1160.0,,15.0
simu5g_00000717,1,1,20,1160.0,,15.0
simu5g_00000717,1,1,21,1160.0,,15.0
simu5g_00000717,1,1,22,1160.0,,15.0
simu5g_00000717,1,1,23,1160.0,,15.0
simu5g_00000717,1,1,24,1160.0,,15.0
simu5g_00000717,15,2,0,1128.0,,14.0
simu5g_00000717,15,2,1,1128.0,,14.0
simu5g_00000717,15,2,2,1160.0,,15.0
simu5g_00000717,15,2,3,1160.0,,15.0
simu5g_00000717,15,2,4,984.0,,13.0
simu5g_00000717,15,2,5,808.0,,11.0
simu5g_00000717,15,2,6,1160.0,,15.0
simu5g_00000717,15,2,7,1128.0,,14.0
simu5g_00000717,15,2,8,1160.0,,15.0
simu5g_00000717,15,2,9,1160.0,,15.0
simu5g_00000717,15,2,10,1160.0,,15.0
simu5g_00000717,15,2,11,1160.0,,15.0
simu5g_00000717,15,2,12,984.0,,13.0
simu5g_00000717,15,2,13,1160.0,,15.0
simu5g_00000717,15,2,14,1128.0,,14.0
simu5g_00000717,15,2,15,1128.0,,14.0
simu5g_00000717,15,2,16,1160.0,,15.0
simu5g_00000717,15,2,17,1160.0,,15.0
simu5g_00000717,15,2,18,1160.0,,15.0
simu5g_00000717,15,2,19,1160.0,,15.0
simu5g_00000717,15,2,20,1160.0,,15.0
simu5g_00000717,15,2,21,1128.0,,14.0
simu5g_00000717,15,2,22,1160.0,,15.0
simu5g_00000717,15,2,23,1160.0,,15.0
simu5g_00000717,15,2,24,1160.0,,15.0
simu5g_00000717,2,3,0,1160.0,,15.0
simu5g_00000717,2,3,1,1160.0,,15.0
simu5g_00000717,2,3,2,1160.0,,15.0
simu5g_00000717,2,3,3,1160.0,,15.0
simu5g_00000717,2,3,4,1160.0,,15.0
simu5g_00000717,2,3,5,1160.0,,15.0
simu5g_00000717,2,3,6,1160.0,,15.0
simu5g_00000717,2,3,7,1160.0,,15.0
simu5g_00000717,2,3,8,1160.0,,15.0
simu5g_00000717,2,3,9,1160.0,,15.0
simu5g_00000717,2,3,10,1160.0,,15.0
simu5g_00000717,2,3,11,1160.0,,15.0
simu5g_00000717,2,3,12,1160.0,,15.0
simu5g_00000717,2,3,13,1160.0,,15.0
simu5g_00000717,2,3,14,1160.0,,15.0
simu5g_00000717,2,3,15,1160.0,,15.0
simu5g_00000717,2,3,16,1160.0,,15.0
simu5g_00000717,2,3,17,1160.0,,15.0
simu5g_00000717,2,3,18,1160.0,,15.0
simu5g_00000717,2,3,19,1160.0,,15.0
simu5g_00000717,2,3,20,1160.0,,15.0
simu5g_00000717,2,3,21,1160.0,,15.0
simu5g_00000717,2,3,22,1160.0,,15.0
simu5g_00000717,2,3,23,1160.0,,15.0
simu5g_00000717,2,3,24,1160.0,,15.0
simu5g_00000717,3,4,0,1128.0,,14.0
simu5g_00000717,3,4,1,1160.0,,15.0
simu5g_00000717,3,4,2,1128.0,,14.0
simu5g_00000717,3,4,3,1128.0,,14.0
simu5g_00000717,3,4,4,1160.0,,15.0
simu5g_00000717,3,4,5,1160.0,,15.0
simu5g_00000717,3,4,6,1160.0,,15.0
simu5g_00000717,3,4,7,1128.0,,14.0
simu5g_00000717,3,4,8,808.0,,11.0
simu5g_00000717,3,4,9,808.0,,11.0
simu5g_00000717,3,4,10,1160.0,,15.0
simu5g_00000717,3,4,11,1128.0,,14.0
simu5g_00000717,3,4,12,1160.0,,15.0
simu5g_00000717,3,4,13,1160.0,,15.0
simu5g_00000717,3,4,14,1160.0,,15.0
simu5g_00000717,3,4,15,1160.0,,15.0
simu5g_00000717,3,4,16,1160.0,,15.0
simu5g_00000717,3,4,17,1160.0,,15.0
simu5g_00000717,3,4,18,1160.0,,15.0
simu5g_00000717,3,4,19,1160.0,,15.0
simu5g_00000717,3,4,20,1160.0,,15.0
simu5g_00000717,3,4,21,1128.0,,14.0
simu5g_00000717,3,4,22,984.0,,13.0
simu5g_00000717,3,4,23,1160.0,,15.0
simu5g_00000717,3,4,24,984.0,,13.0
simu5g_00000717,4,5,0,1160.0,,15.0
simu5g_00000717,4,5,1,1128.0,,14.0
simu5g_00000717,4,5,2,1160.0,,15.0
simu5g_00000717,4,5,3,704.0,,10.0
simu5g_00000717,4,5,4,1160.0,,15.0
simu5g_00000717,4,5,5,1160.0,,15.0
simu5g_00000717,4,5,6,1160.0,,15.0
simu5g_00000717,4,5,7,888.0,,12.0
simu5g_00000717,4,5,8,1128.0,,14.0
simu5g_00000717,4,5,9,1160.0,,15.0
simu5g_00000717,4,5,10,1160.0,,15.0
simu5g_00000717,4,5,11,1160.0,,15.0
simu5g_00000717,4,5,12,1160.0,,15.0
simu5g_00000717,4,5,13,1160.0,,15.0
simu5g_00000717,4,5,14,1160.0,,15.0
simu5g_00000717,4,5,15,1128.0,,14.0
simu5g_00000717,4,5,16,1128.0,,14.0
simu5g_00000717,4,5,17,1128.0,,14.0
simu5g_00000717,4,5,18,1160.0,,15.0
simu5g_00000717,4,5,19,1160.0,,15.0
simu5g_00000717,4,5,20,1160.0,,15.0
simu5g_00000717,4,5,21,1128.0,,14.0
simu5g_00000717,4,5,22,1160.0,,15.0
simu5g_00000717,4,5,23,1160.0,,15.0
simu5g_00000717,4,5,24,1128.0,,14.0
simu5g_00000718,31,0,0,1128.0,,14.0
simu5g_00000718,31,0,1,1128.0,,14.0
simu5g_00000718,31,0,2,1160.0,,15.0
simu5g_00000718,31,0,3,1160.0,,15.0
simu5g_00000718,31,0,4,1160.0,,15.0
simu5g_00000718,31,0,5,1160.0,,15.0
simu5g_00000718,31,0,6,1160.0,,15.0
simu5g_00000718,31,0,7,1160.0,,15.0
simu5g_00000718,31,0,8,1160.0,,15.0
simu5g_00000718,31,0,9,1160.0,,15.0
simu5g_00000718,31,0,10,1160.0,,15.0
simu5g_00000718,31,0,11,1160.0,,15.0
simu5g_00000718,31,0,12,888.0,,12.0
simu5g_00000718,31,0,13,1160.0,,15.0
simu5g_00000718,31,0,14,1160.0,,15.0
simu5g_00000718,31,0,15,1160.0,,15.0
simu5g_00000718,31,0,16,1160.0,,15.0
simu5g_00000718,31,0,17,1160.0,,15.0
simu5g_00000718,31,0,18,1160.0,,15.0
simu5g_00000718,31,0,19,1160.0,,15.0
simu5g_00000718,31,0,20,1128.0,,14.0
simu5g_00000718,31,0,21,1160.0,,15.0
simu5g_00000718,31,0,22,1160.0,,15.0
simu5g_00000718,31,0,23,1160.0,,15.0
simu5g_00000718,31,0,24,1160.0,,15.0
simu5g_00000718,5,1,0,1160.0,,15.0
simu5g_00000718,5,1,1,1160.0,,15.0
simu5g_00000718,5,1,2,1160.0,,15.0
simu5g_00000718,5,1,3,1160.0,,15.0
simu5g_00000718,5,1,4,1160.0,,15.0
simu5g_00000718,5,1,5,1160.0,,15.0
simu5g_00000718,5,1,6,1160.0,,15.0
simu5g_00000718,5,1,7,1160.0,,15.0
simu5g_00000718,5,1,8,1160.0,,15.0
simu5g_00000718,5,1,9,1160.0,,15.0
simu5g_00000718,5,1,10,1160.0,,15.0
simu5g_00000718,5,1,11,1160.0,,15.0
simu5g_00000718,5,1,12,1160.0,,15.0
simu5g_00000718,5,1,13,1160.0,,15.0
simu5g_00000718,5,1,14,1160.0,,15.0
simu5g_00000718,5,1,15,1160.0,,15.0
simu5g_00000718,5,1,16,984.0,,13.0
simu5g_00000718,5,1,17,1160.0,,15.0
simu5g_00000718,5,1,18,1160.0,,15.0
simu5g_00000718,5,1,19,1160.0,,15.0
simu5g_00000718,5,1,20,1160.0,,15.0
simu5g_00000718,5,1,21,1128.0,,14.0
simu5g_00000718,5,1,22,1160.0,,15.0
simu5g_00000718,5,1,23,1160.0,,15.0
simu5g_00000718,5,1,24,1160.0,,15.0
simu5g_00000718,6,2,0,1160.0,,15.0
simu5g_00000718,6,2,1,1128.0,,14.0
simu5g_00000718,6,2,2,1160.0,,15.0
simu5g_00000718,6,2,3,608.0,,9.0
simu5g_00000718,6,2,4,1128.0,,14.0
simu5g_00000718,6,2,5,1128.0,,14.0
simu5g_00000718,6,2,6,1160.0,,15.0
simu5g_00000718,6,2,7,1128.0,,14.0
simu5g_00000718,6,2,8,1160.0,,15.0
simu5g_00000718,6,2,9,984.0,,13.0
simu5g_00000718,6,2,10,984.0,,13.0
simu5g_00000718,6,2,11,1128.0,,14.0
simu5g_00000718,6,2,12,1160.0,,15.0
simu5g_00000718,6,2,13,1128.0,,14.0
simu5g_00000718,6,2,14,1160.0,,15.0
simu5g_00000718,6,2,15,1160.0,,15.0
simu5g_00000718,6,2,16,888.0,,12.0
simu5g_00000718,6,2,17,1160.0,,15.0
simu5g_00000718,6,2,18,1160.0,,15.0
simu5g_00000718,6,2,19,1128.0,,14.0
simu5g_00000718,6,2,20,1160.0,,15.0
simu5g_00000718,6,2,21,1128.0,,14.0
simu5g_00000718,6,2,22,1160.0,,15.0
simu5g_00000718,6,2,23,1160.0,,15.0
simu5g_00000718,6,2,24,1160.0,,15.0
simu5g_00000718,7,3,0,1128.0,,14.0
simu5g_00000718,7,3,1,1160.0,,15.0
simu5g_00000718,7,3,2,1128.0,,14.0
simu5g_00000718,7,3,3,528.0,,8.0
simu5g_00000718,7,3,4,808.0,,11.0
simu5g_00000718,7,3,5,1160.0,,15.0
simu5g_00000718,7,3,6,984.0,,13.0
simu5g_00000718,7,3,7,1160.0,,15.0
simu5g_00000718,7,3,8,1160.0,,15.0
simu5g_00000718,7,3,9,984.0,,13.0
simu5g_00000718,7,3,10,1128.0,,14.0
simu5g_00000718,7,3,11,1128.0,,14.0
simu5g_00000718,7,3,12,1160.0,,15.0
simu5g_00000718,7,3,13,1160.0,,15.0
simu5g_00000718,7,3,14,984.0,,13.0
simu5g_00000718,7,3,15,1128.0,,14.0
simu5g_00000718,7,3,16,1128.0,,14.0
simu5g_00000718,7,3,17,528.0,,8.0
simu5g_00000718,7,3,18,1160.0,,15.0
simu5g_00000718,7,3,19,984.0,,13.0
simu5g_00000718,7,3,20,984.0,,13.0
simu5g_00000718,7,3,21,1128.0,,14.0
simu5g_00000718,7,3,22,1160.0,,15.0
simu5g_00000718,7,3,23,1160.0,,15.0
simu5g_00000718,7,3,24,1160.0,,15.0
simu5g_00000719,0,0,0,1160.0,,15.0
simu5g_00000719,0,0,1,1128.0,,14.0
simu5g_00000719,0,0,2,1160.0,,15.0
simu5g_00000719,0,0,3,1160.0,,15.0
simu5g_00000719,0,0,4,1160.0,,15.0
simu5g_00000719,0,0,5,1160.0,,15.0
simu5g_00000719,0,0,6,1160.0,,15.0
simu5g_00000719,0,0,7,1160.0,,15.0
simu5g_00000719,0,0,8,1160.0,,15.0
simu5g_00000719,0,0,9,1160.0,,15.0
simu5g_00000719,0,0,10,1160.0,,15.0
simu5g_00000719,0,0,11,1160.0,,15.0
simu5g_00000719,0,0,12,1160.0,,15.0
simu5g_00000719,0,0,13,1160.0,,15.0
simu5g_00000719,0,0,14,1160.0,,15.0
simu5g_00000719,0,0,15,1160.0,,15.0
simu5g_00000719,0,0,16,1160.0,,15.0
simu5g_00000719,0,0,17,1160.0,,15.0
simu5g_00000719,0,0,18,1160.0,,15.0
simu5g_00000719,0,0,19,1160.0,,15.0
simu5g_00000719,0,0,20,1160.0,,15.0
simu5g_00000719,0,0,21,1160.0,,15.0
simu5g_00000719,0,0,22,1160.0,,15.0
simu5g_00000719,0,0,23,1160.0,,15.0
simu5g_00000719,0,0,24,1160.0,,15.0
simu5g_00000719,1,1,0,1160.0,,15.0
simu5g_00000719,1,1,1,1160.0,,15.0
simu5g_00000719,1,1,2,1160.0,,15.0
simu5g_00000719,1,1,3,1160.0,,15.0
simu5g_00000719,1,1,4,1160.0,,15.0
simu5g_00000719,1,1,5,1160.0,,15.0
simu5g_00000719,1,1,6,1160.0,,15.0
simu5g_00000719,1,1,7,1160.0,,15.0
simu5g_00000719,1,1,8,1160.0,,15.0
simu5g_00000719,1,1,9,1160.0,,15.0
simu5g_00000719,1,1,10,1160.0,,15.0
simu5g_00000719,1,1,11,1160.0,,15.0
simu5g_00000719,1,1,12,1160.0,,15.0
simu5g_00000719,1,1,13,1160.0,,15.0
simu5g_00000719,1,1,14,1160.0,,15.0
simu5g_00000719,1,1,15,1160.0,,15.0
simu5g_00000719,1,1,16,1160.0,,15.0
simu5g_00000719,1,1,17,1160.0,,15.0
simu5g_00000719,1,1,18,1160.0,,15.0
simu5g_00000719,1,1,19,1160.0,,15.0
simu5g_00000719,1,1,20,1160.0,,15.0
simu5g_00000719,1,1,21,1160.0,,15.0
simu5g_00000719,1,1,22,1160.0,,15.0
simu5g_00000719,1,1,23,1160.0,,15.0
simu5g_00000719,1,1,24,1160.0,,15.0
simu5g_00000719,15,2,0,1128.0,,14.0
simu5g_00000719,15,2,1,1128.0,,14.0
simu5g_00000719,15,2,2,1160.0,,15.0
simu5g_00000719,15,2,3,1160.0,,15.0
simu5g_00000719,15,2,4,984.0,,13.0
simu5g_00000719,15,2,5,704.0,,10.0
simu5g_00000719,15,2,6,1160.0,,15.0
simu5g_00000719,15,2,7,1128.0,,14.0
simu5g_00000719,15,2,8,1160.0,,15.0
simu5g_00000719,15,2,9,1160.0,,15.0
simu5g_00000719,15,2,10,1160.0,,15.0
simu5g_00000719,15,2,11,1160.0,,15.0
simu5g_00000719,15,2,12,984.0,,13.0
simu5g_00000719,15,2,13,1160.0,,15.0
simu5g_00000719,15,2,14,1128.0,,14.0
simu5g_00000719,15,2,15,1128.0,,14.0
simu5g_00000719,15,2,16,1160.0,,15.0
simu5g_00000719,15,2,17,1160.0,,15.0
simu5g_00000719,15,2,18,1160.0,,15.0
simu5g_00000719,15,2,19,1160.0,,15.0
simu5g_00000719,15,2,20,1160.0,,15.0
simu5g_00000719,15,2,21,1128.0,,14.0
simu5g_00000719,15,2,22,1160.0,,15.0
simu5g_00000719,15,2,23,1160.0,,15.0
simu5g_00000719,15,2,24,1160.0,,15.0
simu5g_00000719,2,3,0,1160.0,,15.0
simu5g_00000719,2,3,1,1160.0,,15.0
simu5g_00000719,2,3,2,1160.0,,15.0
simu5g_00000719,2,3,3,1160.0,,15.0
simu5g_00000719,2,3,4,1160.0,,15.0
simu5g_00000719,2,3,5,1160.0,,15.0
simu5g_00000719,2,3,6,1160.0,,15.0
simu5g_00000719,2,3,7,1160.0,,15.0
simu5g_00000719,2,3,8,1160.0,,15.0
simu5g_00000719,2,3,9,1160.0,,15.0
simu5g_00000719,2,3,10,1160.0,,15.0
simu5g_00000719,2,3,11,1160.0,,15.0
simu5g_00000719,2,3,12,1160.0,,15.0
simu5g_00000719,2,3,13,1160.0,,15.0
simu5g_00000719,2,3,14,1160.0,,15.0
simu5g_00000719,2,3,15,1160.0,,15.0
simu5g_00000719,2,3,16,1160.0,,15.0
simu5g_00000719,2,3,17,1160.0,,15.0
simu5g_00000719,2,3,18,1160.0,,15.0
simu5g_00000719,2,3,19,1160.0,,15.0
simu5g_00000719,2,3,20,1160.0,,15.0
simu5g_00000719,2,3,21,1160.0,,15.0
simu5g_00000719,2,3,22,1160.0,,15.0
simu5g_00000719,2,3,23,1160.0,,15.0
simu5g_00000719,2,3,24,1160.0,,15.0
simu5g_00000719,3,4,0,1160.0,,15.0
simu5g_00000719,3,4,1,1160.0,,15.0
simu5g_00000719,3,4,2,1160.0,,15.0
simu5g_00000719,3,4,3,1160.0,,15.0
simu5g_00000719,3,4,4,1160.0,,15.0
simu5g_00000719,3,4,5,1160.0,,15.0
simu5g_00000719,3,4,6,1160.0,,15.0
simu5g_00000719,3,4,7,1160.0,,15.0
simu5g_00000719,3,4,8,1128.0,,14.0
simu5g_00000719,3,4,9,1128.0,,14.0
simu5g_00000719,3,4,10,1160.0,,15.0
simu5g_00000719,3,4,11,1160.0,,15.0
simu5g_00000719,3,4,12,1160.0,,15.0
simu5g_00000719,3,4,13,1160.0,,15.0
simu5g_00000719,3,4,14,1160.0,,15.0
simu5g_00000719,3,4,15,1160.0,,15.0
simu5g_00000719,3,4,16,1160.0,,15.0
simu5g_00000719,3,4,17,1160.0,,15.0
simu5g_00000719,3,4,18,1160.0,,15.0
simu5g_00000719,3,4,19,1160.0,,15.0
simu5g_00000719,3,4,20,1160.0,,15.0
simu5g_00000719,3,4,21,1160.0,,15.0
simu5g_00000719,3,4,22,1160.0,,15.0
simu5g_00000719,3,4,23,1160.0,,15.0
simu5g_00000719,3,4,24,1160.0,,15.0
simu5g_00000719,4,5,0,1160.0,,15.0
simu5g_00000719,4,5,1,1128.0,,14.0
simu5g_00000719,4,5,2,1160.0,,15.0
simu5g_00000719,4,5,3,704.0,,10.0
simu5g_00000719,4,5,4,1160.0,,15.0
simu5g_00000719,4,5,5,1160.0,,15.0
simu5g_00000719,4,5,6,1160.0,,15.0
simu5g_00000719,4,5,7,888.0,,12.0
simu5g_00000719,4,5,8,1128.0,,14.0
simu5g_00000719,4,5,9,1160.0,,15.0
simu5g_00000719,4,5,10,1160.0,,15.0
simu5g_00000719,4,5,11,1160.0,,15.0
simu5g_00000719,4,5,12,1160.0,,15.0
simu5g_00000719,4,5,13,1160.0,,15.0
simu5g_00000719,4,5,14,1160.0,,15.0
simu5g_00000719,4,5,15,1128.0,,14.0
simu5g_00000719,4,5,16,1128.0,,14.0
simu5g_00000719,4,5,17,1128.0,,14.0
simu5g_00000719,4,5,18,1160.0,,15.0
simu5g_00000719,4,5,19,1160.0,,15.0
simu5g_00000719,4,5,20,1160.0,,15.0
simu5g_00000719,4,5,21,1128.0,,14.0
simu5g_00000719,4,5,22,1160.0,,15.0
simu5g_00000719,4,5,23,1160.0,,15.0
simu5g_00000719,4,5,24,1128.0,,14.0
simu5g_00000720,31,0,0,1160.0,,15.0
simu5g_00000720,31,0,1,1128.0,,14.0
simu5g_00000720,31,0,2,1160.0,,15.0
simu5g_00000720,31,0,3,1160.0,,15.0
simu5g_00000720,31,0,4,1160.0,,15.0
simu5g_00000720,31,0,5,1160.0,,15.0
simu5g_00000720,31,0,6,1160.0,,15.0
simu5g_00000720,31,0,7,1160.0,,15.0
simu5g_00000720,31,0,8,1160.0,,15.0
simu5g_00000720,31,0,9,1160.0,,15.0
simu5g_00000720,31,0,10,1160.0,,15.0
simu5g_00000720,31,0,11,1160.0,,15.0
simu5g_00000720,31,0,12,984.0,,13.0
simu5g_00000720,31,0,13,1160.0,,15.0
simu5g_00000720,31,0,14,1160.0,,15.0
simu5g_00000720,31,0,15,1160.0,,15.0
simu5g_00000720,31,0,16,1160.0,,15.0
simu5g_00000720,31,0,17,1160.0,,15.0
simu5g_00000720,31,0,18,1160.0,,15.0
simu5g_00000720,31,0,19,1160.0,,15.0
simu5g_00000720,31,0,20,1160.0,,15.0
simu5g_00000720,31,0,21,1160.0,,15.0
simu5g_00000720,31,0,22,1160.0,,15.0
simu5g_00000720,31,0,23,1160.0,,15.0
simu5g_00000720,31,0,24,1160.0,,15.0
simu5g_00000720,5,1,0,1160.0,,15.0
simu5g_00000720,5,1,1,1160.0,,15.0
simu5g_00000720,5,1,2,1160.0,,15.0
simu5g_00000720,5,1,3,1160.0,,15.0
simu5g_00000720,5,1,4,1160.0,,15.0
simu5g_00000720,5,1,5,1160.0,,15.0
simu5g_00000720,5,1,6,1160.0,,15.0
simu5g_00000720,5,1,7,1160.0,,15.0
simu5g_00000720,5,1,8,1160.0,,15.0
simu5g_00000720,5,1,9,1160.0,,15.0
simu5g_00000720,5,1,10,1160.0,,15.0
simu5g_00000720,5,1,11,1160.0,,15.0
simu5g_00000720,5,1,12,1160.0,,15.0
simu5g_00000720,5,1,13,1160.0,,15.0
simu5g_00000720,5,1,14,1160.0,,15.0
simu5g_00000720,5,1,15,1160.0,,15.0
simu5g_00000720,5,1,16,984.0,,13.0
simu5g_00000720,5,1,17,1160.0,,15.0
simu5g_00000720,5,1,18,1160.0,,15.0
simu5g_00000720,5,1,19,1160.0,,15.0
simu5g_00000720,5,1,20,1160.0,,15.0
simu5g_00000720,5,1,21,1128.0,,14.0
simu5g_00000720,5,1,22,1160.0,,15.0
simu5g_00000720,5,1,23,1160.0,,15.0
simu5g_00000720,5,1,24,1160.0,,15.0
simu5g_00000720,6,2,0,1160.0,,15.0
simu5g_00000720,6,2,1,1128.0,,14.0
simu5g_00000720,6,2,2,1160.0,,15.0
simu5g_00000720,6,2,3,608.0,,9.0
simu5g_00000720,6,2,4,1128.0,,14.0
simu5g_00000720,6,2,5,1128.0,,14.0
simu5g_00000720,6,2,6,1160.0,,15.0
simu5g_00000720,6,2,7,1128.0,,14.0
simu5g_00000720,6,2,8,1160.0,,15.0
simu5g_00000720,6,2,9,984.0,,13.0
simu5g_00000720,6,2,10,984.0,,13.0
simu5g_00000720,6,2,11,1128.0,,14.0
simu5g_00000720,6,2,12,1160.0,,15.0
simu5g_00000720,6,2,13,1128.0,,14.0
simu5g_00000720,6,2,14,1160.0,,15.0
simu5g_00000720,6,2,15,1160.0,,15.0
simu5g_00000720,6,2,16,888.0,,12.0
simu5g_00000720,6,2,17,1160.0,,15.0
simu5g_00000720,6,2,18,1160.0,,15.0
simu5g_00000720,6,2,19,1128.0,,14.0
simu5g_00000720,6,2,20,1160.0,,15.0
simu5g_00000720,6,2,21,1128.0,,14.0
simu5g_00000720,6,2,22,1160.0,,15.0
simu5g_00000720,6,2,23,1160.0,,15.0
simu5g_00000720,6,2,24,1160.0,,15.0
simu5g_00000720,7,3,0,1128.0,,14.0
simu5g_00000720,7,3,1,1160.0,,15.0
simu5g_00000720,7,3,2,1128.0,,14.0
simu5g_00000720,7,3,3,528.0,,8.0
simu5g_00000720,7,3,4,808.0,,11.0
simu5g_00000720,7,3,5,1160.0,,15.0
simu5g_00000720,7,3,6,984.0,,13.0
simu5g_00000720,7,3,7,1160.0,,15.0
simu5g_00000720,7,3,8,1160.0,,15.0
simu5g_00000720,7,3,9,984.0,,13.0
simu5g_00000720,7,3,10,1128.0,,14.0
simu5g_00000720,7,3,11,1128.0,,14.0
simu5g_00000720,7,3,12,1160.0,,15.0
simu5g_00000720,7,3,13,1160.0,,15.0
simu5g_00000720,7,3,14,984.0,,13.0
simu5g_00000720,7,3,15,1128.0,,14.0
simu5g_00000720,7,3,16,1128.0,,14.0
simu5g_00000720,7,3,17,528.0,,8.0
simu5g_00000720,7,3,18,1160.0,,15.0
simu5g_00000720,7,3,19,984.0,,13.0
simu5g_00000720,7,3,20,984.0,,13.0
simu5g_00000720,7,3,21,1128.0,,14.0
simu5g_00000720,7,3,22,1160.0,,15.0
simu5g_00000720,7,3,23,1160.0,,15.0
simu5g_00000720,7,3,24,1160.0,,15.0
simu5g_00000721,0,0,0,1160.0,,15.0
simu5g_00000721,0,0,1,1128.0,,14.0
simu5g_00000721,0,0,2,1160.0,,15.0
simu5g_00000721,0,0,3,1160.0,,15.0
simu5g_00000721,0,0,4,1160.0,,15.0
simu5g_00000721,0,0,5,1160.0,,15.0
simu5g_00000721,0,0,6,1160.0,,15.0
simu5g_00000721,0,0,7,1160.0,,15.0
simu5g_00000721,0,0,8,1160.0,,15.0
simu5g_00000721,0,0,9,1160.0,,15.0
simu5g_00000721,0,0,10,1160.0,,15.0
simu5g_00000721,0,0,11,1160.0,,15.0
simu5g_00000721,0,0,12,1160.0,,15.0
simu5g_00000721,0,0,13,1160.0,,15.0
simu5g_00000721,0,0,14,1160.0,,15.0
simu5g_00000721,0,0,15,1160.0,,15.0
simu5g_00000721,0,0,16,1160.0,,15.0
simu5g_00000721,0,0,17,1160.0,,15.0
simu5g_00000721,0,0,18,1160.0,,15.0
simu5g_00000721,0,0,19,1160.0,,15.0
simu5g_00000721,0,0,20,1160.0,,15.0
simu5g_00000721,0,0,21,1160.0,,15.0
simu5g_00000721,0,0,22,1160.0,,15.0
simu5g_00000721,0,0,23,1160.0,,15.0
simu5g_00000721,0,0,24,1160.0,,15.0
simu5g_00000721,1,1,0,1160.0,,15.0
simu5g_00000721,1,1,1,1160.0,,15.0
simu5g_00000721,1,1,2,1160.0,,15.0
simu5g_00000721,1,1,3,1160.0,,15.0
simu5g_00000721,1,1,4,1160.0,,15.0
simu5g_00000721,1,1,5,1160.0,,15.0
simu5g_00000721,1,1,6,1160.0,,15.0
simu5g_00000721,1,1,7,1160.0,,15.0
simu5g_00000721,1,1,8,1160.0,,15.0
simu5g_00000721,1,1,9,1160.0,,15.0
simu5g_00000721,1,1,10,1160.0,,15.0
simu5g_00000721,1,1,11,1160.0,,15.0
simu5g_00000721,1,1,12,1160.0,,15.0
simu5g_00000721,1,1,13,1160.0,,15.0
simu5g_00000721,1,1,14,1160.0,,15.0
simu5g_00000721,1,1,15,1160.0,,15.0
simu5g_00000721,1,1,16,1160.0,,15.0
simu5g_00000721,1,1,17,1160.0,,15.0
simu5g_00000721,1,1,18,1160.0,,15.0
simu5g_00000721,1,1,19,1160.0,,15.0
simu5g_00000721,1,1,20,1160.0,,15.0
simu5g_00000721,1,1,21,1160.0,,15.0
simu5g_00000721,1,1,22,1160.0,,15.0
simu5g_00000721,1,1,23,1160.0,,15.0
simu5g_00000721,1,1,24,1160.0,,15.0
simu5g_00000721,15,2,0,984.0,,13.0
simu5g_00000721,15,2,1,1128.0,,14.0
simu5g_00000721,15,2,2,1128.0,,14.0
simu5g_00000721,15,2,3,1160.0,,15.0
simu5g_00000721,15,2,4,984.0,,13.0
simu5g_00000721,15,2,5,608.0,,9.0
simu5g_00000721,15,2,6,1160.0,,15.0
simu5g_00000721,15,2,7,984.0,,13.0
simu5g_00000721,15,2,8,1160.0,,15.0
simu5g_00000721,15,2,9,1128.0,,14.0
simu5g_00000721,15,2,10,1160.0,,15.0
simu5g_00000721,15,2,11,1160.0,,15.0
simu5g_00000721,15,2,12,808.0,,11.0
simu5g_00000721,15,2,13,1160.0,,15.0
simu5g_00000721,15,2,14,1128.0,,14.0
simu5g_00000721,15,2,15,984.0,,13.0
simu5g_00000721,15,2,16,1160.0,,15.0
simu5g_00000721,15,2,17,1128.0,,14.0
simu5g_00000721,15,2,18,1128.0,,14.0
simu5g_00000721,15,2,19,1128.0,,14.0
simu5g_00000721,15,2,20,1160.0,,15.0
simu5g_00000721,15,2,21,1128.0,,14.0
simu5g_00000721,15,2,22,1160.0,,15.0
simu5g_00000721,15,2,23,1128.0,,14.0
simu5g_00000721,15,2,24,1128.0,,14.0
simu5g_00000721,2,3,0,1160.0,,15.0
simu5g_00000721,2,3,1,1160.0,,15.0
simu5g_00000721,2,3,2,1160.0,,15.0
simu5g_00000721,2,3,3,1160.0,,15.0
simu5g_00000721,2,3,4,1160.0,,15.0
simu5g_00000721,2,3,5,1160.0,,15.0
simu5g_00000721,2,3,6,1160.0,,15.0
simu5g_00000721,2,3,7,1160.0,,15.0
simu5g_00000721,2,3,8,1160.0,,15.0
simu5g_00000721,2,3,9,1160.0,,15.0
simu5g_00000721,2,3,10,1160.0,,15.0
simu5g_00000721,2,3,11,1160.0,,15.0
simu5g_00000721,2,3,12,1160.0,,15.0
simu5g_00000721,2,3,13,1160.0,,15.0
simu5g_00000721,2,3,14,1160.0,,15.0
simu5g_00000721,2,3,15,1160.0,,15.0
simu5g_00000721,2,3,16,1160.0,,15.0
simu5g_00000721,2,3,17,1160.0,,15.0
simu5g_00000721,2,3,18,1160.0,,15.0
simu5g_00000721,2,3,19,1160.0,,15.0
simu5g_00000721,2,3,20,1160.0,,15.0
simu5g_00000721,2,3,21,1160.0,,15.0
simu5g_00000721,2,3,22,1160.0,,15.0
simu5g_00000721,2,3,23,1160.0,,15.0
simu5g_00000721,2,3,24,1160.0,,15.0
simu5g_00000721,3,4,0,1160.0,,15.0
simu5g_00000721,3,4,1,1160.0,,15.0
simu5g_00000721,3,4,2,1160.0,,15.0
simu5g_00000721,3,4,3,1160.0,,15.0
simu5g_00000721,3,4,4,1160.0,,15.0
simu5g_00000721,3,4,5,1160.0,,15.0
simu5g_00000721,3,4,6,1160.0,,15.0
simu5g_00000721,3,4,7,1160.0,,15.0
simu5g_00000721,3,4,8,1128.0,,14.0
simu5g_00000721,3,4,9,1128.0,,14.0
simu5g_00000721,3,4,10,1160.0,,15.0
simu5g_00000721,3,4,11,1160.0,,15.0
simu5g_00000721,3,4,12,1160.0,,15.0
simu5g_00000721,3,4,13,1160.0,,15.0
simu5g_00000721,3,4,14,1160.0,,15.0
simu5g_00000721,3,4,15,1160.0,,15.0
simu5g_00000721,3,4,16,1160.0,,15.0
simu5g_00000721,3,4,17,1160.0,,15.0
simu5g_00000721,3,4,18,1160.0,,15.0
simu5g_00000721,3,4,19,1160.0,,15.0
simu5g_00000721,3,4,20,1160.0,,15.0
simu5g_00000721,3,4,21,1160.0,,15.0
simu5g_00000721,3,4,22,1160.0,,15.0
simu5g_00000721,3,4,23,1160.0,,15.0
simu5g_00000721,3,4,24,1160.0,,15.0
simu5g_00000721,4,5,0,1160.0,,15.0
simu5g_00000721,4,5,1,1128.0,,14.0
simu5g_00000721,4,5,2,1160.0,,15.0
simu5g_00000721,4,5,3,704.0,,10.0
simu5g_00000721,4,5,4,1160.0,,15.0
simu5g_00000721,4,5,5,1160.0,,15.0
simu5g_00000721,4,5,6,1160.0,,15.0
simu5g_00000721,4,5,7,888.0,,12.0
simu5g_00000721,4,5,8,1128.0,,14.0
simu5g_00000721,4,5,9,1160.0,,15.0
simu5g_00000721,4,5,10,1160.0,,15.0
simu5g_00000721,4,5,11,1160.0,,15.0
simu5g_00000721,4,5,12,1160.0,,15.0
simu5g_00000721,4,5,13,1160.0,,15.0
simu5g_00000721,4,5,14,1160.0,,15.0
simu5g_00000721,4,5,15,1128.0,,14.0
simu5g_00000721,4,5,16,1128.0,,14.0
simu5g_00000721,4,5,17,1128.0,,14.0
simu5g_00000721,4,5,18,1160.0,,15.0
simu5g_00000721,4,5,19,1160.0,,15.0
simu5g_00000721,4,5,20,1160.0,,15.0
simu5g_00000721,4,5,21,1128.0,,14.0
simu5g_00000721,4,5,22,1160.0,,15.0
simu5g_00000721,4,5,23,1160.0,,15.0
simu5g_00000721,4,5,24,1128.0,,14.0
simu5g_00000722,31,0,0,1160.0,,15.0
simu5g_00000722,31,0,1,1128.0,,14.0
simu5g_00000722,31,0,2,1160.0,,15.0
simu5g_00000722,31,0,3,1160.0,,15.0
simu5g_00000722,31,0,4,1160.0,,15.0
simu5g_00000722,31,0,5,1160.0,,15.0
simu5g_00000722,31,0,6,1160.0,,15.0
simu5g_00000722,31,0,7,1160.0,,15.0
simu5g_00000722,31,0,8,1160.0,,15.0
simu5g_00000722,31,0,9,1160.0,,15.0
simu5g_00000722,31,0,10,1160.0,,15.0
simu5g_00000722,31,0,11,1160.0,,15.0
simu5g_00000722,31,0,12,984.0,,13.0
simu5g_00000722,31,0,13,1160.0,,15.0
simu5g_00000722,31,0,14,1160.0,,15.0
simu5g_00000722,31,0,15,1160.0,,15.0
simu5g_00000722,31,0,16,1160.0,,15.0
simu5g_00000722,31,0,17,1160.0,,15.0
simu5g_00000722,31,0,18,1160.0,,15.0
simu5g_00000722,31,0,19,1160.0,,15.0
simu5g_00000722,31,0,20,1160.0,,15.0
simu5g_00000722,31,0,21,1160.0,,15.0
simu5g_00000722,31,0,22,1160.0,,15.0
simu5g_00000722,31,0,23,1160.0,,15.0
simu5g_00000722,31,0,24,1160.0,,15.0
simu5g_00000722,5,1,0,1160.0,,15.0
simu5g_00000722,5,1,1,1160.0,,15.0
simu5g_00000722,5,1,2,1160.0,,15.0
simu5g_00000722,5,1,3,1128.0,,14.0
simu5g_00000722,5,1,4,1160.0,,15.0
simu5g_00000722,5,1,5,1160.0,,15.0
simu5g_00000722,5,1,6,1160.0,,15.0
simu5g_00000722,5,1,7,1160.0,,15.0
simu5g_00000722,5,1,8,1160.0,,15.0
simu5g_00000722,5,1,9,1160.0,,15.0
simu5g_00000722,5,1,10,1160.0,,15.0
simu5g_00000722,5,1,11,1160.0,,15.0
simu5g_00000722,5,1,12,1160.0,,15.0
simu5g_00000722,5,1,13,1128.0,,14.0
simu5g_00000722,5,1,14,1128.0,,14.0
simu5g_00000722,5,1,15,1128.0,,14.0
simu5g_00000722,5,1,16,808.0,,11.0
simu5g_00000722,5,1,17,1160.0,,15.0
simu5g_00000722,5,1,18,1160.0,,15.0
simu5g_00000722,5,1,19,1160.0,,15.0
simu5g_00000722,5,1,20,1160.0,,15.0
simu5g_00000722,5,1,21,984.0,,13.0
simu5g_00000722,5,1,22,1160.0,,15.0
simu5g_00000722,5,1,23,1128.0,,14.0
simu5g_00000722,5,1,24,1160.0,,15.0
simu5g_00000722,6,2,0,1160.0,,15.0
simu5g_00000722,6,2,1,1128.0,,14.0
simu5g_00000722,6,2,2,1160.0,,15.0
simu5g_00000722,6,2,3,608.0,,9.0
simu5g_00000722,6,2,4,1128.0,,14.0
simu5g_00000722,6,2,5,1128.0,,14.0
simu5g_00000722,6,2,6,1160.0,,15.0
simu5g_00000722,6,2,7,1128.0,,14.0
simu5g_00000722,6,2,8,1160.0,,15.0
simu5g_00000722,6,2,9,984.0,,13.0
simu5g_00000722,6,2,10,984.0,,13.0
simu5g_00000722,6,2,11,1128.0,,14.0
simu5g_00000722,6,2,12,1160.0,,15.0
simu5g_00000722,6,2,13,1128.0,,14.0
simu5g_00000722,6,2,14,1160.0,,15.0
simu5g_00000722,6,2,15,1160.0,,15.0
simu5g_00000722,6,2,16,888.0,,12.0
simu5g_00000722,6,2,17,1160.0,,15.0
simu5g_00000722,6,2,18,1160.0,,15.0
simu5g_00000722,6,2,19,1128.0,,14.0
simu5g_00000722,6,2,20,1160.0,,15.0
simu5g_00000722,6,2,21,1128.0,,14.0
simu5g_00000722,6,2,22,1160.0,,15.0
simu5g_00000722,6,2,23,1160.0,,15.0
simu5g_00000722,6,2,24,1160.0,,15.0
simu5g_00000722,7,3,0,1128.0,,14.0
simu5g_00000722,7,3,1,1160.0,,15.0
simu5g_00000722,7,3,2,1128.0,,14.0
simu5g_00000722,7,3,3,528.0,,8.0
simu5g_00000722,7,3,4,808.0,,11.0
simu5g_00000722,7,3,5,1160.0,,15.0
simu5g_00000722,7,3,6,984.0,,13.0
simu5g_00000722,7,3,7,1160.0,,15.0
simu5g_00000722,7,3,8,1160.0,,15.0
simu5g_00000722,7,3,9,984.0,,13.0
simu5g_00000722,7,3,10,1128.0,,14.0
simu5g_00000722,7,3,11,1128.0,,14.0
simu5g_00000722,7,3,12,1160.0,,15.0
simu5g_00000722,7,3,13,1160.0,,15.0
simu5g_00000722,7,3,14,984.0,,13.0
simu5g_00000722,7,3,15,1128.0,,14.0
simu5g_00000722,7,3,16,1128.0,,14.0
simu5g_00000722,7,3,17,528.0,,8.0
simu5g_00000722,7,3,18,1160.0,,15.0
simu5g_00000722,7,3,19,984.0,,13.0
simu5g_00000722,7,3,20,984.0,,13.0
simu5g_00000722,7,3,21,1128.0,,14.0
simu5g_00000722,7,3,22,1160.0,,15.0
simu5g_00000722,7,3,23,1160.0,,15.0
simu5g_00000722,7,3,24,1160.0,,15.0
simu5g_00000723,0,0,0,1160.0,,15.0
simu5g_00000723,0,0,1,1128.0,,14.0
simu5g_00000723,0,0,2,1160.0,,15.0
simu5g_00000723,0,0,3,1160.0,,15.0
simu5g_00000723,0,0,4,1160.0,,15.0
simu5g_00000723,0,0,5,1160.0,,15.0
simu5g_00000723,0,0,6,1160.0,,15.0
simu5g_00000723,0,0,7,1160.0,,15.0
simu5g_00000723,0,0,8,1160.0,,15.0
simu5g_00000723,0,0,9,1160.0,,15.0
simu5g_00000723,0,0,10,1160.0,,15.0
simu5g_00000723,0,0,11,1160.0,,15.0
simu5g_00000723,0,0,12,1160.0,,15.0
simu5g_00000723,0,0,13,1160.0,,15.0
simu5g_00000723,0,0,14,1160.0,,15.0
simu5g_00000723,0,0,15,1160.0,,15.0
simu5g_00000723,0,0,16,1160.0,,15.0
simu5g_00000723,0,0,17,1160.0,,15.0
simu5g_00000723,0,0,18,1160.0,,15.0
simu5g_00000723,0,0,19,1160.0,,15.0
simu5g_00000723,0,0,20,1160.0,,15.0
simu5g_00000723,0,0,21,1160.0,,15.0
simu5g_00000723,0,0,22,1160.0,,15.0
simu5g_00000723,0,0,23,1160.0,,15.0
simu5g_00000723,0,0,24,1160.0,,15.0
simu5g_00000723,1,1,0,1160.0,,15.0
simu5g_00000723,1,1,1,1160.0,,15.0
simu5g_00000723,1,1,2,1160.0,,15.0
simu5g_00000723,1,1,3,1160.0,,15.0
simu5g_00000723,1,1,4,1160.0,,15.0
simu5g_00000723,1,1,5,1160.0,,15.0
simu5g_00000723,1,1,6,1160.0,,15.0
simu5g_00000723,1,1,7,1160.0,,15.0
simu5g_00000723,1,1,8,1160.0,,15.0
simu5g_00000723,1,1,9,1160.0,,15.0
simu5g_00000723,1,1,10,1160.0,,15.0
simu5g_00000723,1,1,11,1160.0,,15.0
simu5g_00000723,1,1,12,1160.0,,15.0
simu5g_00000723,1,1,13,1160.0,,15.0
simu5g_00000723,1,1,14,1160.0,,15.0
simu5g_00000723,1,1,15,1160.0,,15.0
simu5g_00000723,1,1,16,1160.0,,15.0
simu5g_00000723,1,1,17,1160.0,,15.0
simu5g_00000723,1,1,18,1160.0,,15.0
simu5g_00000723,1,1,19,1160.0,,15.0
simu5g_00000723,1,1,20,1160.0,,15.0
simu5g_00000723,1,1,21,1160.0,,15.0
simu5g_00000723,1,1,22,1160.0,,15.0
simu5g_00000723,1,1,23,1160.0,,15.0
simu5g_00000723,1,1,24,1160.0,,15.0
simu5g_00000723,15,2,0,984.0,,13.0
simu5g_00000723,15,2,1,1128.0,,14.0
simu5g_00000723,15,2,2,1128.0,,14.0
simu5g_00000723,15,2,3,1160.0,,15.0
simu5g_00000723,15,2,4,984.0,,13.0
simu5g_00000723,15,2,5,608.0,,9.0
simu5g_00000723,15,2,6,1160.0,,15.0
simu5g_00000723,15,2,7,984.0,,13.0
simu5g_00000723,15,2,8,1160.0,,15.0
simu5g_00000723,15,2,9,1128.0,,14.0
simu5g_00000723,15,2,10,1160.0,,15.0
simu5g_00000723,15,2,11,1160.0,,15.0
simu5g_00000723,15,2,12,808.0,,11.0
simu5g_00000723,15,2,13,1160.0,,15.0
simu5g_00000723,15,2,14,1128.0,,14.0
simu5g_00000723,15,2,15,984.0,,13.0
simu5g_00000723,15,2,16,1160.0,,15.0
simu5g_00000723,15,2,17,1128.0,,14.0
simu5g_00000723,15,2,18,1128.0,,14.0
simu5g_00000723,15,2,19,1128.0,,14.0
simu5g_00000723,15,2,20,1160.0,,15.0
simu5g_00000723,15,2,21,1128.0,,14.0
simu5g_00000723,15,2,22,1160.0,,15.0
simu5g_00000723,15,2,23,1128.0,,14.0
simu5g_00000723,15,2,24,1128.0,,14.0
simu5g_00000723,2,3,0,1160.0,,15.0
simu5g_00000723,2,3,1,1160.0,,15.0
simu5g_00000723,2,3,2,1160.0,,15.0
simu5g_00000723,2,3,3,1160.0,,15.0
simu5g_00000723,2,3,4,1160.0,,15.0
simu5g_00000723,2,3,5,1160.0,,15.0
simu5g_00000723,2,3,6,1160.0,,15.0
simu5g_00000723,2,3,7,1160.0,,15.0
simu5g_00000723,2,3,8,1160.0,,15.0
simu5g_00000723,2,3,9,1160.0,,15.0
simu5g_00000723,2,3,10,1160.0,,15.0
simu5g_00000723,2,3,11,1160.0,,15.0
simu5g_00000723,2,3,12,1160.0,,15.0
simu5g_00000723,2,3,13,1160.0,,15.0
simu5g_00000723,2,3,14,1160.0,,15.0
simu5g_00000723,2,3,15,1160.0,,15.0
simu5g_00000723,2,3,16,1160.0,,15.0
simu5g_00000723,2,3,17,1160.0,,15.0
simu5g_00000723,2,3,18,1160.0,,15.0
simu5g_00000723,2,3,19,1160.0,,15.0
simu5g_00000723,2,3,20,1160.0,,15.0
simu5g_00000723,2,3,21,1160.0,,15.0
simu5g_00000723,2,3,22,1160.0,,15.0
simu5g_00000723,2,3,23,1160.0,,15.0
simu5g_00000723,2,3,24,1160.0,,15.0
simu5g_00000723,3,4,0,1160.0,,15.0
simu5g_00000723,3,4,1,1160.0,,15.0
simu5g_00000723,3,4,2,1160.0,,15.0
simu5g_00000723,3,4,3,1160.0,,15.0
simu5g_00000723,3,4,4,1160.0,,15.0
simu5g_00000723,3,4,5,1160.0,,15.0
simu5g_00000723,3,4,6,1160.0,,15.0
simu5g_00000723,3,4,7,1160.0,,15.0
simu5g_00000723,3,4,8,1128.0,,14.0
simu5g_00000723,3,4,9,1128.0,,14.0
simu5g_00000723,3,4,10,1160.0,,15.0
simu5g_00000723,3,4,11,1160.0,,15.0
simu5g_00000723,3,4,12,1160.0,,15.0
simu5g_00000723,3,4,13,1160.0,,15.0
simu5g_00000723,3,4,14,1160.0,,15.0
simu5g_00000723,3,4,15,1160.0,,15.0
simu5g_00000723,3,4,16,1160.0,,15.0
simu5g_00000723,3,4,17,1160.0,,15.0
simu5g_00000723,3,4,18,1160.0,,15.0
simu5g_00000723,3,4,19,1160.0,,15.0
simu5g_00000723,3,4,20,1160.0,,15.0
simu5g_00000723,3,4,21,1160.0,,15.0
simu5g_00000723,3,4,22,1160.0,,15.0
simu5g_00000723,3,4,23,1160.0,,15.0
simu5g_00000723,3,4,24,1160.0,,15.0
simu5g_00000723,4,5,0,1160.0,,15.0
simu5g_00000723,4,5,1,1128.0,,14.0
simu5g_00000723,4,5,2,1160.0,,15.0
simu5g_00000723,4,5,3,704.0,,10.0
simu5g_00000723,4,5,4,1160.0,,15.0
simu5g_00000723,4,5,5,1160.0,,15.0
simu5g_00000723,4,5,6,1160.0,,15.0
simu5g_00000723,4,5,7,888.0,,12.0
simu5g_00000723,4,5,8,1128.0,,14.0
simu5g_00000723,4,5,9,1160.0,,15.0
simu5g_00000723,4,5,10,1160.0,,15.0
simu5g_00000723,4,5,11,1160.0,,15.0
simu5g_00000723,4,5,12,1160.0,,15.0
simu5g_00000723,4,5,13,1160.0,,15.0
simu5g_00000723,4,5,14,1160.0,,15.0
simu5g_00000723,4,5,15,1128.0,,14.0
simu5g_00000723,4,5,16,1128.0,,14.0
simu5g_00000723,4,5,17,1128.0,,14.0
simu5g_00000723,4,5,18,1160.0,,15.0
simu5g_00000723,4,5,19,1160.0,,15.0
simu5g_00000723,4,5,20,1160.0,,15.0
simu5g_00000723,4,5,21,1128.0,,14.0
simu5g_00000723,4,5,22,1160.0,,15.0
simu5g_00000723,4,5,23,1160.0,,15.0
simu5g_00000723,4,5,24,1128.0,,14.0
simu5g_00000724,31,0,0,1160.0,,15.0
simu5g_00000724,31,0,1,1128.0,,14.0
simu5g_00000724,31,0,2,1160.0,,15.0
simu5g_00000724,31,0,3,1160.0,,15.0
simu5g_00000724,31,0,4,1160.0,,15.0
simu5g_00000724,31,0,5,1160.0,,15.0
simu5g_00000724,31,0,6,1160.0,,15.0
simu5g_00000724,31,0,7,1160.0,,15.0
simu5g_00000724,31,0,8,1160.0,,15.0
simu5g_00000724,31,0,9,1160.0,,15.0
simu5g_00000724,31,0,10,1160.0,,15.0
simu5g_00000724,31,0,11,1160.0,,15.0
simu5g_00000724,31,0,12,984.0,,13.0
simu5g_00000724,31,0,13,1160.0,,15.0
simu5g_00000724,31,0,14,1160.0,,15.0
simu5g_00000724,31,0,15,1160.0,,15.0
simu5g_00000724,31,0,16,1160.0,,15.0
simu5g_00000724,31,0,17,1160.0,,15.0
simu5g_00000724,31,0,18,1160.0,,15.0
simu5g_00000724,31,0,19,1160.0,,15.0
simu5g_00000724,31,0,20,1160.0,,15.0
simu5g_00000724,31,0,21,1160.0,,15.0
simu5g_00000724,31,0,22,1160.0,,15.0
simu5g_00000724,31,0,23,1160.0,,15.0
simu5g_00000724,31,0,24,1160.0,,15.0
simu5g_00000724,5,1,0,1160.0,,15.0
simu5g_00000724,5,1,1,1160.0,,15.0
simu5g_00000724,5,1,2,1160.0,,15.0
simu5g_00000724,5,1,3,1128.0,,14.0
simu5g_00000724,5,1,4,1160.0,,15.0
simu5g_00000724,5,1,5,1160.0,,15.0
simu5g_00000724,5,1,6,1160.0,,15.0
simu5g_00000724,5,1,7,1160.0,,15.0
simu5g_00000724,5,1,8,1160.0,,15.0
simu5g_00000724,5,1,9,1160.0,,15.0
simu5g_00000724,5,1,10,1160.0,,15.0
simu5g_00000724,5,1,11,1160.0,,15.0
simu5g_00000724,5,1,12,1160.0,,15.0
simu5g_00000724,5,1,13,1128.0,,14.0
simu5g_00000724,5,1,14,1128.0,,14.0
simu5g_00000724,5,1,15,1128.0,,14.0
simu5g_00000724,5,1,16,808.0,,11.0
simu5g_00000724,5,1,17,1160.0,,15.0
simu5g_00000724,5,1,18,1160.0,,15.0
simu5g_00000724,5,1,19,1160.0,,15.0
simu5g_00000724,5,1,20,1160.0,,15.0
simu5g_00000724,5,1,21,984.0,,13.0
simu5g_00000724,5,1,22,1160.0,,15.0
simu5g_00000724,5,1,23,1128.0,,14.0
simu5g_00000724,5,1,24,1160.0,,15.0
simu5g_00000724,6,2,0,1160.0,,15.0
simu5g_00000724,6,2,1,1160.0,,15.0
simu5g_00000724,6,2,2,1160.0,,15.0
simu5g_00000724,6,2,3,888.0,,12.0
simu5g_00000724,6,2,4,1160.0,,15.0
simu5g_00000724,6,2,5,1160.0,,15.0
simu5g_00000724,6,2,6,1160.0,,15.0
simu5g_00000724,6,2,7,1160.0,,15.0
simu5g_00000724,6,2,8,1160.0,,15.0
simu5g_00000724,6,2,9,1160.0,,15.0
simu5g_00000724,6,2,10,1160.0,,15.0
simu5g_00000724,6,2,11,1160.0,,15.0
simu5g_00000724,6,2,12,1160.0,,15.0
simu5g_00000724,6,2,13,1160.0,,15.0
simu5g_00000724,6,2,14,1160.0,,15.0
simu5g_00000724,6,2,15,1160.0,,15.0
simu5g_00000724,6,2,16,1128.0,,14.0
simu5g_00000724,6,2,17,1160.0,,15.0
simu5g_00000724,6,2,18,1160.0,,15.0
simu5g_00000724,6,2,19,1160.0,,15.0
simu5g_00000724,6,2,20,1160.0,,15.0
simu5g_00000724,6,2,21,1160.0,,15.0
simu5g_00000724,6,2,22,1160.0,,15.0
simu5g_00000724,6,2,23,1160.0,,15.0
simu5g_00000724,6,2,24,1160.0,,15.0
simu5g_00000724,7,3,0,1160.0,,15.0
simu5g_00000724,7,3,1,1160.0,,15.0
simu5g_00000724,7,3,2,1160.0,,15.0
simu5g_00000724,7,3,3,808.0,,11.0
simu5g_00000724,7,3,4,984.0,,13.0
simu5g_00000724,7,3,5,1160.0,,15.0
simu5g_00000724,7,3,6,1128.0,,14.0
simu5g_00000724,7,3,7,1160.0,,15.0
simu5g_00000724,7,3,8,1160.0,,15.0
simu5g_00000724,7,3,9,1128.0,,14.0
simu5g_00000724,7,3,10,1160.0,,15.0
simu5g_00000724,7,3,11,1128.0,,14.0
simu5g_00000724,7,3,12,1160.0,,15.0
simu5g_00000724,7,3,13,1160.0,,15.0
simu5g_00000724,7,3,14,1128.0,,14.0
simu5g_00000724,7,3,15,1160.0,,15.0
simu5g_00000724,7,3,16,1160.0,,15.0
simu5g_00000724,7,3,17,808.0,,11.0
simu5g_00000724,7,3,18,1160.0,,15.0
simu5g_00000724,7,3,19,1128.0,,14.0
simu5g_00000724,7,3,20,1128.0,,14.0
simu5g_00000724,7,3,21,1160.0,,15.0
simu5g_00000724,7,3,22,1160.0,,15.0
simu5g_00000724,7,3,23,1160.0,,15.0
simu5g_00000724,7,3,24,1160.0,,15.0
simu5g_00000725,0,0,0,1160.0,,15.0
simu5g_00000725,0,0,1,1128.0,,14.0
simu5g_00000725,0,0,2,1160.0,,15.0
simu5g_00000725,0,0,3,1160.0,,15.0
simu5g_00000725,0,0,4,1160.0,,15.0
simu5g_00000725,0,0,5,1160.0,,15.0
simu5g_00000725,0,0,6,1160.0,,15.0
simu5g_00000725,0,0,7,1160.0,,15.0
simu5g_00000725,0,0,8,1160.0,,15.0
simu5g_00000725,0,0,9,1160.0,,15.0
simu5g_00000725,0,0,10,1160.0,,15.0
simu5g_00000725,0,0,11,1160.0,,15.0
simu5g_00000725,0,0,12,1160.0,,15.0
simu5g_00000725,0,0,13,1160.0,,15.0
simu5g_00000725,0,0,14,1160.0,,15.0
simu5g_00000725,0,0,15,1160.0,,15.0
simu5g_00000725,0,0,16,1160.0,,15.0
simu5g_00000725,0,0,17,1160.0,,15.0
simu5g_00000725,0,0,18,1160.0,,15.0
simu5g_00000725,0,0,19,1160.0,,15.0
simu5g_00000725,0,0,20,1160.0,,15.0
simu5g_00000725,0,0,21,1160.0,,15.0
simu5g_00000725,0,0,22,1160.0,,15.0
simu5g_00000725,0,0,23,1160.0,,15.0
simu5g_00000725,0,0,24,1160.0,,15.0
simu5g_00000725,1,1,0,1160.0,,15.0
simu5g_00000725,1,1,1,1160.0,,15.0
simu5g_00000725,1,1,2,1160.0,,15.0
simu5g_00000725,1,1,3,1160.0,,15.0
simu5g_00000725,1,1,4,1160.0,,15.0
simu5g_00000725,1,1,5,1160.0,,15.0
simu5g_00000725,1,1,6,1160.0,,15.0
simu5g_00000725,1,1,7,1160.0,,15.0
simu5g_00000725,1,1,8,1160.0,,15.0
simu5g_00000725,1,1,9,1160.0,,15.0
simu5g_00000725,1,1,10,1160.0,,15.0
simu5g_00000725,1,1,11,1160.0,,15.0
simu5g_00000725,1,1,12,1160.0,,15.0
simu5g_00000725,1,1,13,1160.0,,15.0
simu5g_00000725,1,1,14,1160.0,,15.0
simu5g_00000725,1,1,15,1160.0,,15.0
simu5g_00000725,1,1,16,1160.0,,15.0
simu5g_00000725,1,1,17,1160.0,,15.0
simu5g_00000725,1,1,18,1160.0,,15.0
simu5g_00000725,1,1,19,1160.0,,15.0
simu5g_00000725,1,1,20,1160.0,,15.0
simu5g_00000725,1,1,21,1160.0,,15.0
simu5g_00000725,1,1,22,1160.0,,15.0
simu5g_00000725,1,1,23,1160.0,,15.0
simu5g_00000725,1,1,24,1160.0,,15.0
simu5g_00000725,15,2,0,984.0,,13.0
simu5g_00000725,15,2,1,1128.0,,14.0
simu5g_00000725,15,2,2,1128.0,,14.0
simu5g_00000725,15,2,3,1160.0,,15.0
simu5g_00000725,15,2,4,984.0,,13.0
simu5g_00000725,15,2,5,608.0,,9.0
simu5g_00000725,15,2,6,1160.0,,15.0
simu5g_00000725,15,2,7,984.0,,13.0
simu5g_00000725,15,2,8,1160.0,,15.0
simu5g_00000725,15,2,9,1128.0,,14.0
simu5g_00000725,15,2,10,1160.0,,15.0
simu5g_00000725,15,2,11,1160.0,,15.0
simu5g_00000725,15,2,12,808.0,,11.0
simu5g_00000725,15,2,13,1160.0,,15.0
simu5g_00000725,15,2,14,1128.0,,14.0
simu5g_00000725,15,2,15,984.0,,13.0
simu5g_00000725,15,2,16,1160.0,,15.0
simu5g_00000725,15,2,17,1128.0,,14.0
simu5g_00000725,15,2,18,1128.0,,14.0
simu5g_00000725,15,2,19,1128.0,,14.0
simu5g_00000725,15,2,20,1160.0,,15.0
simu5g_00000725,15,2,21,1128.0,,14.0
simu5g_00000725,15,2,22,1160.0,,15.0
simu5g_00000725,15,2,23,1128.0,,14.0
simu5g_00000725,15,2,24,1128.0,,14.0
simu5g_00000725,2,3,0,1160.0,,15.0
simu5g_00000725,2,3,1,1160.0,,15.0
simu5g_00000725,2,3,2,1160.0,,15.0
simu5g_00000725,2,3,3,1160.0,,15.0
simu5g_00000725,2,3,4,1160.0,,15.0
simu5g_00000725,2,3,5,1160.0,,15.0
simu5g_00000725,2,3,6,1160.0,,15.0
simu5g_00000725,2,3,7,1160.0,,15.0
simu5g_00000725,2,3,8,1160.0,,15.0
simu5g_00000725,2,3,9,1160.0,,15.0
simu5g_00000725,2,3,10,1160.0,,15.0
simu5g_00000725,2,3,11,1160.0,,15.0
simu5g_00000725,2,3,12,1160.0,,15.0
simu5g_00000725,2,3,13,1160.0,,15.0
simu5g_00000725,2,3,14,1160.0,,15.0
simu5g_00000725,2,3,15,1160.0,,15.0
simu5g_00000725,2,3,16,1160.0,,15.0
simu5g_00000725,2,3,17,1160.0,,15.0
simu5g_00000725,2,3,18,1160.0,,15.0
simu5g_00000725,2,3,19,1160.0,,15.0
simu5g_00000725,2,3,20,1160.0,,15.0
simu5g_00000725,2,3,21,1160.0,,15.0
simu5g_00000725,2,3,22,1160.0,,15.0
simu5g_00000725,2,3,23,1160.0,,15.0
simu5g_00000725,2,3,24,1160.0,,15.0
simu5g_00000725,3,4,0,1160.0,,15.0
simu5g_00000725,3,4,1,1160.0,,15.0
simu5g_00000725,3,4,2,1160.0,,15.0
simu5g_00000725,3,4,3,1160.0,,15.0
simu5g_00000725,3,4,4,1160.0,,15.0
simu5g_00000725,3,4,5,1160.0,,15.0
simu5g_00000725,3,4,6,1160.0,,15.0
simu5g_00000725,3,4,7,1160.0,,15.0
simu5g_00000725,3,4,8,1128.0,,14.0
simu5g_00000725,3,4,9,1128.0,,14.0
simu5g_00000725,3,4,10,1160.0,,15.0
simu5g_00000725,3,4,11,1160.0,,15.0
simu5g_00000725,3,4,12,1160.0,,15.0
simu5g_00000725,3,4,13,1160.0,,15.0
simu5g_00000725,3,4,14,1160.0,,15.0
simu5g_00000725,3,4,15,1160.0,,15.0
simu5g_00000725,3,4,16,1160.0,,15.0
simu5g_00000725,3,4,17,1160.0,,15.0
simu5g_00000725,3,4,18,1160.0,,15.0
simu5g_00000725,3,4,19,1160.0,,15.0
simu5g_00000725,3,4,20,1160.0,,15.0
simu5g_00000725,3,4,21,1160.0,,15.0
simu5g_00000725,3,4,22,1160.0,,15.0
simu5g_00000725,3,4,23,1160.0,,15.0
simu5g_00000725,3,4,24,1160.0,,15.0
simu5g_00000725,4,5,0,1160.0,,15.0
simu5g_00000725,4,5,1,1128.0,,14.0
simu5g_00000725,4,5,2,1160.0,,15.0
simu5g_00000725,4,5,3,704.0,,10.0
simu5g_00000725,4,5,4,1160.0,,15.0
simu5g_00000725,4,5,5,1160.0,,15.0
simu5g_00000725,4,5,6,1160.0,,15.0
simu5g_00000725,4,5,7,888.0,,12.0
simu5g_00000725,4,5,8,1128.0,,14.0
simu5g_00000725,4,5,9,1160.0,,15.0
simu5g_00000725,4,5,10,1160.0,,15.0
simu5g_00000725,4,5,11,1160.0,,15.0
simu5g_00000725,4,5,12,1160.0,,15.0
simu5g_00000725,4,5,13,1160.0,,15.0
simu5g_00000725,4,5,14,1160.0,,15.0
simu5g_00000725,4,5,15,1128.0,,14.0
simu5g_00000725,4,5,16,1128.0,,14.0
simu5g_00000725,4,5,17,1128.0,,14.0
simu5g_00000725,4,5,18,1160.0,,15.0
simu5g_00000725,4,5,19,1160.0,,15.0
simu5g_00000725,4,5,20,1160.0,,15.0
simu5g_00000725,4,5,21,1128.0,,14.0
simu5g_00000725,4,5,22,1160.0,,15.0
simu5g_00000725,4,5,23,1160.0,,15.0
simu5g_00000725,4,5,24,1128.0,,14.0
simu5g_00000726,31,0,0,1160.0,,15.0
simu5g_00000726,31,0,1,1160.0,,15.0
simu5g_00000726,31,0,2,1160.0,,15.0
simu5g_00000726,31,0,3,1160.0,,15.0
simu5g_00000726,31,0,4,1160.0,,15.0
simu5g_00000726,31,0,5,1160.0,,15.0
simu5g_00000726,31,0,6,1160.0,,15.0
simu5g_00000726,31,0,7,1160.0,,15.0
simu5g_00000726,31,0,8,1160.0,,15.0
simu5g_00000726,31,0,9,1160.0,,15.0
simu5g_00000726,31,0,10,1160.0,,15.0
simu5g_00000726,31,0,11,1160.0,,15.0
simu5g_00000726,31,0,12,1128.0,,14.0
simu5g_00000726,31,0,13,1160.0,,15.0
simu5g_00000726,31,0,14,1160.0,,15.0
simu5g_00000726,31,0,15,1160.0,,15.0
simu5g_00000726,31,0,16,1160.0,,15.0
simu5g_00000726,31,0,17,1160.0,,15.0
simu5g_00000726,31,0,18,1160.0,,15.0
simu5g_00000726,31,0,19,1160.0,,15.0
simu5g_00000726,31,0,20,1160.0,,15.0
simu5g_00000726,31,0,21,1160.0,,15.0
simu5g_00000726,31,0,22,1160.0,,15.0
simu5g_00000726,31,0,23,1160.0,,15.0
simu5g_00000726,31,0,24,1160.0,,15.0
simu5g_00000726,5,1,0,1160.0,,15.0
simu5g_00000726,5,1,1,1160.0,,15.0
simu5g_00000726,5,1,2,1160.0,,15.0
simu5g_00000726,5,1,3,1128.0,,14.0
simu5g_00000726,5,1,4,1160.0,,15.0
simu5g_00000726,5,1,5,1160.0,,15.0
simu5g_00000726,5,1,6,1160.0,,15.0
simu5g_00000726,5,1,7,1160.0,,15.0
simu5g_00000726,5,1,8,1160.0,,15.0
simu5g_00000726,5,1,9,1160.0,,15.0
simu5g_00000726,5,1,10,1160.0,,15.0
simu5g_00000726,5,1,11,1160.0,,15.0
simu5g_00000726,5,1,12,1160.0,,15.0
simu5g_00000726,5,1,13,1128.0,,14.0
simu5g_00000726,5,1,14,1128.0,,14.0
simu5g_00000726,5,1,15,1128.0,,14.0
simu5g_00000726,5,1,16,808.0,,11.0
simu5g_00000726,5,1,17,1160.0,,15.0
simu5g_00000726,5,1,18,1160.0,,15.0
simu5g_00000726,5,1,19,1160.0,,15.0
simu5g_00000726,5,1,20,1160.0,,15.0
simu5g_00000726,5,1,21,984.0,,13.0
simu5g_00000726,5,1,22,1160.0,,15.0
simu5g_00000726,5,1,23,1128.0,,14.0
simu5g_00000726,5,1,24,1160.0,,15.0
simu5g_00000726,6,2,0,1160.0,,15.0
simu5g_00000726,6,2,1,1160.0,,15.0
simu5g_00000726,6,2,2,1160.0,,15.0
simu5g_00000726,6,2,3,984.0,,13.0
simu5g_00000726,6,2,4,1160.0,,15.0
simu5g_00000726,6,2,5,1160.0,,15.0
simu5g_00000726,6,2,6,1160.0,,15.0
simu5g_00000726,6,2,7,1160.0,,15.0
simu5g_00000726,6,2,8,1160.0,,15.0
simu5g_00000726,6,2,9,1160.0,,15.0
simu5g_00000726,6,2,10,1160.0,,15.0
simu5g_00000726,6,2,11,1160.0,,15.0
simu5g_00000726,6,2,12,1160.0,,15.0
simu5g_00000726,6,2,13,1160.0,,15.0
simu5g_00000726,6,2,14,1160.0,,15.0
simu5g_00000726,6,2,15,1160.0,,15.0
simu5g_00000726,6,2,16,1128.0,,14.0
simu5g_00000726,6,2,17,1160.0,,15.0
simu5g_00000726,6,2,18,1160.0,,15.0
simu5g_00000726,6,2,19,1160.0,,15.0
simu5g_00000726,6,2,20,1160.0,,15.0
simu5g_00000726,6,2,21,1160.0,,15.0
simu5g_00000726,6,2,22,1160.0,,15.0
simu5g_00000726,6,2,23,1160.0,,15.0
simu5g_00000726,6,2,24,1160.0,,15.0
simu5g_00000726,7,3,0,1160.0,,15.0
simu5g_00000726,7,3,1,1160.0,,15.0
simu5g_00000726,7,3,2,1160.0,,15.0
simu5g_00000726,7,3,3,808.0,,11.0
simu5g_00000726,7,3,4,984.0,,13.0
simu5g_00000726,7,3,5,1160.0,,15.0
simu5g_00000726,7,3,6,1128.0,,14.0
simu5g_00000726,7,3,7,1160.0,,15.0
simu5g_00000726,7,3,8,1160.0,,15.0
simu5g_00000726,7,3,9,1128.0,,14.0
simu5g_00000726,7,3,10,1160.0,,15.0
simu5g_00000726,7,3,11,1128.0,,14.0
simu5g_00000726,7,3,12,1160.0,,15.0
simu5g_00000726,7,3,13,1160.0,,15.0
simu5g_00000726,7,3,14,1128.0,,14.0
simu5g_00000726,7,3,15,1160.0,,15.0
simu5g_00000726,7,3,16,1160.0,,15.0
simu5g_00000726,7,3,17,808.0,,11.0
simu5g_00000726,7,3,18,1160.0,,15.0
simu5g_00000726,7,3,19,1128.0,,14.0
simu5g_00000726,7,3,20,1128.0,,14.0
simu5g_00000726,7,3,21,1160.0,,15.0
simu5g_00000726,7,3,22,1160.0,,15.0
simu5g_00000726,7,3,23,1160.0,,15.0
simu5g_00000726,7,3,24,1160.0,,15.0
simu5g_00000727,0,0,0,1160.0,,15.0
simu5g_00000727,0,0,1,1128.0,,14.0
simu5g_00000727,0,0,2,1160.0,,15.0
simu5g_00000727,0,0,3,1160.0,,15.0
simu5g_00000727,0,0,4,1160.0,,15.0
simu5g_00000727,0,0,5,1160.0,,15.0
simu5g_00000727,0,0,6,1160.0,,15.0
simu5g_00000727,0,0,7,1160.0,,15.0
simu5g_00000727,0,0,8,1160.0,,15.0
simu5g_00000727,0,0,9,1160.0,,15.0
simu5g_00000727,0,0,10,1160.0,,15.0
simu5g_00000727,0,0,11,1160.0,,15.0
simu5g_00000727,0,0,12,1160.0,,15.0
simu5g_00000727,0,0,13,1160.0,,15.0
simu5g_00000727,0,0,14,1160.0,,15.0
simu5g_00000727,0,0,15,1160.0,,15.0
simu5g_00000727,0,0,16,1160.0,,15.0
simu5g_00000727,0,0,17,1160.0,,15.0
simu5g_00000727,0,0,18,1160.0,,15.0
simu5g_00000727,0,0,19,1160.0,,15.0
simu5g_00000727,0,0,20,1160.0,,15.0
simu5g_00000727,0,0,21,1160.0,,15.0
simu5g_00000727,0,0,22,1160.0,,15.0
simu5g_00000727,0,0,23,1160.0,,15.0
simu5g_00000727,0,0,24,1160.0,,15.0
simu5g_00000727,1,1,0,1160.0,,15.0
simu5g_00000727,1,1,1,1160.0,,15.0
simu5g_00000727,1,1,2,1160.0,,15.0
simu5g_00000727,1,1,3,1160.0,,15.0
simu5g_00000727,1,1,4,1160.0,,15.0
simu5g_00000727,1,1,5,1160.0,,15.0
simu5g_00000727,1,1,6,1160.0,,15.0
simu5g_00000727,1,1,7,1160.0,,15.0
simu5g_00000727,1,1,8,1160.0,,15.0
simu5g_00000727,1,1,9,1160.0,,15.0
simu5g_00000727,1,1,10,1160.0,,15.0
simu5g_00000727,1,1,11,1160.0,,15.0
simu5g_00000727,1,1,12,1160.0,,15.0
simu5g_00000727,1,1,13,1160.0,,15.0
simu5g_00000727,1,1,14,1160.0,,15.0
simu5g_00000727,1,1,15,1160.0,,15.0
simu5g_00000727,1,1,16,1160.0,,15.0
simu5g_00000727,1,1,17,1160.0,,15.0
simu5g_00000727,1,1,18,1160.0,,15.0
simu5g_00000727,1,1,19,1160.0,,15.0
simu5g_00000727,1,1,20,1160.0,,15.0
simu5g_00000727,1,1,21,1160.0,,15.0
simu5g_00000727,1,1,22,1160.0,,15.0
simu5g_00000727,1,1,23,1160.0,,15.0
simu5g_00000727,1,1,24,1160.0,,15.0
simu5g_00000727,15,2,0,808.0,,11.0
simu5g_00000727,15,2,1,888.0,,12.0
simu5g_00000727,15,2,2,984.0,,13.0
simu5g_00000727,15,2,3,984.0,,13.0
simu5g_00000727,15,2,4,608.0,,9.0
simu5g_00000727,15,2,5,368.0,,6.0
simu5g_00000727,15,2,6,1128.0,,14.0
simu5g_00000727,15,2,7,808.0,,11.0
simu5g_00000727,15,2,8,1128.0,,14.0
simu5g_00000727,15,2,9,984.0,,13.0
simu5g_00000727,15,2,10,1128.0,,14.0
simu5g_00000727,15,2,11,1128.0,,14.0
simu5g_00000727,15,2,12,528.0,,8.0
simu5g_00000727,15,2,13,984.0,,13.0
simu5g_00000727,15,2,14,888.0,,12.0
simu5g_00000727,15,2,15,704.0,,10.0
simu5g_00000727,15,2,16,1128.0,,14.0
simu5g_00000727,15,2,17,984.0,,13.0
simu5g_00000727,15,2,18,984.0,,13.0
simu5g_00000727,15,2,19,984.0,,13.0
simu5g_00000727,15,2,20,1128.0,,14.0
simu5g_00000727,15,2,21,888.0,,12.0
simu5g_00000727,15,2,22,984.0,,13.0
simu5g_00000727,15,2,23,984.0,,13.0
simu5g_00000727,15,2,24,984.0,,13.0
simu5g_00000727,2,3,0,1160.0,,15.0
simu5g_00000727,2,3,1,1160.0,,15.0
simu5g_00000727,2,3,2,1160.0,,15.0
simu5g_00000727,2,3,3,1160.0,,15.0
simu5g_00000727,2,3,4,1160.0,,15.0
simu5g_00000727,2,3,5,1160.0,,15.0
simu5g_00000727,2,3,6,1160.0,,15.0
simu5g_00000727,2,3,7,1160.0,,15.0
simu5g_00000727,2,3,8,1160.0,,15.0
simu5g_00000727,2,3,9,1160.0,,15.0
simu5g_00000727,2,3,10,1160.0,,15.0
simu5g_00000727,2,3,11,1160.0,,15.0
simu5g_00000727,2,3,12,1160.0,,15.0
simu5g_00000727,2,3,13,1160.0,,15.0
simu5g_00000727,2,3,14,1160.0,,15.0
simu5g_00000727,2,3,15,1160.0,,15.0
simu5g_00000727,2,3,16,1160.0,,15.0
simu5g_00000727,2,3,17,1160.0,,15.0
simu5g_00000727,2,3,18,1160.0,,15.0
simu5g_00000727,2,3,19,1160.0,,15.0
simu5g_00000727,2,3,20,1160.0,,15.0
simu5g_00000727,2,3,21,1160.0,,15.0
simu5g_00000727,2,3,22,1160.0,,15.0
simu5g_00000727,2,3,23,1160.0,,15.0
simu5g_00000727,2,3,24,1160.0,,15.0
simu5g_00000727,3,4,0,1160.0,,15.0
simu5g_00000727,3,4,1,1160.0,,15.0
simu5g_00000727,3,4,2,1160.0,,15.0
simu5g_00000727,3,4,3,1160.0,,15.0
simu5g_00000727,3,4,4,1160.0,,15.0
simu5g_00000727,3,4,5,1160.0,,15.0
simu5g_00000727,3,4,6,1160.0,,15.0
simu5g_00000727,3,4,7,1160.0,,15.0
simu5g_00000727,3,4,8,1160.0,,15.0
simu5g_00000727,3,4,9,1128.0,,14.0
simu5g_00000727,3,4,10,1160.0,,15.0
simu5g_00000727,3,4,11,1160.0,,15.0
simu5g_00000727,3,4,12,1160.0,,15.0
simu5g_00000727,3,4,13,1160.0,,15.0
simu5g_00000727,3,4,14,1160.0,,15.0
simu5g_00000727,3,4,15,1160.0,,15.0
simu5g_00000727,3,4,16,1160.0,,15.0
simu5g_00000727,3,4,17,1160.0,,15.0
simu5g_00000727,3,4,18,1160.0,,15.0
simu5g_00000727,3,4,19,1160.0,,15.0
simu5g_00000727,3,4,20,1160.0,,15.0
simu5g_00000727,3,4,21,1160.0,,15.0
simu5g_00000727,3,4,22,1160.0,,15.0
simu5g_00000727,3,4,23,1160.0,,15.0
simu5g_00000727,3,4,24,1160.0,,15.0
simu5g_00000727,4,5,0,1160.0,,15.0
simu5g_00000727,4,5,1,1128.0,,14.0
simu5g_00000727,4,5,2,1160.0,,15.0
simu5g_00000727,4,5,3,704.0,,10.0
simu5g_00000727,4,5,4,1160.0,,15.0
simu5g_00000727,4,5,5,1160.0,,15.0
simu5g_00000727,4,5,6,1160.0,,15.0
simu5g_00000727,4,5,7,888.0,,12.0
simu5g_00000727,4,5,8,1128.0,,14.0
simu5g_00000727,4,5,9,1160.0,,15.0
simu5g_00000727,4,5,10,1160.0,,15.0
simu5g_00000727,4,5,11,1160.0,,15.0
simu5g_00000727,4,5,12,1160.0,,15.0
simu5g_00000727,4,5,13,1160.0,,15.0
simu5g_00000727,4,5,14,1160.0,,15.0
simu5g_00000727,4,5,15,1128.0,,14.0
simu5g_00000727,4,5,16,1128.0,,14.0
simu5g_00000727,4,5,17,1128.0,,14.0
simu5g_00000727,4,5,18,1160.0,,15.0
simu5g_00000727,4,5,19,1160.0,,15.0
simu5g_00000727,4,5,20,1160.0,,15.0
simu5g_00000727,4,5,21,1128.0,,14.0
simu5g_00000727,4,5,22,1160.0,,15.0
simu5g_00000727,4,5,23,1160.0,,15.0
simu5g_00000727,4,5,24,1128.0,,14.0
simu5g_00000728,31,0,0,1160.0,,15.0
simu5g_00000728,31,0,1,1160.0,,15.0
simu5g_00000728,31,0,2,1160.0,,15.0
simu5g_00000728,31,0,3,1160.0,,15.0
simu5g_00000728,31,0,4,1160.0,,15.0
simu5g_00000728,31,0,5,1160.0,,15.0
simu5g_00000728,31,0,6,1160.0,,15.0
simu5g_00000728,31,0,7,1160.0,,15.0
simu5g_00000728,31,0,8,1160.0,,15.0
simu5g_00000728,31,0,9,1160.0,,15.0
simu5g_00000728,31,0,10,1160.0,,15.0
simu5g_00000728,31,0,11,1160.0,,15.0
simu5g_00000728,31,0,12,1128.0,,14.0
simu5g_00000728,31,0,13,1160.0,,15.0
simu5g_00000728,31,0,14,1160.0,,15.0
simu5g_00000728,31,0,15,1160.0,,15.0
simu5g_00000728,31,0,16,1160.0,,15.0
simu5g_00000728,31,0,17,1160.0,,15.0
simu5g_00000728,31,0,18,1160.0,,15.0
simu5g_00000728,31,0,19,1160.0,,15.0
simu5g_00000728,31,0,20,1160.0,,15.0
simu5g_00000728,31,0,21,1160.0,,15.0
simu5g_00000728,31,0,22,1160.0,,15.0
simu5g_00000728,31,0,23,1160.0,,15.0
simu5g_00000728,31,0,24,1160.0,,15.0
simu5g_00000728,5,1,0,1160.0,,15.0
simu5g_00000728,5,1,1,1160.0,,15.0
simu5g_00000728,5,1,2,1160.0,,15.0
simu5g_00000728,5,1,3,1160.0,,15.0
simu5g_00000728,5,1,4,1160.0,,15.0
simu5g_00000728,5,1,5,1160.0,,15.0
simu5g_00000728,5,1,6,1160.0,,15.0
simu5g_00000728,5,1,7,1160.0,,15.0
simu5g_00000728,5,1,8,1160.0,,15.0
simu5g_00000728,5,1,9,1160.0,,15.0
simu5g_00000728,5,1,10,1160.0,,15.0
simu5g_00000728,5,1,11,1160.0,,15.0
simu5g_00000728,5,1,12,1160.0,,15.0
simu5g_00000728,5,1,13,1160.0,,15.0
simu5g_00000728,5,1,14,1160.0,,15.0
simu5g_00000728,5,1,15,1160.0,,15.0
simu5g_00000728,5,1,16,984.0,,13.0
simu5g_00000728,5,1,17,1160.0,,15.0
simu5g_00000728,5,1,18,1160.0,,15.0
simu5g_00000728,5,1,19,1160.0,,15.0
simu5g_00000728,5,1,20,1160.0,,15.0
simu5g_00000728,5,1,21,1160.0,,15.0
simu5g_00000728,5,1,22,1160.0,,15.0
simu5g_00000728,5,1,23,1160.0,,15.0
simu5g_00000728,5,1,24,1160.0,,15.0
simu5g_00000728,6,2,0,1160.0,,15.0
simu5g_00000728,6,2,1,1160.0,,15.0
simu5g_00000728,6,2,2,1160.0,,15.0
simu5g_00000728,6,2,3,984.0,,13.0
simu5g_00000728,6,2,4,1160.0,,15.0
simu5g_00000728,6,2,5,1160.0,,15.0
simu5g_00000728,6,2,6,1160.0,,15.0
simu5g_00000728,6,2,7,1160.0,,15.0
simu5g_00000728,6,2,8,1160.0,,15.0
simu5g_00000728,6,2,9,1160.0,,15.0
simu5g_00000728,6,2,10,1160.0,,15.0
simu5g_00000728,6,2,11,1160.0,,15.0
simu5g_00000728,6,2,12,1160.0,,15.0
simu5g_00000728,6,2,13,1160.0,,15.0
simu5g_00000728,6,2,14,1160.0,,15.0
simu5g_00000728,6,2,15,1160.0,,15.0
simu5g_00000728,6,2,16,1128.0,,14.0
simu5g_00000728,6,2,17,1160.0,,15.0
simu5g_00000728,6,2,18,1160.0,,15.0
simu5g_00000728,6,2,19,1160.0,,15.0
simu5g_00000728,6,2,20,1160.0,,15.0
simu5g_00000728,6,2,21,1160.0,,15.0
simu5g_00000728,6,2,22,1160.0,,15.0
simu5g_00000728,6,2,23,1160.0,,15.0
simu5g_00000728,6,2,24,1160.0,,15.0
simu5g_00000728,7,3,0,1160.0,,15.0
simu5g_00000728,7,3,1,1160.0,,15.0
simu5g_00000728,7,3,2,1160.0,,15.0
simu5g_00000728,7,3,3,808.0,,11.0
simu5g_00000728,7,3,4,984.0,,13.0
simu5g_00000728,7,3,5,1160.0,,15.0
simu5g_00000728,7,3,6,1128.0,,14.0
simu5g_00000728,7,3,7,1160.0,,15.0
simu5g_00000728,7,3,8,1160.0,,15.0
simu5g_00000728,7,3,9,1128.0,,14.0
simu5g_00000728,7,3,10,1160.0,,15.0
simu5g_00000728,7,3,11,1128.0,,14.0
simu5g_00000728,7,3,12,1160.0,,15.0
simu5g_00000728,7,3,13,1160.0,,15.0
simu5g_00000728,7,3,14,1128.0,,14.0
simu5g_00000728,7,3,15,1160.0,,15.0
simu5g_00000728,7,3,16,1160.0,,15.0
simu5g_00000728,7,3,17,808.0,,11.0
simu5g_00000728,7,3,18,1160.0,,15.0
simu5g_00000728,7,3,19,1128.0,,14.0
simu5g_00000728,7,3,20,1128.0,,14.0
simu5g_00000728,7,3,21,1160.0,,15.0
simu5g_00000728,7,3,22,1160.0,,15.0
simu5g_00000728,7,3,23,1160.0,,15.0
simu5g_00000728,7,3,24,1160.0,,15.0
simu5g_00000729,0,0,0,1160.0,,15.0
simu5g_00000729,0,0,1,1128.0,,14.0
simu5g_00000729,0,0,2,1160.0,,15.0
simu5g_00000729,0,0,3,1160.0,,15.0
simu5g_00000729,0,0,4,1160.0,,15.0
simu5g_00000729,0,0,5,1160.0,,15.0
simu5g_00000729,0,0,6,1160.0,,15.0
simu5g_00000729,0,0,7,1160.0,,15.0
simu5g_00000729,0,0,8,1160.0,,15.0
simu5g_00000729,0,0,9,1160.0,,15.0
simu5g_00000729,0,0,10,1160.0,,15.0
simu5g_00000729,0,0,11,1160.0,,15.0
simu5g_00000729,0,0,12,1160.0,,15.0
simu5g_00000729,0,0,13,1160.0,,15.0
simu5g_00000729,0,0,14,1160.0,,15.0
simu5g_00000729,0,0,15,1160.0,,15.0
simu5g_00000729,0,0,16,1160.0,,15.0
simu5g_00000729,0,0,17,1160.0,,15.0
simu5g_00000729,0,0,18,1160.0,,15.0
simu5g_00000729,0,0,19,1160.0,,15.0
simu5g_00000729,0,0,20,1160.0,,15.0
simu5g_00000729,0,0,21,1160.0,,15.0
simu5g_00000729,0,0,22,1160.0,,15.0
simu5g_00000729,0,0,23,1160.0,,15.0
simu5g_00000729,0,0,24,1160.0,,15.0
simu5g_00000729,1,1,0,1160.0,,15.0
simu5g_00000729,1,1,1,1160.0,,15.0
simu5g_00000729,1,1,2,1160.0,,15.0
simu5g_00000729,1,1,3,1160.0,,15.0
simu5g_00000729,1,1,4,1160.0,,15.0
simu5g_00000729,1,1,5,1160.0,,15.0
simu5g_00000729,1,1,6,1160.0,,15.0
simu5g_00000729,1,1,7,1160.0,,15.0
simu5g_00000729,1,1,8,1160.0,,15.0
simu5g_00000729,1,1,9,1160.0,,15.0
simu5g_00000729,1,1,10,1160.0,,15.0
simu5g_00000729,1,1,11,1160.0,,15.0
simu5g_00000729,1,1,12,1160.0,,15.0
simu5g_00000729,1,1,13,1160.0,,15.0
simu5g_00000729,1,1,14,1160.0,,15.0
simu5g_00000729,1,1,15,1160.0,,15.0
simu5g_00000729,1,1,16,1160.0,,15.0
simu5g_00000729,1,1,17,1160.0,,15.0
simu5g_00000729,1,1,18,1160.0,,15.0
simu5g_00000729,1,1,19,1160.0,,15.0
simu5g_00000729,1,1,20,1160.0,,15.0
simu5g_00000729,1,1,21,1160.0,,15.0
simu5g_00000729,1,1,22,1160.0,,15.0
simu5g_00000729,1,1,23,1160.0,,15.0
simu5g_00000729,1,1,24,1160.0,,15.0
simu5g_00000729,15,2,0,808.0,,11.0
simu5g_00000729,15,2,1,888.0,,12.0
simu5g_00000729,15,2,2,984.0,,13.0
simu5g_00000729,15,2,3,984.0,,13.0
simu5g_00000729,15,2,4,608.0,,9.0
simu5g_00000729,15,2,5,368.0,,6.0
simu5g_00000729,15,2,6,1128.0,,14.0
simu5g_00000729,15,2,7,808.0,,11.0
simu5g_00000729,15,2,8,1128.0,,14.0
simu5g_00000729,15,2,9,984.0,,13.0
simu5g_00000729,15,2,10,1128.0,,14.0
simu5g_00000729,15,2,11,1128.0,,14.0
simu5g_00000729,15,2,12,528.0,,8.0
simu5g_00000729,15,2,13,984.0,,13.0
simu5g_00000729,15,2,14,888.0,,12.0
simu5g_00000729,15,2,15,704.0,,10.0
simu5g_00000729,15,2,16,1128.0,,14.0
simu5g_00000729,15,2,17,984.0,,13.0
simu5g_00000729,15,2,18,984.0,,13.0
simu5g_00000729,15,2,19,984.0,,13.0
simu5g_00000729,15,2,20,1128.0,,14.0
simu5g_00000729,15,2,21,888.0,,12.0
simu5g_00000729,15,2,22,984.0,,13.0
simu5g_00000729,15,2,23,984.0,,13.0
simu5g_00000729,15,2,24,984.0,,13.0
simu5g_00000729,2,3,0,1160.0,,15.0
simu5g_00000729,2,3,1,1160.0,,15.0
simu5g_00000729,2,3,2,1160.0,,15.0
simu5g_00000729,2,3,3,1160.0,,15.0
simu5g_00000729,2,3,4,1160.0,,15.0
simu5g_00000729,2,3,5,1160.0,,15.0
simu5g_00000729,2,3,6,1160.0,,15.0
simu5g_00000729,2,3,7,1160.0,,15.0
simu5g_00000729,2,3,8,1160.0,,15.0
simu5g_00000729,2,3,9,1160.0,,15.0
simu5g_00000729,2,3,10,1160.0,,15.0
simu5g_00000729,2,3,11,1160.0,,15.0
simu5g_00000729,2,3,12,1160.0,,15.0
simu5g_00000729,2,3,13,1160.0,,15.0
simu5g_00000729,2,3,14,1160.0,,15.0
simu5g_00000729,2,3,15,1160.0,,15.0
simu5g_00000729,2,3,16,1160.0,,15.0
simu5g_00000729,2,3,17,1160.0,,15.0
simu5g_00000729,2,3,18,1160.0,,15.0
simu5g_00000729,2,3,19,1160.0,,15.0
simu5g_00000729,2,3,20,1160.0,,15.0
simu5g_00000729,2,3,21,1160.0,,15.0
simu5g_00000729,2,3,22,1160.0,,15.0
simu5g_00000729,2,3,23,1160.0,,15.0
simu5g_00000729,2,3,24,1160.0,,15.0
simu5g_00000729,3,4,0,1160.0,,15.0
simu5g_00000729,3,4,1,1160.0,,15.0
simu5g_00000729,3,4,2,1160.0,,15.0
simu5g_00000729,3,4,3,1160.0,,15.0
simu5g_00000729,3,4,4,1160.0,,15.0
simu5g_00000729,3,4,5,1160.0,,15.0
simu5g_00000729,3,4,6,1160.0,,15.0
simu5g_00000729,3,4,7,1160.0,,15.0
simu5g_00000729,3,4,8,1160.0,,15.0
simu5g_00000729,3,4,9,1128.0,,14.0
simu5g_00000729,3,4,10,1160.0,,15.0
simu5g_00000729,3,4,11,1160.0,,15.0
simu5g_00000729,3,4,12,1160.0,,15.0
simu5g_00000729,3,4,13,1160.0,,15.0
simu5g_00000729,3,4,14,1160.0,,15.0
simu5g_00000729,3,4,15,1160.0,,15.0
simu5g_00000729,3,4,16,1160.0,,15.0
simu5g_00000729,3,4,17,1160.0,,15.0
simu5g_00000729,3,4,18,1160.0,,15.0
simu5g_00000729,3,4,19,1160.0,,15.0
simu5g_00000729,3,4,20,1160.0,,15.0
simu5g_00000729,3,4,21,1160.0,,15.0
simu5g_00000729,3,4,22,1160.0,,15.0
simu5g_00000729,3,4,23,1160.0,,15.0
simu5g_00000729,3,4,24,1160.0,,15.0
simu5g_00000729,4,5,0,1160.0,,15.0
simu5g_00000729,4,5,1,1128.0,,14.0
simu5g_00000729,4,5,2,1160.0,,15.0
simu5g_00000729,4,5,3,704.0,,10.0
simu5g_00000729,4,5,4,1160.0,,15.0
simu5g_00000729,4,5,5,1160.0,,15.0
simu5g_00000729,4,5,6,1160.0,,15.0
simu5g_00000729,4,5,7,888.0,,12.0
simu5g_00000729,4,5,8,1128.0,,14.0
simu5g_00000729,4,5,9,1160.0,,15.0
simu5g_00000729,4,5,10,1160.0,,15.0
simu5g_00000729,4,5,11,1160.0,,15.0
simu5g_00000729,4,5,12,1160.0,,15.0
simu5g_00000729,4,5,13,1160.0,,15.0
simu5g_00000729,4,5,14,1160.0,,15.0
simu5g_00000729,4,5,15,1128.0,,14.0
simu5g_00000729,4,5,16,1128.0,,14.0
simu5g_00000729,4,5,17,1160.0,,15.0
simu5g_00000729,4,5,18,1160.0,,15.0
simu5g_00000729,4,5,19,1160.0,,15.0
simu5g_00000729,4,5,20,1160.0,,15.0
simu5g_00000729,4,5,21,1128.0,,14.0
simu5g_00000729,4,5,22,1160.0,,15.0
simu5g_00000729,4,5,23,1160.0,,15.0
simu5g_00000729,4,5,24,1128.0,,14.0
simu5g_00000730,31,0,0,1160.0,,15.0
simu5g_00000730,31,0,1,1160.0,,15.0
simu5g_00000730,31,0,2,1160.0,,15.0
simu5g_00000730,31,0,3,1160.0,,15.0
simu5g_00000730,31,0,4,1160.0,,15.0
simu5g_00000730,31,0,5,1160.0,,15.0
simu5g_00000730,31,0,6,1160.0,,15.0
simu5g_00000730,31,0,7,1160.0,,15.0
simu5g_00000730,31,0,8,1160.0,,15.0
simu5g_00000730,31,0,9,1160.0,,15.0
simu5g_00000730,31,0,10,1160.0,,15.0
simu5g_00000730,31,0,11,1160.0,,15.0
simu5g_00000730,31,0,12,1128.0,,14.0
simu5g_00000730,31,0,13,1160.0,,15.0
simu5g_00000730,31,0,14,1160.0,,15.0
simu5g_00000730,31,0,15,1160.0,,15.0
simu5g_00000730,31,0,16,1160.0,,15.0
simu5g_00000730,31,0,17,1160.0,,15.0
simu5g_00000730,31,0,18,1160.0,,15.0
simu5g_00000730,31,0,19,1160.0,,15.0
simu5g_00000730,31,0,20,1160.0,,15.0
simu5g_00000730,31,0,21,1160.0,,15.0
simu5g_00000730,31,0,22,1160.0,,15.0
simu5g_00000730,31,0,23,1160.0,,15.0
simu5g_00000730,31,0,24,1160.0,,15.0
simu5g_00000730,5,1,0,1160.0,,15.0
simu5g_00000730,5,1,1,1160.0,,15.0
simu5g_00000730,5,1,2,1160.0,,15.0
simu5g_00000730,5,1,3,1160.0,,15.0
simu5g_00000730,5,1,4,1160.0,,15.0
simu5g_00000730,5,1,5,1160.0,,15.0
simu5g_00000730,5,1,6,1160.0,,15.0
simu5g_00000730,5,1,7,1160.0,,15.0
simu5g_00000730,5,1,8,1160.0,,15.0
simu5g_00000730,5,1,9,1160.0,,15.0
simu5g_00000730,5,1,10,1160.0,,15.0
simu5g_00000730,5,1,11,1160.0,,15.0
simu5g_00000730,5,1,12,1160.0,,15.0
simu5g_00000730,5,1,13,1160.0,,15.0
simu5g_00000730,5,1,14,1160.0,,15.0
simu5g_00000730,5,1,15,1160.0,,15.0
simu5g_00000730,5,1,16,984.0,,13.0
simu5g_00000730,5,1,17,1160.0,,15.0
simu5g_00000730,5,1,18,1160.0,,15.0
simu5g_00000730,5,1,19,1160.0,,15.0
simu5g_00000730,5,1,20,1160.0,,15.0
simu5g_00000730,5,1,21,1160.0,,15.0
simu5g_00000730,5,1,22,1160.0,,15.0
simu5g_00000730,5,1,23,1160.0,,15.0
simu5g_00000730,5,1,24,1160.0,,15.0
simu5g_00000730,6,2,0,1160.0,,15.0
simu5g_00000730,6,2,1,1160.0,,15.0
simu5g_00000730,6,2,2,1160.0,,15.0
simu5g_00000730,6,2,3,984.0,,13.0
simu5g_00000730,6,2,4,1160.0,,15.0
simu5g_00000730,6,2,5,1160.0,,15.0
simu5g_00000730,6,2,6,1160.0,,15.0
simu5g_00000730,6,2,7,1160.0,,15.0
simu5g_00000730,6,2,8,1160.0,,15.0
simu5g_00000730,6,2,9,1160.0,,15.0
simu5g_00000730,6,2,10,1160.0,,15.0
simu5g_00000730,6,2,11,1160.0,,15.0
simu5g_00000730,6,2,12,1160.0,,15.0
simu5g_00000730,6,2,13,1160.0,,15.0
simu5g_00000730,6,2,14,1160.0,,15.0
simu5g_00000730,6,2,15,1160.0,,15.0
simu5g_00000730,6,2,16,1128.0,,14.0
simu5g_00000730,6,2,17,1160.0,,15.0
simu5g_00000730,6,2,18,1160.0,,15.0
simu5g_00000730,6,2,19,1160.0,,15.0
simu5g_00000730,6,2,20,1160.0,,15.0
simu5g_00000730,6,2,21,1160.0,,15.0
simu5g_00000730,6,2,22,1160.0,,15.0
simu5g_00000730,6,2,23,1160.0,,15.0
simu5g_00000730,6,2,24,1160.0,,15.0
simu5g_00000730,7,3,0,1160.0,,15.0
simu5g_00000730,7,3,1,1160.0,,15.0
simu5g_00000730,7,3,2,1160.0,,15.0
simu5g_00000730,7,3,3,808.0,,11.0
simu5g_00000730,7,3,4,984.0,,13.0
simu5g_00000730,7,3,5,1160.0,,15.0
simu5g_00000730,7,3,6,1128.0,,14.0
simu5g_00000730,7,3,7,1160.0,,15.0
simu5g_00000730,7,3,8,1160.0,,15.0
simu5g_00000730,7,3,9,1128.0,,14.0
simu5g_00000730,7,3,10,1160.0,,15.0
simu5g_00000730,7,3,11,1128.0,,14.0
simu5g_00000730,7,3,12,1160.0,,15.0
simu5g_00000730,7,3,13,1160.0,,15.0
simu5g_00000730,7,3,14,1128.0,,14.0
simu5g_00000730,7,3,15,1160.0,,15.0
simu5g_00000730,7,3,16,1160.0,,15.0
simu5g_00000730,7,3,17,808.0,,11.0
simu5g_00000730,7,3,18,1160.0,,15.0
simu5g_00000730,7,3,19,1128.0,,14.0
simu5g_00000730,7,3,20,1128.0,,14.0
simu5g_00000730,7,3,21,1160.0,,15.0
simu5g_00000730,7,3,22,1160.0,,15.0
simu5g_00000730,7,3,23,1160.0,,15.0
simu5g_00000730,7,3,24,1160.0,,15.0
simu5g_00000731,0,0,0,1160.0,,15.0
simu5g_00000731,0,0,1,1128.0,,14.0
simu5g_00000731,0,0,2,1160.0,,15.0
simu5g_00000731,0,0,3,1160.0,,15.0
simu5g_00000731,0,0,4,1160.0,,15.0
simu5g_00000731,0,0,5,1160.0,,15.0
simu5g_00000731,0,0,6,1160.0,,15.0
simu5g_00000731,0,0,7,1160.0,,15.0
simu5g_00000731,0,0,8,1160.0,,15.0
simu5g_00000731,0,0,9,1160.0,,15.0
simu5g_00000731,0,0,10,1160.0,,15.0
simu5g_00000731,0,0,11,1160.0,,15.0
simu5g_00000731,0,0,12,1160.0,,15.0
simu5g_00000731,0,0,13,1160.0,,15.0
simu5g_00000731,0,0,14,1160.0,,15.0
simu5g_00000731,0,0,15,1160.0,,15.0
simu5g_00000731,0,0,16,1160.0,,15.0
simu5g_00000731,0,0,17,1160.0,,15.0
simu5g_00000731,0,0,18,1160.0,,15.0
simu5g_00000731,0,0,19,1160.0,,15.0
simu5g_00000731,0,0,20,1160.0,,15.0
simu5g_00000731,0,0,21,1160.0,,15.0
simu5g_00000731,0,0,22,1160.0,,15.0
simu5g_00000731,0,0,23,1160.0,,15.0
simu5g_00000731,0,0,24,1160.0,,15.0
simu5g_00000731,1,1,0,1160.0,,15.0
simu5g_00000731,1,1,1,1160.0,,15.0
simu5g_00000731,1,1,2,1160.0,,15.0
simu5g_00000731,1,1,3,1160.0,,15.0
simu5g_00000731,1,1,4,1160.0,,15.0
simu5g_00000731,1,1,5,1160.0,,15.0
simu5g_00000731,1,1,6,1160.0,,15.0
simu5g_00000731,1,1,7,1160.0,,15.0
simu5g_00000731,1,1,8,1160.0,,15.0
simu5g_00000731,1,1,9,1160.0,,15.0
simu5g_00000731,1,1,10,1160.0,,15.0
simu5g_00000731,1,1,11,1160.0,,15.0
simu5g_00000731,1,1,12,1160.0,,15.0
simu5g_00000731,1,1,13,1160.0,,15.0
simu5g_00000731,1,1,14,1160.0,,15.0
simu5g_00000731,1,1,15,1160.0,,15.0
simu5g_00000731,1,1,16,1160.0,,15.0
simu5g_00000731,1,1,17,1160.0,,15.0
simu5g_00000731,1,1,18,1160.0,,15.0
simu5g_00000731,1,1,19,1160.0,,15.0
simu5g_00000731,1,1,20,1160.0,,15.0
simu5g_00000731,1,1,21,1160.0,,15.0
simu5g_00000731,1,1,22,1160.0,,15.0
simu5g_00000731,1,1,23,1160.0,,15.0
simu5g_00000731,1,1,24,1160.0,,15.0
simu5g_00000731,15,2,0,808.0,,11.0
simu5g_00000731,15,2,1,888.0,,12.0
simu5g_00000731,15,2,2,984.0,,13.0
simu5g_00000731,15,2,3,984.0,,13.0
simu5g_00000731,15,2,4,608.0,,9.0
simu5g_00000731,15,2,5,368.0,,6.0
simu5g_00000731,15,2,6,1128.0,,14.0
simu5g_00000731,15,2,7,808.0,,11.0
simu5g_00000731,15,2,8,1128.0,,14.0
simu5g_00000731,15,2,9,984.0,,13.0
simu5g_00000731,15,2,10,984.0,,13.0
simu5g_00000731,15,2,11,1128.0,,14.0
simu5g_00000731,15,2,12,528.0,,8.0
simu5g_00000731,15,2,13,984.0,,13.0
simu5g_00000731,15,2,14,888.0,,12.0
simu5g_00000731,15,2,15,704.0,,10.0
simu5g_00000731,15,2,16,1128.0,,14.0
simu5g_00000731,15,2,17,984.0,,13.0
simu5g_00000731,15,2,18,984.0,,13.0
simu5g_00000731,15,2,19,984.0,,13.0
simu5g_00000731,15,2,20,1128.0,,14.0
simu5g_00000731,15,2,21,888.0,,12.0
simu5g_00000731,15,2,22,984.0,,13.0
simu5g_00000731,15,2,23,984.0,,13.0
simu5g_00000731,15,2,24,984.0,,13.0
simu5g_00000731,2,3,0,1160.0,,15.0
simu5g_00000731,2,3,1,1160.0,,15.0
simu5g_00000731,2,3,2,1160.0,,15.0
simu5g_00000731,2,3,3,1160.0,,15.0
simu5g_00000731,2,3,4,1160.0,,15.0
simu5g_00000731,2,3,5,1160.0,,15.0
simu5g_00000731,2,3,6,1160.0,,15.0
simu5g_00000731,2,3,7,1160.0,,15.0
simu5g_00000731,2,3,8,1160.0,,15.0
simu5g_00000731,2,3,9,1160.0,,15.0
simu5g_00000731,2,3,10,1160.0,,15.0
simu5g_00000731,2,3,11,1160.0,,15.0
simu5g_00000731,2,3,12,1160.0,,15.0
simu5g_00000731,2,3,13,1160.0,,15.0
simu5g_00000731,2,3,14,1160.0,,15.0
simu5g_00000731,2,3,15,1160.0,,15.0
simu5g_00000731,2,3,16,1160.0,,15.0
simu5g_00000731,2,3,17,1160.0,,15.0
simu5g_00000731,2,3,18,1160.0,,15.0
simu5g_00000731,2,3,19,1160.0,,15.0
simu5g_00000731,2,3,20,1160.0,,15.0
simu5g_00000731,2,3,21,1160.0,,15.0
simu5g_00000731,2,3,22,1160.0,,15.0
simu5g_00000731,2,3,23,1160.0,,15.0
simu5g_00000731,2,3,24,1160.0,,15.0
simu5g_00000731,3,4,0,1160.0,,15.0
simu5g_00000731,3,4,1,1160.0,,15.0
simu5g_00000731,3,4,2,1160.0,,15.0
simu5g_00000731,3,4,3,1160.0,,15.0
simu5g_00000731,3,4,4,1160.0,,15.0
simu5g_00000731,3,4,5,1160.0,,15.0
simu5g_00000731,3,4,6,1160.0,,15.0
simu5g_00000731,3,4,7,1160.0,,15.0
simu5g_00000731,3,4,8,1128.0,,14.0
simu5g_00000731,3,4,9,1128.0,,14.0
simu5g_00000731,3,4,10,1160.0,,15.0
simu5g_00000731,3,4,11,1160.0,,15.0
simu5g_00000731,3,4,12,1160.0,,15.0
simu5g_00000731,3,4,13,1160.0,,15.0
simu5g_00000731,3,4,14,1160.0,,15.0
simu5g_00000731,3,4,15,1160.0,,15.0
simu5g_00000731,3,4,16,1160.0,,15.0
simu5g_00000731,3,4,17,1160.0,,15.0
simu5g_00000731,3,4,18,1160.0,,15.0
simu5g_00000731,3,4,19,1160.0,,15.0
simu5g_00000731,3,4,20,1160.0,,15.0
simu5g_00000731,3,4,21,1160.0,,15.0
simu5g_00000731,3,4,22,1160.0,,15.0
simu5g_00000731,3,4,23,1160.0,,15.0
simu5g_00000731,3,4,24,1160.0,,15.0
simu5g_00000731,4,5,0,1160.0,,15.0
simu5g_00000731,4,5,1,1128.0,,14.0
simu5g_00000731,4,5,2,1160.0,,15.0
simu5g_00000731,4,5,3,808.0,,11.0
simu5g_00000731,4,5,4,1160.0,,15.0
simu5g_00000731,4,5,5,1160.0,,15.0
simu5g_00000731,4,5,6,1160.0,,15.0
simu5g_00000731,4,5,7,984.0,,13.0
simu5g_00000731,4,5,8,1128.0,,14.0
simu5g_00000731,4,5,9,1160.0,,15.0
simu5g_00000731,4,5,10,1160.0,,15.0
simu5g_00000731,4,5,11,1160.0,,15.0
simu5g_00000731,4,5,12,1160.0,,15.0
simu5g_00000731,4,5,13,1160.0,,15.0
simu5g_00000731,4,5,14,1160.0,,15.0
simu5g_00000731,4,5,15,1128.0,,14.0
simu5g_00000731,4,5,16,1160.0,,15.0
simu5g_00000731,4,5,17,1160.0,,15.0
simu5g_00000731,4,5,18,1160.0,,15.0
simu5g_00000731,4,5,19,1160.0,,15.0
simu5g_00000731,4,5,20,1160.0,,15.0
simu5g_00000731,4,5,21,1128.0,,14.0
simu5g_00000731,4,5,22,1160.0,,15.0
simu5g_00000731,4,5,23,1160.0,,15.0
simu5g_00000731,4,5,24,1160.0,,15.0
simu5g_00000732,31,0,0,1160.0,,15.0
simu5g_00000732,31,0,1,1160.0,,15.0
simu5g_00000732,31,0,2,1160.0,,15.0
simu5g_00000732,31,0,3,1160.0,,15.0
simu5g_00000732,31,0,4,1160.0,,15.0
simu5g_00000732,31,0,5,1160.0,,15.0
simu5g_00000732,31,0,6,1160.0,,15.0
simu5g_00000732,31,0,7,1160.0,,15.0
simu5g_00000732,31,0,8,1160.0,,15.0
simu5g_00000732,31,0,9,1160.0,,15.0
simu5g_00000732,31,0,10,1160.0,,15.0
simu5g_00000732,31,0,11,1160.0,,15.0
simu5g_00000732,31,0,12,1128.0,,14.0
simu5g_00000732,31,0,13,1160.0,,15.0
simu5g_00000732,31,0,14,1160.0,,15.0
simu5g_00000732,31,0,15,1160.0,,15.0
simu5g_00000732,31,0,16,1160.0,,15.0
simu5g_00000732,31,0,17,1160.0,,15.0
simu5g_00000732,31,0,18,1160.0,,15.0
simu5g_00000732,31,0,19,1160.0,,15.0
simu5g_00000732,31,0,20,1160.0,,15.0
simu5g_00000732,31,0,21,1160.0,,15.0
simu5g_00000732,31,0,22,1160.0,,15.0
simu5g_00000732,31,0,23,1160.0,,15.0
simu5g_00000732,31,0,24,1160.0,,15.0
simu5g_00000732,5,1,0,1160.0,,15.0
simu5g_00000732,5,1,1,1160.0,,15.0
simu5g_00000732,5,1,2,1160.0,,15.0
simu5g_00000732,5,1,3,1160.0,,15.0
simu5g_00000732,5,1,4,1160.0,,15.0
simu5g_00000732,5,1,5,1160.0,,15.0
simu5g_00000732,5,1,6,1160.0,,15.0
simu5g_00000732,5,1,7,1160.0,,15.0
simu5g_00000732,5,1,8,1160.0,,15.0
simu5g_00000732,5,1,9,1160.0,,15.0
simu5g_00000732,5,1,10,1160.0,,15.0
simu5g_00000732,5,1,11,1160.0,,15.0
simu5g_00000732,5,1,12,1160.0,,15.0
simu5g_00000732,5,1,13,1160.0,,15.0
simu5g_00000732,5,1,14,1160.0,,15.0
simu5g_00000732,5,1,15,1160.0,,15.0
simu5g_00000732,5,1,16,984.0,,13.0
simu5g_00000732,5,1,17,1160.0,,15.0
simu5g_00000732,5,1,18,1160.0,,15.0
simu5g_00000732,5,1,19,1160.0,,15.0
simu5g_00000732,5,1,20,1160.0,,15.0
simu5g_00000732,5,1,21,1160.0,,15.0
simu5g_00000732,5,1,22,1160.0,,15.0
simu5g_00000732,5,1,23,1160.0,,15.0
simu5g_00000732,5,1,24,1160.0,,15.0
simu5g_00000732,6,2,0,1160.0,,15.0
simu5g_00000732,6,2,1,1160.0,,15.0
simu5g_00000732,6,2,2,1160.0,,15.0
simu5g_00000732,6,2,3,984.0,,13.0
simu5g_00000732,6,2,4,1160.0,,15.0
simu5g_00000732,6,2,5,1160.0,,15.0
simu5g_00000732,6,2,6,1160.0,,15.0
simu5g_00000732,6,2,7,1160.0,,15.0
simu5g_00000732,6,2,8,1160.0,,15.0
simu5g_00000732,6,2,9,1160.0,,15.0
simu5g_00000732,6,2,10,1160.0,,15.0
simu5g_00000732,6,2,11,1160.0,,15.0
simu5g_00000732,6,2,12,1160.0,,15.0
simu5g_00000732,6,2,13,1160.0,,15.0
simu5g_00000732,6,2,14,1160.0,,15.0
simu5g_00000732,6,2,15,1160.0,,15.0
simu5g_00000732,6,2,16,1128.0,,14.0
simu5g_00000732,6,2,17,1160.0,,15.0
simu5g_00000732,6,2,18,1160.0,,15.0
simu5g_00000732,6,2,19,1160.0,,15.0
simu5g_00000732,6,2,20,1160.0,,15.0
simu5g_00000732,6,2,21,1160.0,,15.0
simu5g_00000732,6,2,22,1160.0,,15.0
simu5g_00000732,6,2,23,1160.0,,15.0
simu5g_00000732,6,2,24,1160.0,,15.0
simu5g_00000732,7,3,0,1160.0,,15.0
simu5g_00000732,7,3,1,1160.0,,15.0
simu5g_00000732,7,3,2,1160.0,,15.0
simu5g_00000732,7,3,3,808.0,,11.0
simu5g_00000732,7,3,4,984.0,,13.0
simu5g_00000732,7,3,5,1160.0,,15.0
simu5g_00000732,7,3,6,1128.0,,14.0
simu5g_00000732,7,3,7,1160.0,,15.0
simu5g_00000732,7,3,8,1160.0,,15.0
simu5g_00000732,7,3,9,1128.0,,14.0
simu5g_00000732,7,3,10,1160.0,,15.0
simu5g_00000732,7,3,11,1128.0,,14.0
simu5g_00000732,7,3,12,1160.0,,15.0
simu5g_00000732,7,3,13,1160.0,,15.0
simu5g_00000732,7,3,14,1128.0,,14.0
simu5g_00000732,7,3,15,1160.0,,15.0
simu5g_00000732,7,3,16,1160.0,,15.0
simu5g_00000732,7,3,17,808.0,,11.0
simu5g_00000732,7,3,18,1160.0,,15.0
simu5g_00000732,7,3,19,1128.0,,14.0
simu5g_00000732,7,3,20,1128.0,,14.0
simu5g_00000732,7,3,21,1160.0,,15.0
simu5g_00000732,7,3,22,1160.0,,15.0
simu5g_00000732,7,3,23,1160.0,,15.0
simu5g_00000732,7,3,24,1160.0,,15.0
simu5g_00000733,0,0,0,1160.0,,15.0
simu5g_00000733,0,0,1,1128.0,,14.0
simu5g_00000733,0,0,2,1160.0,,15.0
simu5g_00000733,0,0,3,1160.0,,15.0
simu5g_00000733,0,0,4,1160.0,,15.0
simu5g_00000733,0,0,5,1160.0,,15.0
simu5g_00000733,0,0,6,1160.0,,15.0
simu5g_00000733,0,0,7,1160.0,,15.0
simu5g_00000733,0,0,8,1160.0,,15.0
simu5g_00000733,0,0,9,1160.0,,15.0
simu5g_00000733,0,0,10,1160.0,,15.0
simu5g_00000733,0,0,11,1160.0,,15.0
simu5g_00000733,0,0,12,1160.0,,15.0
simu5g_00000733,0,0,13,1160.0,,15.0
simu5g_00000733,0,0,14,1160.0,,15.0
simu5g_00000733,0,0,15,1160.0,,15.0
simu5g_00000733,0,0,16,1160.0,,15.0
simu5g_00000733,0,0,17,1160.0,,15.0
simu5g_00000733,0,0,18,1160.0,,15.0
simu5g_00000733,0,0,19,1160.0,,15.0
simu5g_00000733,0,0,20,1160.0,,15.0
simu5g_00000733,0,0,21,1160.0,,15.0
simu5g_00000733,0,0,22,1160.0,,15.0
simu5g_00000733,0,0,23,1160.0,,15.0
simu5g_00000733,0,0,24,1160.0,,15.0
simu5g_00000733,1,1,0,1160.0,,15.0
simu5g_00000733,1,1,1,1160.0,,15.0
simu5g_00000733,1,1,2,1160.0,,15.0
simu5g_00000733,1,1,3,1160.0,,15.0
simu5g_00000733,1,1,4,1160.0,,15.0
simu5g_00000733,1,1,5,1160.0,,15.0
simu5g_00000733,1,1,6,1160.0,,15.0
simu5g_00000733,1,1,7,1160.0,,15.0
simu5g_00000733,1,1,8,1160.0,,15.0
simu5g_00000733,1,1,9,1160.0,,15.0
simu5g_00000733,1,1,10,1160.0,,15.0
simu5g_00000733,1,1,11,1160.0,,15.0
simu5g_00000733,1,1,12,1160.0,,15.0
simu5g_00000733,1,1,13,1160.0,,15.0
simu5g_00000733,1,1,14,1160.0,,15.0
simu5g_00000733,1,1,15,1160.0,,15.0
simu5g_00000733,1,1,16,1160.0,,15.0
simu5g_00000733,1,1,17,1160.0,,15.0
simu5g_00000733,1,1,18,1160.0,,15.0
simu5g_00000733,1,1,19,1160.0,,15.0
simu5g_00000733,1,1,20,1160.0,,15.0
simu5g_00000733,1,1,21,1128.0,,14.0
simu5g_00000733,1,1,22,1160.0,,15.0
simu5g_00000733,1,1,23,1160.0,,15.0
simu5g_00000733,1,1,24,1160.0,,15.0
simu5g_00000733,15,2,0,984.0,,13.0
simu5g_00000733,15,2,1,984.0,,13.0
simu5g_00000733,15,2,2,1128.0,,14.0
simu5g_00000733,15,2,3,1128.0,,14.0
simu5g_00000733,15,2,4,888.0,,12.0
simu5g_00000733,15,2,5,608.0,,9.0
simu5g_00000733,15,2,6,1160.0,,15.0
simu5g_00000733,15,2,7,984.0,,13.0
simu5g_00000733,15,2,8,1160.0,,15.0
simu5g_00000733,15,2,9,1128.0,,14.0
simu5g_00000733,15,2,10,1160.0,,15.0
simu5g_00000733,15,2,11,1160.0,,15.0
simu5g_00000733,15,2,12,808.0,,11.0
simu5g_00000733,15,2,13,1160.0,,15.0
simu5g_00000733,15,2,14,1128.0,,14.0
simu5g_00000733,15,2,15,984.0,,13.0
simu5g_00000733,15,2,16,1160.0,,15.0
simu5g_00000733,15,2,17,1128.0,,14.0
simu5g_00000733,15,2,18,1128.0,,14.0
simu5g_00000733,15,2,19,1128.0,,14.0
simu5g_00000733,15,2,20,1160.0,,15.0
simu5g_00000733,15,2,21,1128.0,,14.0
simu5g_00000733,15,2,22,1128.0,,14.0
simu5g_00000733,15,2,23,1128.0,,14.0
simu5g_00000733,15,2,24,1128.0,,14.0
simu5g_00000733,2,3,0,1160.0,,15.0
simu5g_00000733,2,3,1,1160.0,,15.0
simu5g_00000733,2,3,2,1160.0,,15.0
simu5g_00000733,2,3,3,1160.0,,15.0
simu5g_00000733,2,3,4,1160.0,,15.0
simu5g_00000733,2,3,5,1160.0,,15.0
simu5g_00000733,2,3,6,1160.0,,15.0
simu5g_00000733,2,3,7,1160.0,,15.0
simu5g_00000733,2,3,8,1160.0,,15.0
simu5g_00000733,2,3,9,1160.0,,15.0
simu5g_00000733,2,3,10,1160.0,,15.0
simu5g_00000733,2,3,11,1160.0,,15.0
simu5g_00000733,2,3,12,1160.0,,15.0
simu5g_00000733,2,3,13,1160.0,,15.0
simu5g_00000733,2,3,14,1160.0,,15.0
simu5g_00000733,2,3,15,1160.0,,15.0
simu5g_00000733,2,3,16,1160.0,,15.0
simu5g_00000733,2,3,17,1160.0,,15.0
simu5g_00000733,2,3,18,1160.0,,15.0
simu5g_00000733,2,3,19,1160.0,,15.0
simu5g_00000733,2,3,20,1160.0,,15.0
simu5g_00000733,2,3,21,1160.0,,15.0
simu5g_00000733,2,3,22,1160.0,,15.0
simu5g_00000733,2,3,23,1160.0,,15.0
simu5g_00000733,2,3,24,1160.0,,15.0
simu5g_00000733,3,4,0,1160.0,,15.0
simu5g_00000733,3,4,1,1160.0,,15.0
simu5g_00000733,3,4,2,1160.0,,15.0
simu5g_00000733,3,4,3,1160.0,,15.0
simu5g_00000733,3,4,4,1160.0,,15.0
simu5g_00000733,3,4,5,1160.0,,15.0
simu5g_00000733,3,4,6,1160.0,,15.0
simu5g_00000733,3,4,7,1160.0,,15.0
simu5g_00000733,3,4,8,1128.0,,14.0
simu5g_00000733,3,4,9,1128.0,,14.0
simu5g_00000733,3,4,10,1160.0,,15.0
simu5g_00000733,3,4,11,1160.0,,15.0
simu5g_00000733,3,4,12,1160.0,,15.0
simu5g_00000733,3,4,13,1160.0,,15.0
simu5g_00000733,3,4,14,1160.0,,15.0
simu5g_00000733,3,4,15,1160.0,,15.0
simu5g_00000733,3,4,16,1160.0,,15.0
simu5g_00000733,3,4,17,1160.0,,15.0
simu5g_00000733,3,4,18,1160.0,,15.0
simu5g_00000733,3,4,19,1160.0,,15.0
simu5g_00000733,3,4,20,1160.0,,15.0
simu5g_00000733,3,4,21,1160.0,,15.0
simu5g_00000733,3,4,22,1160.0,,15.0
simu5g_00000733,3,4,23,1160.0,,15.0
simu5g_00000733,3,4,24,1160.0,,15.0
simu5g_00000733,4,5,0,1160.0,,15.0
simu5g_00000733,4,5,1,1128.0,,14.0
simu5g_00000733,4,5,2,1160.0,,15.0
simu5g_00000733,4,5,3,808.0,,11.0
simu5g_00000733,4,5,4,1160.0,,15.0
simu5g_00000733,4,5,5,1160.0,,15.0
simu5g_00000733,4,5,6,1160.0,,15.0
simu5g_00000733,4,5,7,984.0,,13.0
simu5g_00000733,4,5,8,1128.0,,14.0
simu5g_00000733,4,5,9,1160.0,,15.0
simu5g_00000733,4,5,10,1160.0,,15.0
simu5g_00000733,4,5,11,1160.0,,15.0
simu5g_00000733,4,5,12,1160.0,,15.0
simu5g_00000733,4,5,13,1160.0,,15.0
simu5g_00000733,4,5,14,1160.0,,15.0
simu5g_00000733,4,5,15,1128.0,,14.0
simu5g_00000733,4,5,16,1160.0,,15.0
simu5g_00000733,4,5,17,1160.0,,15.0
simu5g_00000733,4,5,18,1160.0,,15.0
simu5g_00000733,4,5,19,1160.0,,15.0
simu5g_00000733,4,5,20,1160.0,,15.0
simu5g_00000733,4,5,21,1128.0,,14.0
simu5g_00000733,4,5,22,1160.0,,15.0
simu5g_00000733,4,5,23,1160.0,,15.0
simu5g_00000733,4,5,24,1160.0,,15.0
simu5g_00000733,5,6,0,1160.0,,15.0
simu5g_00000733,5,6,1,1160.0,,15.0
simu5g_00000733,5,6,2,1160.0,,15.0
simu5g_00000733,5,6,3,1160.0,,15.0
simu5g_00000733,5,6,4,1160.0,,15.0
simu5g_00000733,5,6,5,1160.0,,15.0
simu5g_00000733,5,6,6,1160.0,,15.0
simu5g_00000733,5,6,7,1160.0,,15.0
simu5g_00000733,5,6,8,1160.0,,15.0
simu5g_00000733,5,6,9,1160.0,,15.0
simu5g_00000733,5,6,10,1160.0,,15.0
simu5g_00000733,5,6,11,1160.0,,15.0
simu5g_00000733,5,6,12,1160.0,,15.0
simu5g_00000733,5,6,13,1128.0,,14.0
simu5g_00000733,5,6,14,1128.0,,14.0
simu5g_00000733,5,6,15,1160.0,,15.0
simu5g_00000733,5,6,16,888.0,,12.0
simu5g_00000733,5,6,17,1160.0,,15.0
simu5g_00000733,5,6,18,1160.0,,15.0
simu5g_00000733,5,6,19,1160.0,,15.0
simu5g_00000733,5,6,20,1160.0,,15.0
simu5g_00000733,5,6,21,1128.0,,14.0
simu5g_00000733,5,6,22,1160.0,,15.0
simu5g_00000733,5,6,23,1160.0,,15.0
simu5g_00000733,5,6,24,1160.0,,15.0
simu5g_00000734,31,0,0,1160.0,,15.0
simu5g_00000734,31,0,1,1160.0,,15.0
simu5g_00000734,31,0,2,1160.0,,15.0
simu5g_00000734,31,0,3,1160.0,,15.0
simu5g_00000734,31,0,4,1160.0,,15.0
simu5g_00000734,31,0,5,1160.0,,15.0
simu5g_00000734,31,0,6,1160.0,,15.0
simu5g_00000734,31,0,7,1160.0,,15.0
simu5g_00000734,31,0,8,1160.0,,15.0
simu5g_00000734,31,0,9,1160.0,,15.0
simu5g_00000734,31,0,10,1160.0,,15.0
simu5g_00000734,31,0,11,1160.0,,15.0
simu5g_00000734,31,0,12,1128.0,,14.0
simu5g_00000734,31,0,13,1160.0,,15.0
simu5g_00000734,31,0,14,1160.0,,15.0
simu5g_00000734,31,0,15,1160.0,,15.0
simu5g_00000734,31,0,16,1160.0,,15.0
simu5g_00000734,31,0,17,1160.0,,15.0
simu5g_00000734,31,0,18,1160.0,,15.0
simu5g_00000734,31,0,19,1160.0,,15.0
simu5g_00000734,31,0,20,1160.0,,15.0
simu5g_00000734,31,0,21,1160.0,,15.0
simu5g_00000734,31,0,22,1160.0,,15.0
simu5g_00000734,31,0,23,1160.0,,15.0
simu5g_00000734,31,0,24,1160.0,,15.0
simu5g_00000734,6,1,0,1160.0,,15.0
simu5g_00000734,6,1,1,1160.0,,15.0
simu5g_00000734,6,1,2,1160.0,,15.0
simu5g_00000734,6,1,3,984.0,,13.0
simu5g_00000734,6,1,4,1160.0,,15.0
simu5g_00000734,6,1,5,1160.0,,15.0
simu5g_00000734,6,1,6,1160.0,,15.0
simu5g_00000734,6,1,7,1160.0,,15.0
simu5g_00000734,6,1,8,1160.0,,15.0
simu5g_00000734,6,1,9,1160.0,,15.0
simu5g_00000734,6,1,10,1160.0,,15.0
simu5g_00000734,6,1,11,1160.0,,15.0
simu5g_00000734,6,1,12,1160.0,,15.0
simu5g_00000734,6,1,13,1160.0,,15.0
simu5g_00000734,6,1,14,1160.0,,15.0
simu5g_00000734,6,1,15,1160.0,,15.0
simu5g_00000734,6,1,16,1128.0,,14.0
simu5g_00000734,6,1,17,1160.0,,15.0
simu5g_00000734,6,1,18,1160.0,,15.0
simu5g_00000734,6,1,19,1160.0,,15.0
simu5g_00000734,6,1,20,1160.0,,15.0
simu5g_00000734,6,1,21,1160.0,,15.0
simu5g_00000734,6,1,22,1160.0,,15.0
simu5g_00000734,6,1,23,1160.0,,15.0
simu5g_00000734,6,1,24,1160.0,,15.0
simu5g_00000734,7,2,0,1160.0,,15.0
simu5g_00000734,7,2,1,1160.0,,15.0
simu5g_00000734,7,2,2,1160.0,,15.0
simu5g_00000734,7,2,3,808.0,,11.0
simu5g_00000734,7,2,4,984.0,,13.0
simu5g_00000734,7,2,5,1160.0,,15.0
simu5g_00000734,7,2,6,1128.0,,14.0
simu5g_00000734,7,2,7,1160.0,,15.0
simu5g_00000734,7,2,8,1160.0,,15.0
simu5g_00000734,7,2,9,1128.0,,14.0
simu5g_00000734,7,2,10,1160.0,,15.0
simu5g_00000734,7,2,11,1128.0,,14.0
simu5g_00000734,7,2,12,1160.0,,15.0
simu5g_00000734,7,2,13,1160.0,,15.0
simu5g_00000734,7,2,14,1128.0,,14.0
simu5g_00000734,7,2,15,1160.0,,15.0
simu5g_00000734,7,2,16,1160.0,,15.0
simu5g_00000734,7,2,17,808.0,,11.0
simu5g_00000734,7,2,18,1160.0,,15.0
simu5g_00000734,7,2,19,1128.0,,14.0
simu5g_00000734,7,2,20,1128.0,,14.0
simu5g_00000734,7,2,21,1160.0,,15.0
simu5g_00000734,7,2,22,1160.0,,15.0
simu5g_00000734,7,2,23,1160.0,,15.0
simu5g_00000734,7,2,24,1160.0,,15.0
simu5g_00000735,0,0,0,1160.0,,15.0
simu5g_00000735,0,0,1,1128.0,,14.0
simu5g_00000735,0,0,2,1160.0,,15.0
simu5g_00000735,0,0,3,1160.0,,15.0
simu5g_00000735,0,0,4,1160.0,,15.0
simu5g_00000735,0,0,5,1160.0,,15.0
simu5g_00000735,0,0,6,1160.0,,15.0
simu5g_00000735,0,0,7,1160.0,,15.0
simu5g_00000735,0,0,8,1160.0,,15.0
simu5g_00000735,0,0,9,1160.0,,15.0
simu5g_00000735,0,0,10,1160.0,,15.0
simu5g_00000735,0,0,11,1160.0,,15.0
simu5g_00000735,0,0,12,1160.0,,15.0
simu5g_00000735,0,0,13,1160.0,,15.0
simu5g_00000735,0,0,14,1160.0,,15.0
simu5g_00000735,0,0,15,1160.0,,15.0
simu5g_00000735,0,0,16,1160.0,,15.0
simu5g_00000735,0,0,17,1160.0,,15.0
simu5g_00000735,0,0,18,1160.0,,15.0
simu5g_00000735,0,0,19,1160.0,,15.0
simu5g_00000735,0,0,20,1160.0,,15.0
simu5g_00000735,0,0,21,1160.0,,15.0
simu5g_00000735,0,0,22,1160.0,,15.0
simu5g_00000735,0,0,23,1160.0,,15.0
simu5g_00000735,0,0,24,1160.0,,15.0
simu5g_00000735,1,1,0,1160.0,,15.0
simu5g_00000735,1,1,1,1160.0,,15.0
simu5g_00000735,1,1,2,1160.0,,15.0
simu5g_00000735,1,1,3,1160.0,,15.0
simu5g_00000735,1,1,4,1160.0,,15.0
simu5g_00000735,1,1,5,1160.0,,15.0
simu5g_00000735,1,1,6,1160.0,,15.0
simu5g_00000735,1,1,7,1160.0,,15.0
simu5g_00000735,1,1,8,1160.0,,15.0
simu5g_00000735,1,1,9,1160.0,,15.0
simu5g_00000735,1,1,10,1160.0,,15.0
simu5g_00000735,1,1,11,1160.0,,15.0
simu5g_00000735,1,1,12,1160.0,,15.0
simu5g_00000735,1,1,13,1160.0,,15.0
simu5g_00000735,1,1,14,1160.0,,15.0
simu5g_00000735,1,1,15,1160.0,,15.0
simu5g_00000735,1,1,16,1160.0,,15.0
simu5g_00000735,1,1,17,1160.0,,15.0
simu5g_00000735,1,1,18,1160.0,,15.0
simu5g_00000735,1,1,19,1160.0,,15.0
simu5g_00000735,1,1,20,1160.0,,15.0
simu5g_00000735,1,1,21,1128.0,,14.0
simu5g_00000735,1,1,22,1160.0,,15.0
simu5g_00000735,1,1,23,1160.0,,15.0
simu5g_00000735,1,1,24,1160.0,,15.0
simu5g_00000735,15,2,0,984.0,,13.0
simu5g_00000735,15,2,1,984.0,,13.0
simu5g_00000735,15,2,2,1128.0,,14.0
simu5g_00000735,15,2,3,1128.0,,14.0
simu5g_00000735,15,2,4,888.0,,12.0
simu5g_00000735,15,2,5,608.0,,9.0
simu5g_00000735,15,2,6,1160.0,,15.0
simu5g_00000735,15,2,7,984.0,,13.0
simu5g_00000735,15,2,8,1160.0,,15.0
simu5g_00000735,15,2,9,1128.0,,14.0
simu5g_00000735,15,2,10,1160.0,,15.0
simu5g_00000735,15,2,11,1160.0,,15.0
simu5g_00000735,15,2,12,808.0,,11.0
simu5g_00000735,15,2,13,1160.0,,15.0
simu5g_00000735,15,2,14,984.0,,13.0
simu5g_00000735,15,2,15,984.0,,13.0
simu5g_00000735,15,2,16,1160.0,,15.0
simu5g_00000735,15,2,17,1128.0,,14.0
simu5g_00000735,15,2,18,1128.0,,14.0
simu5g_00000735,15,2,19,1128.0,,14.0
simu5g_00000735,15,2,20,1160.0,,15.0
simu5g_00000735,15,2,21,1128.0,,14.0
simu5g_00000735,15,2,22,1128.0,,14.0
simu5g_00000735,15,2,23,1128.0,,14.0
simu5g_00000735,15,2,24,1128.0,,14.0
simu5g_00000735,2,3,0,1160.0,,15.0
simu5g_00000735,2,3,1,1160.0,,15.0
simu5g_00000735,2,3,2,1160.0,,15.0
simu5g_00000735,2,3,3,1160.0,,15.0
simu5g_00000735,2,3,4,1160.0,,15.0
simu5g_00000735,2,3,5,1160.0,,15.0
simu5g_00000735,2,3,6,1160.0,,15.0
simu5g_00000735,2,3,7,1160.0,,15.0
simu5g_00000735,2,3,8,1160.0,,15.0
simu5g_00000735,2,3,9,1160.0,,15.0
simu5g_00000735,2,3,10,1160.0,,15.0
simu5g_00000735,2,3,11,1160.0,,15.0
simu5g_00000735,2,3,12,1160.0,,15.0
simu5g_00000735,2,3,13,1160.0,,15.0
simu5g_00000735,2,3,14,1160.0,,15.0
simu5g_00000735,2,3,15,1160.0,,15.0
simu5g_00000735,2,3,16,1160.0,,15.0
simu5g_00000735,2,3,17,1160.0,,15.0
simu5g_00000735,2,3,18,1160.0,,15.0
simu5g_00000735,2,3,19,1160.0,,15.0
simu5g_00000735,2,3,20,1160.0,,15.0
simu5g_00000735,2,3,21,1160.0,,15.0
simu5g_00000735,2,3,22,1160.0,,15.0
simu5g_00000735,2,3,23,1160.0,,15.0
simu5g_00000735,2,3,24,1160.0,,15.0
simu5g_00000735,3,4,0,1160.0,,15.0
simu5g_00000735,3,4,1,1160.0,,15.0
simu5g_00000735,3,4,2,1160.0,,15.0
simu5g_00000735,3,4,3,1160.0,,15.0
simu5g_00000735,3,4,4,1160.0,,15.0
simu5g_00000735,3,4,5,1160.0,,15.0
simu5g_00000735,3,4,6,1160.0,,15.0
simu5g_00000735,3,4,7,1160.0,,15.0
simu5g_00000735,3,4,8,1128.0,,14.0
simu5g_00000735,3,4,9,1128.0,,14.0
simu5g_00000735,3,4,10,1160.0,,15.0
simu5g_00000735,3,4,11,1160.0,,15.0
simu5g_00000735,3,4,12,1160.0,,15.0
simu5g_00000735,3,4,13,1160.0,,15.0
simu5g_00000735,3,4,14,1160.0,,15.0
simu5g_00000735,3,4,15,1160.0,,15.0
simu5g_00000735,3,4,16,1160.0,,15.0
simu5g_00000735,3,4,17,1160.0,,15.0
simu5g_00000735,3,4,18,1160.0,,15.0
simu5g_00000735,3,4,19,1160.0,,15.0
simu5g_00000735,3,4,20,1160.0,,15.0
simu5g_00000735,3,4,21,1160.0,,15.0
simu5g_00000735,3,4,22,1160.0,,15.0
simu5g_00000735,3,4,23,1160.0,,15.0
simu5g_00000735,3,4,24,1160.0,,15.0
simu5g_00000735,4,5,0,1160.0,,15.0
simu5g_00000735,4,5,1,1128.0,,14.0
simu5g_00000735,4,5,2,1160.0,,15.0
simu5g_00000735,4,5,3,808.0,,11.0
simu5g_00000735,4,5,4,1160.0,,15.0
simu5g_00000735,4,5,5,1160.0,,15.0
simu5g_00000735,4,5,6,1160.0,,15.0
simu5g_00000735,4,5,7,984.0,,13.0
simu5g_00000735,4,5,8,1128.0,,14.0
simu5g_00000735,4,5,9,1160.0,,15.0
simu5g_00000735,4,5,10,1160.0,,15.0
simu5g_00000735,4,5,11,1160.0,,15.0
simu5g_00000735,4,5,12,1160.0,,15.0
simu5g_00000735,4,5,13,1160.0,,15.0
simu5g_00000735,4,5,14,1160.0,,15.0
simu5g_00000735,4,5,15,1128.0,,14.0
simu5g_00000735,4,5,16,1160.0,,15.0
simu5g_00000735,4,5,17,1160.0,,15.0
simu5g_00000735,4,5,18,1160.0,,15.0
simu5g_00000735,4,5,19,1160.0,,15.0
simu5g_00000735,4,5,20,1160.0,,15.0
simu5g_00000735,4,5,21,1128.0,,14.0
simu5g_00000735,4,5,22,1160.0,,15.0
simu5g_00000735,4,5,23,1160.0,,15.0
simu5g_00000735,4,5,24,1160.0,,15.0
simu5g_00000735,5,6,0,1160.0,,15.0
simu5g_00000735,5,6,1,1160.0,,15.0
simu5g_00000735,5,6,2,1160.0,,15.0
simu5g_00000735,5,6,3,1160.0,,15.0
simu5g_00000735,5,6,4,1160.0,,15.0
simu5g_00000735,5,6,5,1160.0,,15.0
simu5g_00000735,5,6,6,1160.0,,15.0
simu5g_00000735,5,6,7,1160.0,,15.0
simu5g_00000735,5,6,8,1160.0,,15.0
simu5g_00000735,5,6,9,1160.0,,15.0
simu5g_00000735,5,6,10,1160.0,,15.0
simu5g_00000735,5,6,11,1160.0,,15.0
simu5g_00000735,5,6,12,1160.0,,15.0
simu5g_00000735,5,6,13,1128.0,,14.0
simu5g_00000735,5,6,14,1128.0,,14.0
simu5g_00000735,5,6,15,1160.0,,15.0
simu5g_00000735,5,6,16,888.0,,12.0
simu5g_00000735,5,6,17,1160.0,,15.0
simu5g_00000735,5,6,18,1160.0,,15.0
simu5g_00000735,5,6,19,1160.0,,15.0
simu5g_00000735,5,6,20,1160.0,,15.0
simu5g_00000735,5,6,21,1128.0,,14.0
simu5g_00000735,5,6,22,1160.0,,15.0
simu5g_00000735,5,6,23,1160.0,,15.0
simu5g_00000735,5,6,24,1160.0,,15.0
simu5g_00000736,31,0,0,1160.0,,15.0
simu5g_00000736,31,0,1,1160.0,,15.0
simu5g_00000736,31,0,2,1160.0,,15.0
simu5g_00000736,31,0,3,1160.0,,15.0
simu5g_00000736,31,0,4,1160.0,,15.0
simu5g_00000736,31,0,5,1160.0,,15.0
simu5g_00000736,31,0,6,1160.0,,15.0
simu5g_00000736,31,0,7,1160.0,,15.0
simu5g_00000736,31,0,8,1160.0,,15.0
simu5g_00000736,31,0,9,1160.0,,15.0
simu5g_00000736,31,0,10,1160.0,,15.0
simu5g_00000736,31,0,11,1160.0,,15.0
simu5g_00000736,31,0,12,1128.0,,14.0
simu5g_00000736,31,0,13,1160.0,,15.0
simu5g_00000736,31,0,14,1160.0,,15.0
simu5g_00000736,31,0,15,1160.0,,15.0
simu5g_00000736,31,0,16,1160.0,,15.0
simu5g_00000736,31,0,17,1160.0,,15.0
simu5g_00000736,31,0,18,1160.0,,15.0
simu5g_00000736,31,0,19,1160.0,,15.0
simu5g_00000736,31,0,20,1160.0,,15.0
simu5g_00000736,31,0,21,1160.0,,15.0
simu5g_00000736,31,0,22,1160.0,,15.0
simu5g_00000736,31,0,23,1160.0,,15.0
simu5g_00000736,31,0,24,1160.0,,15.0
simu5g_00000736,6,1,0,1160.0,,15.0
simu5g_00000736,6,1,1,1160.0,,15.0
simu5g_00000736,6,1,2,1160.0,,15.0
simu5g_00000736,6,1,3,984.0,,13.0
simu5g_00000736,6,1,4,1160.0,,15.0
simu5g_00000736,6,1,5,1160.0,,15.0
simu5g_00000736,6,1,6,1160.0,,15.0
simu5g_00000736,6,1,7,1160.0,,15.0
simu5g_00000736,6,1,8,1160.0,,15.0
simu5g_00000736,6,1,9,1160.0,,15.0
simu5g_00000736,6,1,10,1160.0,,15.0
simu5g_00000736,6,1,11,1160.0,,15.0
simu5g_00000736,6,1,12,1160.0,,15.0
simu5g_00000736,6,1,13,1160.0,,15.0
simu5g_00000736,6,1,14,1160.0,,15.0
simu5g_00000736,6,1,15,1160.0,,15.0
simu5g_00000736,6,1,16,1128.0,,14.0
simu5g_00000736,6,1,17,1160.0,,15.0
simu5g_00000736,6,1,18,1160.0,,15.0
simu5g_00000736,6,1,19,1160.0,,15.0
simu5g_00000736,6,1,20,1160.0,,15.0
simu5g_00000736,6,1,21,1160.0,,15.0
simu5g_00000736,6,1,22,1160.0,,15.0
simu5g_00000736,6,1,23,1160.0,,15.0
simu5g_00000736,6,1,24,1160.0,,15.0
simu5g_00000736,7,2,0,1128.0,,14.0
simu5g_00000736,7,2,1,1160.0,,15.0
simu5g_00000736,7,2,2,1128.0,,14.0
simu5g_00000736,7,2,3,528.0,,8.0
simu5g_00000736,7,2,4,808.0,,11.0
simu5g_00000736,7,2,5,1160.0,,15.0
simu5g_00000736,7,2,6,984.0,,13.0
simu5g_00000736,7,2,7,1160.0,,15.0
simu5g_00000736,7,2,8,1160.0,,15.0
simu5g_00000736,7,2,9,984.0,,13.0
simu5g_00000736,7,2,10,1128.0,,14.0
simu5g_00000736,7,2,11,984.0,,13.0
simu5g_00000736,7,2,12,1160.0,,15.0
simu5g_00000736,7,2,13,1160.0,,15.0
simu5g_00000736,7,2,14,984.0,,13.0
simu5g_00000736,7,2,15,1128.0,,14.0
simu5g_00000736,7,2,16,984.0,,13.0
simu5g_00000736,7,2,17,528.0,,8.0
simu5g_00000736,7,2,18,1160.0,,15.0
simu5g_00000736,7,2,19,984.0,,13.0
simu5g_00000736,7,2,20,984.0,,13.0
simu5g_00000736,7,2,21,1128.0,,14.0
simu5g_00000736,7,2,22,1160.0,,15.0
simu5g_00000736,7,2,23,1160.0,,15.0
simu5g_00000736,7,2,24,1128.0,,14.0
simu5g_00000737,0,0,0,1160.0,,15.0
simu5g_00000737,0,0,1,1128.0,,14.0
simu5g_00000737,0,0,2,1160.0,,15.0
simu5g_00000737,0,0,3,1160.0,,15.0
simu5g_00000737,0,0,4,1160.0,,15.0
simu5g_00000737,0,0,5,1160.0,,15.0
simu5g_00000737,0,0,6,1160.0,,15.0
simu5g_00000737,0,0,7,1160.0,,15.0
simu5g_00000737,0,0,8,1160.0,,15.0
simu5g_00000737,0,0,9,1160.0,,15.0
simu5g_00000737,0,0,10,1160.0,,15.0
simu5g_00000737,0,0,11,1160.0,,15.0
simu5g_00000737,0,0,12,1160.0,,15.0
simu5g_00000737,0,0,13,1160.0,,15.0
simu5g_00000737,0,0,14,1160.0,,15.0
simu5g_00000737,0,0,15,1160.0,,15.0
simu5g_00000737,0,0,16,1160.0,,15.0
simu5g_00000737,0,0,17,1160.0,,15.0
simu5g_00000737,0,0,18,1160.0,,15.0
simu5g_00000737,0,0,19,1160.0,,15.0
simu5g_00000737,0,0,20,1160.0,,15.0
simu5g_00000737,0,0,21,1160.0,,15.0
simu5g_00000737,0,0,22,1160.0,,15.0
simu5g_00000737,0,0,23,1160.0,,15.0
simu5g_00000737,0,0,24,1160.0,,15.0
simu5g_00000737,1,1,0,1160.0,,15.0
simu5g_00000737,1,1,1,1160.0,,15.0
simu5g_00000737,1,1,2,1160.0,,15.0
simu5g_00000737,1,1,3,1160.0,,15.0
simu5g_00000737,1,1,4,1160.0,,15.0
simu5g_00000737,1,1,5,1160.0,,15.0
simu5g_00000737,1,1,6,1160.0,,15.0
simu5g_00000737,1,1,7,1160.0,,15.0
simu5g_00000737,1,1,8,1160.0,,15.0
simu5g_00000737,1,1,9,1160.0,,15.0
simu5g_00000737,1,1,10,1160.0,,15.0
simu5g_00000737,1,1,11,1160.0,,15.0
simu5g_00000737,1,1,12,1160.0,,15.0
simu5g_00000737,1,1,13,1160.0,,15.0
simu5g_00000737,1,1,14,1160.0,,15.0
simu5g_00000737,1,1,15,1160.0,,15.0
simu5g_00000737,1,1,16,1160.0,,15.0
simu5g_00000737,1,1,17,1160.0,,15.0
simu5g_00000737,1,1,18,1160.0,,15.0
simu5g_00000737,1,1,19,1160.0,,15.0
simu5g_00000737,1,1,20,1160.0,,15.0
simu5g_00000737,1,1,21,1128.0,,14.0
simu5g_00000737,1,1,22,1160.0,,15.0
simu5g_00000737,1,1,23,1160.0,,15.0
simu5g_00000737,1,1,24,1160.0,,15.0
simu5g_00000737,15,2,0,984.0,,13.0
simu5g_00000737,15,2,1,984.0,,13.0
simu5g_00000737,15,2,2,1128.0,,14.0
simu5g_00000737,15,2,3,1128.0,,14.0
simu5g_00000737,15,2,4,888.0,,12.0
simu5g_00000737,15,2,5,608.0,,9.0
simu5g_00000737,15,2,6,1160.0,,15.0
simu5g_00000737,15,2,7,984.0,,13.0
simu5g_00000737,15,2,8,1160.0,,15.0
simu5g_00000737,15,2,9,1128.0,,14.0
simu5g_00000737,15,2,10,1160.0,,15.0
simu5g_00000737,15,2,11,1160.0,,15.0
simu5g_00000737,15,2,12,808.0,,11.0
simu5g_00000737,15,2,13,1128.0,,14.0
simu5g_00000737,15,2,14,984.0,,13.0
simu5g_00000737,15,2,15,984.0,,13.0
simu5g_00000737,15,2,16,1160.0,,15.0
simu5g_00000737,15,2,17,1128.0,,14.0
simu5g_00000737,15,2,18,1128.0,,14.0
simu5g_00000737,15,2,19,1128.0,,14.0
simu5g_00000737,15,2,20,1160.0,,15.0
simu5g_00000737,15,2,21,1128.0,,14.0
simu5g_00000737,15,2,22,1128.0,,14.0
simu5g_00000737,15,2,23,1128.0,,14.0
simu5g_00000737,15,2,24,1128.0,,14.0
simu5g_00000737,2,3,0,1160.0,,15.0
simu5g_00000737,2,3,1,1160.0,,15.0
simu5g_00000737,2,3,2,1160.0,,15.0
simu5g_00000737,2,3,3,1160.0,,15.0
simu5g_00000737,2,3,4,1160.0,,15.0
simu5g_00000737,2,3,5,1160.0,,15.0
simu5g_00000737,2,3,6,1160.0,,15.0
simu5g_00000737,2,3,7,1160.0,,15.0
simu5g_00000737,2,3,8,1160.0,,15.0
simu5g_00000737,2,3,9,1160.0,,15.0
simu5g_00000737,2,3,10,1160.0,,15.0
simu5g_00000737,2,3,11,1160.0,,15.0
simu5g_00000737,2,3,12,1160.0,,15.0
simu5g_00000737,2,3,13,1160.0,,15.0
simu5g_00000737,2,3,14,1160.0,,15.0
simu5g_00000737,2,3,15,1160.0,,15.0
simu5g_00000737,2,3,16,1160.0,,15.0
simu5g_00000737,2,3,17,1160.0,,15.0
simu5g_00000737,2,3,18,1160.0,,15.0
simu5g_00000737,2,3,19,1160.0,,15.0
simu5g_00000737,2,3,20,1160.0,,15.0
simu5g_00000737,2,3,21,1160.0,,15.0
simu5g_00000737,2,3,22,1160.0,,15.0
simu5g_00000737,2,3,23,1160.0,,15.0
simu5g_00000737,2,3,24,1160.0,,15.0
simu5g_00000737,3,4,0,1160.0,,15.0
simu5g_00000737,3,4,1,1160.0,,15.0
simu5g_00000737,3,4,2,1160.0,,15.0
simu5g_00000737,3,4,3,1160.0,,15.0
simu5g_00000737,3,4,4,1160.0,,15.0
simu5g_00000737,3,4,5,1160.0,,15.0
simu5g_00000737,3,4,6,1160.0,,15.0
simu5g_00000737,3,4,7,1160.0,,15.0
simu5g_00000737,3,4,8,1160.0,,15.0
simu5g_00000737,3,4,9,1160.0,,15.0
simu5g_00000737,3,4,10,1160.0,,15.0
simu5g_00000737,3,4,11,1160.0,,15.0
simu5g_00000737,3,4,12,1160.0,,15.0
simu5g_00000737,3,4,13,1160.0,,15.0
simu5g_00000737,3,4,14,1160.0,,15.0
simu5g_00000737,3,4,15,1160.0,,15.0
simu5g_00000737,3,4,16,1160.0,,15.0
simu5g_00000737,3,4,17,1160.0,,15.0
simu5g_00000737,3,4,18,1160.0,,15.0
simu5g_00000737,3,4,19,1160.0,,15.0
simu5g_00000737,3,4,20,1160.0,,15.0
simu5g_00000737,3,4,21,1160.0,,15.0
simu5g_00000737,3,4,22,1160.0,,15.0
simu5g_00000737,3,4,23,1160.0,,15.0
simu5g_00000737,3,4,24,1160.0,,15.0
simu5g_00000737,4,5,0,1160.0,,15.0
simu5g_00000737,4,5,1,1128.0,,14.0
simu5g_00000737,4,5,2,1160.0,,15.0
simu5g_00000737,4,5,3,808.0,,11.0
simu5g_00000737,4,5,4,1160.0,,15.0
simu5g_00000737,4,5,5,1160.0,,15.0
simu5g_00000737,4,5,6,1160.0,,15.0
simu5g_00000737,4,5,7,984.0,,13.0
simu5g_00000737,4,5,8,1128.0,,14.0
simu5g_00000737,4,5,9,1160.0,,15.0
simu5g_00000737,4,5,10,1160.0,,15.0
simu5g_00000737,4,5,11,1160.0,,15.0
simu5g_00000737,4,5,12,1160.0,,15.0
simu5g_00000737,4,5,13,1160.0,,15.0
simu5g_00000737,4,5,14,1160.0,,15.0
simu5g_00000737,4,5,15,1128.0,,14.0
simu5g_00000737,4,5,16,1160.0,,15.0
simu5g_00000737,4,5,17,1160.0,,15.0
simu5g_00000737,4,5,18,1160.0,,15.0
simu5g_00000737,4,5,19,1160.0,,15.0
simu5g_00000737,4,5,20,1160.0,,15.0
simu5g_00000737,4,5,21,1128.0,,14.0
simu5g_00000737,4,5,22,1160.0,,15.0
simu5g_00000737,4,5,23,1160.0,,15.0
simu5g_00000737,4,5,24,1160.0,,15.0
simu5g_00000737,5,6,0,1160.0,,15.0
simu5g_00000737,5,6,1,1160.0,,15.0
simu5g_00000737,5,6,2,1160.0,,15.0
simu5g_00000737,5,6,3,1160.0,,15.0
simu5g_00000737,5,6,4,1160.0,,15.0
simu5g_00000737,5,6,5,1160.0,,15.0
simu5g_00000737,5,6,6,1160.0,,15.0
simu5g_00000737,5,6,7,1160.0,,15.0
simu5g_00000737,5,6,8,1160.0,,15.0
simu5g_00000737,5,6,9,1160.0,,15.0
simu5g_00000737,5,6,10,1160.0,,15.0
simu5g_00000737,5,6,11,1160.0,,15.0
simu5g_00000737,5,6,12,1160.0,,15.0
simu5g_00000737,5,6,13,1128.0,,14.0
simu5g_00000737,5,6,14,1128.0,,14.0
simu5g_00000737,5,6,15,1160.0,,15.0
simu5g_00000737,5,6,16,888.0,,12.0
simu5g_00000737,5,6,17,1160.0,,15.0
simu5g_00000737,5,6,18,1160.0,,15.0
simu5g_00000737,5,6,19,1160.0,,15.0
simu5g_00000737,5,6,20,1160.0,,15.0
simu5g_00000737,5,6,21,1128.0,,14.0
simu5g_00000737,5,6,22,1160.0,,15.0
simu5g_00000737,5,6,23,1160.0,,15.0
simu5g_00000737,5,6,24,1160.0,,15.0
simu5g_00000738,31,0,0,1160.0,,15.0
simu5g_00000738,31,0,1,1160.0,,15.0
simu5g_00000738,31,0,2,1160.0,,15.0
simu5g_00000738,31,0,3,1160.0,,15.0
simu5g_00000738,31,0,4,1160.0,,15.0
simu5g_00000738,31,0,5,1160.0,,15.0
simu5g_00000738,31,0,6,1160.0,,15.0
simu5g_00000738,31,0,7,1160.0,,15.0
simu5g_00000738,31,0,8,1160.0,,15.0
simu5g_00000738,31,0,9,1160.0,,15.0
simu5g_00000738,31,0,10,1160.0,,15.0
simu5g_00000738,31,0,11,1160.0,,15.0
simu5g_00000738,31,0,12,984.0,,13.0
simu5g_00000738,31,0,13,1160.0,,15.0
simu5g_00000738,31,0,14,1160.0,,15.0
simu5g_00000738,31,0,15,1160.0,,15.0
simu5g_00000738,31,0,16,1160.0,,15.0
simu5g_00000738,31,0,17,1160.0,,15.0
simu5g_00000738,31,0,18,1160.0,,15.0
simu5g_00000738,31,0,19,1160.0,,15.0
simu5g_00000738,31,0,20,1160.0,,15.0
simu5g_00000738,31,0,21,1160.0,,15.0
simu5g_00000738,31,0,22,1160.0,,15.0
simu5g_00000738,31,0,23,1160.0,,15.0
simu5g_00000738,31,0,24,1160.0,,15.0
simu5g_00000738,6,1,0,1160.0,,15.0
simu5g_00000738,6,1,1,1160.0,,15.0
simu5g_00000738,6,1,2,1160.0,,15.0
simu5g_00000738,6,1,3,984.0,,13.0
simu5g_00000738,6,1,4,1160.0,,15.0
simu5g_00000738,6,1,5,1160.0,,15.0
simu5g_00000738,6,1,6,1160.0,,15.0
simu5g_00000738,6,1,7,1160.0,,15.0
simu5g_00000738,6,1,8,1160.0,,15.0
simu5g_00000738,6,1,9,1160.0,,15.0
simu5g_00000738,6,1,10,1160.0,,15.0
simu5g_00000738,6,1,11,1160.0,,15.0
simu5g_00000738,6,1,12,1160.0,,15.0
simu5g_00000738,6,1,13,1160.0,,15.0
simu5g_00000738,6,1,14,1160.0,,15.0
simu5g_00000738,6,1,15,1160.0,,15.0
simu5g_00000738,6,1,16,1128.0,,14.0
simu5g_00000738,6,1,17,1160.0,,15.0
simu5g_00000738,6,1,18,1160.0,,15.0
simu5g_00000738,6,1,19,1160.0,,15.0
simu5g_00000738,6,1,20,1160.0,,15.0
simu5g_00000738,6,1,21,1160.0,,15.0
simu5g_00000738,6,1,22,1160.0,,15.0
simu5g_00000738,6,1,23,1160.0,,15.0
simu5g_00000738,6,1,24,1160.0,,15.0
simu5g_00000738,7,2,0,1128.0,,14.0
simu5g_00000738,7,2,1,1160.0,,15.0
simu5g_00000738,7,2,2,1128.0,,14.0
simu5g_00000738,7,2,3,528.0,,8.0
simu5g_00000738,7,2,4,808.0,,11.0
simu5g_00000738,7,2,5,1160.0,,15.0
simu5g_00000738,7,2,6,984.0,,13.0
simu5g_00000738,7,2,7,1160.0,,15.0
simu5g_00000738,7,2,8,1160.0,,15.0
simu5g_00000738,7,2,9,984.0,,13.0
simu5g_00000738,7,2,10,1128.0,,14.0
simu5g_00000738,7,2,11,984.0,,13.0
simu5g_00000738,7,2,12,1160.0,,15.0
simu5g_00000738,7,2,13,1160.0,,15.0
simu5g_00000738,7,2,14,984.0,,13.0
simu5g_00000738,7,2,15,1128.0,,14.0
simu5g_00000738,7,2,16,984.0,,13.0
simu5g_00000738,7,2,17,528.0,,8.0
simu5g_00000738,7,2,18,1160.0,,15.0
simu5g_00000738,7,2,19,984.0,,13.0
simu5g_00000738,7,2,20,984.0,,13.0
simu5g_00000738,7,2,21,1128.0,,14.0
simu5g_00000738,7,2,22,1160.0,,15.0
simu5g_00000738,7,2,23,1160.0,,15.0
simu5g_00000738,7,2,24,1128.0,,14.0
simu5g_00000739,0,0,0,1160.0,,15.0
simu5g_00000739,0,0,1,1128.0,,14.0
simu5g_00000739,0,0,2,1160.0,,15.0
simu5g_00000739,0,0,3,1160.0,,15.0
simu5g_00000739,0,0,4,1160.0,,15.0
simu5g_00000739,0,0,5,1160.0,,15.0
simu5g_00000739,0,0,6,1160.0,,15.0
simu5g_00000739,0,0,7,1160.0,,15.0
simu5g_00000739,0,0,8,1160.0,,15.0
simu5g_00000739,0,0,9,1160.0,,15.0
simu5g_00000739,0,0,10,1160.0,,15.0
simu5g_00000739,0,0,11,1160.0,,15.0
simu5g_00000739,0,0,12,1160.0,,15.0
simu5g_00000739,0,0,13,1160.0,,15.0
simu5g_00000739,0,0,14,1160.0,,15.0
simu5g_00000739,0,0,15,1160.0,,15.0
simu5g_00000739,0,0,16,1160.0,,15.0
simu5g_00000739,0,0,17,1160.0,,15.0
simu5g_00000739,0,0,18,1160.0,,15.0
simu5g_00000739,0,0,19,1160.0,,15.0
simu5g_00000739,0,0,20,1160.0,,15.0
simu5g_00000739,0,0,21,1160.0,,15.0
simu5g_00000739,0,0,22,1160.0,,15.0
simu5g_00000739,0,0,23,1160.0,,15.0
simu5g_00000739,0,0,24,1160.0,,15.0
simu5g_00000739,1,1,0,1160.0,,15.0
simu5g_00000739,1,1,1,1160.0,,15.0
simu5g_00000739,1,1,2,1160.0,,15.0
simu5g_00000739,1,1,3,1160.0,,15.0
simu5g_00000739,1,1,4,1160.0,,15.0
simu5g_00000739,1,1,5,1160.0,,15.0
simu5g_00000739,1,1,6,1160.0,,15.0
simu5g_00000739,1,1,7,1160.0,,15.0
simu5g_00000739,1,1,8,1160.0,,15.0
simu5g_00000739,1,1,9,1160.0,,15.0
simu5g_00000739,1,1,10,1160.0,,15.0
simu5g_00000739,1,1,11,1160.0,,15.0
simu5g_00000739,1,1,12,1160.0,,15.0
simu5g_00000739,1,1,13,1160.0,,15.0
simu5g_00000739,1,1,14,1160.0,,15.0
simu5g_00000739,1,1,15,1160.0,,15.0
simu5g_00000739,1,1,16,1160.0,,15.0
simu5g_00000739,1,1,17,1160.0,,15.0
simu5g_00000739,1,1,18,1160.0,,15.0
simu5g_00000739,1,1,19,1160.0,,15.0
simu5g_00000739,1,1,20,1160.0,,15.0
simu5g_00000739,1,1,21,1128.0,,14.0
simu5g_00000739,1,1,22,1160.0,,15.0
simu5g_00000739,1,1,23,1160.0,,15.0
simu5g_00000739,1,1,24,1160.0,,15.0
simu5g_00000739,15,2,0,1160.0,,15.0
simu5g_00000739,15,2,1,1160.0,,15.0
simu5g_00000739,15,2,2,1160.0,,15.0
simu5g_00000739,15,2,3,1160.0,,15.0
simu5g_00000739,15,2,4,1128.0,,14.0
simu5g_00000739,15,2,5,984.0,,13.0
simu5g_00000739,15,2,6,1160.0,,15.0
simu5g_00000739,15,2,7,1160.0,,15.0
simu5g_00000739,15,2,8,1160.0,,15.0
simu5g_00000739,15,2,9,1160.0,,15.0
simu5g_00000739,15,2,10,1160.0,,15.0
simu5g_00000739,15,2,11,1160.0,,15.0
simu5g_00000739,15,2,12,1128.0,,14.0
simu5g_00000739,15,2,13,1160.0,,15.0
simu5g_00000739,15,2,14,1160.0,,15.0
simu5g_00000739,15,2,15,1160.0,,15.0
simu5g_00000739,15,2,16,1160.0,,15.0
simu5g_00000739,15,2,17,1160.0,,15.0
simu5g_00000739,15,2,18,1160.0,,15.0
simu5g_00000739,15,2,19,1160.0,,15.0
simu5g_00000739,15,2,20,1160.0,,15.0
simu5g_00000739,15,2,21,1160.0,,15.0
simu5g_00000739,15,2,22,1160.0,,15.0
simu5g_00000739,15,2,23,1160.0,,15.0
simu5g_00000739,15,2,24,1160.0,,15.0
simu5g_00000739,2,3,0,1160.0,,15.0
simu5g_00000739,2,3,1,1160.0,,15.0
simu5g_00000739,2,3,2,1160.0,,15.0
simu5g_00000739,2,3,3,1160.0,,15.0
simu5g_00000739,2,3,4,1160.0,,15.0
simu5g_00000739,2,3,5,1160.0,,15.0
simu5g_00000739,2,3,6,1160.0,,15.0
simu5g_00000739,2,3,7,1160.0,,15.0
simu5g_00000739,2,3,8,1160.0,,15.0
simu5g_00000739,2,3,9,1160.0,,15.0
simu5g_00000739,2,3,10,1160.0,,15.0
simu5g_00000739,2,3,11,1160.0,,15.0
simu5g_00000739,2,3,12,1160.0,,15.0
simu5g_00000739,2,3,13,1160.0,,15.0
simu5g_00000739,2,3,14,1160.0,,15.0
simu5g_00000739,2,3,15,1160.0,,15.0
simu5g_00000739,2,3,16,1160.0,,15.0
simu5g_00000739,2,3,17,1160.0,,15.0
simu5g_00000739,2,3,18,1160.0,,15.0
simu5g_00000739,2,3,19,1160.0,,15.0
simu5g_00000739,2,3,20,1160.0,,15.0
simu5g_00000739,2,3,21,1160.0,,15.0
simu5g_00000739,2,3,22,1160.0,,15.0
simu5g_00000739,2,3,23,1160.0,,15.0
simu5g_00000739,2,3,24,1160.0,,15.0
simu5g_00000739,3,4,0,1160.0,,15.0
simu5g_00000739,3,4,1,1160.0,,15.0
simu5g_00000739,3,4,2,1160.0,,15.0
simu5g_00000739,3,4,3,1160.0,,15.0
simu5g_00000739,3,4,4,1160.0,,15.0
simu5g_00000739,3,4,5,1160.0,,15.0
simu5g_00000739,3,4,6,1160.0,,15.0
simu5g_00000739,3,4,7,1160.0,,15.0
simu5g_00000739,3,4,8,1160.0,,15.0
simu5g_00000739,3,4,9,1160.0,,15.0
simu5g_00000739,3,4,10,1160.0,,15.0
simu5g_00000739,3,4,11,1160.0,,15.0
simu5g_00000739,3,4,12,1160.0,,15.0
simu5g_00000739,3,4,13,1160.0,,15.0
simu5g_00000739,3,4,14,1160.0,,15.0
simu5g_00000739,3,4,15,1160.0,,15.0
simu5g_00000739,3,4,16,1160.0,,15.0
simu5g_00000739,3,4,17,1160.0,,15.0
simu5g_00000739,3,4,18,1160.0,,15.0
simu5g_00000739,3,4,19,1160.0,,15.0
simu5g_00000739,3,4,20,1160.0,,15.0
simu5g_00000739,3,4,21,1160.0,,15.0
simu5g_00000739,3,4,22,1160.0,,15.0
simu5g_00000739,3,4,23,1160.0,,15.0
simu5g_00000739,3,4,24,1160.0,,15.0
simu5g_00000739,4,5,0,1128.0,,14.0
simu5g_00000739,4,5,1,984.0,,13.0
simu5g_00000739,4,5,2,1160.0,,15.0
simu5g_00000739,4,5,3,528.0,,8.0
simu5g_00000739,4,5,4,1128.0,,14.0
simu5g_00000739,4,5,5,1160.0,,15.0
simu5g_00000739,4,5,6,1128.0,,14.0
simu5g_00000739,4,5,7,608.0,,9.0
simu5g_00000739,4,5,8,888.0,,12.0
simu5g_00000739,4,5,9,1128.0,,14.0
simu5g_00000739,4,5,10,1128.0,,14.0
simu5g_00000739,4,5,11,1128.0,,14.0
simu5g_00000739,4,5,12,1160.0,,15.0
simu5g_00000739,4,5,13,1128.0,,14.0
simu5g_00000739,4,5,14,1160.0,,15.0
simu5g_00000739,4,5,15,984.0,,13.0
simu5g_00000739,4,5,16,984.0,,13.0
simu5g_00000739,4,5,17,984.0,,13.0
simu5g_00000739,4,5,18,1160.0,,15.0
simu5g_00000739,4,5,19,1128.0,,14.0
simu5g_00000739,4,5,20,1128.0,,14.0
simu5g_00000739,4,5,21,984.0,,13.0
simu5g_00000739,4,5,22,1160.0,,15.0
simu5g_00000739,4,5,23,1128.0,,14.0
simu5g_00000739,4,5,24,984.0,,13.0
simu5g_00000739,5,6,0,1160.0,,15.0
simu5g_00000739,5,6,1,1160.0,,15.0
simu5g_00000739,5,6,2,1160.0,,15.0
simu5g_00000739,5,6,3,1160.0,,15.0
simu5g_00000739,5,6,4,1160.0,,15.0
simu5g_00000739,5,6,5,1160.0,,15.0
simu5g_00000739,5,6,6,1160.0,,15.0
simu5g_00000739,5,6,7,1160.0,,15.0
simu5g_00000739,5,6,8,1160.0,,15.0
simu5g_00000739,5,6,9,1160.0,,15.0
simu5g_00000739,5,6,10,1160.0,,15.0
simu5g_00000739,5,6,11,1160.0,,15.0
simu5g_00000739,5,6,12,1160.0,,15.0
simu5g_00000739,5,6,13,1128.0,,14.0
simu5g_00000739,5,6,14,1128.0,,14.0
simu5g_00000739,5,6,15,1160.0,,15.0
simu5g_00000739,5,6,16,888.0,,12.0
simu5g_00000739,5,6,17,1160.0,,15.0
simu5g_00000739,5,6,18,1160.0,,15.0
simu5g_00000739,5,6,19,1160.0,,15.0
simu5g_00000739,5,6,20,1160.0,,15.0
simu5g_00000739,5,6,21,1128.0,,14.0
simu5g_00000739,5,6,22,1160.0,,15.0
simu5g_00000739,5,6,23,1160.0,,15.0
simu5g_00000739,5,6,24,1160.0,,15.0
simu5g_00000740,31,0,0,1160.0,,15.0
simu5g_00000740,31,0,1,1160.0,,15.0
simu5g_00000740,31,0,2,1160.0,,15.0
simu5g_00000740,31,0,3,1160.0,,15.0
simu5g_00000740,31,0,4,1160.0,,15.0
simu5g_00000740,31,0,5,1160.0,,15.0
simu5g_00000740,31,0,6,1160.0,,15.0
simu5g_00000740,31,0,7,1160.0,,15.0
simu5g_00000740,31,0,8,1160.0,,15.0
simu5g_00000740,31,0,9,1160.0,,15.0
simu5g_00000740,31,0,10,1160.0,,15.0
simu5g_00000740,31,0,11,1160.0,,15.0
simu5g_00000740,31,0,12,984.0,,13.0
simu5g_00000740,31,0,13,1160.0,,15.0
simu5g_00000740,31,0,14,1160.0,,15.0
simu5g_00000740,31,0,15,1160.0,,15.0
simu5g_00000740,31,0,16,1160.0,,15.0
simu5g_00000740,31,0,17,1160.0,,15.0
simu5g_00000740,31,0,18,1160.0,,15.0
simu5g_00000740,31,0,19,1160.0,,15.0
simu5g_00000740,31,0,20,1160.0,,15.0
simu5g_00000740,31,0,21,1160.0,,15.0
simu5g_00000740,31,0,22,1160.0,,15.0
simu5g_00000740,31,0,23,1160.0,,15.0
simu5g_00000740,31,0,24,1160.0,,15.0
simu5g_00000740,6,1,0,1160.0,,15.0
simu5g_00000740,6,1,1,1160.0,,15.0
simu5g_00000740,6,1,2,1160.0,,15.0
simu5g_00000740,6,1,3,984.0,,13.0
simu5g_00000740,6,1,4,1160.0,,15.0
simu5g_00000740,6,1,5,1160.0,,15.0
simu5g_00000740,6,1,6,1160.0,,15.0
simu5g_00000740,6,1,7,1160.0,,15.0
simu5g_00000740,6,1,8,1160.0,,15.0
simu5g_00000740,6,1,9,1160.0,,15.0
simu5g_00000740,6,1,10,1160.0,,15.0
simu5g_00000740,6,1,11,1160.0,,15.0
simu5g_00000740,6,1,12,1160.0,,15.0
simu5g_00000740,6,1,13,1160.0,,15.0
simu5g_00000740,6,1,14,1160.0,,15.0
simu5g_00000740,6,1,15,1160.0,,15.0
simu5g_00000740,6,1,16,1128.0,,14.0
simu5g_00000740,6,1,17,1160.0,,15.0
simu5g_00000740,6,1,18,1160.0,,15.0
simu5g_00000740,6,1,19,1160.0,,15.0
simu5g_00000740,6,1,20,1160.0,,15.0
simu5g_00000740,6,1,21,1160.0,,15.0
simu5g_00000740,6,1,22,1160.0,,15.0
simu5g_00000740,6,1,23,1160.0,,15.0
simu5g_00000740,6,1,24,1160.0,,15.0
simu5g_00000740,7,2,0,1128.0,,14.0
simu5g_00000740,7,2,1,1160.0,,15.0
simu5g_00000740,7,2,2,1128.0,,14.0
simu5g_00000740,7,2,3,528.0,,8.0
simu5g_00000740,7,2,4,808.0,,11.0
simu5g_00000740,7,2,5,1160.0,,15.0
simu5g_00000740,7,2,6,984.0,,13.0
simu5g_00000740,7,2,7,1160.0,,15.0
simu5g_00000740,7,2,8,1160.0,,15.0
simu5g_00000740,7,2,9,984.0,,13.0
simu5g_00000740,7,2,10,1128.0,,14.0
simu5g_00000740,7,2,11,984.0,,13.0
simu5g_00000740,7,2,12,1160.0,,15.0
simu5g_00000740,7,2,13,1160.0,,15.0
simu5g_00000740,7,2,14,984.0,,13.0
simu5g_00000740,7,2,15,1128.0,,14.0
simu5g_00000740,7,2,16,984.0,,13.0
simu5g_00000740,7,2,17,528.0,,8.0
simu5g_00000740,7,2,18,1160.0,,15.0
simu5g_00000740,7,2,19,984.0,,13.0
simu5g_00000740,7,2,20,984.0,,13.0
simu5g_00000740,7,2,21,1128.0,,14.0
simu5g_00000740,7,2,22,1160.0,,15.0
simu5g_00000740,7,2,23,1160.0,,15.0
simu5g_00000740,7,2,24,1128.0,,14.0
simu5g_00000741,0,0,0,1160.0,,15.0
simu5g_00000741,0,0,1,1160.0,,15.0
simu5g_00000741,0,0,2,1160.0,,15.0
simu5g_00000741,0,0,3,1160.0,,15.0
simu5g_00000741,0,0,4,1160.0,,15.0
simu5g_00000741,0,0,5,1160.0,,15.0
simu5g_00000741,0,0,6,1160.0,,15.0
simu5g_00000741,0,0,7,1160.0,,15.0
simu5g_00000741,0,0,8,1160.0,,15.0
simu5g_00000741,0,0,9,1160.0,,15.0
simu5g_00000741,0,0,10,1160.0,,15.0
simu5g_00000741,0,0,11,1160.0,,15.0
simu5g_00000741,0,0,12,1160.0,,15.0
simu5g_00000741,0,0,13,1160.0,,15.0
simu5g_00000741,0,0,14,1160.0,,15.0
simu5g_00000741,0,0,15,1160.0,,15.0
simu5g_00000741,0,0,16,1160.0,,15.0
simu5g_00000741,0,0,17,1160.0,,15.0
simu5g_00000741,0,0,18,1160.0,,15.0
simu5g_00000741,0,0,19,1160.0,,15.0
simu5g_00000741,0,0,20,1160.0,,15.0
simu5g_00000741,0,0,21,1160.0,,15.0
simu5g_00000741,0,0,22,1160.0,,15.0
simu5g_00000741,0,0,23,1160.0,,15.0
simu5g_00000741,0,0,24,1160.0,,15.0
simu5g_00000741,1,1,0,1160.0,,15.0
simu5g_00000741,1,1,1,1160.0,,15.0
simu5g_00000741,1,1,2,1160.0,,15.0
simu5g_00000741,1,1,3,1160.0,,15.0
simu5g_00000741,1,1,4,1160.0,,15.0
simu5g_00000741,1,1,5,1160.0,,15.0
simu5g_00000741,1,1,6,1160.0,,15.0
simu5g_00000741,1,1,7,1160.0,,15.0
simu5g_00000741,1,1,8,1160.0,,15.0
simu5g_00000741,1,1,9,1160.0,,15.0
simu5g_00000741,1,1,10,1160.0,,15.0
simu5g_00000741,1,1,11,1160.0,,15.0
simu5g_00000741,1,1,12,1160.0,,15.0
simu5g_00000741,1,1,13,1160.0,,15.0
simu5g_00000741,1,1,14,1160.0,,15.0
simu5g_00000741,1,1,15,1160.0,,15.0
simu5g_00000741,1,1,16,1160.0,,15.0
simu5g_00000741,1,1,17,1160.0,,15.0
simu5g_00000741,1,1,18,1160.0,,15.0
simu5g_00000741,1,1,19,1160.0,,15.0
simu5g_00000741,1,1,20,1160.0,,15.0
simu5g_00000741,1,1,21,1160.0,,15.0
simu5g_00000741,1,1,22,1160.0,,15.0
simu5g_00000741,1,1,23,1160.0,,15.0
simu5g_00000741,1,1,24,1160.0,,15.0
simu5g_00000741,15,2,0,1160.0,,15.0
simu5g_00000741,15,2,1,1160.0,,15.0
simu5g_00000741,15,2,2,1160.0,,15.0
simu5g_00000741,15,2,3,1160.0,,15.0
simu5g_00000741,15,2,4,1128.0,,14.0
simu5g_00000741,15,2,5,984.0,,13.0
simu5g_00000741,15,2,6,1160.0,,15.0
simu5g_00000741,15,2,7,1160.0,,15.0
simu5g_00000741,15,2,8,1160.0,,15.0
simu5g_00000741,15,2,9,1160.0,,15.0
simu5g_00000741,15,2,10,1160.0,,15.0
simu5g_00000741,15,2,11,1160.0,,15.0
simu5g_00000741,15,2,12,1128.0,,14.0
simu5g_00000741,15,2,13,1160.0,,15.0
simu5g_00000741,15,2,14,1160.0,,15.0
simu5g_00000741,15,2,15,1160.0,,15.0
simu5g_00000741,15,2,16,1160.0,,15.0
simu5g_00000741,15,2,17,1160.0,,15.0
simu5g_00000741,15,2,18,1160.0,,15.0
simu5g_00000741,15,2,19,1160.0,,15.0
simu5g_00000741,15,2,20,1160.0,,15.0
simu5g_00000741,15,2,21,1160.0,,15.0
simu5g_00000741,15,2,22,1160.0,,15.0
simu5g_00000741,15,2,23,1160.0,,15.0
simu5g_00000741,15,2,24,1160.0,,15.0
simu5g_00000741,2,3,0,1160.0,,15.0
simu5g_00000741,2,3,1,1160.0,,15.0
simu5g_00000741,2,3,2,1160.0,,15.0
simu5g_00000741,2,3,3,1160.0,,15.0
simu5g_00000741,2,3,4,1160.0,,15.0
simu5g_00000741,2,3,5,1160.0,,15.0
simu5g_00000741,2,3,6,1160.0,,15.0
simu5g_00000741,2,3,7,1160.0,,15.0
simu5g_00000741,2,3,8,1160.0,,15.0
simu5g_00000741,2,3,9,1160.0,,15.0
simu5g_00000741,2,3,10,1160.0,,15.0
simu5g_00000741,2,3,11,1160.0,,15.0
simu5g_00000741,2,3,12,1160.0,,15.0
simu5g_00000741,2,3,13,1160.0,,15.0
simu5g_00000741,2,3,14,1160.0,,15.0
simu5g_00000741,2,3,15,1160.0,,15.0
simu5g_00000741,2,3,16,1160.0,,15.0
simu5g_00000741,2,3,17,1160.0,,15.0
simu5g_00000741,2,3,18,1160.0,,15.0
simu5g_00000741,2,3,19,1160.0,,15.0
simu5g_00000741,2,3,20,1160.0,,15.0
simu5g_00000741,2,3,21,1160.0,,15.0
simu5g_00000741,2,3,22,1160.0,,15.0
simu5g_00000741,2,3,23,1160.0,,15.0
simu5g_00000741,2,3,24,1160.0,,15.0
simu5g_00000741,3,4,0,1160.0,,15.0
simu5g_00000741,3,4,1,1160.0,,15.0
simu5g_00000741,3,4,2,1160.0,,15.0
simu5g_00000741,3,4,3,1160.0,,15.0
simu5g_00000741,3,4,4,1160.0,,15.0
simu5g_00000741,3,4,5,1160.0,,15.0
simu5g_00000741,3,4,6,1160.0,,15.0
simu5g_00000741,3,4,7,1160.0,,15.0
simu5g_00000741,3,4,8,1160.0,,15.0
simu5g_00000741,3,4,9,1160.0,,15.0
simu5g_00000741,3,4,10,1160.0,,15.0
simu5g_00000741,3,4,11,1160.0,,15.0
simu5g_00000741,3,4,12,1160.0,,15.0
simu5g_00000741,3,4,13,1160.0,,15.0
simu5g_00000741,3,4,14,1160.0,,15.0
simu5g_00000741,3,4,15,1160.0,,15.0
simu5g_00000741,3,4,16,1160.0,,15.0
simu5g_00000741,3,4,17,1160.0,,15.0
simu5g_00000741,3,4,18,1160.0,,15.0
simu5g_00000741,3,4,19,1160.0,,15.0
simu5g_00000741,3,4,20,1160.0,,15.0
simu5g_00000741,3,4,21,1160.0,,15.0
simu5g_00000741,3,4,22,1160.0,,15.0
simu5g_00000741,3,4,23,1160.0,,15.0
simu5g_00000741,3,4,24,1160.0,,15.0
simu5g_00000741,4,5,0,1128.0,,14.0
simu5g_00000741,4,5,1,984.0,,13.0
simu5g_00000741,4,5,2,1160.0,,15.0
simu5g_00000741,4,5,3,528.0,,8.0
simu5g_00000741,4,5,4,1128.0,,14.0
simu5g_00000741,4,5,5,1160.0,,15.0
simu5g_00000741,4,5,6,1160.0,,15.0
simu5g_00000741,4,5,7,608.0,,9.0
simu5g_00000741,4,5,8,888.0,,12.0
simu5g_00000741,4,5,9,1128.0,,14.0
simu5g_00000741,4,5,10,1128.0,,14.0
simu5g_00000741,4,5,11,1128.0,,14.0
simu5g_00000741,4,5,12,1160.0,,15.0
simu5g_00000741,4,5,13,1128.0,,14.0
simu5g_00000741,4,5,14,1160.0,,15.0
simu5g_00000741,4,5,15,984.0,,13.0
simu5g_00000741,4,5,16,984.0,,13.0
simu5g_00000741,4,5,17,984.0,,13.0
simu5g_00000741,4,5,18,1160.0,,15.0
simu5g_00000741,4,5,19,1128.0,,14.0
simu5g_00000741,4,5,20,1128.0,,14.0
simu5g_00000741,4,5,21,984.0,,13.0
simu5g_00000741,4,5,22,1160.0,,15.0
simu5g_00000741,4,5,23,1128.0,,14.0
simu5g_00000741,4,5,24,984.0,,13.0
simu5g_00000741,5,6,0,1160.0,,15.0
simu5g_00000741,5,6,1,1160.0,,15.0
simu5g_00000741,5,6,2,1160.0,,15.0
simu5g_00000741,5,6,3,1160.0,,15.0
simu5g_00000741,5,6,4,1160.0,,15.0
simu5g_00000741,5,6,5,1160.0,,15.0
simu5g_00000741,5,6,6,1160.0,,15.0
simu5g_00000741,5,6,7,1160.0,,15.0
simu5g_00000741,5,6,8,1160.0,,15.0
simu5g_00000741,5,6,9,1160.0,,15.0
simu5g_00000741,5,6,10,1160.0,,15.0
simu5g_00000741,5,6,11,1160.0,,15.0
simu5g_00000741,5,6,12,1160.0,,15.0
simu5g_00000741,5,6,13,1128.0,,14.0
simu5g_00000741,5,6,14,1128.0,,14.0
simu5g_00000741,5,6,15,1160.0,,15.0
simu5g_00000741,5,6,16,888.0,,12.0
simu5g_00000741,5,6,17,1160.0,,15.0
simu5g_00000741,5,6,18,1160.0,,15.0
simu5g_00000741,5,6,19,1160.0,,15.0
simu5g_00000741,5,6,20,1160.0,,15.0
simu5g_00000741,5,6,21,1128.0,,14.0
simu5g_00000741,5,6,22,1160.0,,15.0
simu5g_00000741,5,6,23,1160.0,,15.0
simu5g_00000741,5,6,24,1160.0,,15.0
simu5g_00000742,31,0,0,1160.0,,15.0
simu5g_00000742,31,0,1,1160.0,,15.0
simu5g_00000742,31,0,2,1160.0,,15.0
simu5g_00000742,31,0,3,1160.0,,15.0
simu5g_00000742,31,0,4,1160.0,,15.0
simu5g_00000742,31,0,5,1160.0,,15.0
simu5g_00000742,31,0,6,1160.0,,15.0
simu5g_00000742,31,0,7,1160.0,,15.0
simu5g_00000742,31,0,8,1160.0,,15.0
simu5g_00000742,31,0,9,1160.0,,15.0
simu5g_00000742,31,0,10,1160.0,,15.0
simu5g_00000742,31,0,11,1160.0,,15.0
simu5g_00000742,31,0,12,984.0,,13.0
simu5g_00000742,31,0,13,1160.0,,15.0
simu5g_00000742,31,0,14,1160.0,,15.0
simu5g_00000742,31,0,15,1160.0,,15.0
simu5g_00000742,31,0,16,1160.0,,15.0
simu5g_00000742,31,0,17,1160.0,,15.0
simu5g_00000742,31,0,18,1160.0,,15.0
simu5g_00000742,31,0,19,1160.0,,15.0
simu5g_00000742,31,0,20,1160.0,,15.0
simu5g_00000742,31,0,21,1160.0,,15.0
simu5g_00000742,31,0,22,1160.0,,15.0
simu5g_00000742,31,0,23,1160.0,,15.0
simu5g_00000742,31,0,24,1160.0,,15.0
simu5g_00000742,6,1,0,1160.0,,15.0
simu5g_00000742,6,1,1,1160.0,,15.0
simu5g_00000742,6,1,2,1160.0,,15.0
simu5g_00000742,6,1,3,984.0,,13.0
simu5g_00000742,6,1,4,1160.0,,15.0
simu5g_00000742,6,1,5,1160.0,,15.0
simu5g_00000742,6,1,6,1160.0,,15.0
simu5g_00000742,6,1,7,1160.0,,15.0
simu5g_00000742,6,1,8,1160.0,,15.0
simu5g_00000742,6,1,9,1160.0,,15.0
simu5g_00000742,6,1,10,1160.0,,15.0
simu5g_00000742,6,1,11,1160.0,,15.0
simu5g_00000742,6,1,12,1160.0,,15.0
simu5g_00000742,6,1,13,1160.0,,15.0
simu5g_00000742,6,1,14,1160.0,,15.0
simu5g_00000742,6,1,15,1160.0,,15.0
simu5g_00000742,6,1,16,1128.0,,14.0
simu5g_00000742,6,1,17,1160.0,,15.0
simu5g_00000742,6,1,18,1160.0,,15.0
simu5g_00000742,6,1,19,1160.0,,15.0
simu5g_00000742,6,1,20,1160.0,,15.0
simu5g_00000742,6,1,21,1160.0,,15.0
simu5g_00000742,6,1,22,1160.0,,15.0
simu5g_00000742,6,1,23,1160.0,,15.0
simu5g_00000742,6,1,24,1160.0,,15.0
simu5g_00000742,7,2,0,1128.0,,14.0
simu5g_00000742,7,2,1,1160.0,,15.0
simu5g_00000742,7,2,2,1128.0,,14.0
simu5g_00000742,7,2,3,528.0,,8.0
simu5g_00000742,7,2,4,808.0,,11.0
simu5g_00000742,7,2,5,1160.0,,15.0
simu5g_00000742,7,2,6,984.0,,13.0
simu5g_00000742,7,2,7,1160.0,,15.0
simu5g_00000742,7,2,8,1160.0,,15.0
simu5g_00000742,7,2,9,984.0,,13.0
simu5g_00000742,7,2,10,1128.0,,14.0
simu5g_00000742,7,2,11,984.0,,13.0
simu5g_00000742,7,2,12,1160.0,,15.0
simu5g_00000742,7,2,13,1160.0,,15.0
simu5g_00000742,7,2,14,984.0,,13.0
simu5g_00000742,7,2,15,1128.0,,14.0
simu5g_00000742,7,2,16,984.0,,13.0
simu5g_00000742,7,2,17,528.0,,8.0
simu5g_00000742,7,2,18,1160.0,,15.0
simu5g_00000742,7,2,19,984.0,,13.0
simu5g_00000742,7,2,20,984.0,,13.0
simu5g_00000742,7,2,21,1128.0,,14.0
simu5g_00000742,7,2,22,1160.0,,15.0
simu5g_00000742,7,2,23,1160.0,,15.0
simu5g_00000742,7,2,24,1128.0,,14.0
simu5g_00000743,0,0,0,1160.0,,15.0
simu5g_00000743,0,0,1,1160.0,,15.0
simu5g_00000743,0,0,2,1160.0,,15.0
simu5g_00000743,0,0,3,1160.0,,15.0
simu5g_00000743,0,0,4,1160.0,,15.0
simu5g_00000743,0,0,5,1160.0,,15.0
simu5g_00000743,0,0,6,1160.0,,15.0
simu5g_00000743,0,0,7,1160.0,,15.0
simu5g_00000743,0,0,8,1160.0,,15.0
simu5g_00000743,0,0,9,1160.0,,15.0
simu5g_00000743,0,0,10,1160.0,,15.0
simu5g_00000743,0,0,11,1160.0,,15.0
simu5g_00000743,0,0,12,1160.0,,15.0
simu5g_00000743,0,0,13,1160.0,,15.0
simu5g_00000743,0,0,14,1160.0,,15.0
simu5g_00000743,0,0,15,1160.0,,15.0
simu5g_00000743,0,0,16,1160.0,,15.0
simu5g_00000743,0,0,17,1160.0,,15.0
simu5g_00000743,0,0,18,1160.0,,15.0
simu5g_00000743,0,0,19,1160.0,,15.0
simu5g_00000743,0,0,20,1160.0,,15.0
simu5g_00000743,0,0,21,1160.0,,15.0
simu5g_00000743,0,0,22,1160.0,,15.0
simu5g_00000743,0,0,23,1160.0,,15.0
simu5g_00000743,0,0,24,1160.0,,15.0
simu5g_00000743,1,1,0,1160.0,,15.0
simu5g_00000743,1,1,1,1160.0,,15.0
simu5g_00000743,1,1,2,1160.0,,15.0
simu5g_00000743,1,1,3,1160.0,,15.0
simu5g_00000743,1,1,4,1160.0,,15.0
simu5g_00000743,1,1,5,1160.0,,15.0
simu5g_00000743,1,1,6,1160.0,,15.0
simu5g_00000743,1,1,7,1160.0,,15.0
simu5g_00000743,1,1,8,1160.0,,15.0
simu5g_00000743,1,1,9,1160.0,,15.0
simu5g_00000743,1,1,10,1160.0,,15.0
simu5g_00000743,1,1,11,1160.0,,15.0
simu5g_00000743,1,1,12,1160.0,,15.0
simu5g_00000743,1,1,13,1160.0,,15.0
simu5g_00000743,1,1,14,1160.0,,15.0
simu5g_00000743,1,1,15,1160.0,,15.0
simu5g_00000743,1,1,16,1160.0,,15.0
simu5g_00000743,1,1,17,1160.0,,15.0
simu5g_00000743,1,1,18,1160.0,,15.0
simu5g_00000743,1,1,19,1160.0,,15.0
simu5g_00000743,1,1,20,1160.0,,15.0
simu5g_00000743,1,1,21,1160.0,,15.0
simu5g_00000743,1,1,22,1160.0,,15.0
simu5g_00000743,1,1,23,1160.0,,15.0
simu5g_00000743,1,1,24,1160.0,,15.0
simu5g_00000743,15,2,0,1160.0,,15.0
simu5g_00000743,15,2,1,1160.0,,15.0
simu5g_00000743,15,2,2,1160.0,,15.0
simu5g_00000743,15,2,3,1160.0,,15.0
simu5g_00000743,15,2,4,1128.0,,14.0
simu5g_00000743,15,2,5,984.0,,13.0
simu5g_00000743,15,2,6,1160.0,,15.0
simu5g_00000743,15,2,7,1160.0,,15.0
simu5g_00000743,15,2,8,1160.0,,15.0
simu5g_00000743,15,2,9,1160.0,,15.0
simu5g_00000743,15,2,10,1160.0,,15.0
simu5g_00000743,15,2,11,1160.0,,15.0
simu5g_00000743,15,2,12,1128.0,,14.0
simu5g_00000743,15,2,13,1160.0,,15.0
simu5g_00000743,15,2,14,1160.0,,15.0
simu5g_00000743,15,2,15,1160.0,,15.0
simu5g_00000743,15,2,16,1160.0,,15.0
simu5g_00000743,15,2,17,1160.0,,15.0
simu5g_00000743,15,2,18,1160.0,,15.0
simu5g_00000743,15,2,19,1160.0,,15.0
simu5g_00000743,15,2,20,1160.0,,15.0
simu5g_00000743,15,2,21,1160.0,,15.0
simu5g_00000743,15,2,22,1160.0,,15.0
simu5g_00000743,15,2,23,1160.0,,15.0
simu5g_00000743,15,2,24,1160.0,,15.0
simu5g_00000743,2,3,0,1160.0,,15.0
simu5g_00000743,2,3,1,1160.0,,15.0
simu5g_00000743,2,3,2,1160.0,,15.0
simu5g_00000743,2,3,3,1160.0,,15.0
simu5g_00000743,2,3,4,1160.0,,15.0
simu5g_00000743,2,3,5,1160.0,,15.0
simu5g_00000743,2,3,6,1160.0,,15.0
simu5g_00000743,2,3,7,1160.0,,15.0
simu5g_00000743,2,3,8,1160.0,,15.0
simu5g_00000743,2,3,9,1160.0,,15.0
simu5g_00000743,2,3,10,1160.0,,15.0
simu5g_00000743,2,3,11,1160.0,,15.0
simu5g_00000743,2,3,12,1160.0,,15.0
simu5g_00000743,2,3,13,1160.0,,15.0
simu5g_00000743,2,3,14,1160.0,,15.0
simu5g_00000743,2,3,15,1160.0,,15.0
simu5g_00000743,2,3,16,1160.0,,15.0
simu5g_00000743,2,3,17,1160.0,,15.0
simu5g_00000743,2,3,18,1160.0,,15.0
simu5g_00000743,2,3,19,1160.0,,15.0
simu5g_00000743,2,3,20,1160.0,,15.0
simu5g_00000743,2,3,21,1160.0,,15.0
simu5g_00000743,2,3,22,1160.0,,15.0
simu5g_00000743,2,3,23,1160.0,,15.0
simu5g_00000743,2,3,24,1160.0,,15.0
simu5g_00000743,3,4,0,1160.0,,15.0
simu5g_00000743,3,4,1,1160.0,,15.0
simu5g_00000743,3,4,2,1160.0,,15.0
simu5g_00000743,3,4,3,1160.0,,15.0
simu5g_00000743,3,4,4,1160.0,,15.0
simu5g_00000743,3,4,5,1160.0,,15.0
simu5g_00000743,3,4,6,1160.0,,15.0
simu5g_00000743,3,4,7,1160.0,,15.0
simu5g_00000743,3,4,8,1128.0,,14.0
simu5g_00000743,3,4,9,1128.0,,14.0
simu5g_00000743,3,4,10,1160.0,,15.0
simu5g_00000743,3,4,11,1160.0,,15.0
simu5g_00000743,3,4,12,1160.0,,15.0
simu5g_00000743,3,4,13,1160.0,,15.0
simu5g_00000743,3,4,14,1160.0,,15.0
simu5g_00000743,3,4,15,1160.0,,15.0
simu5g_00000743,3,4,16,1160.0,,15.0
simu5g_00000743,3,4,17,1160.0,,15.0
simu5g_00000743,3,4,18,1160.0,,15.0
simu5g_00000743,3,4,19,1160.0,,15.0
simu5g_00000743,3,4,20,1160.0,,15.0
simu5g_00000743,3,4,21,1160.0,,15.0
simu5g_00000743,3,4,22,1160.0,,15.0
simu5g_00000743,3,4,23,1160.0,,15.0
simu5g_00000743,3,4,24,1160.0,,15.0
simu5g_00000743,4,5,0,1128.0,,14.0
simu5g_00000743,4,5,1,984.0,,13.0
simu5g_00000743,4,5,2,1160.0,,15.0
simu5g_00000743,4,5,3,528.0,,8.0
simu5g_00000743,4,5,4,1128.0,,14.0
simu5g_00000743,4,5,5,1160.0,,15.0
simu5g_00000743,4,5,6,1160.0,,15.0
simu5g_00000743,4,5,7,608.0,,9.0
simu5g_00000743,4,5,8,888.0,,12.0
simu5g_00000743,4,5,9,1128.0,,14.0
simu5g_00000743,4,5,10,1128.0,,14.0
simu5g_00000743,4,5,11,1128.0,,14.0
simu5g_00000743,4,5,12,1160.0,,15.0
simu5g_00000743,4,5,13,1128.0,,14.0
simu5g_00000743,4,5,14,1160.0,,15.0
simu5g_00000743,4,5,15,984.0,,13.0
simu5g_00000743,4,5,16,984.0,,13.0
simu5g_00000743,4,5,17,984.0,,13.0
simu5g_00000743,4,5,18,1160.0,,15.0
simu5g_00000743,4,5,19,1128.0,,14.0
simu5g_00000743,4,5,20,1128.0,,14.0
simu5g_00000743,4,5,21,984.0,,13.0
simu5g_00000743,4,5,22,1160.0,,15.0
simu5g_00000743,4,5,23,1128.0,,14.0
simu5g_00000743,4,5,24,984.0,,13.0
simu5g_00000743,5,6,0,1160.0,,15.0
simu5g_00000743,5,6,1,1160.0,,15.0
simu5g_00000743,5,6,2,1160.0,,15.0
simu5g_00000743,5,6,3,1160.0,,15.0
simu5g_00000743,5,6,4,1160.0,,15.0
simu5g_00000743,5,6,5,1160.0,,15.0
simu5g_00000743,5,6,6,1160.0,,15.0
simu5g_00000743,5,6,7,1160.0,,15.0
simu5g_00000743,5,6,8,1160.0,,15.0
simu5g_00000743,5,6,9,1160.0,,15.0
simu5g_00000743,5,6,10,1160.0,,15.0
simu5g_00000743,5,6,11,1160.0,,15.0
simu5g_00000743,5,6,12,1160.0,,15.0
simu5g_00000743,5,6,13,1128.0,,14.0
simu5g_00000743,5,6,14,1128.0,,14.0
simu5g_00000743,5,6,15,1160.0,,15.0
simu5g_00000743,5,6,16,888.0,,12.0
simu5g_00000743,5,6,17,1160.0,,15.0
simu5g_00000743,5,6,18,1160.0,,15.0
simu5g_00000743,5,6,19,1160.0,,15.0
simu5g_00000743,5,6,20,1160.0,,15.0
simu5g_00000743,5,6,21,1128.0,,14.0
simu5g_00000743,5,6,22,1160.0,,15.0
simu5g_00000743,5,6,23,1160.0,,15.0
simu5g_00000743,5,6,24,1160.0,,15.0
simu5g_00000744,31,0,0,1160.0,,15.0
simu5g_00000744,31,0,1,1128.0,,14.0
simu5g_00000744,31,0,2,1160.0,,15.0
simu5g_00000744,31,0,3,1160.0,,15.0
simu5g_00000744,31,0,4,1160.0,,15.0
simu5g_00000744,31,0,5,1160.0,,15.0
simu5g_00000744,31,0,6,1160.0,,15.0
simu5g_00000744,31,0,7,1160.0,,15.0
simu5g_00000744,31,0,8,1160.0,,15.0
simu5g_00000744,31,0,9,1160.0,,15.0
simu5g_00000744,31,0,10,1160.0,,15.0
simu5g_00000744,31,0,11,1160.0,,15.0
simu5g_00000744,31,0,12,888.0,,12.0
simu5g_00000744,31,0,13,1160.0,,15.0
simu5g_00000744,31,0,14,1160.0,,15.0
simu5g_00000744,31,0,15,1160.0,,15.0
simu5g_00000744,31,0,16,1160.0,,15.0
simu5g_00000744,31,0,17,1160.0,,15.0
simu5g_00000744,31,0,18,1160.0,,15.0
simu5g_00000744,31,0,19,1160.0,,15.0
simu5g_00000744,31,0,20,1160.0,,15.0
simu5g_00000744,31,0,21,1160.0,,15.0
simu5g_00000744,31,0,22,1160.0,,15.0
simu5g_00000744,31,0,23,1160.0,,15.0
simu5g_00000744,31,0,24,1160.0,,15.0
simu5g_00000744,6,1,0,1160.0,,15.0
simu5g_00000744,6,1,1,1160.0,,15.0
simu5g_00000744,6,1,2,1160.0,,15.0
simu5g_00000744,6,1,3,984.0,,13.0
simu5g_00000744,6,1,4,1160.0,,15.0
simu5g_00000744,6,1,5,1160.0,,15.0
simu5g_00000744,6,1,6,1160.0,,15.0
simu5g_00000744,6,1,7,1160.0,,15.0
simu5g_00000744,6,1,8,1160.0,,15.0
simu5g_00000744,6,1,9,1160.0,,15.0
simu5g_00000744,6,1,10,1160.0,,15.0
simu5g_00000744,6,1,11,1160.0,,15.0
simu5g_00000744,6,1,12,1160.0,,15.0
simu5g_00000744,6,1,13,1160.0,,15.0
simu5g_00000744,6,1,14,1160.0,,15.0
simu5g_00000744,6,1,15,1160.0,,15.0
simu5g_00000744,6,1,16,1128.0,,14.0
simu5g_00000744,6,1,17,1160.0,,15.0
simu5g_00000744,6,1,18,1160.0,,15.0
simu5g_00000744,6,1,19,1160.0,,15.0
simu5g_00000744,6,1,20,1160.0,,15.0
simu5g_00000744,6,1,21,1160.0,,15.0
simu5g_00000744,6,1,22,1160.0,,15.0
simu5g_00000744,6,1,23,1160.0,,15.0
simu5g_00000744,6,1,24,1160.0,,15.0
simu5g_00000744,7,2,0,1128.0,,14.0
simu5g_00000744,7,2,1,1160.0,,15.0
simu5g_00000744,7,2,2,1128.0,,14.0
simu5g_00000744,7,2,3,528.0,,8.0
simu5g_00000744,7,2,4,808.0,,11.0
simu5g_00000744,7,2,5,1160.0,,15.0
simu5g_00000744,7,2,6,984.0,,13.0
simu5g_00000744,7,2,7,1160.0,,15.0
simu5g_00000744,7,2,8,1160.0,,15.0
simu5g_00000744,7,2,9,984.0,,13.0
simu5g_00000744,7,2,10,1128.0,,14.0
simu5g_00000744,7,2,11,984.0,,13.0
simu5g_00000744,7,2,12,1160.0,,15.0
simu5g_00000744,7,2,13,1160.0,,15.0
simu5g_00000744,7,2,14,984.0,,13.0
simu5g_00000744,7,2,15,1128.0,,14.0
simu5g_00000744,7,2,16,984.0,,13.0
simu5g_00000744,7,2,17,528.0,,8.0
simu5g_00000744,7,2,18,1160.0,,15.0
simu5g_00000744,7,2,19,984.0,,13.0
simu5g_00000744,7,2,20,984.0,,13.0
simu5g_00000744,7,2,21,1128.0,,14.0
simu5g_00000744,7,2,22,1160.0,,15.0
simu5g_00000744,7,2,23,1160.0,,15.0
simu5g_00000744,7,2,24,1128.0,,14.0
simu5g_00000745,0,0,0,1160.0,,15.0
simu5g_00000745,0,0,1,1160.0,,15.0
simu5g_00000745,0,0,2,1160.0,,15.0
simu5g_00000745,0,0,3,1160.0,,15.0
simu5g_00000745,0,0,4,1160.0,,15.0
simu5g_00000745,0,0,5,1160.0,,15.0
simu5g_00000745,0,0,6,1160.0,,15.0
simu5g_00000745,0,0,7,1160.0,,15.0
simu5g_00000745,0,0,8,1160.0,,15.0
simu5g_00000745,0,0,9,1160.0,,15.0
simu5g_00000745,0,0,10,1160.0,,15.0
simu5g_00000745,0,0,11,1160.0,,15.0
simu5g_00000745,0,0,12,1160.0,,15.0
simu5g_00000745,0,0,13,1160.0,,15.0
simu5g_00000745,0,0,14,1160.0,,15.0
simu5g_00000745,0,0,15,1160.0,,15.0
simu5g_00000745,0,0,16,1160.0,,15.0
simu5g_00000745,0,0,17,1160.0,,15.0
simu5g_00000745,0,0,18,1160.0,,15.0
simu5g_00000745,0,0,19,1160.0,,15.0
simu5g_00000745,0,0,20,1160.0,,15.0
simu5g_00000745,0,0,21,1160.0,,15.0
simu5g_00000745,0,0,22,1160.0,,15.0
simu5g_00000745,0,0,23,1160.0,,15.0
simu5g_00000745,0,0,24,1160.0,,15.0
simu5g_00000745,1,1,0,1160.0,,15.0
simu5g_00000745,1,1,1,1160.0,,15.0
simu5g_00000745,1,1,2,1160.0,,15.0
simu5g_00000745,1,1,3,1160.0,,15.0
simu5g_00000745,1,1,4,1160.0,,15.0
simu5g_00000745,1,1,5,1160.0,,15.0
simu5g_00000745,1,1,6,1160.0,,15.0
simu5g_00000745,1,1,7,1160.0,,15.0
simu5g_00000745,1,1,8,1160.0,,15.0
simu5g_00000745,1,1,9,1160.0,,15.0
simu5g_00000745,1,1,10,1160.0,,15.0
simu5g_00000745,1,1,11,1160.0,,15.0
simu5g_00000745,1,1,12,1160.0,,15.0
simu5g_00000745,1,1,13,1160.0,,15.0
simu5g_00000745,1,1,14,1160.0,,15.0
simu5g_00000745,1,1,15,1160.0,,15.0
simu5g_00000745,1,1,16,1160.0,,15.0
simu5g_00000745,1,1,17,1160.0,,15.0
simu5g_00000745,1,1,18,1160.0,,15.0
simu5g_00000745,1,1,19,1160.0,,15.0
simu5g_00000745,1,1,20,1160.0,,15.0
simu5g_00000745,1,1,21,1160.0,,15.0
simu5g_00000745,1,1,22,1160.0,,15.0
simu5g_00000745,1,1,23,1160.0,,15.0
simu5g_00000745,1,1,24,1160.0,,15.0
simu5g_00000745,15,2,0,1160.0,,15.0
simu5g_00000745,15,2,1,1160.0,,15.0
simu5g_00000745,15,2,2,1160.0,,15.0
simu5g_00000745,15,2,3,1160.0,,15.0
simu5g_00000745,15,2,4,1160.0,,15.0
simu5g_00000745,15,2,5,984.0,,13.0
simu5g_00000745,15,2,6,1160.0,,15.0
simu5g_00000745,15,2,7,1160.0,,15.0
simu5g_00000745,15,2,8,1160.0,,15.0
simu5g_00000745,15,2,9,1160.0,,15.0
simu5g_00000745,15,2,10,1160.0,,15.0
simu5g_00000745,15,2,11,1160.0,,15.0
simu5g_00000745,15,2,12,1128.0,,14.0
simu5g_00000745,15,2,13,1160.0,,15.0
simu5g_00000745,15,2,14,1160.0,,15.0
simu5g_00000745,15,2,15,1160.0,,15.0
simu5g_00000745,15,2,16,1160.0,,15.0
simu5g_00000745,15,2,17,1160.0,,15.0
simu5g_00000745,15,2,18,1160.0,,15.0
simu5g_00000745,15,2,19,1160.0,,15.0
simu5g_00000745,15,2,20,1160.0,,15.0
simu5g_00000745,15,2,21,1160.0,,15.0
simu5g_00000745,15,2,22,1160.0,,15.0
simu5g_00000745,15,2,23,1160.0,,15.0
simu5g_00000745,15,2,24,1160.0,,15.0
simu5g_00000745,2,3,0,1160.0,,15.0
simu5g_00000745,2,3,1,1160.0,,15.0
simu5g_00000745,2,3,2,1160.0,,15.0
simu5g_00000745,2,3,3,1160.0,,15.0
simu5g_00000745,2,3,4,1160.0,,15.0
simu5g_00000745,2,3,5,1160.0,,15.0
simu5g_00000745,2,3,6,1160.0,,15.0
simu5g_00000745,2,3,7,1160.0,,15.0
simu5g_00000745,2,3,8,1160.0,,15.0
simu5g_00000745,2,3,9,1160.0,,15.0
simu5g_00000745,2,3,10,1160.0,,15.0
simu5g_00000745,2,3,11,1160.0,,15.0
simu5g_00000745,2,3,12,1160.0,,15.0
simu5g_00000745,2,3,13,1160.0,,15.0
simu5g_00000745,2,3,14,1160.0,,15.0
simu5g_00000745,2,3,15,1160.0,,15.0
simu5g_00000745,2,3,16,1160.0,,15.0
simu5g_00000745,2,3,17,1160.0,,15.0
simu5g_00000745,2,3,18,1160.0,,15.0
simu5g_00000745,2,3,19,1160.0,,15.0
simu5g_00000745,2,3,20,1160.0,,15.0
simu5g_00000745,2,3,21,1160.0,,15.0
simu5g_00000745,2,3,22,1160.0,,15.0
simu5g_00000745,2,3,23,1160.0,,15.0
simu5g_00000745,2,3,24,1160.0,,15.0
simu5g_00000745,3,4,0,1160.0,,15.0
simu5g_00000745,3,4,1,1160.0,,15.0
simu5g_00000745,3,4,2,1160.0,,15.0
simu5g_00000745,3,4,3,1160.0,,15.0
simu5g_00000745,3,4,4,1160.0,,15.0
simu5g_00000745,3,4,5,1160.0,,15.0
simu5g_00000745,3,4,6,1160.0,,15.0
simu5g_00000745,3,4,7,1160.0,,15.0
simu5g_00000745,3,4,8,1128.0,,14.0
simu5g_00000745,3,4,9,1128.0,,14.0
simu5g_00000745,3,4,10,1160.0,,15.0
simu5g_00000745,3,4,11,1160.0,,15.0
simu5g_00000745,3,4,12,1160.0,,15.0
simu5g_00000745,3,4,13,1160.0,,15.0
simu5g_00000745,3,4,14,1160.0,,15.0
simu5g_00000745,3,4,15,1160.0,,15.0
simu5g_00000745,3,4,16,1160.0,,15.0
simu5g_00000745,3,4,17,1160.0,,15.0
simu5g_00000745,3,4,18,1160.0,,15.0
simu5g_00000745,3,4,19,1160.0,,15.0
simu5g_00000745,3,4,20,1160.0,,15.0
simu5g_00000745,3,4,21,1160.0,,15.0
simu5g_00000745,3,4,22,1160.0,,15.0
simu5g_00000745,3,4,23,1160.0,,15.0
simu5g_00000745,3,4,24,1160.0,,15.0
simu5g_00000745,4,5,0,1128.0,,14.0
simu5g_00000745,4,5,1,984.0,,13.0
simu5g_00000745,4,5,2,1160.0,,15.0
simu5g_00000745,4,5,3,528.0,,8.0
simu5g_00000745,4,5,4,1128.0,,14.0
simu5g_00000745,4,5,5,1160.0,,15.0
simu5g_00000745,4,5,6,1160.0,,15.0
simu5g_00000745,4,5,7,608.0,,9.0
simu5g_00000745,4,5,8,888.0,,12.0
simu5g_00000745,4,5,9,1128.0,,14.0
simu5g_00000745,4,5,10,1128.0,,14.0
simu5g_00000745,4,5,11,1128.0,,14.0
simu5g_00000745,4,5,12,1160.0,,15.0
simu5g_00000745,4,5,13,1128.0,,14.0
simu5g_00000745,4,5,14,1160.0,,15.0
simu5g_00000745,4,5,15,984.0,,13.0
simu5g_00000745,4,5,16,984.0,,13.0
simu5g_00000745,4,5,17,984.0,,13.0
simu5g_00000745,4,5,18,1160.0,,15.0
simu5g_00000745,4,5,19,1128.0,,14.0
simu5g_00000745,4,5,20,1128.0,,14.0
simu5g_00000745,4,5,21,984.0,,13.0
simu5g_00000745,4,5,22,1160.0,,15.0
simu5g_00000745,4,5,23,1128.0,,14.0
simu5g_00000745,4,5,24,984.0,,13.0
simu5g_00000745,5,6,0,1160.0,,15.0
simu5g_00000745,5,6,1,1160.0,,15.0
simu5g_00000745,5,6,2,1160.0,,15.0
simu5g_00000745,5,6,3,1160.0,,15.0
simu5g_00000745,5,6,4,1160.0,,15.0
simu5g_00000745,5,6,5,1160.0,,15.0
simu5g_00000745,5,6,6,1160.0,,15.0
simu5g_00000745,5,6,7,1160.0,,15.0
simu5g_00000745,5,6,8,1160.0,,15.0
simu5g_00000745,5,6,9,1160.0,,15.0
simu5g_00000745,5,6,10,1160.0,,15.0
simu5g_00000745,5,6,11,1160.0,,15.0
simu5g_00000745,5,6,12,1160.0,,15.0
simu5g_00000745,5,6,13,1160.0,,15.0
simu5g_00000745,5,6,14,1160.0,,15.0
simu5g_00000745,5,6,15,1160.0,,15.0
simu5g_00000745,5,6,16,984.0,,13.0
simu5g_00000745,5,6,17,1160.0,,15.0
simu5g_00000745,5,6,18,1160.0,,15.0
simu5g_00000745,5,6,19,1160.0,,15.0
simu5g_00000745,5,6,20,1160.0,,15.0
simu5g_00000745,5,6,21,1160.0,,15.0
simu5g_00000745,5,6,22,1160.0,,15.0
simu5g_00000745,5,6,23,1160.0,,15.0
simu5g_00000745,5,6,24,1160.0,,15.0
simu5g_00000746,31,0,0,1160.0,,15.0
simu5g_00000746,31,0,1,1128.0,,14.0
simu5g_00000746,31,0,2,1160.0,,15.0
simu5g_00000746,31,0,3,1160.0,,15.0
simu5g_00000746,31,0,4,1160.0,,15.0
simu5g_00000746,31,0,5,1160.0,,15.0
simu5g_00000746,31,0,6,1160.0,,15.0
simu5g_00000746,31,0,7,1160.0,,15.0
simu5g_00000746,31,0,8,1160.0,,15.0
simu5g_00000746,31,0,9,1160.0,,15.0
simu5g_00000746,31,0,10,1160.0,,15.0
simu5g_00000746,31,0,11,1160.0,,15.0
simu5g_00000746,31,0,12,888.0,,12.0
simu5g_00000746,31,0,13,1160.0,,15.0
simu5g_00000746,31,0,14,1160.0,,15.0
simu5g_00000746,31,0,15,1160.0,,15.0
simu5g_00000746,31,0,16,1160.0,,15.0
simu5g_00000746,31,0,17,1160.0,,15.0
simu5g_00000746,31,0,18,1160.0,,15.0
simu5g_00000746,31,0,19,1160.0,,15.0
simu5g_00000746,31,0,20,1160.0,,15.0
simu5g_00000746,31,0,21,1160.0,,15.0
simu5g_00000746,31,0,22,1160.0,,15.0
simu5g_00000746,31,0,23,1160.0,,15.0
simu5g_00000746,31,0,24,1160.0,,15.0
simu5g_00000746,6,1,0,1160.0,,15.0
simu5g_00000746,6,1,1,1160.0,,15.0
simu5g_00000746,6,1,2,1160.0,,15.0
simu5g_00000746,6,1,3,984.0,,13.0
simu5g_00000746,6,1,4,1160.0,,15.0
simu5g_00000746,6,1,5,1160.0,,15.0
simu5g_00000746,6,1,6,1160.0,,15.0
simu5g_00000746,6,1,7,1160.0,,15.0
simu5g_00000746,6,1,8,1160.0,,15.0
simu5g_00000746,6,1,9,1160.0,,15.0
simu5g_00000746,6,1,10,1160.0,,15.0
simu5g_00000746,6,1,11,1160.0,,15.0
simu5g_00000746,6,1,12,1160.0,,15.0
simu5g_00000746,6,1,13,1160.0,,15.0
simu5g_00000746,6,1,14,1160.0,,15.0
simu5g_00000746,6,1,15,1160.0,,15.0
simu5g_00000746,6,1,16,1128.0,,14.0
simu5g_00000746,6,1,17,1160.0,,15.0
simu5g_00000746,6,1,18,1160.0,,15.0
simu5g_00000746,6,1,19,1160.0,,15.0
simu5g_00000746,6,1,20,1160.0,,15.0
simu5g_00000746,6,1,21,1160.0,,15.0
simu5g_00000746,6,1,22,1160.0,,15.0
simu5g_00000746,6,1,23,1160.0,,15.0
simu5g_00000746,6,1,24,1160.0,,15.0
simu5g_00000746,7,2,0,1128.0,,14.0
simu5g_00000746,7,2,1,1160.0,,15.0
simu5g_00000746,7,2,2,1128.0,,14.0
simu5g_00000746,7,2,3,528.0,,8.0
simu5g_00000746,7,2,4,808.0,,11.0
simu5g_00000746,7,2,5,1160.0,,15.0
simu5g_00000746,7,2,6,984.0,,13.0
simu5g_00000746,7,2,7,1160.0,,15.0
simu5g_00000746,7,2,8,1160.0,,15.0
simu5g_00000746,7,2,9,984.0,,13.0
simu5g_00000746,7,2,10,1128.0,,14.0
simu5g_00000746,7,2,11,984.0,,13.0
simu5g_00000746,7,2,12,1160.0,,15.0
simu5g_00000746,7,2,13,1160.0,,15.0
simu5g_00000746,7,2,14,984.0,,13.0
simu5g_00000746,7,2,15,1128.0,,14.0
simu5g_00000746,7,2,16,984.0,,13.0
simu5g_00000746,7,2,17,528.0,,8.0
simu5g_00000746,7,2,18,1160.0,,15.0
simu5g_00000746,7,2,19,984.0,,13.0
simu5g_00000746,7,2,20,984.0,,13.0
simu5g_00000746,7,2,21,1128.0,,14.0
simu5g_00000746,7,2,22,1160.0,,15.0
simu5g_00000746,7,2,23,1160.0,,15.0
simu5g_00000746,7,2,24,1128.0,,14.0
simu5g_00000747,0,0,0,1160.0,,15.0
simu5g_00000747,0,0,1,1160.0,,15.0
simu5g_00000747,0,0,2,1160.0,,15.0
simu5g_00000747,0,0,3,1160.0,,15.0
simu5g_00000747,0,0,4,1160.0,,15.0
simu5g_00000747,0,0,5,1160.0,,15.0
simu5g_00000747,0,0,6,1160.0,,15.0
simu5g_00000747,0,0,7,1160.0,,15.0
simu5g_00000747,0,0,8,1160.0,,15.0
simu5g_00000747,0,0,9,1160.0,,15.0
simu5g_00000747,0,0,10,1160.0,,15.0
simu5g_00000747,0,0,11,1160.0,,15.0
simu5g_00000747,0,0,12,1160.0,,15.0
simu5g_00000747,0,0,13,1160.0,,15.0
simu5g_00000747,0,0,14,1160.0,,15.0
simu5g_00000747,0,0,15,1160.0,,15.0
simu5g_00000747,0,0,16,1160.0,,15.0
simu5g_00000747,0,0,17,1160.0,,15.0
simu5g_00000747,0,0,18,1160.0,,15.0
simu5g_00000747,0,0,19,1160.0,,15.0
simu5g_00000747,0,0,20,1160.0,,15.0
simu5g_00000747,0,0,21,1160.0,,15.0
simu5g_00000747,0,0,22,1160.0,,15.0
simu5g_00000747,0,0,23,1160.0,,15.0
simu5g_00000747,0,0,24,1160.0,,15.0
simu5g_00000747,1,1,0,1160.0,,15.0
simu5g_00000747,1,1,1,1160.0,,15.0
simu5g_00000747,1,1,2,1160.0,,15.0
simu5g_00000747,1,1,3,1160.0,,15.0
simu5g_00000747,1,1,4,1160.0,,15.0
simu5g_00000747,1,1,5,1160.0,,15.0
simu5g_00000747,1,1,6,1160.0,,15.0
simu5g_00000747,1,1,7,1160.0,,15.0
simu5g_00000747,1,1,8,1160.0,,15.0
simu5g_00000747,1,1,9,1160.0,,15.0
simu5g_00000747,1,1,10,1160.0,,15.0
simu5g_00000747,1,1,11,1160.0,,15.0
simu5g_00000747,1,1,12,1160.0,,15.0
simu5g_00000747,1,1,13,1160.0,,15.0
simu5g_00000747,1,1,14,1160.0,,15.0
simu5g_00000747,1,1,15,1160.0,,15.0
simu5g_00000747,1,1,16,1160.0,,15.0
simu5g_00000747,1,1,17,1160.0,,15.0
simu5g_00000747,1,1,18,1160.0,,15.0
simu5g_00000747,1,1,19,1160.0,,15.0
simu5g_00000747,1,1,20,1160.0,,15.0
simu5g_00000747,1,1,21,1160.0,,15.0
simu5g_00000747,1,1,22,1160.0,,15.0
simu5g_00000747,1,1,23,1160.0,,15.0
simu5g_00000747,1,1,24,1160.0,,15.0
simu5g_00000747,15,2,0,1160.0,,15.0
simu5g_00000747,15,2,1,1160.0,,15.0
simu5g_00000747,15,2,2,1160.0,,15.0
simu5g_00000747,15,2,3,1160.0,,15.0
simu5g_00000747,15,2,4,1160.0,,15.0
simu5g_00000747,15,2,5,984.0,,13.0
simu5g_00000747,15,2,6,1160.0,,15.0
simu5g_00000747,15,2,7,1160.0,,15.0
simu5g_00000747,15,2,8,1160.0,,15.0
simu5g_00000747,15,2,9,1160.0,,15.0
simu5g_00000747,15,2,10,1160.0,,15.0
simu5g_00000747,15,2,11,1160.0,,15.0
simu5g_00000747,15,2,12,1128.0,,14.0
simu5g_00000747,15,2,13,1160.0,,15.0
simu5g_00000747,15,2,14,1160.0,,15.0
simu5g_00000747,15,2,15,1160.0,,15.0
simu5g_00000747,15,2,16,1160.0,,15.0
simu5g_00000747,15,2,17,1160.0,,15.0
simu5g_00000747,15,2,18,1160.0,,15.0
simu5g_00000747,15,2,19,1160.0,,15.0
simu5g_00000747,15,2,20,1160.0,,15.0
simu5g_00000747,15,2,21,1160.0,,15.0
simu5g_00000747,15,2,22,1160.0,,15.0
simu5g_00000747,15,2,23,1160.0,,15.0
simu5g_00000747,15,2,24,1160.0,,15.0
simu5g_00000747,2,3,0,1160.0,,15.0
simu5g_00000747,2,3,1,1160.0,,15.0
simu5g_00000747,2,3,2,1160.0,,15.0
simu5g_00000747,2,3,3,1160.0,,15.0
simu5g_00000747,2,3,4,1160.0,,15.0
simu5g_00000747,2,3,5,1160.0,,15.0
simu5g_00000747,2,3,6,1160.0,,15.0
simu5g_00000747,2,3,7,1160.0,,15.0
simu5g_00000747,2,3,8,1160.0,,15.0
simu5g_00000747,2,3,9,1160.0,,15.0
simu5g_00000747,2,3,10,1160.0,,15.0
simu5g_00000747,2,3,11,1160.0,,15.0
simu5g_00000747,2,3,12,1160.0,,15.0
simu5g_00000747,2,3,13,1160.0,,15.0
simu5g_00000747,2,3,14,1160.0,,15.0
simu5g_00000747,2,3,15,1160.0,,15.0
simu5g_00000747,2,3,16,1160.0,,15.0
simu5g_00000747,2,3,17,1160.0,,15.0
simu5g_00000747,2,3,18,1160.0,,15.0
simu5g_00000747,2,3,19,1160.0,,15.0
simu5g_00000747,2,3,20,1160.0,,15.0
simu5g_00000747,2,3,21,1160.0,,15.0
simu5g_00000747,2,3,22,1160.0,,15.0
simu5g_00000747,2,3,23,1160.0,,15.0
simu5g_00000747,2,3,24,1160.0,,15.0
simu5g_00000747,3,4,0,1160.0,,15.0
simu5g_00000747,3,4,1,1160.0,,15.0
simu5g_00000747,3,4,2,1160.0,,15.0
simu5g_00000747,3,4,3,1160.0,,15.0
simu5g_00000747,3,4,4,1160.0,,15.0
simu5g_00000747,3,4,5,1160.0,,15.0
simu5g_00000747,3,4,6,1160.0,,15.0
simu5g_00000747,3,4,7,1160.0,,15.0
simu5g_00000747,3,4,8,1160.0,,15.0
simu5g_00000747,3,4,9,1128.0,,14.0
simu5g_00000747,3,4,10,1160.0,,15.0
simu5g_00000747,3,4,11,1160.0,,15.0
simu5g_00000747,3,4,12,1160.0,,15.0
simu5g_00000747,3,4,13,1160.0,,15.0
simu5g_00000747,3,4,14,1160.0,,15.0
simu5g_00000747,3,4,15,1160.0,,15.0
simu5g_00000747,3,4,16,1160.0,,15.0
simu5g_00000747,3,4,17,1160.0,,15.0
simu5g_00000747,3,4,18,1160.0,,15.0
simu5g_00000747,3,4,19,1160.0,,15.0
simu5g_00000747,3,4,20,1160.0,,15.0
simu5g_00000747,3,4,21,1160.0,,15.0
simu5g_00000747,3,4,22,1160.0,,15.0
simu5g_00000747,3,4,23,1160.0,,15.0
simu5g_00000747,3,4,24,1160.0,,15.0
simu5g_00000747,4,5,0,1128.0,,14.0
simu5g_00000747,4,5,1,984.0,,13.0
simu5g_00000747,4,5,2,1160.0,,15.0
simu5g_00000747,4,5,3,528.0,,8.0
simu5g_00000747,4,5,4,1128.0,,14.0
simu5g_00000747,4,5,5,1160.0,,15.0
simu5g_00000747,4,5,6,1160.0,,15.0
simu5g_00000747,4,5,7,608.0,,9.0
simu5g_00000747,4,5,8,984.0,,13.0
simu5g_00000747,4,5,9,1128.0,,14.0
simu5g_00000747,4,5,10,1128.0,,14.0
simu5g_00000747,4,5,11,1128.0,,14.0
simu5g_00000747,4,5,12,1160.0,,15.0
simu5g_00000747,4,5,13,1128.0,,14.0
simu5g_00000747,4,5,14,1160.0,,15.0
simu5g_00000747,4,5,15,984.0,,13.0
simu5g_00000747,4,5,16,984.0,,13.0
simu5g_00000747,4,5,17,1128.0,,14.0
simu5g_00000747,4,5,18,1160.0,,15.0
simu5g_00000747,4,5,19,1128.0,,14.0
simu5g_00000747,4,5,20,1128.0,,14.0
simu5g_00000747,4,5,21,984.0,,13.0
simu5g_00000747,4,5,22,1160.0,,15.0
simu5g_00000747,4,5,23,1128.0,,14.0
simu5g_00000747,4,5,24,984.0,,13.0
simu5g_00000747,5,6,0,1160.0,,15.0
simu5g_00000747,5,6,1,1160.0,,15.0
simu5g_00000747,5,6,2,1160.0,,15.0
simu5g_00000747,5,6,3,1160.0,,15.0
simu5g_00000747,5,6,4,1160.0,,15.0
simu5g_00000747,5,6,5,1160.0,,15.0
simu5g_00000747,5,6,6,1160.0,,15.0
simu5g_00000747,5,6,7,1160.0,,15.0
simu5g_00000747,5,6,8,1160.0,,15.0
simu5g_00000747,5,6,9,1160.0,,15.0
simu5g_00000747,5,6,10,1160.0,,15.0
simu5g_00000747,5,6,11,1160.0,,15.0
simu5g_00000747,5,6,12,1160.0,,15.0
simu5g_00000747,5,6,13,1160.0,,15.0
simu5g_00000747,5,6,14,1160.0,,15.0
simu5g_00000747,5,6,15,1160.0,,15.0
simu5g_00000747,5,6,16,984.0,,13.0
simu5g_00000747,5,6,17,1160.0,,15.0
simu5g_00000747,5,6,18,1160.0,,15.0
simu5g_00000747,5,6,19,1160.0,,15.0
simu5g_00000747,5,6,20,1160.0,,15.0
simu5g_00000747,5,6,21,1160.0,,15.0
simu5g_00000747,5,6,22,1160.0,,15.0
simu5g_00000747,5,6,23,1160.0,,15.0
simu5g_00000747,5,6,24,1160.0,,15.0
simu5g_00000748,31,0,0,1160.0,,15.0
simu5g_00000748,31,0,1,1128.0,,14.0
simu5g_00000748,31,0,2,1160.0,,15.0
simu5g_00000748,31,0,3,1160.0,,15.0
simu5g_00000748,31,0,4,1160.0,,15.0
simu5g_00000748,31,0,5,1160.0,,15.0
simu5g_00000748,31,0,6,1160.0,,15.0
simu5g_00000748,31,0,7,1160.0,,15.0
simu5g_00000748,31,0,8,1160.0,,15.0
simu5g_00000748,31,0,9,1160.0,,15.0
simu5g_00000748,31,0,10,1160.0,,15.0
simu5g_00000748,31,0,11,1160.0,,15.0
simu5g_00000748,31,0,12,888.0,,12.0
simu5g_00000748,31,0,13,1160.0,,15.0
simu5g_00000748,31,0,14,1160.0,,15.0
simu5g_00000748,31,0,15,1160.0,,15.0
simu5g_00000748,31,0,16,1160.0,,15.0
simu5g_00000748,31,0,17,1160.0,,15.0
simu5g_00000748,31,0,18,1160.0,,15.0
simu5g_00000748,31,0,19,1160.0,,15.0
simu5g_00000748,31,0,20,1160.0,,15.0
simu5g_00000748,31,0,21,1160.0,,15.0
simu5g_00000748,31,0,22,1160.0,,15.0
simu5g_00000748,31,0,23,1160.0,,15.0
simu5g_00000748,31,0,24,1160.0,,15.0
simu5g_00000748,6,1,0,1160.0,,15.0
simu5g_00000748,6,1,1,1160.0,,15.0
simu5g_00000748,6,1,2,1160.0,,15.0
simu5g_00000748,6,1,3,984.0,,13.0
simu5g_00000748,6,1,4,1160.0,,15.0
simu5g_00000748,6,1,5,1160.0,,15.0
simu5g_00000748,6,1,6,1160.0,,15.0
simu5g_00000748,6,1,7,1160.0,,15.0
simu5g_00000748,6,1,8,1160.0,,15.0
simu5g_00000748,6,1,9,1160.0,,15.0
simu5g_00000748,6,1,10,1160.0,,15.0
simu5g_00000748,6,1,11,1160.0,,15.0
simu5g_00000748,6,1,12,1160.0,,15.0
simu5g_00000748,6,1,13,1160.0,,15.0
simu5g_00000748,6,1,14,1160.0,,15.0
simu5g_00000748,6,1,15,1160.0,,15.0
simu5g_00000748,6,1,16,1128.0,,14.0
simu5g_00000748,6,1,17,1160.0,,15.0
simu5g_00000748,6,1,18,1160.0,,15.0
simu5g_00000748,6,1,19,1160.0,,15.0
simu5g_00000748,6,1,20,1160.0,,15.0
simu5g_00000748,6,1,21,1160.0,,15.0
simu5g_00000748,6,1,22,1160.0,,15.0
simu5g_00000748,6,1,23,1160.0,,15.0
simu5g_00000748,6,1,24,1160.0,,15.0
simu5g_00000748,7,2,0,984.0,,13.0
simu5g_00000748,7,2,1,1160.0,,15.0
simu5g_00000748,7,2,2,984.0,,13.0
simu5g_00000748,7,2,3,368.0,,6.0
simu5g_00000748,7,2,4,608.0,,9.0
simu5g_00000748,7,2,5,1128.0,,14.0
simu5g_00000748,7,2,6,808.0,,11.0
simu5g_00000748,7,2,7,1128.0,,14.0
simu5g_00000748,7,2,8,1128.0,,14.0
simu5g_00000748,7,2,9,984.0,,13.0
simu5g_00000748,7,2,10,984.0,,13.0
simu5g_00000748,7,2,11,984.0,,13.0
simu5g_00000748,7,2,12,1128.0,,14.0
simu5g_00000748,7,2,13,1160.0,,15.0
simu5g_00000748,7,2,14,888.0,,12.0
simu5g_00000748,7,2,15,1128.0,,14.0
simu5g_00000748,7,2,16,984.0,,13.0
simu5g_00000748,7,2,17,368.0,,6.0
simu5g_00000748,7,2,18,1128.0,,14.0
simu5g_00000748,7,2,19,888.0,,12.0
simu5g_00000748,7,2,20,808.0,,11.0
simu5g_00000748,7,2,21,984.0,,13.0
simu5g_00000748,7,2,22,1128.0,,14.0
simu5g_00000748,7,2,23,1128.0,,14.0
simu5g_00000748,7,2,24,1128.0,,14.0
simu5g_00000749,0,0,0,1160.0,,15.0
simu5g_00000749,0,0,1,1128.0,,14.0
simu5g_00000749,0,0,2,1160.0,,15.0
simu5g_00000749,0,0,3,1160.0,,15.0
simu5g_00000749,0,0,4,1160.0,,15.0
simu5g_00000749,0,0,5,1160.0,,15.0
simu5g_00000749,0,0,6,1160.0,,15.0
simu5g_00000749,0,0,7,1160.0,,15.0
simu5g_00000749,0,0,8,1160.0,,15.0
simu5g_00000749,0,0,9,1160.0,,15.0
simu5g_00000749,0,0,10,1160.0,,15.0
simu5g_00000749,0,0,11,1160.0,,15.0
simu5g_00000749,0,0,12,1160.0,,15.0
simu5g_00000749,0,0,13,1160.0,,15.0
simu5g_00000749,0,0,14,1160.0,,15.0
simu5g_00000749,0,0,15,1160.0,,15.0
simu5g_00000749,0,0,16,1160.0,,15.0
simu5g_00000749,0,0,17,1160.0,,15.0
simu5g_00000749,0,0,18,1160.0,,15.0
simu5g_00000749,0,0,19,1160.0,,15.0
simu5g_00000749,0,0,20,1160.0,,15.0
simu5g_00000749,0,0,21,1160.0,,15.0
simu5g_00000749,0,0,22,1160.0,,15.0
simu5g_00000749,0,0,23,1160.0,,15.0
simu5g_00000749,0,0,24,1160.0,,15.0
simu5g_00000749,1,1,0,1160.0,,15.0
simu5g_00000749,1,1,1,1160.0,,15.0
simu5g_00000749,1,1,2,1160.0,,15.0
simu5g_00000749,1,1,3,1160.0,,15.0
simu5g_00000749,1,1,4,1160.0,,15.0
simu5g_00000749,1,1,5,1160.0,,15.0
simu5g_00000749,1,1,6,1160.0,,15.0
simu5g_00000749,1,1,7,1160.0,,15.0
simu5g_00000749,1,1,8,1160.0,,15.0
simu5g_00000749,1,1,9,1160.0,,15.0
simu5g_00000749,1,1,10,1160.0,,15.0
simu5g_00000749,1,1,11,1160.0,,15.0
simu5g_00000749,1,1,12,1160.0,,15.0
simu5g_00000749,1,1,13,1160.0,,15.0
simu5g_00000749,1,1,14,1160.0,,15.0
simu5g_00000749,1,1,15,1160.0,,15.0
simu5g_00000749,1,1,16,1160.0,,15.0
simu5g_00000749,1,1,17,1160.0,,15.0
simu5g_00000749,1,1,18,1160.0,,15.0
simu5g_00000749,1,1,19,1160.0,,15.0
simu5g_00000749,1,1,20,1160.0,,15.0
simu5g_00000749,1,1,21,1160.0,,15.0
simu5g_00000749,1,1,22,1160.0,,15.0
simu5g_00000749,1,1,23,1160.0,,15.0
simu5g_00000749,1,1,24,1160.0,,15.0
simu5g_00000749,15,2,0,1160.0,,15.0
simu5g_00000749,15,2,1,1160.0,,15.0
simu5g_00000749,15,2,2,1160.0,,15.0
simu5g_00000749,15,2,3,1160.0,,15.0
simu5g_00000749,15,2,4,1128.0,,14.0
simu5g_00000749,15,2,5,984.0,,13.0
simu5g_00000749,15,2,6,1160.0,,15.0
simu5g_00000749,15,2,7,1160.0,,15.0
simu5g_00000749,15,2,8,1160.0,,15.0
simu5g_00000749,15,2,9,1160.0,,15.0
simu5g_00000749,15,2,10,1160.0,,15.0
simu5g_00000749,15,2,11,1160.0,,15.0
simu5g_00000749,15,2,12,1128.0,,14.0
simu5g_00000749,15,2,13,1160.0,,15.0
simu5g_00000749,15,2,14,1160.0,,15.0
simu5g_00000749,15,2,15,1160.0,,15.0
simu5g_00000749,15,2,16,1160.0,,15.0
simu5g_00000749,15,2,17,1160.0,,15.0
simu5g_00000749,15,2,18,1160.0,,15.0
simu5g_00000749,15,2,19,1160.0,,15.0
simu5g_00000749,15,2,20,1160.0,,15.0
simu5g_00000749,15,2,21,1160.0,,15.0
simu5g_00000749,15,2,22,1160.0,,15.0
simu5g_00000749,15,2,23,1160.0,,15.0
simu5g_00000749,15,2,24,1160.0,,15.0
simu5g_00000749,2,3,0,1160.0,,15.0
simu5g_00000749,2,3,1,1160.0,,15.0
simu5g_00000749,2,3,2,1160.0,,15.0
simu5g_00000749,2,3,3,1160.0,,15.0
simu5g_00000749,2,3,4,1160.0,,15.0
simu5g_00000749,2,3,5,1160.0,,15.0
simu5g_00000749,2,3,6,1160.0,,15.0
simu5g_00000749,2,3,7,1160.0,,15.0
simu5g_00000749,2,3,8,1160.0,,15.0
simu5g_00000749,2,3,9,1160.0,,15.0
simu5g_00000749,2,3,10,1160.0,,15.0
simu5g_00000749,2,3,11,1160.0,,15.0
simu5g_00000749,2,3,12,1160.0,,15.0
simu5g_00000749,2,3,13,1160.0,,15.0
simu5g_00000749,2,3,14,1160.0,,15.0
simu5g_00000749,2,3,15,1160.0,,15.0
simu5g_00000749,2,3,16,1160.0,,15.0
simu5g_00000749,2,3,17,1160.0,,15.0
simu5g_00000749,2,3,18,1160.0,,15.0
simu5g_00000749,2,3,19,1160.0,,15.0
simu5g_00000749,2,3,20,1160.0,,15.0
simu5g_00000749,2,3,21,1160.0,,15.0
simu5g_00000749,2,3,22,1160.0,,15.0
simu5g_00000749,2,3,23,1160.0,,15.0
simu5g_00000749,2,3,24,1160.0,,15.0
simu5g_00000749,3,4,0,1160.0,,15.0
simu5g_00000749,3,4,1,1160.0,,15.0
simu5g_00000749,3,4,2,1160.0,,15.0
simu5g_00000749,3,4,3,1160.0,,15.0
simu5g_00000749,3,4,4,1160.0,,15.0
simu5g_00000749,3,4,5,1160.0,,15.0
simu5g_00000749,3,4,6,1160.0,,15.0
simu5g_00000749,3,4,7,1160.0,,15.0
simu5g_00000749,3,4,8,1160.0,,15.0
simu5g_00000749,3,4,9,1128.0,,14.0
simu5g_00000749,3,4,10,1160.0,,15.0
simu5g_00000749,3,4,11,1160.0,,15.0
simu5g_00000749,3,4,12,1160.0,,15.0
simu5g_00000749,3,4,13,1160.0,,15.0
simu5g_00000749,3,4,14,1160.0,,15.0
simu5g_00000749,3,4,15,1160.0,,15.0
simu5g_00000749,3,4,16,1160.0,,15.0
simu5g_00000749,3,4,17,1160.0,,15.0
simu5g_00000749,3,4,18,1160.0,,15.0
simu5g_00000749,3,4,19,1160.0,,15.0
simu5g_00000749,3,4,20,1160.0,,15.0
simu5g_00000749,3,4,21,1160.0,,15.0
simu5g_00000749,3,4,22,1160.0,,15.0
simu5g_00000749,3,4,23,1160.0,,15.0
simu5g_00000749,3,4,24,1160.0,,15.0
simu5g_00000749,4,5,0,1128.0,,14.0
simu5g_00000749,4,5,1,984.0,,13.0
simu5g_00000749,4,5,2,1160.0,,15.0
simu5g_00000749,4,5,3,528.0,,8.0
simu5g_00000749,4,5,4,1128.0,,14.0
simu5g_00000749,4,5,5,1160.0,,15.0
simu5g_00000749,4,5,6,1160.0,,15.0
simu5g_00000749,4,5,7,608.0,,9.0
simu5g_00000749,4,5,8,984.0,,13.0
simu5g_00000749,4,5,9,1128.0,,14.0
simu5g_00000749,4,5,10,1128.0,,14.0
simu5g_00000749,4,5,11,1128.0,,14.0
simu5g_00000749,4,5,12,1160.0,,15.0
simu5g_00000749,4,5,13,1128.0,,14.0
simu5g_00000749,4,5,14,1160.0,,15.0
simu5g_00000749,4,5,15,984.0,,13.0
simu5g_00000749,4,5,16,984.0,,13.0
simu5g_00000749,4,5,17,1128.0,,14.0
simu5g_00000749,4,5,18,1160.0,,15.0
simu5g_00000749,4,5,19,1160.0,,15.0
simu5g_00000749,4,5,20,1128.0,,14.0
simu5g_00000749,4,5,21,984.0,,13.0
simu5g_00000749,4,5,22,1160.0,,15.0
simu5g_00000749,4,5,23,1128.0,,14.0
simu5g_00000749,4,5,24,984.0,,13.0
simu5g_00000749,5,6,0,1160.0,,15.0
simu5g_00000749,5,6,1,1160.0,,15.0
simu5g_00000749,5,6,2,1160.0,,15.0
simu5g_00000749,5,6,3,1160.0,,15.0
simu5g_00000749,5,6,4,1160.0,,15.0
simu5g_00000749,5,6,5,1160.0,,15.0
simu5g_00000749,5,6,6,1160.0,,15.0
simu5g_00000749,5,6,7,1160.0,,15.0
simu5g_00000749,5,6,8,1160.0,,15.0
simu5g_00000749,5,6,9,1160.0,,15.0
simu5g_00000749,5,6,10,1160.0,,15.0
simu5g_00000749,5,6,11,1160.0,,15.0
simu5g_00000749,5,6,12,1160.0,,15.0
simu5g_00000749,5,6,13,1160.0,,15.0
simu5g_00000749,5,6,14,1160.0,,15.0
simu5g_00000749,5,6,15,1160.0,,15.0
simu5g_00000749,5,6,16,984.0,,13.0
simu5g_00000749,5,6,17,1160.0,,15.0
simu5g_00000749,5,6,18,1160.0,,15.0
simu5g_00000749,5,6,19,1160.0,,15.0
simu5g_00000749,5,6,20,1160.0,,15.0
simu5g_00000749,5,6,21,1160.0,,15.0
simu5g_00000749,5,6,22,1160.0,,15.0
simu5g_00000749,5,6,23,1160.0,,15.0
simu5g_00000749,5,6,24,1160.0,,15.0
simu5g_00000750,31,0,0,1160.0,,15.0
simu5g_00000750,31,0,1,1160.0,,15.0
simu5g_00000750,31,0,2,1160.0,,15.0
simu5g_00000750,31,0,3,1160.0,,15.0
simu5g_00000750,31,0,4,1160.0,,15.0
simu5g_00000750,31,0,5,1160.0,,15.0
simu5g_00000750,31,0,6,1160.0,,15.0
simu5g_00000750,31,0,7,1160.0,,15.0
simu5g_00000750,31,0,8,1160.0,,15.0
simu5g_00000750,31,0,9,1160.0,,15.0
simu5g_00000750,31,0,10,1160.0,,15.0
simu5g_00000750,31,0,11,1160.0,,15.0
simu5g_00000750,31,0,12,984.0,,13.0
simu5g_00000750,31,0,13,1160.0,,15.0
simu5g_00000750,31,0,14,1160.0,,15.0
simu5g_00000750,31,0,15,1160.0,,15.0
simu5g_00000750,31,0,16,1160.0,,15.0
simu5g_00000750,31,0,17,1160.0,,15.0
simu5g_00000750,31,0,18,1160.0,,15.0
simu5g_00000750,31,0,19,1160.0,,15.0
simu5g_00000750,31,0,20,1160.0,,15.0
simu5g_00000750,31,0,21,1160.0,,15.0
simu5g_00000750,31,0,22,1160.0,,15.0
simu5g_00000750,31,0,23,1160.0,,15.0
simu5g_00000750,31,0,24,1160.0,,15.0
simu5g_00000750,6,1,0,1160.0,,15.0
simu5g_00000750,6,1,1,1160.0,,15.0
simu5g_00000750,6,1,2,1160.0,,15.0
simu5g_00000750,6,1,3,984.0,,13.0
simu5g_00000750,6,1,4,1160.0,,15.0
simu5g_00000750,6,1,5,1160.0,,15.0
simu5g_00000750,6,1,6,1160.0,,15.0
simu5g_00000750,6,1,7,1160.0,,15.0
simu5g_00000750,6,1,8,1160.0,,15.0
simu5g_00000750,6,1,9,1160.0,,15.0
simu5g_00000750,6,1,10,1160.0,,15.0
simu5g_00000750,6,1,11,1160.0,,15.0
simu5g_00000750,6,1,12,1160.0,,15.0
simu5g_00000750,6,1,13,1160.0,,15.0
simu5g_00000750,6,1,14,1160.0,,15.0
simu5g_00000750,6,1,15,1160.0,,15.0
simu5g_00000750,6,1,16,1128.0,,14.0
simu5g_00000750,6,1,17,1160.0,,15.0
simu5g_00000750,6,1,18,1160.0,,15.0
simu5g_00000750,6,1,19,1160.0,,15.0
simu5g_00000750,6,1,20,1160.0,,15.0
simu5g_00000750,6,1,21,1160.0,,15.0
simu5g_00000750,6,1,22,1160.0,,15.0
simu5g_00000750,6,1,23,1160.0,,15.0
simu5g_00000750,6,1,24,1160.0,,15.0
simu5g_00000750,7,2,0,984.0,,13.0
simu5g_00000750,7,2,1,1160.0,,15.0
simu5g_00000750,7,2,2,984.0,,13.0
simu5g_00000750,7,2,3,368.0,,6.0
simu5g_00000750,7,2,4,608.0,,9.0
simu5g_00000750,7,2,5,1128.0,,14.0
simu5g_00000750,7,2,6,808.0,,11.0
simu5g_00000750,7,2,7,1128.0,,14.0
simu5g_00000750,7,2,8,1128.0,,14.0
simu5g_00000750,7,2,9,984.0,,13.0
simu5g_00000750,7,2,10,984.0,,13.0
simu5g_00000750,7,2,11,984.0,,13.0
simu5g_00000750,7,2,12,1128.0,,14.0
simu5g_00000750,7,2,13,1160.0,,15.0
simu5g_00000750,7,2,14,888.0,,12.0
simu5g_00000750,7,2,15,1128.0,,14.0
simu5g_00000750,7,2,16,984.0,,13.0
simu5g_00000750,7,2,17,368.0,,6.0
simu5g_00000750,7,2,18,1128.0,,14.0
simu5g_00000750,7,2,19,984.0,,13.0
simu5g_00000750,7,2,20,808.0,,11.0
simu5g_00000750,7,2,21,984.0,,13.0
simu5g_00000750,7,2,22,1128.0,,14.0
simu5g_00000750,7,2,23,1128.0,,14.0
simu5g_00000750,7,2,24,1128.0,,14.0
simu5g_00000751,0,0,0,1160.0,,15.0
simu5g_00000751,0,0,1,1128.0,,14.0
simu5g_00000751,0,0,2,1160.0,,15.0
simu5g_00000751,0,0,3,1160.0,,15.0
simu5g_00000751,0,0,4,1160.0,,15.0
simu5g_00000751,0,0,5,1160.0,,15.0
simu5g_00000751,0,0,6,1160.0,,15.0
simu5g_00000751,0,0,7,1160.0,,15.0
simu5g_00000751,0,0,8,1160.0,,15.0
simu5g_00000751,0,0,9,1160.0,,15.0
simu5g_00000751,0,0,10,1160.0,,15.0
simu5g_00000751,0,0,11,1160.0,,15.0
simu5g_00000751,0,0,12,1160.0,,15.0
simu5g_00000751,0,0,13,1160.0,,15.0
simu5g_00000751,0,0,14,1160.0,,15.0
simu5g_00000751,0,0,15,1160.0,,15.0
simu5g_00000751,0,0,16,1160.0,,15.0
simu5g_00000751,0,0,17,1160.0,,15.0
simu5g_00000751,0,0,18,1160.0,,15.0
simu5g_00000751,0,0,19,1160.0,,15.0
simu5g_00000751,0,0,20,1160.0,,15.0
simu5g_00000751,0,0,21,1160.0,,15.0
simu5g_00000751,0,0,22,1160.0,,15.0
simu5g_00000751,0,0,23,1160.0,,15.0
simu5g_00000751,0,0,24,1160.0,,15.0
simu5g_00000751,1,1,0,1160.0,,15.0
simu5g_00000751,1,1,1,1160.0,,15.0
simu5g_00000751,1,1,2,1160.0,,15.0
simu5g_00000751,1,1,3,1160.0,,15.0
simu5g_00000751,1,1,4,1160.0,,15.0
simu5g_00000751,1,1,5,1160.0,,15.0
simu5g_00000751,1,1,6,1160.0,,15.0
simu5g_00000751,1,1,7,1160.0,,15.0
simu5g_00000751,1,1,8,1160.0,,15.0
simu5g_00000751,1,1,9,1160.0,,15.0
simu5g_00000751,1,1,10,1160.0,,15.0
simu5g_00000751,1,1,11,1160.0,,15.0
simu5g_00000751,1,1,12,1160.0,,15.0
simu5g_00000751,1,1,13,1160.0,,15.0
simu5g_00000751,1,1,14,1160.0,,15.0
simu5g_00000751,1,1,15,1160.0,,15.0
simu5g_00000751,1,1,16,1160.0,,15.0
simu5g_00000751,1,1,17,1160.0,,15.0
simu5g_00000751,1,1,18,1160.0,,15.0
simu5g_00000751,1,1,19,1160.0,,15.0
simu5g_00000751,1,1,20,1160.0,,15.0
simu5g_00000751,1,1,21,1160.0,,15.0
simu5g_00000751,1,1,22,1160.0,,15.0
simu5g_00000751,1,1,23,1160.0,,15.0
simu5g_00000751,1,1,24,1160.0,,15.0
simu5g_00000751,15,2,0,984.0,,13.0
simu5g_00000751,15,2,1,1128.0,,14.0
simu5g_00000751,15,2,2,1128.0,,14.0
simu5g_00000751,15,2,3,1160.0,,15.0
simu5g_00000751,15,2,4,984.0,,13.0
simu5g_00000751,15,2,5,608.0,,9.0
simu5g_00000751,15,2,6,1160.0,,15.0
simu5g_00000751,15,2,7,984.0,,13.0
simu5g_00000751,15,2,8,1160.0,,15.0
simu5g_00000751,15,2,9,1128.0,,14.0
simu5g_00000751,15,2,10,1160.0,,15.0
simu5g_00000751,15,2,11,1160.0,,15.0
simu5g_00000751,15,2,12,808.0,,11.0
simu5g_00000751,15,2,13,1160.0,,15.0
simu5g_00000751,15,2,14,1128.0,,14.0
simu5g_00000751,15,2,15,984.0,,13.0
simu5g_00000751,15,2,16,1160.0,,15.0
simu5g_00000751,15,2,17,1128.0,,14.0
simu5g_00000751,15,2,18,1128.0,,14.0
simu5g_00000751,15,2,19,1128.0,,14.0
simu5g_00000751,15,2,20,1160.0,,15.0
simu5g_00000751,15,2,21,1128.0,,14.0
simu5g_00000751,15,2,22,1160.0,,15.0
simu5g_00000751,15,2,23,1128.0,,14.0
simu5g_00000751,15,2,24,1128.0,,14.0
simu5g_00000751,2,3,0,1160.0,,15.0
simu5g_00000751,2,3,1,1160.0,,15.0
simu5g_00000751,2,3,2,1160.0,,15.0
simu5g_00000751,2,3,3,1160.0,,15.0
simu5g_00000751,2,3,4,1160.0,,15.0
simu5g_00000751,2,3,5,1160.0,,15.0
simu5g_00000751,2,3,6,1160.0,,15.0
simu5g_00000751,2,3,7,1160.0,,15.0
simu5g_00000751,2,3,8,1160.0,,15.0
simu5g_00000751,2,3,9,1160.0,,15.0
simu5g_00000751,2,3,10,1160.0,,15.0
simu5g_00000751,2,3,11,1160.0,,15.0
simu5g_00000751,2,3,12,1160.0,,15.0
simu5g_00000751,2,3,13,1160.0,,15.0
simu5g_00000751,2,3,14,1160.0,,15.0
simu5g_00000751,2,3,15,1160.0,,15.0
simu5g_00000751,2,3,16,1160.0,,15.0
simu5g_00000751,2,3,17,1160.0,,15.0
simu5g_00000751,2,3,18,1160.0,,15.0
simu5g_00000751,2,3,19,1160.0,,15.0
simu5g_00000751,2,3,20,1160.0,,15.0
simu5g_00000751,2,3,21,1160.0,,15.0
simu5g_00000751,2,3,22,1160.0,,15.0
simu5g_00000751,2,3,23,1160.0,,15.0
simu5g_00000751,2,3,24,1160.0,,15.0
simu5g_00000751,3,4,0,1160.0,,15.0
simu5g_00000751,3,4,1,1160.0,,15.0
simu5g_00000751,3,4,2,1160.0,,15.0
simu5g_00000751,3,4,3,1160.0,,15.0
simu5g_00000751,3,4,4,1160.0,,15.0
simu5g_00000751,3,4,5,1160.0,,15.0
simu5g_00000751,3,4,6,1160.0,,15.0
simu5g_00000751,3,4,7,1160.0,,15.0
simu5g_00000751,3,4,8,1160.0,,15.0
simu5g_00000751,3,4,9,1128.0,,14.0
simu5g_00000751,3,4,10,1160.0,,15.0
simu5g_00000751,3,4,11,1160.0,,15.0
simu5g_00000751,3,4,12,1160.0,,15.0
simu5g_00000751,3,4,13,1160.0,,15.0
simu5g_00000751,3,4,14,1160.0,,15.0
simu5g_00000751,3,4,15,1160.0,,15.0
simu5g_00000751,3,4,16,1160.0,,15.0
simu5g_00000751,3,4,17,1160.0,,15.0
simu5g_00000751,3,4,18,1160.0,,15.0
simu5g_00000751,3,4,19,1160.0,,15.0
simu5g_00000751,3,4,20,1160.0,,15.0
simu5g_00000751,3,4,21,1160.0,,15.0
simu5g_00000751,3,4,22,1160.0,,15.0
simu5g_00000751,3,4,23,1160.0,,15.0
simu5g_00000751,3,4,24,1160.0,,15.0
simu5g_00000751,4,5,0,1128.0,,14.0
simu5g_00000751,4,5,1,984.0,,13.0
simu5g_00000751,4,5,2,1160.0,,15.0
simu5g_00000751,4,5,3,528.0,,8.0
simu5g_00000751,4,5,4,1128.0,,14.0
simu5g_00000751,4,5,5,1160.0,,15.0
simu5g_00000751,4,5,6,1160.0,,15.0
simu5g_00000751,4,5,7,608.0,,9.0
simu5g_00000751,4,5,8,984.0,,13.0
simu5g_00000751,4,5,9,1128.0,,14.0
simu5g_00000751,4,5,10,1128.0,,14.0
simu5g_00000751,4,5,11,1128.0,,14.0
simu5g_00000751,4,5,12,1160.0,,15.0
simu5g_00000751,4,5,13,1128.0,,14.0
simu5g_00000751,4,5,14,1160.0,,15.0
simu5g_00000751,4,5,15,984.0,,13.0
simu5g_00000751,4,5,16,984.0,,13.0
simu5g_00000751,4,5,17,1128.0,,14.0
simu5g_00000751,4,5,18,1160.0,,15.0
simu5g_00000751,4,5,19,1160.0,,15.0
simu5g_00000751,4,5,20,1128.0,,14.0
simu5g_00000751,4,5,21,984.0,,13.0
simu5g_00000751,4,5,22,1160.0,,15.0
simu5g_00000751,4,5,23,1128.0,,14.0
simu5g_00000751,4,5,24,984.0,,13.0
simu5g_00000751,5,6,0,1160.0,,15.0
simu5g_00000751,5,6,1,1160.0,,15.0
simu5g_00000751,5,6,2,1160.0,,15.0
simu5g_00000751,5,6,3,1160.0,,15.0
simu5g_00000751,5,6,4,1160.0,,15.0
simu5g_00000751,5,6,5,1160.0,,15.0
simu5g_00000751,5,6,6,1160.0,,15.0
simu5g_00000751,5,6,7,1160.0,,15.0
simu5g_00000751,5,6,8,1160.0,,15.0
simu5g_00000751,5,6,9,1160.0,,15.0
simu5g_00000751,5,6,10,1160.0,,15.0
simu5g_00000751,5,6,11,1160.0,,15.0
simu5g_00000751,5,6,12,1160.0,,15.0
simu5g_00000751,5,6,13,1160.0,,15.0
simu5g_00000751,5,6,14,1160.0,,15.0
simu5g_00000751,5,6,15,1160.0,,15.0
simu5g_00000751,5,6,16,1128.0,,14.0
simu5g_00000751,5,6,17,1160.0,,15.0
simu5g_00000751,5,6,18,1160.0,,15.0
simu5g_00000751,5,6,19,1160.0,,15.0
simu5g_00000751,5,6,20,1160.0,,15.0
simu5g_00000751,5,6,21,1160.0,,15.0
simu5g_00000751,5,6,22,1160.0,,15.0
simu5g_00000751,5,6,23,1160.0,,15.0
simu5g_00000751,5,6,24,1160.0,,15.0
simu5g_00000752,31,0,0,1160.0,,15.0
simu5g_00000752,31,0,1,1160.0,,15.0
simu5g_00000752,31,0,2,1160.0,,15.0
simu5g_00000752,31,0,3,1160.0,,15.0
simu5g_00000752,31,0,4,1160.0,,15.0
simu5g_00000752,31,0,5,1160.0,,15.0
simu5g_00000752,31,0,6,1160.0,,15.0
simu5g_00000752,31,0,7,1160.0,,15.0
simu5g_00000752,31,0,8,1160.0,,15.0
simu5g_00000752,31,0,9,1160.0,,15.0
simu5g_00000752,31,0,10,1160.0,,15.0
simu5g_00000752,31,0,11,1160.0,,15.0
simu5g_00000752,31,0,12,984.0,,13.0
simu5g_00000752,31,0,13,1160.0,,15.0
simu5g_00000752,31,0,14,1160.0,,15.0
simu5g_00000752,31,0,15,1160.0,,15.0
simu5g_00000752,31,0,16,1160.0,,15.0
simu5g_00000752,31,0,17,1160.0,,15.0
simu5g_00000752,31,0,18,1160.0,,15.0
simu5g_00000752,31,0,19,1160.0,,15.0
simu5g_00000752,31,0,20,1160.0,,15.0
simu5g_00000752,31,0,21,1160.0,,15.0
simu5g_00000752,31,0,22,1160.0,,15.0
simu5g_00000752,31,0,23,1160.0,,15.0
simu5g_00000752,31,0,24,1160.0,,15.0
simu5g_00000752,6,1,0,1160.0,,15.0
simu5g_00000752,6,1,1,1160.0,,15.0
simu5g_00000752,6,1,2,1160.0,,15.0
simu5g_00000752,6,1,3,1128.0,,14.0
simu5g_00000752,6,1,4,1160.0,,15.0
simu5g_00000752,6,1,5,1160.0,,15.0
simu5g_00000752,6,1,6,1160.0,,15.0
simu5g_00000752,6,1,7,1160.0,,15.0
simu5g_00000752,6,1,8,1160.0,,15.0
simu5g_00000752,6,1,9,1160.0,,15.0
simu5g_00000752,6,1,10,1160.0,,15.0
simu5g_00000752,6,1,11,1160.0,,15.0
simu5g_00000752,6,1,12,1160.0,,15.0
simu5g_00000752,6,1,13,1160.0,,15.0
simu5g_00000752,6,1,14,1160.0,,15.0
simu5g_00000752,6,1,15,1160.0,,15.0
simu5g_00000752,6,1,16,1160.0,,15.0
simu5g_00000752,6,1,17,1160.0,,15.0
simu5g_00000752,6,1,18,1160.0,,15.0
simu5g_00000752,6,1,19,1160.0,,15.0
simu5g_00000752,6,1,20,1160.0,,15.0
simu5g_00000752,6,1,21,1160.0,,15.0
simu5g_00000752,6,1,22,1160.0,,15.0
simu5g_00000752,6,1,23,1160.0,,15.0
simu5g_00000752,6,1,24,1160.0,,15.0
simu5g_00000752,7,2,0,984.0,,13.0
simu5g_00000752,7,2,1,1160.0,,15.0
simu5g_00000752,7,2,2,984.0,,13.0
simu5g_00000752,7,2,3,368.0,,6.0
simu5g_00000752,7,2,4,608.0,,9.0
simu5g_00000752,7,2,5,1128.0,,14.0
simu5g_00000752,7,2,6,808.0,,11.0
simu5g_00000752,7,2,7,1128.0,,14.0
simu5g_00000752,7,2,8,1128.0,,14.0
simu5g_00000752,7,2,9,984.0,,13.0
simu5g_00000752,7,2,10,984.0,,13.0
simu5g_00000752,7,2,11,984.0,,13.0
simu5g_00000752,7,2,12,1128.0,,14.0
simu5g_00000752,7,2,13,1160.0,,15.0
simu5g_00000752,7,2,14,888.0,,12.0
simu5g_00000752,7,2,15,1128.0,,14.0
simu5g_00000752,7,2,16,984.0,,13.0
simu5g_00000752,7,2,17,368.0,,6.0
simu5g_00000752,7,2,18,1128.0,,14.0
simu5g_00000752,7,2,19,984.0,,13.0
simu5g_00000752,7,2,20,808.0,,11.0
simu5g_00000752,7,2,21,984.0,,13.0
simu5g_00000752,7,2,22,1128.0,,14.0
simu5g_00000752,7,2,23,1128.0,,14.0
simu5g_00000752,7,2,24,1128.0,,14.0
simu5g_00000753,0,0,0,1160.0,,15.0
simu5g_00000753,0,0,1,1128.0,,14.0
simu5g_00000753,0,0,2,1160.0,,15.0
simu5g_00000753,0,0,3,1160.0,,15.0
simu5g_00000753,0,0,4,1160.0,,15.0
simu5g_00000753,0,0,5,1160.0,,15.0
simu5g_00000753,0,0,6,1160.0,,15.0
simu5g_00000753,0,0,7,1160.0,,15.0
simu5g_00000753,0,0,8,1160.0,,15.0
simu5g_00000753,0,0,9,1160.0,,15.0
simu5g_00000753,0,0,10,1160.0,,15.0
simu5g_00000753,0,0,11,1160.0,,15.0
simu5g_00000753,0,0,12,1160.0,,15.0
simu5g_00000753,0,0,13,1160.0,,15.0
simu5g_00000753,0,0,14,1160.0,,15.0
simu5g_00000753,0,0,15,1160.0,,15.0
simu5g_00000753,0,0,16,1160.0,,15.0
simu5g_00000753,0,0,17,1160.0,,15.0
simu5g_00000753,0,0,18,1160.0,,15.0
simu5g_00000753,0,0,19,1160.0,,15.0
simu5g_00000753,0,0,20,1160.0,,15.0
simu5g_00000753,0,0,21,1160.0,,15.0
simu5g_00000753,0,0,22,1160.0,,15.0
simu5g_00000753,0,0,23,1160.0,,15.0
simu5g_00000753,0,0,24,1160.0,,15.0
simu5g_00000753,1,1,0,1160.0,,15.0
simu5g_00000753,1,1,1,1160.0,,15.0
simu5g_00000753,1,1,2,1160.0,,15.0
simu5g_00000753,1,1,3,1160.0,,15.0
simu5g_00000753,1,1,4,1160.0,,15.0
simu5g_00000753,1,1,5,1160.0,,15.0
simu5g_00000753,1,1,6,1160.0,,15.0
simu5g_00000753,1,1,7,1160.0,,15.0
simu5g_00000753,1,1,8,1160.0,,15.0
simu5g_00000753,1,1,9,1160.0,,15.0
simu5g_00000753,1,1,10,1160.0,,15.0
simu5g_00000753,1,1,11,1160.0,,15.0
simu5g_00000753,1,1,12,1160.0,,15.0
simu5g_00000753,1,1,13,1160.0,,15.0
simu5g_00000753,1,1,14,1160.0,,15.0
simu5g_00000753,1,1,15,1160.0,,15.0
simu5g_00000753,1,1,16,1160.0,,15.0
simu5g_00000753,1,1,17,1160.0,,15.0
simu5g_00000753,1,1,18,1160.0,,15.0
simu5g_00000753,1,1,19,1160.0,,15.0
simu5g_00000753,1,1,20,1160.0,,15.0
simu5g_00000753,1,1,21,1160.0,,15.0
simu5g_00000753,1,1,22,1160.0,,15.0
simu5g_00000753,1,1,23,1160.0,,15.0
simu5g_00000753,1,1,24,1160.0,,15.0
simu5g_00000753,15,2,0,984.0,,13.0
simu5g_00000753,15,2,1,1128.0,,14.0
simu5g_00000753,15,2,2,1128.0,,14.0
simu5g_00000753,15,2,3,1160.0,,15.0
simu5g_00000753,15,2,4,984.0,,13.0
simu5g_00000753,15,2,5,608.0,,9.0
simu5g_00000753,15,2,6,1160.0,,15.0
simu5g_00000753,15,2,7,984.0,,13.0
simu5g_00000753,15,2,8,1160.0,,15.0
simu5g_00000753,15,2,9,1128.0,,14.0
simu5g_00000753,15,2,10,1160.0,,15.0
simu5g_00000753,15,2,11,1160.0,,15.0
simu5g_00000753,15,2,12,808.0,,11.0
simu5g_00000753,15,2,13,1160.0,,15.0
simu5g_00000753,15,2,14,1128.0,,14.0
simu5g_00000753,15,2,15,984.0,,13.0
simu5g_00000753,15,2,16,1160.0,,15.0
simu5g_00000753,15,2,17,1128.0,,14.0
simu5g_00000753,15,2,18,1128.0,,14.0
simu5g_00000753,15,2,19,1128.0,,14.0
simu5g_00000753,15,2,20,1160.0,,15.0
simu5g_00000753,15,2,21,1128.0,,14.0
simu5g_00000753,15,2,22,1160.0,,15.0
simu5g_00000753,15,2,23,1128.0,,14.0
simu5g_00000753,15,2,24,1128.0,,14.0
simu5g_00000753,2,3,0,1160.0,,15.0
simu5g_00000753,2,3,1,1160.0,,15.0
simu5g_00000753,2,3,2,1160.0,,15.0
simu5g_00000753,2,3,3,1160.0,,15.0
simu5g_00000753,2,3,4,1160.0,,15.0
simu5g_00000753,2,3,5,1160.0,,15.0
simu5g_00000753,2,3,6,1160.0,,15.0
simu5g_00000753,2,3,7,1160.0,,15.0
simu5g_00000753,2,3,8,1160.0,,15.0
simu5g_00000753,2,3,9,1160.0,,15.0
simu5g_00000753,2,3,10,1160.0,,15.0
simu5g_00000753,2,3,11,1160.0,,15.0
simu5g_00000753,2,3,12,1160.0,,15.0
simu5g_00000753,2,3,13,1160.0,,15.0
simu5g_00000753,2,3,14,1160.0,,15.0
simu5g_00000753,2,3,15,1160.0,,15.0
simu5g_00000753,2,3,16,1160.0,,15.0
simu5g_00000753,2,3,17,1160.0,,15.0
simu5g_00000753,2,3,18,1160.0,,15.0
simu5g_00000753,2,3,19,1160.0,,15.0
simu5g_00000753,2,3,20,1160.0,,15.0
simu5g_00000753,2,3,21,1160.0,,15.0
simu5g_00000753,2,3,22,1160.0,,15.0
simu5g_00000753,2,3,23,1160.0,,15.0
simu5g_00000753,2,3,24,1160.0,,15.0
simu5g_00000753,3,4,0,1160.0,,15.0
simu5g_00000753,3,4,1,1160.0,,15.0
simu5g_00000753,3,4,2,1160.0,,15.0
simu5g_00000753,3,4,3,1160.0,,15.0
simu5g_00000753,3,4,4,1160.0,,15.0
simu5g_00000753,3,4,5,1160.0,,15.0
simu5g_00000753,3,4,6,1160.0,,15.0
simu5g_00000753,3,4,7,1160.0,,15.0
simu5g_00000753,3,4,8,1160.0,,15.0
simu5g_00000753,3,4,9,1160.0,,15.0
simu5g_00000753,3,4,10,1160.0,,15.0
simu5g_00000753,3,4,11,1160.0,,15.0
simu5g_00000753,3,4,12,1160.0,,15.0
simu5g_00000753,3,4,13,1160.0,,15.0
simu5g_00000753,3,4,14,1160.0,,15.0
simu5g_00000753,3,4,15,1160.0,,15.0
simu5g_00000753,3,4,16,1160.0,,15.0
simu5g_00000753,3,4,17,1160.0,,15.0
simu5g_00000753,3,4,18,1160.0,,15.0
simu5g_00000753,3,4,19,1160.0,,15.0
simu5g_00000753,3,4,20,1160.0,,15.0
simu5g_00000753,3,4,21,1160.0,,15.0
simu5g_00000753,3,4,22,1160.0,,15.0
simu5g_00000753,3,4,23,1160.0,,15.0
simu5g_00000753,3,4,24,1160.0,,15.0
simu5g_00000753,4,5,0,1128.0,,14.0
simu5g_00000753,4,5,1,984.0,,13.0
simu5g_00000753,4,5,2,1160.0,,15.0
simu5g_00000753,4,5,3,528.0,,8.0
simu5g_00000753,4,5,4,1128.0,,14.0
simu5g_00000753,4,5,5,1160.0,,15.0
simu5g_00000753,4,5,6,1160.0,,15.0
simu5g_00000753,4,5,7,608.0,,9.0
simu5g_00000753,4,5,8,984.0,,13.0
simu5g_00000753,4,5,9,1128.0,,14.0
simu5g_00000753,4,5,10,1128.0,,14.0
simu5g_00000753,4,5,11,1128.0,,14.0
simu5g_00000753,4,5,12,1160.0,,15.0
simu5g_00000753,4,5,13,1128.0,,14.0
simu5g_00000753,4,5,14,1160.0,,15.0
simu5g_00000753,4,5,15,984.0,,13.0
simu5g_00000753,4,5,16,984.0,,13.0
simu5g_00000753,4,5,17,1128.0,,14.0
simu5g_00000753,4,5,18,1160.0,,15.0
simu5g_00000753,4,5,19,1160.0,,15.0
simu5g_00000753,4,5,20,1128.0,,14.0
simu5g_00000753,4,5,21,984.0,,13.0
simu5g_00000753,4,5,22,1160.0,,15.0
simu5g_00000753,4,5,23,1128.0,,14.0
simu5g_00000753,4,5,24,984.0,,13.0
simu5g_00000753,5,6,0,1160.0,,15.0
simu5g_00000753,5,6,1,1160.0,,15.0
simu5g_00000753,5,6,2,1160.0,,15.0
simu5g_00000753,5,6,3,1160.0,,15.0
simu5g_00000753,5,6,4,1160.0,,15.0
simu5g_00000753,5,6,5,1160.0,,15.0
simu5g_00000753,5,6,6,1160.0,,15.0
simu5g_00000753,5,6,7,1160.0,,15.0
simu5g_00000753,5,6,8,1160.0,,15.0
simu5g_00000753,5,6,9,1160.0,,15.0
simu5g_00000753,5,6,10,1160.0,,15.0
simu5g_00000753,5,6,11,1160.0,,15.0
simu5g_00000753,5,6,12,1160.0,,15.0
simu5g_00000753,5,6,13,1160.0,,15.0
simu5g_00000753,5,6,14,1160.0,,15.0
simu5g_00000753,5,6,15,1160.0,,15.0
simu5g_00000753,5,6,16,1128.0,,14.0
simu5g_00000753,5,6,17,1160.0,,15.0
simu5g_00000753,5,6,18,1160.0,,15.0
simu5g_00000753,5,6,19,1160.0,,15.0
simu5g_00000753,5,6,20,1160.0,,15.0
simu5g_00000753,5,6,21,1160.0,,15.0
simu5g_00000753,5,6,22,1160.0,,15.0
simu5g_00000753,5,6,23,1160.0,,15.0
simu5g_00000753,5,6,24,1160.0,,15.0
simu5g_00000754,31,0,0,1160.0,,15.0
simu5g_00000754,31,0,1,1160.0,,15.0
simu5g_00000754,31,0,2,1160.0,,15.0
simu5g_00000754,31,0,3,1160.0,,15.0
simu5g_00000754,31,0,4,1160.0,,15.0
simu5g_00000754,31,0,5,1160.0,,15.0
simu5g_00000754,31,0,6,1160.0,,15.0
simu5g_00000754,31,0,7,1160.0,,15.0
simu5g_00000754,31,0,8,1160.0,,15.0
simu5g_00000754,31,0,9,1160.0,,15.0
simu5g_00000754,31,0,10,1160.0,,15.0
simu5g_00000754,31,0,11,1160.0,,15.0
simu5g_00000754,31,0,12,984.0,,13.0
simu5g_00000754,31,0,13,1160.0,,15.0
simu5g_00000754,31,0,14,1160.0,,15.0
simu5g_00000754,31,0,15,1160.0,,15.0
simu5g_00000754,31,0,16,1160.0,,15.0
simu5g_00000754,31,0,17,1160.0,,15.0
simu5g_00000754,31,0,18,1160.0,,15.0
simu5g_00000754,31,0,19,1160.0,,15.0
simu5g_00000754,31,0,20,1160.0,,15.0
simu5g_00000754,31,0,21,1160.0,,15.0
simu5g_00000754,31,0,22,1160.0,,15.0
simu5g_00000754,31,0,23,1160.0,,15.0
simu5g_00000754,31,0,24,1160.0,,15.0
simu5g_00000754,6,1,0,1160.0,,15.0
simu5g_00000754,6,1,1,1160.0,,15.0
simu5g_00000754,6,1,2,1160.0,,15.0
simu5g_00000754,6,1,3,1128.0,,14.0
simu5g_00000754,6,1,4,1160.0,,15.0
simu5g_00000754,6,1,5,1160.0,,15.0
simu5g_00000754,6,1,6,1160.0,,15.0
simu5g_00000754,6,1,7,1160.0,,15.0
simu5g_00000754,6,1,8,1160.0,,15.0
simu5g_00000754,6,1,9,1160.0,,15.0
simu5g_00000754,6,1,10,1160.0,,15.0
simu5g_00000754,6,1,11,1160.0,,15.0
simu5g_00000754,6,1,12,1160.0,,15.0
simu5g_00000754,6,1,13,1160.0,,15.0
simu5g_00000754,6,1,14,1160.0,,15.0
simu5g_00000754,6,1,15,1160.0,,15.0
simu5g_00000754,6,1,16,1160.0,,15.0
simu5g_00000754,6,1,17,1160.0,,15.0
simu5g_00000754,6,1,18,1160.0,,15.0
simu5g_00000754,6,1,19,1160.0,,15.0
simu5g_00000754,6,1,20,1160.0,,15.0
simu5g_00000754,6,1,21,1160.0,,15.0
simu5g_00000754,6,1,22,1160.0,,15.0
simu5g_00000754,6,1,23,1160.0,,15.0
simu5g_00000754,6,1,24,1160.0,,15.0
simu5g_00000754,7,2,0,984.0,,13.0
simu5g_00000754,7,2,1,1160.0,,15.0
simu5g_00000754,7,2,2,984.0,,13.0
simu5g_00000754,7,2,3,368.0,,6.0
simu5g_00000754,7,2,4,608.0,,9.0
simu5g_00000754,7,2,5,1128.0,,14.0
simu5g_00000754,7,2,6,808.0,,11.0
simu5g_00000754,7,2,7,1128.0,,14.0
simu5g_00000754,7,2,8,1128.0,,14.0
simu5g_00000754,7,2,9,984.0,,13.0
simu5g_00000754,7,2,10,984.0,,13.0
simu5g_00000754,7,2,11,984.0,,13.0
simu5g_00000754,7,2,12,1128.0,,14.0
simu5g_00000754,7,2,13,1160.0,,15.0
simu5g_00000754,7,2,14,888.0,,12.0
simu5g_00000754,7,2,15,1128.0,,14.0
simu5g_00000754,7,2,16,984.0,,13.0
simu5g_00000754,7,2,17,368.0,,6.0
simu5g_00000754,7,2,18,1128.0,,14.0
simu5g_00000754,7,2,19,984.0,,13.0
simu5g_00000754,7,2,20,808.0,,11.0
simu5g_00000754,7,2,21,984.0,,13.0
simu5g_00000754,7,2,22,1128.0,,14.0
simu5g_00000754,7,2,23,1128.0,,14.0
simu5g_00000754,7,2,24,1128.0,,14.0
simu5g_00000755,0,0,0,1160.0,,15.0
simu5g_00000755,0,0,1,1128.0,,14.0
simu5g_00000755,0,0,2,1160.0,,15.0
simu5g_00000755,0,0,3,1160.0,,15.0
simu5g_00000755,0,0,4,1160.0,,15.0
simu5g_00000755,0,0,5,1160.0,,15.0
simu5g_00000755,0,0,6,1160.0,,15.0
simu5g_00000755,0,0,7,1160.0,,15.0
simu5g_00000755,0,0,8,1160.0,,15.0
simu5g_00000755,0,0,9,1160.0,,15.0
simu5g_00000755,0,0,10,1160.0,,15.0
simu5g_00000755,0,0,11,1160.0,,15.0
simu5g_00000755,0,0,12,1160.0,,15.0
simu5g_00000755,0,0,13,1160.0,,15.0
simu5g_00000755,0,0,14,1160.0,,15.0
simu5g_00000755,0,0,15,1160.0,,15.0
simu5g_00000755,0,0,16,1160.0,,15.0
simu5g_00000755,0,0,17,1160.0,,15.0
simu5g_00000755,0,0,18,1160.0,,15.0
simu5g_00000755,0,0,19,1160.0,,15.0
simu5g_00000755,0,0,20,1160.0,,15.0
simu5g_00000755,0,0,21,1160.0,,15.0
simu5g_00000755,0,0,22,1160.0,,15.0
simu5g_00000755,0,0,23,1160.0,,15.0
simu5g_00000755,0,0,24,1160.0,,15.0
simu5g_00000755,1,1,0,1160.0,,15.0
simu5g_00000755,1,1,1,1160.0,,15.0
simu5g_00000755,1,1,2,1160.0,,15.0
simu5g_00000755,1,1,3,1160.0,,15.0
simu5g_00000755,1,1,4,1160.0,,15.0
simu5g_00000755,1,1,5,1160.0,,15.0
simu5g_00000755,1,1,6,1160.0,,15.0
simu5g_00000755,1,1,7,1160.0,,15.0
simu5g_00000755,1,1,8,1160.0,,15.0
simu5g_00000755,1,1,9,1160.0,,15.0
simu5g_00000755,1,1,10,1160.0,,15.0
simu5g_00000755,1,1,11,1160.0,,15.0
simu5g_00000755,1,1,12,1160.0,,15.0
simu5g_00000755,1,1,13,1160.0,,15.0
simu5g_00000755,1,1,14,1160.0,,15.0
simu5g_00000755,1,1,15,1160.0,,15.0
simu5g_00000755,1,1,16,1160.0,,15.0
simu5g_00000755,1,1,17,1160.0,,15.0
simu5g_00000755,1,1,18,1160.0,,15.0
simu5g_00000755,1,1,19,1160.0,,15.0
simu5g_00000755,1,1,20,1160.0,,15.0
simu5g_00000755,1,1,21,1160.0,,15.0
simu5g_00000755,1,1,22,1160.0,,15.0
simu5g_00000755,1,1,23,1160.0,,15.0
simu5g_00000755,1,1,24,1160.0,,15.0
simu5g_00000755,15,2,0,984.0,,13.0
simu5g_00000755,15,2,1,1128.0,,14.0
simu5g_00000755,15,2,2,1128.0,,14.0
simu5g_00000755,15,2,3,1160.0,,15.0
simu5g_00000755,15,2,4,984.0,,13.0
simu5g_00000755,15,2,5,608.0,,9.0
simu5g_00000755,15,2,6,1160.0,,15.0
simu5g_00000755,15,2,7,984.0,,13.0
simu5g_00000755,15,2,8,1160.0,,15.0
simu5g_00000755,15,2,9,1128.0,,14.0
simu5g_00000755,15,2,10,1160.0,,15.0
simu5g_00000755,15,2,11,1160.0,,15.0
simu5g_00000755,15,2,12,808.0,,11.0
simu5g_00000755,15,2,13,1160.0,,15.0
simu5g_00000755,15,2,14,1128.0,,14.0
simu5g_00000755,15,2,15,984.0,,13.0
simu5g_00000755,15,2,16,1160.0,,15.0
simu5g_00000755,15,2,17,1128.0,,14.0
simu5g_00000755,15,2,18,1128.0,,14.0
simu5g_00000755,15,2,19,1128.0,,14.0
simu5g_00000755,15,2,20,1160.0,,15.0
simu5g_00000755,15,2,21,1128.0,,14.0
simu5g_00000755,15,2,22,1128.0,,14.0
simu5g_00000755,15,2,23,1128.0,,14.0
simu5g_00000755,15,2,24,1128.0,,14.0
simu5g_00000755,2,3,0,1160.0,,15.0
simu5g_00000755,2,3,1,1160.0,,15.0
simu5g_00000755,2,3,2,1160.0,,15.0
simu5g_00000755,2,3,3,1160.0,,15.0
simu5g_00000755,2,3,4,1160.0,,15.0
simu5g_00000755,2,3,5,1160.0,,15.0
simu5g_00000755,2,3,6,1160.0,,15.0
simu5g_00000755,2,3,7,1160.0,,15.0
simu5g_00000755,2,3,8,1160.0,,15.0
simu5g_00000755,2,3,9,1160.0,,15.0
simu5g_00000755,2,3,10,1160.0,,15.0
simu5g_00000755,2,3,11,1160.0,,15.0
simu5g_00000755,2,3,12,1160.0,,15.0
simu5g_00000755,2,3,13,1160.0,,15.0
simu5g_00000755,2,3,14,1160.0,,15.0
simu5g_00000755,2,3,15,1160.0,,15.0
simu5g_00000755,2,3,16,1160.0,,15.0
simu5g_00000755,2,3,17,1160.0,,15.0
simu5g_00000755,2,3,18,1160.0,,15.0
simu5g_00000755,2,3,19,1160.0,,15.0
simu5g_00000755,2,3,20,1160.0,,15.0
simu5g_00000755,2,3,21,1160.0,,15.0
simu5g_00000755,2,3,22,1160.0,,15.0
simu5g_00000755,2,3,23,1160.0,,15.0
simu5g_00000755,2,3,24,1160.0,,15.0
simu5g_00000755,3,4,0,1160.0,,15.0
simu5g_00000755,3,4,1,1160.0,,15.0
simu5g_00000755,3,4,2,1160.0,,15.0
simu5g_00000755,3,4,3,1160.0,,15.0
simu5g_00000755,3,4,4,1160.0,,15.0
simu5g_00000755,3,4,5,1160.0,,15.0
simu5g_00000755,3,4,6,1160.0,,15.0
simu5g_00000755,3,4,7,1160.0,,15.0
simu5g_00000755,3,4,8,1160.0,,15.0
simu5g_00000755,3,4,9,1160.0,,15.0
simu5g_00000755,3,4,10,1160.0,,15.0
simu5g_00000755,3,4,11,1160.0,,15.0
simu5g_00000755,3,4,12,1160.0,,15.0
simu5g_00000755,3,4,13,1160.0,,15.0
simu5g_00000755,3,4,14,1160.0,,15.0
simu5g_00000755,3,4,15,1160.0,,15.0
simu5g_00000755,3,4,16,1160.0,,15.0
simu5g_00000755,3,4,17,1160.0,,15.0
simu5g_00000755,3,4,18,1160.0,,15.0
simu5g_00000755,3,4,19,1160.0,,15.0
simu5g_00000755,3,4,20,1160.0,,15.0
simu5g_00000755,3,4,21,1160.0,,15.0
simu5g_00000755,3,4,22,1160.0,,15.0
simu5g_00000755,3,4,23,1160.0,,15.0
simu5g_00000755,3,4,24,1160.0,,15.0
simu5g_00000755,4,5,0,1128.0,,14.0
simu5g_00000755,4,5,1,984.0,,13.0
simu5g_00000755,4,5,2,1160.0,,15.0
simu5g_00000755,4,5,3,528.0,,8.0
simu5g_00000755,4,5,4,1128.0,,14.0
simu5g_00000755,4,5,5,1160.0,,15.0
simu5g_00000755,4,5,6,1160.0,,15.0
simu5g_00000755,4,5,7,608.0,,9.0
simu5g_00000755,4,5,8,984.0,,13.0
simu5g_00000755,4,5,9,1128.0,,14.0
simu5g_00000755,4,5,10,1128.0,,14.0
simu5g_00000755,4,5,11,1128.0,,14.0
simu5g_00000755,4,5,12,1160.0,,15.0
simu5g_00000755,4,5,13,1128.0,,14.0
simu5g_00000755,4,5,14,1160.0,,15.0
simu5g_00000755,4,5,15,984.0,,13.0
simu5g_00000755,4,5,16,984.0,,13.0
simu5g_00000755,4,5,17,1128.0,,14.0
simu5g_00000755,4,5,18,1160.0,,15.0
simu5g_00000755,4,5,19,1160.0,,15.0
simu5g_00000755,4,5,20,1128.0,,14.0
simu5g_00000755,4,5,21,984.0,,13.0
simu5g_00000755,4,5,22,1160.0,,15.0
simu5g_00000755,4,5,23,1160.0,,15.0
simu5g_00000755,4,5,24,984.0,,13.0
simu5g_00000755,5,6,0,1160.0,,15.0
simu5g_00000755,5,6,1,1160.0,,15.0
simu5g_00000755,5,6,2,1160.0,,15.0
simu5g_00000755,5,6,3,1160.0,,15.0
simu5g_00000755,5,6,4,1160.0,,15.0
simu5g_00000755,5,6,5,1160.0,,15.0
simu5g_00000755,5,6,6,1160.0,,15.0
simu5g_00000755,5,6,7,1160.0,,15.0
simu5g_00000755,5,6,8,1160.0,,15.0
simu5g_00000755,5,6,9,1160.0,,15.0
simu5g_00000755,5,6,10,1160.0,,15.0
simu5g_00000755,5,6,11,1160.0,,15.0
simu5g_00000755,5,6,12,1160.0,,15.0
simu5g_00000755,5,6,13,1160.0,,15.0
simu5g_00000755,5,6,14,1160.0,,15.0
simu5g_00000755,5,6,15,1160.0,,15.0
simu5g_00000755,5,6,16,1128.0,,14.0
simu5g_00000755,5,6,17,1160.0,,15.0
simu5g_00000755,5,6,18,1160.0,,15.0
simu5g_00000755,5,6,19,1160.0,,15.0
simu5g_00000755,5,6,20,1160.0,,15.0
simu5g_00000755,5,6,21,1160.0,,15.0
simu5g_00000755,5,6,22,1160.0,,15.0
simu5g_00000755,5,6,23,1160.0,,15.0
simu5g_00000755,5,6,24,1160.0,,15.0
simu5g_00000756,31,0,0,1160.0,,15.0
simu5g_00000756,31,0,1,1160.0,,15.0
simu5g_00000756,31,0,2,1160.0,,15.0
simu5g_00000756,31,0,3,1160.0,,15.0
simu5g_00000756,31,0,4,1160.0,,15.0
simu5g_00000756,31,0,5,1160.0,,15.0
simu5g_00000756,31,0,6,1160.0,,15.0
simu5g_00000756,31,0,7,1160.0,,15.0
simu5g_00000756,31,0,8,1160.0,,15.0
simu5g_00000756,31,0,9,1160.0,,15.0
simu5g_00000756,31,0,10,1160.0,,15.0
simu5g_00000756,31,0,11,1160.0,,15.0
simu5g_00000756,31,0,12,1128.0,,14.0
simu5g_00000756,31,0,13,1160.0,,15.0
simu5g_00000756,31,0,14,1160.0,,15.0
simu5g_00000756,31,0,15,1160.0,,15.0
simu5g_00000756,31,0,16,1160.0,,15.0
simu5g_00000756,31,0,17,1160.0,,15.0
simu5g_00000756,31,0,18,1160.0,,15.0
simu5g_00000756,31,0,19,1160.0,,15.0
simu5g_00000756,31,0,20,1160.0,,15.0
simu5g_00000756,31,0,21,1160.0,,15.0
simu5g_00000756,31,0,22,1160.0,,15.0
simu5g_00000756,31,0,23,1160.0,,15.0
simu5g_00000756,31,0,24,1160.0,,15.0
simu5g_00000756,6,1,0,1160.0,,15.0
simu5g_00000756,6,1,1,1160.0,,15.0
simu5g_00000756,6,1,2,1160.0,,15.0
simu5g_00000756,6,1,3,1128.0,,14.0
simu5g_00000756,6,1,4,1160.0,,15.0
simu5g_00000756,6,1,5,1160.0,,15.0
simu5g_00000756,6,1,6,1160.0,,15.0
simu5g_00000756,6,1,7,1160.0,,15.0
simu5g_00000756,6,1,8,1160.0,,15.0
simu5g_00000756,6,1,9,1160.0,,15.0
simu5g_00000756,6,1,10,1160.0,,15.0
simu5g_00000756,6,1,11,1160.0,,15.0
simu5g_00000756,6,1,12,1160.0,,15.0
simu5g_00000756,6,1,13,1160.0,,15.0
simu5g_00000756,6,1,14,1160.0,,15.0
simu5g_00000756,6,1,15,1160.0,,15.0
simu5g_00000756,6,1,16,1160.0,,15.0
simu5g_00000756,6,1,17,1160.0,,15.0
simu5g_00000756,6,1,18,1160.0,,15.0
simu5g_00000756,6,1,19,1160.0,,15.0
simu5g_00000756,6,1,20,1160.0,,15.0
simu5g_00000756,6,1,21,1160.0,,15.0
simu5g_00000756,6,1,22,1160.0,,15.0
simu5g_00000756,6,1,23,1160.0,,15.0
simu5g_00000756,6,1,24,1160.0,,15.0
simu5g_00000756,7,2,0,984.0,,13.0
simu5g_00000756,7,2,1,1160.0,,15.0
simu5g_00000756,7,2,2,984.0,,13.0
simu5g_00000756,7,2,3,368.0,,6.0
simu5g_00000756,7,2,4,608.0,,9.0
simu5g_00000756,7,2,5,1128.0,,14.0
simu5g_00000756,7,2,6,808.0,,11.0
simu5g_00000756,7,2,7,1128.0,,14.0
simu5g_00000756,7,2,8,1128.0,,14.0
simu5g_00000756,7,2,9,984.0,,13.0
simu5g_00000756,7,2,10,984.0,,13.0
simu5g_00000756,7,2,11,984.0,,13.0
simu5g_00000756,7,2,12,1128.0,,14.0
simu5g_00000756,7,2,13,1160.0,,15.0
simu5g_00000756,7,2,14,888.0,,12.0
simu5g_00000756,7,2,15,1128.0,,14.0
simu5g_00000756,7,2,16,984.0,,13.0
simu5g_00000756,7,2,17,368.0,,6.0
simu5g_00000756,7,2,18,1128.0,,14.0
simu5g_00000756,7,2,19,984.0,,13.0
simu5g_00000756,7,2,20,888.0,,12.0
simu5g_00000756,7,2,21,984.0,,13.0
simu5g_00000756,7,2,22,1128.0,,14.0
simu5g_00000756,7,2,23,1128.0,,14.0
simu5g_00000756,7,2,24,1128.0,,14.0
simu5g_00000757,0,0,0,1160.0,,15.0
simu5g_00000757,0,0,1,704.0,,10.0
simu5g_00000757,0,0,2,1160.0,,15.0
simu5g_00000757,0,0,3,1128.0,,14.0
simu5g_00000757,0,0,4,1160.0,,15.0
simu5g_00000757,0,0,5,1128.0,,14.0
simu5g_00000757,0,0,6,1128.0,,14.0
simu5g_00000757,0,0,7,1160.0,,15.0
simu5g_00000757,0,0,8,984.0,,13.0
simu5g_00000757,0,0,9,1160.0,,15.0
simu5g_00000757,0,0,10,1160.0,,15.0
simu5g_00000757,0,0,11,1160.0,,15.0
simu5g_00000757,0,0,12,1160.0,,15.0
simu5g_00000757,0,0,13,1160.0,,15.0
simu5g_00000757,0,0,14,1160.0,,15.0
simu5g_00000757,0,0,15,1160.0,,15.0
simu5g_00000757,0,0,16,1128.0,,14.0
simu5g_00000757,0,0,17,1160.0,,15.0
simu5g_00000757,0,0,18,1160.0,,15.0
simu5g_00000757,0,0,19,1128.0,,14.0
simu5g_00000757,0,0,20,1160.0,,15.0
simu5g_00000757,0,0,21,984.0,,13.0
simu5g_00000757,0,0,22,1160.0,,15.0
simu5g_00000757,0,0,23,1160.0,,15.0
simu5g_00000757,0,0,24,1128.0,,14.0
simu5g_00000757,1,1,0,1160.0,,15.0
simu5g_00000757,1,1,1,1160.0,,15.0
simu5g_00000757,1,1,2,1160.0,,15.0
simu5g_00000757,1,1,3,1160.0,,15.0
simu5g_00000757,1,1,4,1160.0,,15.0
simu5g_00000757,1,1,5,1160.0,,15.0
simu5g_00000757,1,1,6,1160.0,,15.0
simu5g_00000757,1,1,7,1160.0,,15.0
simu5g_00000757,1,1,8,1160.0,,15.0
simu5g_00000757,1,1,9,1160.0,,15.0
simu5g_00000757,1,1,10,1160.0,,15.0
simu5g_00000757,1,1,11,1160.0,,15.0
simu5g_00000757,1,1,12,1160.0,,15.0
simu5g_00000757,1,1,13,1160.0,,15.0
simu5g_00000757,1,1,14,1160.0,,15.0
simu5g_00000757,1,1,15,1160.0,,15.0
simu5g_00000757,1,1,16,1160.0,,15.0
simu5g_00000757,1,1,17,1160.0,,15.0
simu5g_00000757,1,1,18,1160.0,,15.0
simu5g_00000757,1,1,19,1160.0,,15.0
simu5g_00000757,1,1,20,1160.0,,15.0
simu5g_00000757,1,1,21,1160.0,,15.0
simu5g_00000757,1,1,22,1160.0,,15.0
simu5g_00000757,1,1,23,1160.0,,15.0
simu5g_00000757,1,1,24,1160.0,,15.0
simu5g_00000757,15,2,0,984.0,,13.0
simu5g_00000757,15,2,1,1128.0,,14.0
simu5g_00000757,15,2,2,1128.0,,14.0
simu5g_00000757,15,2,3,1160.0,,15.0
simu5g_00000757,15,2,4,888.0,,12.0
simu5g_00000757,15,2,5,608.0,,9.0
simu5g_00000757,15,2,6,1160.0,,15.0
simu5g_00000757,15,2,7,984.0,,13.0
simu5g_00000757,15,2,8,1160.0,,15.0
simu5g_00000757,15,2,9,1128.0,,14.0
simu5g_00000757,15,2,10,1160.0,,15.0
simu5g_00000757,15,2,11,1160.0,,15.0
simu5g_00000757,15,2,12,808.0,,11.0
simu5g_00000757,15,2,13,1160.0,,15.0
simu5g_00000757,15,2,14,1128.0,,14.0
simu5g_00000757,15,2,15,984.0,,13.0
simu5g_00000757,15,2,16,1160.0,,15.0
simu5g_00000757,15,2,17,1128.0,,14.0
simu5g_00000757,15,2,18,1128.0,,14.0
simu5g_00000757,15,2,19,1128.0,,14.0
simu5g_00000757,15,2,20,1160.0,,15.0
simu5g_00000757,15,2,21,1128.0,,14.0
simu5g_00000757,15,2,22,1128.0,,14.0
simu5g_00000757,15,2,23,1128.0,,14.0
simu5g_00000757,15,2,24,1128.0,,14.0
simu5g_00000757,2,3,0,1160.0,,15.0
simu5g_00000757,2,3,1,1160.0,,15.0
simu5g_00000757,2,3,2,1160.0,,15.0
simu5g_00000757,2,3,3,1160.0,,15.0
simu5g_00000757,2,3,4,1160.0,,15.0
simu5g_00000757,2,3,5,1160.0,,15.0
simu5g_00000757,2,3,6,1160.0,,15.0
simu5g_00000757,2,3,7,1160.0,,15.0
simu5g_00000757,2,3,8,1160.0,,15.0
simu5g_00000757,2,3,9,1160.0,,15.0
simu5g_00000757,2,3,10,1160.0,,15.0
simu5g_00000757,2,3,11,1160.0,,15.0
simu5g_00000757,2,3,12,1160.0,,15.0
simu5g_00000757,2,3,13,1160.0,,15.0
simu5g_00000757,2,3,14,1160.0,,15.0
simu5g_00000757,2,3,15,1160.0,,15.0
simu5g_00000757,2,3,16,1160.0,,15.0
simu5g_00000757,2,3,17,1160.0,,15.0
simu5g_00000757,2,3,18,1160.0,,15.0
simu5g_00000757,2,3,19,1160.0,,15.0
simu5g_00000757,2,3,20,1160.0,,15.0
simu5g_00000757,2,3,21,1160.0,,15.0
simu5g_00000757,2,3,22,1160.0,,15.0
simu5g_00000757,2,3,23,1160.0,,15.0
simu5g_00000757,2,3,24,1160.0,,15.0
simu5g_00000757,3,4,0,1160.0,,15.0
simu5g_00000757,3,4,1,1160.0,,15.0
simu5g_00000757,3,4,2,1160.0,,15.0
simu5g_00000757,3,4,3,1160.0,,15.0
simu5g_00000757,3,4,4,1160.0,,15.0
simu5g_00000757,3,4,5,1160.0,,15.0
simu5g_00000757,3,4,6,1160.0,,15.0
simu5g_00000757,3,4,7,1160.0,,15.0
simu5g_00000757,3,4,8,1160.0,,15.0
simu5g_00000757,3,4,9,1160.0,,15.0
simu5g_00000757,3,4,10,1160.0,,15.0
simu5g_00000757,3,4,11,1160.0,,15.0
simu5g_00000757,3,4,12,1160.0,,15.0
simu5g_00000757,3,4,13,1160.0,,15.0
simu5g_00000757,3,4,14,1160.0,,15.0
simu5g_00000757,3,4,15,1160.0,,15.0
simu5g_00000757,3,4,16,1160.0,,15.0
simu5g_00000757,3,4,17,1160.0,,15.0
simu5g_00000757,3,4,18,1160.0,,15.0
simu5g_00000757,3,4,19,1160.0,,15.0
simu5g_00000757,3,4,20,1160.0,,15.0
simu5g_00000757,3,4,21,1160.0,,15.0
simu5g_00000757,3,4,22,1160.0,,15.0
simu5g_00000757,3,4,23,1160.0,,15.0
simu5g_00000757,3,4,24,1160.0,,15.0
simu5g_00000757,4,5,0,1128.0,,14.0
simu5g_00000757,4,5,1,984.0,,13.0
simu5g_00000757,4,5,2,1160.0,,15.0
simu5g_00000757,4,5,3,528.0,,8.0
simu5g_00000757,4,5,4,1128.0,,14.0
simu5g_00000757,4,5,5,1160.0,,15.0
simu5g_00000757,4,5,6,1160.0,,15.0
simu5g_00000757,4,5,7,608.0,,9.0
simu5g_00000757,4,5,8,984.0,,13.0
simu5g_00000757,4,5,9,1128.0,,14.0
simu5g_00000757,4,5,10,1128.0,,14.0
simu5g_00000757,4,5,11,1128.0,,14.0
simu5g_00000757,4,5,12,1160.0,,15.0
simu5g_00000757,4,5,13,1128.0,,14.0
simu5g_00000757,4,5,14,1160.0,,15.0
simu5g_00000757,4,5,15,984.0,,13.0
simu5g_00000757,4,5,16,984.0,,13.0
simu5g_00000757,4,5,17,1128.0,,14.0
simu5g_00000757,4,5,18,1160.0,,15.0
simu5g_00000757,4,5,19,1160.0,,15.0
simu5g_00000757,4,5,20,1128.0,,14.0
simu5g_00000757,4,5,21,984.0,,13.0
simu5g_00000757,4,5,22,1160.0,,15.0
simu5g_00000757,4,5,23,1160.0,,15.0
simu5g_00000757,4,5,24,984.0,,13.0
simu5g_00000757,5,6,0,1160.0,,15.0
simu5g_00000757,5,6,1,1160.0,,15.0
simu5g_00000757,5,6,2,1160.0,,15.0
simu5g_00000757,5,6,3,1128.0,,14.0
simu5g_00000757,5,6,4,1160.0,,15.0
simu5g_00000757,5,6,5,1160.0,,15.0
simu5g_00000757,5,6,6,1160.0,,15.0
simu5g_00000757,5,6,7,1160.0,,15.0
simu5g_00000757,5,6,8,1160.0,,15.0
simu5g_00000757,5,6,9,1160.0,,15.0
simu5g_00000757,5,6,10,1160.0,,15.0
simu5g_00000757,5,6,11,1160.0,,15.0
simu5g_00000757,5,6,12,1160.0,,15.0
simu5g_00000757,5,6,13,1128.0,,14.0
simu5g_00000757,5,6,14,1128.0,,14.0
simu5g_00000757,5,6,15,1128.0,,14.0
simu5g_00000757,5,6,16,808.0,,11.0
simu5g_00000757,5,6,17,1160.0,,15.0
simu5g_00000757,5,6,18,1160.0,,15.0
simu5g_00000757,5,6,19,1160.0,,15.0
simu5g_00000757,5,6,20,1160.0,,15.0
simu5g_00000757,5,6,21,984.0,,13.0
simu5g_00000757,5,6,22,1160.0,,15.0
simu5g_00000757,5,6,23,1128.0,,14.0
simu5g_00000757,5,6,24,1160.0,,15.0
simu5g_00000758,31,0,0,1160.0,,15.0
simu5g_00000758,31,0,1,1160.0,,15.0
simu5g_00000758,31,0,2,1160.0,,15.0
simu5g_00000758,31,0,3,1160.0,,15.0
simu5g_00000758,31,0,4,1160.0,,15.0
simu5g_00000758,31,0,5,1160.0,,15.0
simu5g_00000758,31,0,6,1160.0,,15.0
simu5g_00000758,31,0,7,1160.0,,15.0
simu5g_00000758,31,0,8,1160.0,,15.0
simu5g_00000758,31,0,9,1160.0,,15.0
simu5g_00000758,31,0,10,1160.0,,15.0
simu5g_00000758,31,0,11,1160.0,,15.0
simu5g_00000758,31,0,12,1128.0,,14.0
simu5g_00000758,31,0,13,1160.0,,15.0
simu5g_00000758,31,0,14,1160.0,,15.0
simu5g_00000758,31,0,15,1160.0,,15.0
simu5g_00000758,31,0,16,1160.0,,15.0
simu5g_00000758,31,0,17,1160.0,,15.0
simu5g_00000758,31,0,18,1160.0,,15.0
simu5g_00000758,31,0,19,1160.0,,15.0
simu5g_00000758,31,0,20,1160.0,,15.0
simu5g_00000758,31,0,21,1160.0,,15.0
simu5g_00000758,31,0,22,1160.0,,15.0
simu5g_00000758,31,0,23,1160.0,,15.0
simu5g_00000758,31,0,24,1160.0,,15.0
simu5g_00000758,6,1,0,1160.0,,15.0
simu5g_00000758,6,1,1,1160.0,,15.0
simu5g_00000758,6,1,2,1160.0,,15.0
simu5g_00000758,6,1,3,1128.0,,14.0
simu5g_00000758,6,1,4,1160.0,,15.0
simu5g_00000758,6,1,5,1160.0,,15.0
simu5g_00000758,6,1,6,1160.0,,15.0
simu5g_00000758,6,1,7,1160.0,,15.0
simu5g_00000758,6,1,8,1160.0,,15.0
simu5g_00000758,6,1,9,1160.0,,15.0
simu5g_00000758,6,1,10,1160.0,,15.0
simu5g_00000758,6,1,11,1160.0,,15.0
simu5g_00000758,6,1,12,1160.0,,15.0
simu5g_00000758,6,1,13,1160.0,,15.0
simu5g_00000758,6,1,14,1160.0,,15.0
simu5g_00000758,6,1,15,1160.0,,15.0
simu5g_00000758,6,1,16,1160.0,,15.0
simu5g_00000758,6,1,17,1160.0,,15.0
simu5g_00000758,6,1,18,1160.0,,15.0
simu5g_00000758,6,1,19,1160.0,,15.0
simu5g_00000758,6,1,20,1160.0,,15.0
simu5g_00000758,6,1,21,1160.0,,15.0
simu5g_00000758,6,1,22,1160.0,,15.0
simu5g_00000758,6,1,23,1160.0,,15.0
simu5g_00000758,6,1,24,1160.0,,15.0
simu5g_00000758,7,2,0,984.0,,13.0
simu5g_00000758,7,2,1,1160.0,,15.0
simu5g_00000758,7,2,2,984.0,,13.0
simu5g_00000758,7,2,3,368.0,,6.0
simu5g_00000758,7,2,4,608.0,,9.0
simu5g_00000758,7,2,5,1128.0,,14.0
simu5g_00000758,7,2,6,808.0,,11.0
simu5g_00000758,7,2,7,1128.0,,14.0
simu5g_00000758,7,2,8,1128.0,,14.0
simu5g_00000758,7,2,9,984.0,,13.0
simu5g_00000758,7,2,10,984.0,,13.0
simu5g_00000758,7,2,11,984.0,,13.0
simu5g_00000758,7,2,12,1128.0,,14.0
simu5g_00000758,7,2,13,1160.0,,15.0
simu5g_00000758,7,2,14,888.0,,12.0
simu5g_00000758,7,2,15,1128.0,,14.0
simu5g_00000758,7,2,16,984.0,,13.0
simu5g_00000758,7,2,17,368.0,,6.0
simu5g_00000758,7,2,18,1128.0,,14.0
simu5g_00000758,7,2,19,984.0,,13.0
simu5g_00000758,7,2,20,888.0,,12.0
simu5g_00000758,7,2,21,984.0,,13.0
simu5g_00000758,7,2,22,1128.0,,14.0
simu5g_00000758,7,2,23,1128.0,,14.0
simu5g_00000758,7,2,24,1128.0,,14.0
simu5g_00000759,0,0,0,1160.0,,15.0
simu5g_00000759,0,0,1,704.0,,10.0
simu5g_00000759,0,0,2,1160.0,,15.0
simu5g_00000759,0,0,3,1128.0,,14.0
simu5g_00000759,0,0,4,1160.0,,15.0
simu5g_00000759,0,0,5,1128.0,,14.0
simu5g_00000759,0,0,6,1128.0,,14.0
simu5g_00000759,0,0,7,1160.0,,15.0
simu5g_00000759,0,0,8,984.0,,13.0
simu5g_00000759,0,0,9,1160.0,,15.0
simu5g_00000759,0,0,10,1160.0,,15.0
simu5g_00000759,0,0,11,1160.0,,15.0
simu5g_00000759,0,0,12,1160.0,,15.0
simu5g_00000759,0,0,13,1160.0,,15.0
simu5g_00000759,0,0,14,1160.0,,15.0
simu5g_00000759,0,0,15,1160.0,,15.0
simu5g_00000759,0,0,16,1128.0,,14.0
simu5g_00000759,0,0,17,1160.0,,15.0
simu5g_00000759,0,0,18,1160.0,,15.0
simu5g_00000759,0,0,19,1128.0,,14.0
simu5g_00000759,0,0,20,1160.0,,15.0
simu5g_00000759,0,0,21,984.0,,13.0
simu5g_00000759,0,0,22,1160.0,,15.0
simu5g_00000759,0,0,23,1160.0,,15.0
simu5g_00000759,0,0,24,1128.0,,14.0
simu5g_00000759,1,1,0,1160.0,,15.0
simu5g_00000759,1,1,1,1160.0,,15.0
simu5g_00000759,1,1,2,1160.0,,15.0
simu5g_00000759,1,1,3,1160.0,,15.0
simu5g_00000759,1,1,4,1160.0,,15.0
simu5g_00000759,1,1,5,1160.0,,15.0
simu5g_00000759,1,1,6,1160.0,,15.0
simu5g_00000759,1,1,7,1160.0,,15.0
simu5g_00000759,1,1,8,1160.0,,15.0
simu5g_00000759,1,1,9,1160.0,,15.0
simu5g_00000759,1,1,10,1160.0,,15.0
simu5g_00000759,1,1,11,1160.0,,15.0
simu5g_00000759,1,1,12,1160.0,,15.0
simu5g_00000759,1,1,13,1160.0,,15.0
simu5g_00000759,1,1,14,1160.0,,15.0
simu5g_00000759,1,1,15,1160.0,,15.0
simu5g_00000759,1,1,16,1160.0,,15.0
simu5g_00000759,1,1,17,1160.0,,15.0
simu5g_00000759,1,1,18,1160.0,,15.0
simu5g_00000759,1,1,19,1160.0,,15.0
simu5g_00000759,1,1,20,1160.0,,15.0
simu5g_00000759,1,1,21,1160.0,,15.0
simu5g_00000759,1,1,22,1160.0,,15.0
simu5g_00000759,1,1,23,1160.0,,15.0
simu5g_00000759,1,1,24,1160.0,,15.0
simu5g_00000759,15,2,0,984.0,,13.0
simu5g_00000759,15,2,1,1128.0,,14.0
simu5g_00000759,15,2,2,1128.0,,14.0
simu5g_00000759,15,2,3,1128.0,,14.0
simu5g_00000759,15,2,4,888.0,,12.0
simu5g_00000759,15,2,5,608.0,,9.0
simu5g_00000759,15,2,6,1160.0,,15.0
simu5g_00000759,15,2,7,984.0,,13.0
simu5g_00000759,15,2,8,1160.0,,15.0
simu5g_00000759,15,2,9,1128.0,,14.0
simu5g_00000759,15,2,10,1160.0,,15.0
simu5g_00000759,15,2,11,1160.0,,15.0
simu5g_00000759,15,2,12,808.0,,11.0
simu5g_00000759,15,2,13,1160.0,,15.0
simu5g_00000759,15,2,14,1128.0,,14.0
simu5g_00000759,15,2,15,984.0,,13.0
simu5g_00000759,15,2,16,1160.0,,15.0
simu5g_00000759,15,2,17,1128.0,,14.0
simu5g_00000759,15,2,18,1128.0,,14.0
simu5g_00000759,15,2,19,1128.0,,14.0
simu5g_00000759,15,2,20,1160.0,,15.0
simu5g_00000759,15,2,21,1128.0,,14.0
simu5g_00000759,15,2,22,1128.0,,14.0
simu5g_00000759,15,2,23,1128.0,,14.0
simu5g_00000759,15,2,24,1128.0,,14.0
simu5g_00000759,2,3,0,1160.0,,15.0
simu5g_00000759,2,3,1,1160.0,,15.0
simu5g_00000759,2,3,2,1160.0,,15.0
simu5g_00000759,2,3,3,1160.0,,15.0
simu5g_00000759,2,3,4,1160.0,,15.0
simu5g_00000759,2,3,5,1160.0,,15.0
simu5g_00000759,2,3,6,1160.0,,15.0
simu5g_00000759,2,3,7,1160.0,,15.0
simu5g_00000759,2,3,8,1160.0,,15.0
simu5g_00000759,2,3,9,1160.0,,15.0
simu5g_00000759,2,3,10,1160.0,,15.0
simu5g_00000759,2,3,11,1160.0,,15.0
simu5g_00000759,2,3,12,1160.0,,15.0
simu5g_00000759,2,3,13,1160.0,,15.0
simu5g_00000759,2,3,14,1160.0,,15.0
simu5g_00000759,2,3,15,1160.0,,15.0
simu5g_00000759,2,3,16,1160.0,,15.0
simu5g_00000759,2,3,17,1160.0,,15.0
simu5g_00000759,2,3,18,1160.0,,15.0
simu5g_00000759,2,3,19,1160.0,,15.0
simu5g_00000759,2,3,20,1160.0,,15.0
simu5g_00000759,2,3,21,1160.0,,15.0
simu5g_00000759,2,3,22,1160.0,,15.0
simu5g_00000759,2,3,23,1160.0,,15.0
simu5g_00000759,2,3,24,1160.0,,15.0
simu5g_00000759,3,4,0,1160.0,,15.0
simu5g_00000759,3,4,1,1160.0,,15.0
simu5g_00000759,3,4,2,1160.0,,15.0
simu5g_00000759,3,4,3,1160.0,,15.0
simu5g_00000759,3,4,4,1160.0,,15.0
simu5g_00000759,3,4,5,1160.0,,15.0
simu5g_00000759,3,4,6,1160.0,,15.0
simu5g_00000759,3,4,7,1160.0,,15.0
simu5g_00000759,3,4,8,1160.0,,15.0
simu5g_00000759,3,4,9,1160.0,,15.0
simu5g_00000759,3,4,10,1160.0,,15.0
simu5g_00000759,3,4,11,1160.0,,15.0
simu5g_00000759,3,4,12,1160.0,,15.0
simu5g_00000759,3,4,13,1160.0,,15.0
simu5g_00000759,3,4,14,1160.0,,15.0
simu5g_00000759,3,4,15,1160.0,,15.0
simu5g_00000759,3,4,16,1160.0,,15.0
simu5g_00000759,3,4,17,1160.0,,15.0
simu5g_00000759,3,4,18,1160.0,,15.0
simu5g_00000759,3,4,19,1160.0,,15.0
simu5g_00000759,3,4,20,1160.0,,15.0
simu5g_00000759,3,4,21,1160.0,,15.0
simu5g_00000759,3,4,22,1160.0,,15.0
simu5g_00000759,3,4,23,1160.0,,15.0
simu5g_00000759,3,4,24,1160.0,,15.0
simu5g_00000759,4,5,0,1128.0,,14.0
simu5g_00000759,4,5,1,984.0,,13.0
simu5g_00000759,4,5,2,1160.0,,15.0
simu5g_00000759,4,5,3,528.0,,8.0
simu5g_00000759,4,5,4,1128.0,,14.0
simu5g_00000759,4,5,5,1160.0,,15.0
simu5g_00000759,4,5,6,1160.0,,15.0
simu5g_00000759,4,5,7,608.0,,9.0
simu5g_00000759,4,5,8,984.0,,13.0
simu5g_00000759,4,5,9,1128.0,,14.0
simu5g_00000759,4,5,10,1128.0,,14.0
simu5g_00000759,4,5,11,1160.0,,15.0
simu5g_00000759,4,5,12,1160.0,,15.0
simu5g_00000759,4,5,13,1128.0,,14.0
simu5g_00000759,4,5,14,1160.0,,15.0
simu5g_00000759,4,5,15,984.0,,13.0
simu5g_00000759,4,5,16,984.0,,13.0
simu5g_00000759,4,5,17,1128.0,,14.0
simu5g_00000759,4,5,18,1160.0,,15.0
simu5g_00000759,4,5,19,1160.0,,15.0
simu5g_00000759,4,5,20,1128.0,,14.0
simu5g_00000759,4,5,21,984.0,,13.0
simu5g_00000759,4,5,22,1160.0,,15.0
simu5g_00000759,4,5,23,1160.0,,15.0
simu5g_00000759,4,5,24,984.0,,13.0
simu5g_00000759,5,6,0,1160.0,,15.0
simu5g_00000759,5,6,1,1160.0,,15.0
simu5g_00000759,5,6,2,1160.0,,15.0
simu5g_00000759,5,6,3,1128.0,,14.0
simu5g_00000759,5,6,4,1160.0,,15.0
simu5g_00000759,5,6,5,1160.0,,15.0
simu5g_00000759,5,6,6,1160.0,,15.0
simu5g_00000759,5,6,7,1160.0,,15.0
simu5g_00000759,5,6,8,1160.0,,15.0
simu5g_00000759,5,6,9,1160.0,,15.0
simu5g_00000759,5,6,10,1160.0,,15.0
simu5g_00000759,5,6,11,1160.0,,15.0
simu5g_00000759,5,6,12,1160.0,,15.0
simu5g_00000759,5,6,13,1128.0,,14.0
simu5g_00000759,5,6,14,1128.0,,14.0
simu5g_00000759,5,6,15,1128.0,,14.0
simu5g_00000759,5,6,16,808.0,,11.0
simu5g_00000759,5,6,17,1160.0,,15.0
simu5g_00000759,5,6,18,1160.0,,15.0
simu5g_00000759,5,6,19,1160.0,,15.0
simu5g_00000759,5,6,20,1160.0,,15.0
simu5g_00000759,5,6,21,984.0,,13.0
simu5g_00000759,5,6,22,1160.0,,15.0
simu5g_00000759,5,6,23,1128.0,,14.0
simu5g_00000759,5,6,24,1160.0,,15.0
simu5g_00000760,31,0,0,1160.0,,15.0
simu5g_00000760,31,0,1,1160.0,,15.0
simu5g_00000760,31,0,2,1160.0,,15.0
simu5g_00000760,31,0,3,1160.0,,15.0
simu5g_00000760,31,0,4,1160.0,,15.0
simu5g_00000760,31,0,5,1160.0,,15.0
simu5g_00000760,31,0,6,1160.0,,15.0
simu5g_00000760,31,0,7,1160.0,,15.0
simu5g_00000760,31,0,8,1160.0,,15.0
simu5g_00000760,31,0,9,1160.0,,15.0
simu5g_00000760,31,0,10,1160.0,,15.0
simu5g_00000760,31,0,11,1160.0,,15.0
simu5g_00000760,31,0,12,1128.0,,14.0
simu5g_00000760,31,0,13,1160.0,,15.0
simu5g_00000760,31,0,14,1160.0,,15.0
simu5g_00000760,31,0,15,1160.0,,15.0
simu5g_00000760,31,0,16,1160.0,,15.0
simu5g_00000760,31,0,17,1160.0,,15.0
simu5g_00000760,31,0,18,1160.0,,15.0
simu5g_00000760,31,0,19,1160.0,,15.0
simu5g_00000760,31,0,20,1160.0,,15.0
simu5g_00000760,31,0,21,1160.0,,15.0
simu5g_00000760,31,0,22,1160.0,,15.0
simu5g_00000760,31,0,23,1160.0,,15.0
simu5g_00000760,31,0,24,1160.0,,15.0
simu5g_00000760,6,1,0,1160.0,,15.0
simu5g_00000760,6,1,1,1160.0,,15.0
simu5g_00000760,6,1,2,1160.0,,15.0
simu5g_00000760,6,1,3,984.0,,13.0
simu5g_00000760,6,1,4,1160.0,,15.0
simu5g_00000760,6,1,5,1160.0,,15.0
simu5g_00000760,6,1,6,1160.0,,15.0
simu5g_00000760,6,1,7,1160.0,,15.0
simu5g_00000760,6,1,8,1160.0,,15.0
simu5g_00000760,6,1,9,1160.0,,15.0
simu5g_00000760,6,1,10,1160.0,,15.0
simu5g_00000760,6,1,11,1160.0,,15.0
simu5g_00000760,6,1,12,1160.0,,15.0
simu5g_00000760,6,1,13,1160.0,,15.0
simu5g_00000760,6,1,14,1160.0,,15.0
simu5g_00000760,6,1,15,1160.0,,15.0
simu5g_00000760,6,1,16,1128.0,,14.0
simu5g_00000760,6,1,17,1160.0,,15.0
simu5g_00000760,6,1,18,1160.0,,15.0
simu5g_00000760,6,1,19,1160.0,,15.0
simu5g_00000760,6,1,20,1160.0,,15.0
simu5g_00000760,6,1,21,1160.0,,15.0
simu5g_00000760,6,1,22,1160.0,,15.0
simu5g_00000760,6,1,23,1160.0,,15.0
simu5g_00000760,6,1,24,1160.0,,15.0
simu5g_00000760,7,2,0,1160.0,,15.0
simu5g_00000760,7,2,1,1160.0,,15.0
simu5g_00000760,7,2,2,1160.0,,15.0
simu5g_00000760,7,2,3,608.0,,9.0
simu5g_00000760,7,2,4,984.0,,13.0
simu5g_00000760,7,2,5,1160.0,,15.0
simu5g_00000760,7,2,6,984.0,,13.0
simu5g_00000760,7,2,7,1160.0,,15.0
simu5g_00000760,7,2,8,1160.0,,15.0
simu5g_00000760,7,2,9,1128.0,,14.0
simu5g_00000760,7,2,10,1128.0,,14.0
simu5g_00000760,7,2,11,1128.0,,14.0
simu5g_00000760,7,2,12,1160.0,,15.0
simu5g_00000760,7,2,13,1160.0,,15.0
simu5g_00000760,7,2,14,1128.0,,14.0
simu5g_00000760,7,2,15,1160.0,,15.0
simu5g_00000760,7,2,16,1128.0,,14.0
simu5g_00000760,7,2,17,608.0,,9.0
simu5g_00000760,7,2,18,1160.0,,15.0
simu5g_00000760,7,2,19,1128.0,,14.0
simu5g_00000760,7,2,20,1128.0,,14.0
simu5g_00000760,7,2,21,1128.0,,14.0
simu5g_00000760,7,2,22,1160.0,,15.0
simu5g_00000760,7,2,23,1160.0,,15.0
simu5g_00000760,7,2,24,1160.0,,15.0
simu5g_00000761,0,0,0,1160.0,,15.0
simu5g_00000761,0,0,1,704.0,,10.0
simu5g_00000761,0,0,2,1160.0,,15.0
simu5g_00000761,0,0,3,1128.0,,14.0
simu5g_00000761,0,0,4,1160.0,,15.0
simu5g_00000761,0,0,5,1128.0,,14.0
simu5g_00000761,0,0,6,1128.0,,14.0
simu5g_00000761,0,0,7,1160.0,,15.0
simu5g_00000761,0,0,8,984.0,,13.0
simu5g_00000761,0,0,9,1128.0,,14.0
simu5g_00000761,0,0,10,1160.0,,15.0
simu5g_00000761,0,0,11,1160.0,,15.0
simu5g_00000761,0,0,12,1160.0,,15.0
simu5g_00000761,0,0,13,1128.0,,14.0
simu5g_00000761,0,0,14,1160.0,,15.0
simu5g_00000761,0,0,15,1160.0,,15.0
simu5g_00000761,0,0,16,1128.0,,14.0
simu5g_00000761,0,0,17,1160.0,,15.0
simu5g_00000761,0,0,18,1160.0,,15.0
simu5g_00000761,0,0,19,1128.0,,14.0
simu5g_00000761,0,0,20,1160.0,,15.0
simu5g_00000761,0,0,21,984.0,,13.0
simu5g_00000761,0,0,22,1160.0,,15.0
simu5g_00000761,0,0,23,1160.0,,15.0
simu5g_00000761,0,0,24,1128.0,,14.0
simu5g_00000761,1,1,0,1160.0,,15.0
simu5g_00000761,1,1,1,1160.0,,15.0
simu5g_00000761,1,1,2,1160.0,,15.0
simu5g_00000761,1,1,3,1160.0,,15.0
simu5g_00000761,1,1,4,1160.0,,15.0
simu5g_00000761,1,1,5,1160.0,,15.0
simu5g_00000761,1,1,6,1160.0,,15.0
simu5g_00000761,1,1,7,1160.0,,15.0
simu5g_00000761,1,1,8,1160.0,,15.0
simu5g_00000761,1,1,9,1160.0,,15.0
simu5g_00000761,1,1,10,1160.0,,15.0
simu5g_00000761,1,1,11,1160.0,,15.0
simu5g_00000761,1,1,12,1160.0,,15.0
simu5g_00000761,1,1,13,1160.0,,15.0
simu5g_00000761,1,1,14,1160.0,,15.0
simu5g_00000761,1,1,15,1160.0,,15.0
simu5g_00000761,1,1,16,1160.0,,15.0
simu5g_00000761,1,1,17,1160.0,,15.0
simu5g_00000761,1,1,18,1160.0,,15.0
simu5g_00000761,1,1,19,1160.0,,15.0
simu5g_00000761,1,1,20,1160.0,,15.0
simu5g_00000761,1,1,21,1160.0,,15.0
simu5g_00000761,1,1,22,1160.0,,15.0
simu5g_00000761,1,1,23,1160.0,,15.0
simu5g_00000761,1,1,24,1160.0,,15.0
simu5g_00000761,15,2,0,984.0,,13.0
simu5g_00000761,15,2,1,984.0,,13.0
simu5g_00000761,15,2,2,1128.0,,14.0
simu5g_00000761,15,2,3,1128.0,,14.0
simu5g_00000761,15,2,4,888.0,,12.0
simu5g_00000761,15,2,5,608.0,,9.0
simu5g_00000761,15,2,6,1160.0,,15.0
simu5g_00000761,15,2,7,984.0,,13.0
simu5g_00000761,15,2,8,1160.0,,15.0
simu5g_00000761,15,2,9,1128.0,,14.0
simu5g_00000761,15,2,10,1160.0,,15.0
simu5g_00000761,15,2,11,1160.0,,15.0
simu5g_00000761,15,2,12,808.0,,11.0
simu5g_00000761,15,2,13,1160.0,,15.0
simu5g_00000761,15,2,14,1128.0,,14.0
simu5g_00000761,15,2,15,984.0,,13.0
simu5g_00000761,15,2,16,1160.0,,15.0
simu5g_00000761,15,2,17,1128.0,,14.0
simu5g_00000761,15,2,18,1128.0,,14.0
simu5g_00000761,15,2,19,1128.0,,14.0
simu5g_00000761,15,2,20,1160.0,,15.0
simu5g_00000761,15,2,21,1128.0,,14.0
simu5g_00000761,15,2,22,1128.0,,14.0
simu5g_00000761,15,2,23,1128.0,,14.0
simu5g_00000761,15,2,24,1128.0,,14.0
simu5g_00000761,2,3,0,1160.0,,15.0
simu5g_00000761,2,3,1,1160.0,,15.0
simu5g_00000761,2,3,2,1160.0,,15.0
simu5g_00000761,2,3,3,1160.0,,15.0
simu5g_00000761,2,3,4,1160.0,,15.0
simu5g_00000761,2,3,5,1160.0,,15.0
simu5g_00000761,2,3,6,1160.0,,15.0
simu5g_00000761,2,3,7,1160.0,,15.0
simu5g_00000761,2,3,8,1160.0,,15.0
simu5g_00000761,2,3,9,1160.0,,15.0
simu5g_00000761,2,3,10,1160.0,,15.0
simu5g_00000761,2,3,11,1160.0,,15.0
simu5g_00000761,2,3,12,1160.0,,15.0
simu5g_00000761,2,3,13,1160.0,,15.0
simu5g_00000761,2,3,14,1160.0,,15.0
simu5g_00000761,2,3,15,1160.0,,15.0
simu5g_00000761,2,3,16,1160.0,,15.0
simu5g_00000761,2,3,17,1160.0,,15.0
simu5g_00000761,2,3,18,1160.0,,15.0
simu5g_00000761,2,3,19,1160.0,,15.0
simu5g_00000761,2,3,20,1160.0,,15.0
simu5g_00000761,2,3,21,1160.0,,15.0
simu5g_00000761,2,3,22,1160.0,,15.0
simu5g_00000761,2,3,23,1160.0,,15.0
simu5g_00000761,2,3,24,1160.0,,15.0
simu5g_00000761,3,4,0,1160.0,,15.0
simu5g_00000761,3,4,1,1160.0,,15.0
simu5g_00000761,3,4,2,1160.0,,15.0
simu5g_00000761,3,4,3,1160.0,,15.0
simu5g_00000761,3,4,4,1160.0,,15.0
simu5g_00000761,3,4,5,1160.0,,15.0
simu5g_00000761,3,4,6,1160.0,,15.0
simu5g_00000761,3,4,7,1160.0,,15.0
simu5g_00000761,3,4,8,1160.0,,15.0
simu5g_00000761,3,4,9,1160.0,,15.0
simu5g_00000761,3,4,10,1160.0,,15.0
simu5g_00000761,3,4,11,1160.0,,15.0
simu5g_00000761,3,4,12,1160.0,,15.0
simu5g_00000761,3,4,13,1160.0,,15.0
simu5g_00000761,3,4,14,1160.0,,15.0
simu5g_00000761,3,4,15,1160.0,,15.0
simu5g_00000761,3,4,16,1160.0,,15.0
simu5g_00000761,3,4,17,1160.0,,15.0
simu5g_00000761,3,4,18,1160.0,,15.0
simu5g_00000761,3,4,19,1160.0,,15.0
simu5g_00000761,3,4,20,1160.0,,15.0
simu5g_00000761,3,4,21,1160.0,,15.0
simu5g_00000761,3,4,22,1160.0,,15.0
simu5g_00000761,3,4,23,1160.0,,15.0
simu5g_00000761,3,4,24,1160.0,,15.0
simu5g_00000761,4,5,0,1128.0,,14.0
simu5g_00000761,4,5,1,984.0,,13.0
simu5g_00000761,4,5,2,1160.0,,15.0
simu5g_00000761,4,5,3,528.0,,8.0
simu5g_00000761,4,5,4,1128.0,,14.0
simu5g_00000761,4,5,5,1160.0,,15.0
simu5g_00000761,4,5,6,1160.0,,15.0
simu5g_00000761,4,5,7,704.0,,10.0
simu5g_00000761,4,5,8,984.0,,13.0
simu5g_00000761,4,5,9,1128.0,,14.0
simu5g_00000761,4,5,10,1128.0,,14.0
simu5g_00000761,4,5,11,1160.0,,15.0
simu5g_00000761,4,5,12,1160.0,,15.0
simu5g_00000761,4,5,13,1128.0,,14.0
simu5g_00000761,4,5,14,1160.0,,15.0
simu5g_00000761,4,5,15,984.0,,13.0
simu5g_00000761,4,5,16,984.0,,13.0
simu5g_00000761,4,5,17,1128.0,,14.0
simu5g_00000761,4,5,18,1160.0,,15.0
simu5g_00000761,4,5,19,1160.0,,15.0
simu5g_00000761,4,5,20,1128.0,,14.0
simu5g_00000761,4,5,21,984.0,,13.0
simu5g_00000761,4,5,22,1160.0,,15.0
simu5g_00000761,4,5,23,1160.0,,15.0
simu5g_00000761,4,5,24,1128.0,,14.0
simu5g_00000761,5,6,0,1160.0,,15.0
simu5g_00000761,5,6,1,1160.0,,15.0
simu5g_00000761,5,6,2,1160.0,,15.0
simu5g_00000761,5,6,3,1128.0,,14.0
simu5g_00000761,5,6,4,1160.0,,15.0
simu5g_00000761,5,6,5,1160.0,,15.0
simu5g_00000761,5,6,6,1160.0,,15.0
simu5g_00000761,5,6,7,1160.0,,15.0
simu5g_00000761,5,6,8,1160.0,,15.0
simu5g_00000761,5,6,9,1160.0,,15.0
simu5g_00000761,5,6,10,1160.0,,15.0
simu5g_00000761,5,6,11,1160.0,,15.0
simu5g_00000761,5,6,12,1160.0,,15.0
simu5g_00000761,5,6,13,1128.0,,14.0
simu5g_00000761,5,6,14,1128.0,,14.0
simu5g_00000761,5,6,15,1128.0,,14.0
simu5g_00000761,5,6,16,808.0,,11.0
simu5g_00000761,5,6,17,1160.0,,15.0
simu5g_00000761,5,6,18,1160.0,,15.0
simu5g_00000761,5,6,19,1160.0,,15.0
simu5g_00000761,5,6,20,1160.0,,15.0
simu5g_00000761,5,6,21,984.0,,13.0
simu5g_00000761,5,6,22,1160.0,,15.0
simu5g_00000761,5,6,23,1128.0,,14.0
simu5g_00000761,5,6,24,1160.0,,15.0
simu5g_00000762,31,0,0,1160.0,,15.0
simu5g_00000762,31,0,1,1128.0,,14.0
simu5g_00000762,31,0,2,1160.0,,15.0
simu5g_00000762,31,0,3,1160.0,,15.0
simu5g_00000762,31,0,4,1160.0,,15.0
simu5g_00000762,31,0,5,1160.0,,15.0
simu5g_00000762,31,0,6,1160.0,,15.0
simu5g_00000762,31,0,7,1160.0,,15.0
simu5g_00000762,31,0,8,1160.0,,15.0
simu5g_00000762,31,0,9,1160.0,,15.0
simu5g_00000762,31,0,10,1160.0,,15.0
simu5g_00000762,31,0,11,1160.0,,15.0
simu5g_00000762,31,0,12,984.0,,13.0
simu5g_00000762,31,0,13,1160.0,,15.0
simu5g_00000762,31,0,14,1160.0,,15.0
simu5g_00000762,31,0,15,1160.0,,15.0
simu5g_00000762,31,0,16,1160.0,,15.0
simu5g_00000762,31,0,17,1160.0,,15.0
simu5g_00000762,31,0,18,1160.0,,15.0
simu5g_00000762,31,0,19,1160.0,,15.0
simu5g_00000762,31,0,20,1160.0,,15.0
simu5g_00000762,31,0,21,1160.0,,15.0
simu5g_00000762,31,0,22,1160.0,,15.0
simu5g_00000762,31,0,23,1160.0,,15.0
simu5g_00000762,31,0,24,1160.0,,15.0
simu5g_00000762,6,1,0,1160.0,,15.0
simu5g_00000762,6,1,1,1160.0,,15.0
simu5g_00000762,6,1,2,1160.0,,15.0
simu5g_00000762,6,1,3,984.0,,13.0
simu5g_00000762,6,1,4,1160.0,,15.0
simu5g_00000762,6,1,5,1160.0,,15.0
simu5g_00000762,6,1,6,1160.0,,15.0
simu5g_00000762,6,1,7,1160.0,,15.0
simu5g_00000762,6,1,8,1160.0,,15.0
simu5g_00000762,6,1,9,1160.0,,15.0
simu5g_00000762,6,1,10,1160.0,,15.0
simu5g_00000762,6,1,11,1160.0,,15.0
simu5g_00000762,6,1,12,1160.0,,15.0
simu5g_00000762,6,1,13,1160.0,,15.0
simu5g_00000762,6,1,14,1160.0,,15.0
simu5g_00000762,6,1,15,1160.0,,15.0
simu5g_00000762,6,1,16,1128.0,,14.0
simu5g_00000762,6,1,17,1160.0,,15.0
simu5g_00000762,6,1,18,1160.0,,15.0
simu5g_00000762,6,1,19,1160.0,,15.0
simu5g_00000762,6,1,20,1160.0,,15.0
simu5g_00000762,6,1,21,1160.0,,15.0
simu5g_00000762,6,1,22,1160.0,,15.0
simu5g_00000762,6,1,23,1160.0,,15.0
simu5g_00000762,6,1,24,1160.0,,15.0
simu5g_00000762,7,2,0,1160.0,,15.0
simu5g_00000762,7,2,1,1160.0,,15.0
simu5g_00000762,7,2,2,1160.0,,15.0
simu5g_00000762,7,2,3,608.0,,9.0
simu5g_00000762,7,2,4,984.0,,13.0
simu5g_00000762,7,2,5,1160.0,,15.0
simu5g_00000762,7,2,6,984.0,,13.0
simu5g_00000762,7,2,7,1160.0,,15.0
simu5g_00000762,7,2,8,1160.0,,15.0
simu5g_00000762,7,2,9,1128.0,,14.0
simu5g_00000762,7,2,10,1128.0,,14.0
simu5g_00000762,7,2,11,1128.0,,14.0
simu5g_00000762,7,2,12,1160.0,,15.0
simu5g_00000762,7,2,13,1160.0,,15.0
simu5g_00000762,7,2,14,1128.0,,14.0
simu5g_00000762,7,2,15,1160.0,,15.0
simu5g_00000762,7,2,16,1128.0,,14.0
simu5g_00000762,7,2,17,608.0,,9.0
simu5g_00000762,7,2,18,1160.0,,15.0
simu5g_00000762,7,2,19,1128.0,,14.0
simu5g_00000762,7,2,20,1128.0,,14.0
simu5g_00000762,7,2,21,1128.0,,14.0
simu5g_00000762,7,2,22,1160.0,,15.0
simu5g_00000762,7,2,23,1160.0,,15.0
simu5g_00000762,7,2,24,1160.0,,15.0
simu5g_00000763,0,0,0,1160.0,,15.0
simu5g_00000763,0,0,1,704.0,,10.0
simu5g_00000763,0,0,2,1160.0,,15.0
simu5g_00000763,0,0,3,1128.0,,14.0
simu5g_00000763,0,0,4,1160.0,,15.0
simu5g_00000763,0,0,5,1128.0,,14.0
simu5g_00000763,0,0,6,1128.0,,14.0
simu5g_00000763,0,0,7,1160.0,,15.0
simu5g_00000763,0,0,8,984.0,,13.0
simu5g_00000763,0,0,9,1128.0,,14.0
simu5g_00000763,0,0,10,1160.0,,15.0
simu5g_00000763,0,0,11,1160.0,,15.0
simu5g_00000763,0,0,12,1160.0,,15.0
simu5g_00000763,0,0,13,1128.0,,14.0
simu5g_00000763,0,0,14,1160.0,,15.0
simu5g_00000763,0,0,15,1160.0,,15.0
simu5g_00000763,0,0,16,1128.0,,14.0
simu5g_00000763,0,0,17,1160.0,,15.0
simu5g_00000763,0,0,18,1160.0,,15.0
simu5g_00000763,0,0,19,1128.0,,14.0
simu5g_00000763,0,0,20,1160.0,,15.0
simu5g_00000763,0,0,21,984.0,,13.0
simu5g_00000763,0,0,22,1160.0,,15.0
simu5g_00000763,0,0,23,1160.0,,15.0
simu5g_00000763,0,0,24,1128.0,,14.0
simu5g_00000763,1,1,0,1160.0,,15.0
simu5g_00000763,1,1,1,1160.0,,15.0
simu5g_00000763,1,1,2,1160.0,,15.0
simu5g_00000763,1,1,3,1160.0,,15.0
simu5g_00000763,1,1,4,1160.0,,15.0
simu5g_00000763,1,1,5,1160.0,,15.0
simu5g_00000763,1,1,6,1160.0,,15.0
simu5g_00000763,1,1,7,1160.0,,15.0
simu5g_00000763,1,1,8,1160.0,,15.0
simu5g_00000763,1,1,9,1160.0,,15.0
simu5g_00000763,1,1,10,1160.0,,15.0
simu5g_00000763,1,1,11,1160.0,,15.0
simu5g_00000763,1,1,12,1160.0,,15.0
simu5g_00000763,1,1,13,1160.0,,15.0
simu5g_00000763,1,1,14,1160.0,,15.0
simu5g_00000763,1,1,15,1160.0,,15.0
simu5g_00000763,1,1,16,1160.0,,15.0
simu5g_00000763,1,1,17,1160.0,,15.0
simu5g_00000763,1,1,18,1160.0,,15.0
simu5g_00000763,1,1,19,1160.0,,15.0
simu5g_00000763,1,1,20,1160.0,,15.0
simu5g_00000763,1,1,21,1160.0,,15.0
simu5g_00000763,1,1,22,1160.0,,15.0
simu5g_00000763,1,1,23,1160.0,,15.0
simu5g_00000763,1,1,24,1160.0,,15.0
simu5g_00000763,15,2,0,984.0,,13.0
simu5g_00000763,15,2,1,1128.0,,14.0
simu5g_00000763,15,2,2,1128.0,,14.0
simu5g_00000763,15,2,3,1160.0,,15.0
simu5g_00000763,15,2,4,888.0,,12.0
simu5g_00000763,15,2,5,608.0,,9.0
simu5g_00000763,15,2,6,1160.0,,15.0
simu5g_00000763,15,2,7,984.0,,13.0
simu5g_00000763,15,2,8,1160.0,,15.0
simu5g_00000763,15,2,9,1128.0,,14.0
simu5g_00000763,15,2,10,1160.0,,15.0
simu5g_00000763,15,2,11,1160.0,,15.0
simu5g_00000763,15,2,12,808.0,,11.0
simu5g_00000763,15,2,13,1160.0,,15.0
simu5g_00000763,15,2,14,1128.0,,14.0
simu5g_00000763,15,2,15,984.0,,13.0
simu5g_00000763,15,2,16,1160.0,,15.0
simu5g_00000763,15,2,17,1128.0,,14.0
simu5g_00000763,15,2,18,1128.0,,14.0
simu5g_00000763,15,2,19,1128.0,,14.0
simu5g_00000763,15,2,20,1160.0,,15.0
simu5g_00000763,15,2,21,1128.0,,14.0
simu5g_00000763,15,2,22,1128.0,,14.0
simu5g_00000763,15,2,23,1128.0,,14.0
simu5g_00000763,15,2,24,1128.0,,14.0
simu5g_00000763,2,3,0,1160.0,,15.0
simu5g_00000763,2,3,1,1160.0,,15.0
simu5g_00000763,2,3,2,1160.0,,15.0
simu5g_00000763,2,3,3,1160.0,,15.0
simu5g_00000763,2,3,4,1160.0,,15.0
simu5g_00000763,2,3,5,1160.0,,15.0
simu5g_00000763,2,3,6,1160.0,,15.0
simu5g_00000763,2,3,7,1160.0,,15.0
simu5g_00000763,2,3,8,1160.0,,15.0
simu5g_00000763,2,3,9,1160.0,,15.0
simu5g_00000763,2,3,10,1160.0,,15.0
simu5g_00000763,2,3,11,1160.0,,15.0
simu5g_00000763,2,3,12,1160.0,,15.0
simu5g_00000763,2,3,13,1160.0,,15.0
simu5g_00000763,2,3,14,1160.0,,15.0
simu5g_00000763,2,3,15,1160.0,,15.0
simu5g_00000763,2,3,16,1160.0,,15.0
simu5g_00000763,2,3,17,1160.0,,15.0
simu5g_00000763,2,3,18,1160.0,,15.0
simu5g_00000763,2,3,19,1160.0,,15.0
simu5g_00000763,2,3,20,1160.0,,15.0
simu5g_00000763,2,3,21,1160.0,,15.0
simu5g_00000763,2,3,22,1160.0,,15.0
simu5g_00000763,2,3,23,1160.0,,15.0
simu5g_00000763,2,3,24,1160.0,,15.0
simu5g_00000763,3,4,0,1160.0,,15.0
simu5g_00000763,3,4,1,1160.0,,15.0
simu5g_00000763,3,4,2,1160.0,,15.0
simu5g_00000763,3,4,3,1160.0,,15.0
simu5g_00000763,3,4,4,1160.0,,15.0
simu5g_00000763,3,4,5,1160.0,,15.0
simu5g_00000763,3,4,6,1160.0,,15.0
simu5g_00000763,3,4,7,1160.0,,15.0
simu5g_00000763,3,4,8,1160.0,,15.0
simu5g_00000763,3,4,9,1160.0,,15.0
simu5g_00000763,3,4,10,1160.0,,15.0
simu5g_00000763,3,4,11,1160.0,,15.0
simu5g_00000763,3,4,12,1160.0,,15.0
simu5g_00000763,3,4,13,1160.0,,15.0
simu5g_00000763,3,4,14,1160.0,,15.0
simu5g_00000763,3,4,15,1160.0,,15.0
simu5g_00000763,3,4,16,1160.0,,15.0
simu5g_00000763,3,4,17,1160.0,,15.0
simu5g_00000763,3,4,18,1160.0,,15.0
simu5g_00000763,3,4,19,1160.0,,15.0
simu5g_00000763,3,4,20,1160.0,,15.0
simu5g_00000763,3,4,21,1160.0,,15.0
simu5g_00000763,3,4,22,1160.0,,15.0
simu5g_00000763,3,4,23,1160.0,,15.0
simu5g_00000763,3,4,24,1160.0,,15.0
simu5g_00000763,4,5,0,1160.0,,15.0
simu5g_00000763,4,5,1,984.0,,13.0
simu5g_00000763,4,5,2,1160.0,,15.0
simu5g_00000763,4,5,3,608.0,,9.0
simu5g_00000763,4,5,4,1160.0,,15.0
simu5g_00000763,4,5,5,1160.0,,15.0
simu5g_00000763,4,5,6,1160.0,,15.0
simu5g_00000763,4,5,7,808.0,,11.0
simu5g_00000763,4,5,8,984.0,,13.0
simu5g_00000763,4,5,9,1128.0,,14.0
simu5g_00000763,4,5,10,1128.0,,14.0
simu5g_00000763,4,5,11,1160.0,,15.0
simu5g_00000763,4,5,12,1160.0,,15.0
simu5g_00000763,4,5,13,1128.0,,14.0
simu5g_00000763,4,5,14,1160.0,,15.0
simu5g_00000763,4,5,15,984.0,,13.0
simu5g_00000763,4,5,16,1128.0,,14.0
simu5g_00000763,4,5,17,1128.0,,14.0
simu5g_00000763,4,5,18,1160.0,,15.0
simu5g_00000763,4,5,19,1160.0,,15.0
simu5g_00000763,4,5,20,1128.0,,14.0
simu5g_00000763,4,5,21,984.0,,13.0
simu5g_00000763,4,5,22,1160.0,,15.0
simu5g_00000763,4,5,23,1160.0,,15.0
simu5g_00000763,4,5,24,1128.0,,14.0
simu5g_00000763,5,6,0,1160.0,,15.0
simu5g_00000763,5,6,1,1160.0,,15.0
simu5g_00000763,5,6,2,1160.0,,15.0
simu5g_00000763,5,6,3,1128.0,,14.0
simu5g_00000763,5,6,4,1160.0,,15.0
simu5g_00000763,5,6,5,1160.0,,15.0
simu5g_00000763,5,6,6,1160.0,,15.0
simu5g_00000763,5,6,7,1160.0,,15.0
simu5g_00000763,5,6,8,1160.0,,15.0
simu5g_00000763,5,6,9,1160.0,,15.0
simu5g_00000763,5,6,10,1160.0,,15.0
simu5g_00000763,5,6,11,1160.0,,15.0
simu5g_00000763,5,6,12,1160.0,,15.0
simu5g_00000763,5,6,13,1128.0,,14.0
simu5g_00000763,5,6,14,1128.0,,14.0
simu5g_00000763,5,6,15,1128.0,,14.0
simu5g_00000763,5,6,16,808.0,,11.0
simu5g_00000763,5,6,17,1160.0,,15.0
simu5g_00000763,5,6,18,1160.0,,15.0
simu5g_00000763,5,6,19,1160.0,,15.0
simu5g_00000763,5,6,20,1160.0,,15.0
simu5g_00000763,5,6,21,984.0,,13.0
simu5g_00000763,5,6,22,1160.0,,15.0
simu5g_00000763,5,6,23,1128.0,,14.0
simu5g_00000763,5,6,24,1160.0,,15.0
simu5g_00000764,31,0,0,1160.0,,15.0
simu5g_00000764,31,0,1,1128.0,,14.0
simu5g_00000764,31,0,2,1160.0,,15.0
simu5g_00000764,31,0,3,1160.0,,15.0
simu5g_00000764,31,0,4,1160.0,,15.0
simu5g_00000764,31,0,5,1160.0,,15.0
simu5g_00000764,31,0,6,1160.0,,15.0
simu5g_00000764,31,0,7,1160.0,,15.0
simu5g_00000764,31,0,8,1160.0,,15.0
simu5g_00000764,31,0,9,1160.0,,15.0
simu5g_00000764,31,0,10,1160.0,,15.0
simu5g_00000764,31,0,11,1160.0,,15.0
simu5g_00000764,31,0,12,984.0,,13.0
simu5g_00000764,31,0,13,1160.0,,15.0
simu5g_00000764,31,0,14,1160.0,,15.0
simu5g_00000764,31,0,15,1160.0,,15.0
simu5g_00000764,31,0,16,1160.0,,15.0
simu5g_00000764,31,0,17,1160.0,,15.0
simu5g_00000764,31,0,18,1160.0,,15.0
simu5g_00000764,31,0,19,1160.0,,15.0
simu5g_00000764,31,0,20,1160.0,,15.0
simu5g_00000764,31,0,21,1160.0,,15.0
simu5g_00000764,31,0,22,1160.0,,15.0
simu5g_00000764,31,0,23,1160.0,,15.0
simu5g_00000764,31,0,24,1160.0,,15.0
simu5g_00000764,6,1,0,1160.0,,15.0
simu5g_00000764,6,1,1,1160.0,,15.0
simu5g_00000764,6,1,2,1160.0,,15.0
simu5g_00000764,6,1,3,984.0,,13.0
simu5g_00000764,6,1,4,1160.0,,15.0
simu5g_00000764,6,1,5,1160.0,,15.0
simu5g_00000764,6,1,6,1160.0,,15.0
simu5g_00000764,6,1,7,1160.0,,15.0
simu5g_00000764,6,1,8,1160.0,,15.0
simu5g_00000764,6,1,9,1160.0,,15.0
simu5g_00000764,6,1,10,1160.0,,15.0
simu5g_00000764,6,1,11,1160.0,,15.0
simu5g_00000764,6,1,12,1160.0,,15.0
simu5g_00000764,6,1,13,1160.0,,15.0
simu5g_00000764,6,1,14,1160.0,,15.0
simu5g_00000764,6,1,15,1160.0,,15.0
simu5g_00000764,6,1,16,1128.0,,14.0
simu5g_00000764,6,1,17,1160.0,,15.0
simu5g_00000764,6,1,18,1160.0,,15.0
simu5g_00000764,6,1,19,1160.0,,15.0
simu5g_00000764,6,1,20,1160.0,,15.0
simu5g_00000764,6,1,21,1160.0,,15.0
simu5g_00000764,6,1,22,1160.0,,15.0
simu5g_00000764,6,1,23,1160.0,,15.0
simu5g_00000764,6,1,24,1160.0,,15.0
simu5g_00000764,7,2,0,1160.0,,15.0
simu5g_00000764,7,2,1,1160.0,,15.0
simu5g_00000764,7,2,2,1160.0,,15.0
simu5g_00000764,7,2,3,608.0,,9.0
simu5g_00000764,7,2,4,984.0,,13.0
simu5g_00000764,7,2,5,1160.0,,15.0
simu5g_00000764,7,2,6,984.0,,13.0
simu5g_00000764,7,2,7,1160.0,,15.0
simu5g_00000764,7,2,8,1160.0,,15.0
simu5g_00000764,7,2,9,1128.0,,14.0
simu5g_00000764,7,2,10,1128.0,,14.0
simu5g_00000764,7,2,11,1128.0,,14.0
simu5g_00000764,7,2,12,1160.0,,15.0
simu5g_00000764,7,2,13,1160.0,,15.0
simu5g_00000764,7,2,14,1128.0,,14.0
simu5g_00000764,7,2,15,1160.0,,15.0
simu5g_00000764,7,2,16,1128.0,,14.0
simu5g_00000764,7,2,17,608.0,,9.0
simu5g_00000764,7,2,18,1160.0,,15.0
simu5g_00000764,7,2,19,1128.0,,14.0
simu5g_00000764,7,2,20,1128.0,,14.0
simu5g_00000764,7,2,21,1128.0,,14.0
simu5g_00000764,7,2,22,1160.0,,15.0
simu5g_00000764,7,2,23,1160.0,,15.0
simu5g_00000764,7,2,24,1160.0,,15.0
simu5g_00000765,0,0,0,1160.0,,15.0
simu5g_00000765,0,0,1,984.0,,13.0
simu5g_00000765,0,0,2,1160.0,,15.0
simu5g_00000765,0,0,3,1160.0,,15.0
simu5g_00000765,0,0,4,1160.0,,15.0
simu5g_00000765,0,0,5,1160.0,,15.0
simu5g_00000765,0,0,6,1160.0,,15.0
simu5g_00000765,0,0,7,1160.0,,15.0
simu5g_00000765,0,0,8,1128.0,,14.0
simu5g_00000765,0,0,9,1160.0,,15.0
simu5g_00000765,0,0,10,1160.0,,15.0
simu5g_00000765,0,0,11,1160.0,,15.0
simu5g_00000765,0,0,12,1160.0,,15.0
simu5g_00000765,0,0,13,1160.0,,15.0
simu5g_00000765,0,0,14,1160.0,,15.0
simu5g_00000765,0,0,15,1160.0,,15.0
simu5g_00000765,0,0,16,1160.0,,15.0
simu5g_00000765,0,0,17,1160.0,,15.0
simu5g_00000765,0,0,18,1160.0,,15.0
simu5g_00000765,0,0,19,1160.0,,15.0
simu5g_00000765,0,0,20,1160.0,,15.0
simu5g_00000765,0,0,21,1160.0,,15.0
simu5g_00000765,0,0,22,1160.0,,15.0
simu5g_00000765,0,0,23,1160.0,,15.0
simu5g_00000765,0,0,24,1160.0,,15.0
simu5g_00000765,1,1,0,1160.0,,15.0
simu5g_00000765,1,1,1,1160.0,,15.0
simu5g_00000765,1,1,2,1160.0,,15.0
simu5g_00000765,1,1,3,1160.0,,15.0
simu5g_00000765,1,1,4,1160.0,,15.0
simu5g_00000765,1,1,5,1160.0,,15.0
simu5g_00000765,1,1,6,1160.0,,15.0
simu5g_00000765,1,1,7,1160.0,,15.0
simu5g_00000765,1,1,8,1128.0,,14.0
simu5g_00000765,1,1,9,1160.0,,15.0
simu5g_00000765,1,1,10,1160.0,,15.0
simu5g_00000765,1,1,11,1160.0,,15.0
simu5g_00000765,1,1,12,1160.0,,15.0
simu5g_00000765,1,1,13,1160.0,,15.0
simu5g_00000765,1,1,14,1160.0,,15.0
simu5g_00000765,1,1,15,1160.0,,15.0
simu5g_00000765,1,1,16,1160.0,,15.0
simu5g_00000765,1,1,17,1160.0,,15.0
simu5g_00000765,1,1,18,1160.0,,15.0
simu5g_00000765,1,1,19,1160.0,,15.0
simu5g_00000765,1,1,20,1160.0,,15.0
simu5g_00000765,1,1,21,1128.0,,14.0
simu5g_00000765,1,1,22,1160.0,,15.0
simu5g_00000765,1,1,23,1160.0,,15.0
simu5g_00000765,1,1,24,1160.0,,15.0
simu5g_00000765,15,2,0,984.0,,13.0
simu5g_00000765,15,2,1,1128.0,,14.0
simu5g_00000765,15,2,2,1128.0,,14.0
simu5g_00000765,15,2,3,1128.0,,14.0
simu5g_00000765,15,2,4,888.0,,12.0
simu5g_00000765,15,2,5,608.0,,9.0
simu5g_00000765,15,2,6,1160.0,,15.0
simu5g_00000765,15,2,7,984.0,,13.0
simu5g_00000765,15,2,8,1160.0,,15.0
simu5g_00000765,15,2,9,1128.0,,14.0
simu5g_00000765,15,2,10,1160.0,,15.0
simu5g_00000765,15,2,11,1160.0,,15.0
simu5g_00000765,15,2,12,808.0,,11.0
simu5g_00000765,15,2,13,1160.0,,15.0
simu5g_00000765,15,2,14,1128.0,,14.0
simu5g_00000765,15,2,15,984.0,,13.0
simu5g_00000765,15,2,16,1160.0,,15.0
simu5g_00000765,15,2,17,1128.0,,14.0
simu5g_00000765,15,2,18,1128.0,,14.0
simu5g_00000765,15,2,19,1128.0,,14.0
simu5g_00000765,15,2,20,1160.0,,15.0
simu5g_00000765,15,2,21,1128.0,,14.0
simu5g_00000765,15,2,22,1128.0,,14.0
simu5g_00000765,15,2,23,1128.0,,14.0
simu5g_00000765,15,2,24,1128.0,,14.0
simu5g_00000765,2,3,0,1160.0,,15.0
simu5g_00000765,2,3,1,1160.0,,15.0
simu5g_00000765,2,3,2,1160.0,,15.0
simu5g_00000765,2,3,3,1160.0,,15.0
simu5g_00000765,2,3,4,1160.0,,15.0
simu5g_00000765,2,3,5,1160.0,,15.0
simu5g_00000765,2,3,6,1160.0,,15.0
simu5g_00000765,2,3,7,1160.0,,15.0
simu5g_00000765,2,3,8,1160.0,,15.0
simu5g_00000765,2,3,9,1160.0,,15.0
simu5g_00000765,2,3,10,1160.0,,15.0
simu5g_00000765,2,3,11,1160.0,,15.0
simu5g_00000765,2,3,12,1160.0,,15.0
simu5g_00000765,2,3,13,1160.0,,15.0
simu5g_00000765,2,3,14,1160.0,,15.0
simu5g_00000765,2,3,15,1160.0,,15.0
simu5g_00000765,2,3,16,1160.0,,15.0
simu5g_00000765,2,3,17,1160.0,,15.0
simu5g_00000765,2,3,18,1160.0,,15.0
simu5g_00000765,2,3,19,1160.0,,15.0
simu5g_00000765,2,3,20,1160.0,,15.0
simu5g_00000765,2,3,21,1160.0,,15.0
simu5g_00000765,2,3,22,1160.0,,15.0
simu5g_00000765,2,3,23,1160.0,,15.0
simu5g_00000765,2,3,24,1160.0,,15.0
simu5g_00000765,3,4,0,1160.0,,15.0
simu5g_00000765,3,4,1,1160.0,,15.0
simu5g_00000765,3,4,2,1160.0,,15.0
simu5g_00000765,3,4,3,1160.0,,15.0
simu5g_00000765,3,4,4,1160.0,,15.0
simu5g_00000765,3,4,5,1160.0,,15.0
simu5g_00000765,3,4,6,1160.0,,15.0
simu5g_00000765,3,4,7,1160.0,,15.0
simu5g_00000765,3,4,8,1160.0,,15.0
simu5g_00000765,3,4,9,1160.0,,15.0
simu5g_00000765,3,4,10,1160.0,,15.0
simu5g_00000765,3,4,11,1160.0,,15.0
simu5g_00000765,3,4,12,1160.0,,15.0
simu5g_00000765,3,4,13,1160.0,,15.0
simu5g_00000765,3,4,14,1160.0,,15.0
simu5g_00000765,3,4,15,1160.0,,15.0
simu5g_00000765,3,4,16,1160.0,,15.0
simu5g_00000765,3,4,17,1160.0,,15.0
simu5g_00000765,3,4,18,1160.0,,15.0
simu5g_00000765,3,4,19,1160.0,,15.0
simu5g_00000765,3,4,20,1160.0,,15.0
simu5g_00000765,3,4,21,1160.0,,15.0
simu5g_00000765,3,4,22,1160.0,,15.0
simu5g_00000765,3,4,23,1160.0,,15.0
simu5g_00000765,3,4,24,1160.0,,15.0
simu5g_00000765,4,5,0,1160.0,,15.0
simu5g_00000765,4,5,1,984.0,,13.0
simu5g_00000765,4,5,2,1160.0,,15.0
simu5g_00000765,4,5,3,608.0,,9.0
simu5g_00000765,4,5,4,1160.0,,15.0
simu5g_00000765,4,5,5,1160.0,,15.0
simu5g_00000765,4,5,6,1160.0,,15.0
simu5g_00000765,4,5,7,808.0,,11.0
simu5g_00000765,4,5,8,984.0,,13.0
simu5g_00000765,4,5,9,1160.0,,15.0
simu5g_00000765,4,5,10,1128.0,,14.0
simu5g_00000765,4,5,11,1160.0,,15.0
simu5g_00000765,4,5,12,1160.0,,15.0
simu5g_00000765,4,5,13,1128.0,,14.0
simu5g_00000765,4,5,14,1160.0,,15.0
simu5g_00000765,4,5,15,984.0,,13.0
simu5g_00000765,4,5,16,1128.0,,14.0
simu5g_00000765,4,5,17,1128.0,,14.0
simu5g_00000765,4,5,18,1160.0,,15.0
simu5g_00000765,4,5,19,1160.0,,15.0
simu5g_00000765,4,5,20,1128.0,,14.0
simu5g_00000765,4,5,21,1128.0,,14.0
simu5g_00000765,4,5,22,1160.0,,15.0
simu5g_00000765,4,5,23,1160.0,,15.0
simu5g_00000765,4,5,24,1128.0,,14.0
simu5g_00000765,5,6,0,1160.0,,15.0
simu5g_00000765,5,6,1,1160.0,,15.0
simu5g_00000765,5,6,2,1160.0,,15.0
simu5g_00000765,5,6,3,1160.0,,15.0
simu5g_00000765,5,6,4,1160.0,,15.0
simu5g_00000765,5,6,5,1160.0,,15.0
simu5g_00000765,5,6,6,1160.0,,15.0
simu5g_00000765,5,6,7,1160.0,,15.0
simu5g_00000765,5,6,8,1160.0,,15.0
simu5g_00000765,5,6,9,1160.0,,15.0
simu5g_00000765,5,6,10,1160.0,,15.0
simu5g_00000765,5,6,11,1160.0,,15.0
simu5g_00000765,5,6,12,1160.0,,15.0
simu5g_00000765,5,6,13,1128.0,,14.0
simu5g_00000765,5,6,14,1128.0,,14.0
simu5g_00000765,5,6,15,1160.0,,15.0
simu5g_00000765,5,6,16,808.0,,11.0
simu5g_00000765,5,6,17,1160.0,,15.0
simu5g_00000765,5,6,18,1160.0,,15.0
simu5g_00000765,5,6,19,1160.0,,15.0
simu5g_00000765,5,6,20,1160.0,,15.0
simu5g_00000765,5,6,21,984.0,,13.0
simu5g_00000765,5,6,22,1160.0,,15.0
simu5g_00000765,5,6,23,1128.0,,14.0
simu5g_00000765,5,6,24,1160.0,,15.0
simu5g_00000766,31,0,0,1160.0,,15.0
simu5g_00000766,31,0,1,1128.0,,14.0
simu5g_00000766,31,0,2,1160.0,,15.0
simu5g_00000766,31,0,3,1160.0,,15.0
simu5g_00000766,31,0,4,1160.0,,15.0
simu5g_00000766,31,0,5,1160.0,,15.0
simu5g_00000766,31,0,6,1160.0,,15.0
simu5g_00000766,31,0,7,1160.0,,15.0
simu5g_00000766,31,0,8,1160.0,,15.0
simu5g_00000766,31,0,9,1160.0,,15.0
simu5g_00000766,31,0,10,1160.0,,15.0
simu5g_00000766,31,0,11,1160.0,,15.0
simu5g_00000766,31,0,12,888.0,,12.0
simu5g_00000766,31,0,13,1160.0,,15.0
simu5g_00000766,31,0,14,1160.0,,15.0
simu5g_00000766,31,0,15,1160.0,,15.0
simu5g_00000766,31,0,16,1160.0,,15.0
simu5g_00000766,31,0,17,1160.0,,15.0
simu5g_00000766,31,0,18,1160.0,,15.0
simu5g_00000766,31,0,19,1160.0,,15.0
simu5g_00000766,31,0,20,1160.0,,15.0
simu5g_00000766,31,0,21,1160.0,,15.0
simu5g_00000766,31,0,22,1160.0,,15.0
simu5g_00000766,31,0,23,1160.0,,15.0
simu5g_00000766,31,0,24,1160.0,,15.0
simu5g_00000766,6,1,0,1160.0,,15.0
simu5g_00000766,6,1,1,1160.0,,15.0
simu5g_00000766,6,1,2,1160.0,,15.0
simu5g_00000766,6,1,3,984.0,,13.0
simu5g_00000766,6,1,4,1160.0,,15.0
simu5g_00000766,6,1,5,1160.0,,15.0
simu5g_00000766,6,1,6,1160.0,,15.0
simu5g_00000766,6,1,7,1160.0,,15.0
simu5g_00000766,6,1,8,1160.0,,15.0
simu5g_00000766,6,1,9,1160.0,,15.0
simu5g_00000766,6,1,10,1160.0,,15.0
simu5g_00000766,6,1,11,1160.0,,15.0
simu5g_00000766,6,1,12,1160.0,,15.0
simu5g_00000766,6,1,13,1160.0,,15.0
simu5g_00000766,6,1,14,1160.0,,15.0
simu5g_00000766,6,1,15,1160.0,,15.0
simu5g_00000766,6,1,16,1128.0,,14.0
simu5g_00000766,6,1,17,1160.0,,15.0
simu5g_00000766,6,1,18,1160.0,,15.0
simu5g_00000766,6,1,19,1160.0,,15.0
simu5g_00000766,6,1,20,1160.0,,15.0
simu5g_00000766,6,1,21,1160.0,,15.0
simu5g_00000766,6,1,22,1160.0,,15.0
simu5g_00000766,6,1,23,1160.0,,15.0
simu5g_00000766,6,1,24,1160.0,,15.0
simu5g_00000766,7,2,0,1160.0,,15.0
simu5g_00000766,7,2,1,1160.0,,15.0
simu5g_00000766,7,2,2,1160.0,,15.0
simu5g_00000766,7,2,3,608.0,,9.0
simu5g_00000766,7,2,4,984.0,,13.0
simu5g_00000766,7,2,5,1160.0,,15.0
simu5g_00000766,7,2,6,1128.0,,14.0
simu5g_00000766,7,2,7,1160.0,,15.0
simu5g_00000766,7,2,8,1160.0,,15.0
simu5g_00000766,7,2,9,1128.0,,14.0
simu5g_00000766,7,2,10,1128.0,,14.0
simu5g_00000766,7,2,11,1128.0,,14.0
simu5g_00000766,7,2,12,1160.0,,15.0
simu5g_00000766,7,2,13,1160.0,,15.0
simu5g_00000766,7,2,14,1128.0,,14.0
simu5g_00000766,7,2,15,1160.0,,15.0
simu5g_00000766,7,2,16,1128.0,,14.0
simu5g_00000766,7,2,17,608.0,,9.0
simu5g_00000766,7,2,18,1160.0,,15.0
simu5g_00000766,7,2,19,1128.0,,14.0
simu5g_00000766,7,2,20,1128.0,,14.0
simu5g_00000766,7,2,21,1128.0,,14.0
simu5g_00000766,7,2,22,1160.0,,15.0
simu5g_00000766,7,2,23,1160.0,,15.0
simu5g_00000766,7,2,24,1160.0,,15.0
simu5g_00000767,0,0,0,1160.0,,15.0
simu5g_00000767,0,0,1,984.0,,13.0
simu5g_00000767,0,0,2,1160.0,,15.0
simu5g_00000767,0,0,3,1160.0,,15.0
simu5g_00000767,0,0,4,1160.0,,15.0
simu5g_00000767,0,0,5,1160.0,,15.0
simu5g_00000767,0,0,6,1160.0,,15.0
simu5g_00000767,0,0,7,1160.0,,15.0
simu5g_00000767,0,0,8,1128.0,,14.0
simu5g_00000767,0,0,9,1160.0,,15.0
simu5g_00000767,0,0,10,1160.0,,15.0
simu5g_00000767,0,0,11,1160.0,,15.0
simu5g_00000767,0,0,12,1160.0,,15.0
simu5g_00000767,0,0,13,1160.0,,15.0
simu5g_00000767,0,0,14,1160.0,,15.0
simu5g_00000767,0,0,15,1160.0,,15.0
simu5g_00000767,0,0,16,1160.0,,15.0
simu5g_00000767,0,0,17,1160.0,,15.0
simu5g_00000767,0,0,18,1160.0,,15.0
simu5g_00000767,0,0,19,1160.0,,15.0
simu5g_00000767,0,0,20,1160.0,,15.0
simu5g_00000767,0,0,21,1160.0,,15.0
simu5g_00000767,0,0,22,1160.0,,15.0
simu5g_00000767,0,0,23,1160.0,,15.0
simu5g_00000767,0,0,24,1160.0,,15.0
simu5g_00000767,1,1,0,1160.0,,15.0
simu5g_00000767,1,1,1,1160.0,,15.0
simu5g_00000767,1,1,2,1160.0,,15.0
simu5g_00000767,1,1,3,1160.0,,15.0
simu5g_00000767,1,1,4,1160.0,,15.0
simu5g_00000767,1,1,5,1160.0,,15.0
simu5g_00000767,1,1,6,1160.0,,15.0
simu5g_00000767,1,1,7,1160.0,,15.0
simu5g_00000767,1,1,8,1128.0,,14.0
simu5g_00000767,1,1,9,1160.0,,15.0
simu5g_00000767,1,1,10,1160.0,,15.0
simu5g_00000767,1,1,11,1160.0,,15.0
simu5g_00000767,1,1,12,1160.0,,15.0
simu5g_00000767,1,1,13,1160.0,,15.0
simu5g_00000767,1,1,14,1160.0,,15.0
simu5g_00000767,1,1,15,1160.0,,15.0
simu5g_00000767,1,1,16,1160.0,,15.0
simu5g_00000767,1,1,17,1160.0,,15.0
simu5g_00000767,1,1,18,1160.0,,15.0
simu5g_00000767,1,1,19,1160.0,,15.0
simu5g_00000767,1,1,20,1160.0,,15.0
simu5g_00000767,1,1,21,1128.0,,14.0
simu5g_00000767,1,1,22,1160.0,,15.0
simu5g_00000767,1,1,23,1160.0,,15.0
simu5g_00000767,1,1,24,1160.0,,15.0
simu5g_00000767,15,2,0,984.0,,13.0
simu5g_00000767,15,2,1,984.0,,13.0
simu5g_00000767,15,2,2,1128.0,,14.0
simu5g_00000767,15,2,3,1128.0,,14.0
simu5g_00000767,15,2,4,888.0,,12.0
simu5g_00000767,15,2,5,608.0,,9.0
simu5g_00000767,15,2,6,1160.0,,15.0
simu5g_00000767,15,2,7,984.0,,13.0
simu5g_00000767,15,2,8,1160.0,,15.0
simu5g_00000767,15,2,9,1128.0,,14.0
simu5g_00000767,15,2,10,1160.0,,15.0
simu5g_00000767,15,2,11,1160.0,,15.0
simu5g_00000767,15,2,12,808.0,,11.0
simu5g_00000767,15,2,13,1160.0,,15.0
simu5g_00000767,15,2,14,1128.0,,14.0
simu5g_00000767,15,2,15,984.0,,13.0
simu5g_00000767,15,2,16,1160.0,,15.0
simu5g_00000767,15,2,17,1128.0,,14.0
simu5g_00000767,15,2,18,1128.0,,14.0
simu5g_00000767,15,2,19,1128.0,,14.0
simu5g_00000767,15,2,20,1160.0,,15.0
simu5g_00000767,15,2,21,1128.0,,14.0
simu5g_00000767,15,2,22,1128.0,,14.0
simu5g_00000767,15,2,23,1128.0,,14.0
simu5g_00000767,15,2,24,1128.0,,14.0
simu5g_00000767,2,3,0,1160.0,,15.0
simu5g_00000767,2,3,1,1160.0,,15.0
simu5g_00000767,2,3,2,1160.0,,15.0
simu5g_00000767,2,3,3,1160.0,,15.0
simu5g_00000767,2,3,4,1160.0,,15.0
simu5g_00000767,2,3,5,1160.0,,15.0
simu5g_00000767,2,3,6,1160.0,,15.0
simu5g_00000767,2,3,7,1160.0,,15.0
simu5g_00000767,2,3,8,1160.0,,15.0
simu5g_00000767,2,3,9,1160.0,,15.0
simu5g_00000767,2,3,10,1160.0,,15.0
simu5g_00000767,2,3,11,1160.0,,15.0
simu5g_00000767,2,3,12,1160.0,,15.0
simu5g_00000767,2,3,13,1160.0,,15.0
simu5g_00000767,2,3,14,1160.0,,15.0
simu5g_00000767,2,3,15,1160.0,,15.0
simu5g_00000767,2,3,16,1160.0,,15.0
simu5g_00000767,2,3,17,1160.0,,15.0
simu5g_00000767,2,3,18,1160.0,,15.0
simu5g_00000767,2,3,19,1160.0,,15.0
simu5g_00000767,2,3,20,1160.0,,15.0
simu5g_00000767,2,3,21,1160.0,,15.0
simu5g_00000767,2,3,22,1160.0,,15.0
simu5g_00000767,2,3,23,1160.0,,15.0
simu5g_00000767,2,3,24,1160.0,,15.0
simu5g_00000767,3,4,0,1160.0,,15.0
simu5g_00000767,3,4,1,1160.0,,15.0
simu5g_00000767,3,4,2,1160.0,,15.0
simu5g_00000767,3,4,3,1160.0,,15.0
simu5g_00000767,3,4,4,1160.0,,15.0
simu5g_00000767,3,4,5,1160.0,,15.0
simu5g_00000767,3,4,6,1160.0,,15.0
simu5g_00000767,3,4,7,1160.0,,15.0
simu5g_00000767,3,4,8,1160.0,,15.0
simu5g_00000767,3,4,9,1160.0,,15.0
simu5g_00000767,3,4,10,1160.0,,15.0
simu5g_00000767,3,4,11,1160.0,,15.0
simu5g_00000767,3,4,12,1160.0,,15.0
simu5g_00000767,3,4,13,1160.0,,15.0
simu5g_00000767,3,4,14,1160.0,,15.0
simu5g_00000767,3,4,15,1160.0,,15.0
simu5g_00000767,3,4,16,1160.0,,15.0
simu5g_00000767,3,4,17,1160.0,,15.0
simu5g_00000767,3,4,18,1160.0,,15.0
simu5g_00000767,3,4,19,1160.0,,15.0
simu5g_00000767,3,4,20,1160.0,,15.0
simu5g_00000767,3,4,21,1160.0,,15.0
simu5g_00000767,3,4,22,1160.0,,15.0
simu5g_00000767,3,4,23,1160.0,,15.0
simu5g_00000767,3,4,24,1160.0,,15.0
simu5g_00000767,4,5,0,1160.0,,15.0
simu5g_00000767,4,5,1,984.0,,13.0
simu5g_00000767,4,5,2,1160.0,,15.0
simu5g_00000767,4,5,3,608.0,,9.0
simu5g_00000767,4,5,4,1160.0,,15.0
simu5g_00000767,4,5,5,1160.0,,15.0
simu5g_00000767,4,5,6,1160.0,,15.0
simu5g_00000767,4,5,7,808.0,,11.0
simu5g_00000767,4,5,8,984.0,,13.0
simu5g_00000767,4,5,9,1160.0,,15.0
simu5g_00000767,4,5,10,1128.0,,14.0
simu5g_00000767,4,5,11,1160.0,,15.0
simu5g_00000767,4,5,12,1160.0,,15.0
simu5g_00000767,4,5,13,1128.0,,14.0
simu5g_00000767,4,5,14,1160.0,,15.0
simu5g_00000767,4,5,15,984.0,,13.0
simu5g_00000767,4,5,16,1128.0,,14.0
simu5g_00000767,4,5,17,1128.0,,14.0
simu5g_00000767,4,5,18,1160.0,,15.0
simu5g_00000767,4,5,19,1160.0,,15.0
simu5g_00000767,4,5,20,1128.0,,14.0
simu5g_00000767,4,5,21,1128.0,,14.0
simu5g_00000767,4,5,22,1160.0,,15.0
simu5g_00000767,4,5,23,1160.0,,15.0
simu5g_00000767,4,5,24,1128.0,,14.0
simu5g_00000767,5,6,0,1160.0,,15.0
simu5g_00000767,5,6,1,1160.0,,15.0
simu5g_00000767,5,6,2,1160.0,,15.0
simu5g_00000767,5,6,3,1160.0,,15.0
simu5g_00000767,5,6,4,1160.0,,15.0
simu5g_00000767,5,6,5,1160.0,,15.0
simu5g_00000767,5,6,6,1160.0,,15.0
simu5g_00000767,5,6,7,1160.0,,15.0
simu5g_00000767,5,6,8,1160.0,,15.0
simu5g_00000767,5,6,9,1160.0,,15.0
simu5g_00000767,5,6,10,1160.0,,15.0
simu5g_00000767,5,6,11,1160.0,,15.0
simu5g_00000767,5,6,12,1160.0,,15.0
simu5g_00000767,5,6,13,1128.0,,14.0
simu5g_00000767,5,6,14,1128.0,,14.0
simu5g_00000767,5,6,15,1160.0,,15.0
simu5g_00000767,5,6,16,808.0,,11.0
simu5g_00000767,5,6,17,1160.0,,15.0
simu5g_00000767,5,6,18,1160.0,,15.0
simu5g_00000767,5,6,19,1160.0,,15.0
simu5g_00000767,5,6,20,1160.0,,15.0
simu5g_00000767,5,6,21,984.0,,13.0
simu5g_00000767,5,6,22,1160.0,,15.0
simu5g_00000767,5,6,23,1128.0,,14.0
simu5g_00000767,5,6,24,1160.0,,15.0
simu5g_00000768,6,0,0,1160.0,,15.0
simu5g_00000768,6,0,1,1128.0,,14.0
simu5g_00000768,6,0,2,1160.0,,15.0
simu5g_00000768,6,0,3,608.0,,9.0
simu5g_00000768,6,0,4,1128.0,,14.0
simu5g_00000768,6,0,5,1160.0,,15.0
simu5g_00000768,6,0,6,1160.0,,15.0
simu5g_00000768,6,0,7,1128.0,,14.0
simu5g_00000768,6,0,8,1160.0,,15.0
simu5g_00000768,6,0,9,1128.0,,14.0
simu5g_00000768,6,0,10,1128.0,,14.0
simu5g_00000768,6,0,11,1160.0,,15.0
simu5g_00000768,6,0,12,1160.0,,15.0
simu5g_00000768,6,0,13,1128.0,,14.0
simu5g_00000768,6,0,14,1160.0,,15.0
simu5g_00000768,6,0,15,1160.0,,15.0
simu5g_00000768,6,0,16,984.0,,13.0
simu5g_00000768,6,0,17,1160.0,,15.0
simu5g_00000768,6,0,18,1160.0,,15.0
simu5g_00000768,6,0,19,1128.0,,14.0
simu5g_00000768,6,0,20,1160.0,,15.0
simu5g_00000768,6,0,21,1160.0,,15.0
simu5g_00000768,6,0,22,1160.0,,15.0
simu5g_00000768,6,0,23,1160.0,,15.0
simu5g_00000768,6,0,24,1160.0,,15.0
simu5g_00000768,7,1,0,1160.0,,15.0
simu5g_00000768,7,1,1,1160.0,,15.0
simu5g_00000768,7,1,2,1160.0,,15.0
simu5g_00000768,7,1,3,608.0,,9.0
simu5g_00000768,7,1,4,984.0,,13.0
simu5g_00000768,7,1,5,1160.0,,15.0
simu5g_00000768,7,1,6,1128.0,,14.0
simu5g_00000768,7,1,7,1160.0,,15.0
simu5g_00000768,7,1,8,1160.0,,15.0
simu5g_00000768,7,1,9,1128.0,,14.0
simu5g_00000768,7,1,10,1128.0,,14.0
simu5g_00000768,7,1,11,1128.0,,14.0
simu5g_00000768,7,1,12,1160.0,,15.0
simu5g_00000768,7,1,13,1160.0,,15.0
simu5g_00000768,7,1,14,1128.0,,14.0
simu5g_00000768,7,1,15,1160.0,,15.0
simu5g_00000768,7,1,16,1128.0,,14.0
simu5g_00000768,7,1,17,608.0,,9.0
simu5g_00000768,7,1,18,1160.0,,15.0
simu5g_00000768,7,1,19,1128.0,,14.0
simu5g_00000768,7,1,20,1128.0,,14.0
simu5g_00000768,7,1,21,1128.0,,14.0
simu5g_00000768,7,1,22,1160.0,,15.0
simu5g_00000768,7,1,23,1160.0,,15.0
simu5g_00000768,7,1,24,1160.0,,15.0
simu5g_00000769,0,0,0,1160.0,,15.0
simu5g_00000769,0,0,1,984.0,,13.0
simu5g_00000769,0,0,2,1160.0,,15.0
simu5g_00000769,0,0,3,1160.0,,15.0
simu5g_00000769,0,0,4,1160.0,,15.0
simu5g_00000769,0,0,5,1160.0,,15.0
simu5g_00000769,0,0,6,1160.0,,15.0
simu5g_00000769,0,0,7,1160.0,,15.0
simu5g_00000769,0,0,8,1128.0,,14.0
simu5g_00000769,0,0,9,1160.0,,15.0
simu5g_00000769,0,0,10,1160.0,,15.0
simu5g_00000769,0,0,11,1160.0,,15.0
simu5g_00000769,0,0,12,1160.0,,15.0
simu5g_00000769,0,0,13,1160.0,,15.0
simu5g_00000769,0,0,14,1160.0,,15.0
simu5g_00000769,0,0,15,1160.0,,15.0
simu5g_00000769,0,0,16,1160.0,,15.0
simu5g_00000769,0,0,17,1160.0,,15.0
simu5g_00000769,0,0,18,1160.0,,15.0
simu5g_00000769,0,0,19,1160.0,,15.0
simu5g_00000769,0,0,20,1160.0,,15.0
simu5g_00000769,0,0,21,1160.0,,15.0
simu5g_00000769,0,0,22,1160.0,,15.0
simu5g_00000769,0,0,23,1160.0,,15.0
simu5g_00000769,0,0,24,1160.0,,15.0
simu5g_00000769,1,1,0,1160.0,,15.0
simu5g_00000769,1,1,1,1160.0,,15.0
simu5g_00000769,1,1,2,1160.0,,15.0
simu5g_00000769,1,1,3,1160.0,,15.0
simu5g_00000769,1,1,4,1160.0,,15.0
simu5g_00000769,1,1,5,1160.0,,15.0
simu5g_00000769,1,1,6,1160.0,,15.0
simu5g_00000769,1,1,7,1160.0,,15.0
simu5g_00000769,1,1,8,1128.0,,14.0
simu5g_00000769,1,1,9,1160.0,,15.0
simu5g_00000769,1,1,10,1160.0,,15.0
simu5g_00000769,1,1,11,1160.0,,15.0
simu5g_00000769,1,1,12,1160.0,,15.0
simu5g_00000769,1,1,13,1160.0,,15.0
simu5g_00000769,1,1,14,1160.0,,15.0
simu5g_00000769,1,1,15,1160.0,,15.0
simu5g_00000769,1,1,16,1160.0,,15.0
simu5g_00000769,1,1,17,1160.0,,15.0
simu5g_00000769,1,1,18,1160.0,,15.0
simu5g_00000769,1,1,19,1160.0,,15.0
simu5g_00000769,1,1,20,1160.0,,15.0
simu5g_00000769,1,1,21,1128.0,,14.0
simu5g_00000769,1,1,22,1160.0,,15.0
simu5g_00000769,1,1,23,1160.0,,15.0
simu5g_00000769,1,1,24,1160.0,,15.0
simu5g_00000769,15,2,0,1128.0,,14.0
simu5g_00000769,15,2,1,1128.0,,14.0
simu5g_00000769,15,2,2,1160.0,,15.0
simu5g_00000769,15,2,3,1160.0,,15.0
simu5g_00000769,15,2,4,984.0,,13.0
simu5g_00000769,15,2,5,608.0,,9.0
simu5g_00000769,15,2,6,1160.0,,15.0
simu5g_00000769,15,2,7,1128.0,,14.0
simu5g_00000769,15,2,8,1160.0,,15.0
simu5g_00000769,15,2,9,1128.0,,14.0
simu5g_00000769,15,2,10,1160.0,,15.0
simu5g_00000769,15,2,11,1160.0,,15.0
simu5g_00000769,15,2,12,888.0,,12.0
simu5g_00000769,15,2,13,1160.0,,15.0
simu5g_00000769,15,2,14,1128.0,,14.0
simu5g_00000769,15,2,15,984.0,,13.0
simu5g_00000769,15,2,16,1160.0,,15.0
simu5g_00000769,15,2,17,1160.0,,15.0
simu5g_00000769,15,2,18,1160.0,,15.0
simu5g_00000769,15,2,19,1128.0,,14.0
simu5g_00000769,15,2,20,1160.0,,15.0
simu5g_00000769,15,2,21,1128.0,,14.0
simu5g_00000769,15,2,22,1160.0,,15.0
simu5g_00000769,15,2,23,1160.0,,15.0
simu5g_00000769,15,2,24,1160.0,,15.0
simu5g_00000769,2,3,0,1160.0,,15.0
simu5g_00000769,2,3,1,1160.0,,15.0
simu5g_00000769,2,3,2,1160.0,,15.0
simu5g_00000769,2,3,3,1160.0,,15.0
simu5g_00000769,2,3,4,1160.0,,15.0
simu5g_00000769,2,3,5,1160.0,,15.0
simu5g_00000769,2,3,6,1160.0,,15.0
simu5g_00000769,2,3,7,1160.0,,15.0
simu5g_00000769,2,3,8,1160.0,,15.0
simu5g_00000769,2,3,9,1160.0,,15.0
simu5g_00000769,2,3,10,1160.0,,15.0
simu5g_00000769,2,3,11,1160.0,,15.0
simu5g_00000769,2,3,12,1160.0,,15.0
simu5g_00000769,2,3,13,1160.0,,15.0
simu5g_00000769,2,3,14,1160.0,,15.0
simu5g_00000769,2,3,15,1160.0,,15.0
simu5g_00000769,2,3,16,1160.0,,15.0
simu5g_00000769,2,3,17,1160.0,,15.0
simu5g_00000769,2,3,18,1160.0,,15.0
simu5g_00000769,2,3,19,1160.0,,15.0
simu5g_00000769,2,3,20,1160.0,,15.0
simu5g_00000769,2,3,21,1160.0,,15.0
simu5g_00000769,2,3,22,1160.0,,15.0
simu5g_00000769,2,3,23,1160.0,,15.0
simu5g_00000769,2,3,24,1160.0,,15.0
simu5g_00000769,3,4,0,1160.0,,15.0
simu5g_00000769,3,4,1,1160.0,,15.0
simu5g_00000769,3,4,2,1160.0,,15.0
simu5g_00000769,3,4,3,1160.0,,15.0
simu5g_00000769,3,4,4,1160.0,,15.0
simu5g_00000769,3,4,5,1160.0,,15.0
simu5g_00000769,3,4,6,1160.0,,15.0
simu5g_00000769,3,4,7,1160.0,,15.0
simu5g_00000769,3,4,8,1160.0,,15.0
simu5g_00000769,3,4,9,1160.0,,15.0
simu5g_00000769,3,4,10,1160.0,,15.0
simu5g_00000769,3,4,11,1160.0,,15.0
simu5g_00000769,3,4,12,1160.0,,15.0
simu5g_00000769,3,4,13,1160.0,,15.0
simu5g_00000769,3,4,14,1160.0,,15.0
simu5g_00000769,3,4,15,1160.0,,15.0
simu5g_00000769,3,4,16,1160.0,,15.0
simu5g_00000769,3,4,17,1160.0,,15.0
simu5g_00000769,3,4,18,1160.0,,15.0
simu5g_00000769,3,4,19,1160.0,,15.0
simu5g_00000769,3,4,20,1160.0,,15.0
simu5g_00000769,3,4,21,1160.0,,15.0
simu5g_00000769,3,4,22,1160.0,,15.0
simu5g_00000769,3,4,23,1160.0,,15.0
simu5g_00000769,3,4,24,1160.0,,15.0
simu5g_00000769,4,5,0,1160.0,,15.0
simu5g_00000769,4,5,1,984.0,,13.0
simu5g_00000769,4,5,2,1160.0,,15.0
simu5g_00000769,4,5,3,608.0,,9.0
simu5g_00000769,4,5,4,1160.0,,15.0
simu5g_00000769,4,5,5,1160.0,,15.0
simu5g_00000769,4,5,6,1160.0,,15.0
simu5g_00000769,4,5,7,808.0,,11.0
simu5g_00000769,4,5,8,984.0,,13.0
simu5g_00000769,4,5,9,1160.0,,15.0
simu5g_00000769,4,5,10,1128.0,,14.0
simu5g_00000769,4,5,11,1160.0,,15.0
simu5g_00000769,4,5,12,1160.0,,15.0
simu5g_00000769,4,5,13,1128.0,,14.0
simu5g_00000769,4,5,14,1160.0,,15.0
simu5g_00000769,4,5,15,984.0,,13.0
simu5g_00000769,4,5,16,1128.0,,14.0
simu5g_00000769,4,5,17,1128.0,,14.0
simu5g_00000769,4,5,18,1160.0,,15.0
simu5g_00000769,4,5,19,1160.0,,15.0
simu5g_00000769,4,5,20,1128.0,,14.0
simu5g_00000769,4,5,21,1128.0,,14.0
simu5g_00000769,4,5,22,1160.0,,15.0
simu5g_00000769,4,5,23,1160.0,,15.0
simu5g_00000769,4,5,24,1128.0,,14.0
simu5g_00000769,5,6,0,1160.0,,15.0
simu5g_00000769,5,6,1,1160.0,,15.0
simu5g_00000769,5,6,2,1160.0,,15.0
simu5g_00000769,5,6,3,1160.0,,15.0
simu5g_00000769,5,6,4,1160.0,,15.0
simu5g_00000769,5,6,5,1160.0,,15.0
simu5g_00000769,5,6,6,1160.0,,15.0
simu5g_00000769,5,6,7,1160.0,,15.0
simu5g_00000769,5,6,8,1160.0,,15.0
simu5g_00000769,5,6,9,1160.0,,15.0
simu5g_00000769,5,6,10,1160.0,,15.0
simu5g_00000769,5,6,11,1160.0,,15.0
simu5g_00000769,5,6,12,1160.0,,15.0
simu5g_00000769,5,6,13,1128.0,,14.0
simu5g_00000769,5,6,14,1128.0,,14.0
simu5g_00000769,5,6,15,1160.0,,15.0
simu5g_00000769,5,6,16,808.0,,11.0
simu5g_00000769,5,6,17,1160.0,,15.0
simu5g_00000769,5,6,18,1160.0,,15.0
simu5g_00000769,5,6,19,1160.0,,15.0
simu5g_00000769,5,6,20,1160.0,,15.0
simu5g_00000769,5,6,21,1128.0,,14.0
simu5g_00000769,5,6,22,1160.0,,15.0
simu5g_00000769,5,6,23,1160.0,,15.0
simu5g_00000769,5,6,24,1160.0,,15.0
simu5g_00000770,6,0,0,1160.0,,15.0
simu5g_00000770,6,0,1,1128.0,,14.0
simu5g_00000770,6,0,2,1160.0,,15.0
simu5g_00000770,6,0,3,608.0,,9.0
simu5g_00000770,6,0,4,1128.0,,14.0
simu5g_00000770,6,0,5,1160.0,,15.0
simu5g_00000770,6,0,6,1160.0,,15.0
simu5g_00000770,6,0,7,1128.0,,14.0
simu5g_00000770,6,0,8,1160.0,,15.0
simu5g_00000770,6,0,9,1128.0,,14.0
simu5g_00000770,6,0,10,1128.0,,14.0
simu5g_00000770,6,0,11,1160.0,,15.0
simu5g_00000770,6,0,12,1160.0,,15.0
simu5g_00000770,6,0,13,1128.0,,14.0
simu5g_00000770,6,0,14,1160.0,,15.0
simu5g_00000770,6,0,15,1160.0,,15.0
simu5g_00000770,6,0,16,984.0,,13.0
simu5g_00000770,6,0,17,1160.0,,15.0
simu5g_00000770,6,0,18,1160.0,,15.0
simu5g_00000770,6,0,19,1128.0,,14.0
simu5g_00000770,6,0,20,1160.0,,15.0
simu5g_00000770,6,0,21,1160.0,,15.0
simu5g_00000770,6,0,22,1160.0,,15.0
simu5g_00000770,6,0,23,1160.0,,15.0
simu5g_00000770,6,0,24,1160.0,,15.0
simu5g_00000770,7,1,0,1128.0,,14.0
simu5g_00000770,7,1,1,1160.0,,15.0
simu5g_00000770,7,1,2,1128.0,,14.0
simu5g_00000770,7,1,3,608.0,,9.0
simu5g_00000770,7,1,4,888.0,,12.0
simu5g_00000770,7,1,5,1160.0,,15.0
simu5g_00000770,7,1,6,984.0,,13.0
simu5g_00000770,7,1,7,1160.0,,15.0
simu5g_00000770,7,1,8,1160.0,,15.0
simu5g_00000770,7,1,9,1128.0,,14.0
simu5g_00000770,7,1,10,1128.0,,14.0
simu5g_00000770,7,1,11,1128.0,,14.0
simu5g_00000770,7,1,12,1160.0,,15.0
simu5g_00000770,7,1,13,1160.0,,15.0
simu5g_00000770,7,1,14,1128.0,,14.0
simu5g_00000770,7,1,15,1128.0,,14.0
simu5g_00000770,7,1,16,1128.0,,14.0
simu5g_00000770,7,1,17,608.0,,9.0
simu5g_00000770,7,1,18,1160.0,,15.0
simu5g_00000770,7,1,19,1128.0,,14.0
simu5g_00000770,7,1,20,984.0,,13.0
simu5g_00000770,7,1,21,1128.0,,14.0
simu5g_00000770,7,1,22,1160.0,,15.0
simu5g_00000770,7,1,23,1160.0,,15.0
simu5g_00000770,7,1,24,1160.0,,15.0
simu5g_00000771,0,0,0,1160.0,,15.0
simu5g_00000771,0,0,1,984.0,,13.0
simu5g_00000771,0,0,2,1160.0,,15.0
simu5g_00000771,0,0,3,1160.0,,15.0
simu5g_00000771,0,0,4,1160.0,,15.0
simu5g_00000771,0,0,5,1160.0,,15.0
simu5g_00000771,0,0,6,1160.0,,15.0
simu5g_00000771,0,0,7,1160.0,,15.0
simu5g_00000771,0,0,8,1128.0,,14.0
simu5g_00000771,0,0,9,1160.0,,15.0
simu5g_00000771,0,0,10,1160.0,,15.0
simu5g_00000771,0,0,11,1160.0,,15.0
simu5g_00000771,0,0,12,1160.0,,15.0
simu5g_00000771,0,0,13,1160.0,,15.0
simu5g_00000771,0,0,14,1160.0,,15.0
simu5g_00000771,0,0,15,1160.0,,15.0
simu5g_00000771,0,0,16,1160.0,,15.0
simu5g_00000771,0,0,17,1160.0,,15.0
simu5g_00000771,0,0,18,1160.0,,15.0
simu5g_00000771,0,0,19,1160.0,,15.0
simu5g_00000771,0,0,20,1160.0,,15.0
simu5g_00000771,0,0,21,1160.0,,15.0
simu5g_00000771,0,0,22,1160.0,,15.0
simu5g_00000771,0,0,23,1160.0,,15.0
simu5g_00000771,0,0,24,1160.0,,15.0
simu5g_00000771,1,1,0,1160.0,,15.0
simu5g_00000771,1,1,1,1160.0,,15.0
simu5g_00000771,1,1,2,1160.0,,15.0
simu5g_00000771,1,1,3,1160.0,,15.0
simu5g_00000771,1,1,4,1160.0,,15.0
simu5g_00000771,1,1,5,1160.0,,15.0
simu5g_00000771,1,1,6,1160.0,,15.0
simu5g_00000771,1,1,7,1160.0,,15.0
simu5g_00000771,1,1,8,1128.0,,14.0
simu5g_00000771,1,1,9,1160.0,,15.0
simu5g_00000771,1,1,10,1160.0,,15.0
simu5g_00000771,1,1,11,1160.0,,15.0
simu5g_00000771,1,1,12,1160.0,,15.0
simu5g_00000771,1,1,13,1160.0,,15.0
simu5g_00000771,1,1,14,1160.0,,15.0
simu5g_00000771,1,1,15,1160.0,,15.0
simu5g_00000771,1,1,16,1160.0,,15.0
simu5g_00000771,1,1,17,1160.0,,15.0
simu5g_00000771,1,1,18,1160.0,,15.0
simu5g_00000771,1,1,19,1160.0,,15.0
simu5g_00000771,1,1,20,1160.0,,15.0
simu5g_00000771,1,1,21,1128.0,,14.0
simu5g_00000771,1,1,22,1160.0,,15.0
simu5g_00000771,1,1,23,1160.0,,15.0
simu5g_00000771,1,1,24,1160.0,,15.0
simu5g_00000771,15,2,0,1128.0,,14.0
simu5g_00000771,15,2,1,1128.0,,14.0
simu5g_00000771,15,2,2,1160.0,,15.0
simu5g_00000771,15,2,3,1160.0,,15.0
simu5g_00000771,15,2,4,984.0,,13.0
simu5g_00000771,15,2,5,608.0,,9.0
simu5g_00000771,15,2,6,1160.0,,15.0
simu5g_00000771,15,2,7,1128.0,,14.0
simu5g_00000771,15,2,8,1160.0,,15.0
simu5g_00000771,15,2,9,1128.0,,14.0
simu5g_00000771,15,2,10,1160.0,,15.0
simu5g_00000771,15,2,11,1160.0,,15.0
simu5g_00000771,15,2,12,888.0,,12.0
simu5g_00000771,15,2,13,1160.0,,15.0
simu5g_00000771,15,2,14,1128.0,,14.0
simu5g_00000771,15,2,15,984.0,,13.0
simu5g_00000771,15,2,16,1160.0,,15.0
simu5g_00000771,15,2,17,1160.0,,15.0
simu5g_00000771,15,2,18,1160.0,,15.0
simu5g_00000771,15,2,19,1128.0,,14.0
simu5g_00000771,15,2,20,1160.0,,15.0
simu5g_00000771,15,2,21,1128.0,,14.0
simu5g_00000771,15,2,22,1160.0,,15.0
simu5g_00000771,15,2,23,1160.0,,15.0
simu5g_00000771,15,2,24,1160.0,,15.0
simu5g_00000771,2,3,0,1160.0,,15.0
simu5g_00000771,2,3,1,1160.0,,15.0
simu5g_00000771,2,3,2,1160.0,,15.0
simu5g_00000771,2,3,3,1160.0,,15.0
simu5g_00000771,2,3,4,1160.0,,15.0
simu5g_00000771,2,3,5,1160.0,,15.0
simu5g_00000771,2,3,6,1160.0,,15.0
simu5g_00000771,2,3,7,1160.0,,15.0
simu5g_00000771,2,3,8,1160.0,,15.0
simu5g_00000771,2,3,9,1160.0,,15.0
simu5g_00000771,2,3,10,1160.0,,15.0
simu5g_00000771,2,3,11,1160.0,,15.0
simu5g_00000771,2,3,12,1160.0,,15.0
simu5g_00000771,2,3,13,1160.0,,15.0
simu5g_00000771,2,3,14,1160.0,,15.0
simu5g_00000771,2,3,15,1160.0,,15.0
simu5g_00000771,2,3,16,1160.0,,15.0
simu5g_00000771,2,3,17,1160.0,,15.0
simu5g_00000771,2,3,18,1160.0,,15.0
simu5g_00000771,2,3,19,1160.0,,15.0
simu5g_00000771,2,3,20,1160.0,,15.0
simu5g_00000771,2,3,21,1160.0,,15.0
simu5g_00000771,2,3,22,1160.0,,15.0
simu5g_00000771,2,3,23,1160.0,,15.0
simu5g_00000771,2,3,24,1160.0,,15.0
simu5g_00000771,3,4,0,1160.0,,15.0
simu5g_00000771,3,4,1,1160.0,,15.0
simu5g_00000771,3,4,2,1160.0,,15.0
simu5g_00000771,3,4,3,1160.0,,15.0
simu5g_00000771,3,4,4,1160.0,,15.0
simu5g_00000771,3,4,5,1160.0,,15.0
simu5g_00000771,3,4,6,1160.0,,15.0
simu5g_00000771,3,4,7,1160.0,,15.0
simu5g_00000771,3,4,8,1160.0,,15.0
simu5g_00000771,3,4,9,1160.0,,15.0
simu5g_00000771,3,4,10,1160.0,,15.0
simu5g_00000771,3,4,11,1160.0,,15.0
simu5g_00000771,3,4,12,1160.0,,15.0
simu5g_00000771,3,4,13,1160.0,,15.0
simu5g_00000771,3,4,14,1160.0,,15.0
simu5g_00000771,3,4,15,1160.0,,15.0
simu5g_00000771,3,4,16,1160.0,,15.0
simu5g_00000771,3,4,17,1160.0,,15.0
simu5g_00000771,3,4,18,1160.0,,15.0
simu5g_00000771,3,4,19,1160.0,,15.0
simu5g_00000771,3,4,20,1160.0,,15.0
simu5g_00000771,3,4,21,1160.0,,15.0
simu5g_00000771,3,4,22,1160.0,,15.0
simu5g_00000771,3,4,23,1160.0,,15.0
simu5g_00000771,3,4,24,1160.0,,15.0
simu5g_00000771,4,5,0,1160.0,,15.0
simu5g_00000771,4,5,1,1160.0,,15.0
simu5g_00000771,4,5,2,1160.0,,15.0
simu5g_00000771,4,5,3,984.0,,13.0
simu5g_00000771,4,5,4,1160.0,,15.0
simu5g_00000771,4,5,5,1160.0,,15.0
simu5g_00000771,4,5,6,1160.0,,15.0
simu5g_00000771,4,5,7,984.0,,13.0
simu5g_00000771,4,5,8,1160.0,,15.0
simu5g_00000771,4,5,9,1160.0,,15.0
simu5g_00000771,4,5,10,1160.0,,15.0
simu5g_00000771,4,5,11,1160.0,,15.0
simu5g_00000771,4,5,12,1160.0,,15.0
simu5g_00000771,4,5,13,1160.0,,15.0
simu5g_00000771,4,5,14,1160.0,,15.0
simu5g_00000771,4,5,15,1160.0,,15.0
simu5g_00000771,4,5,16,1160.0,,15.0
simu5g_00000771,4,5,17,1160.0,,15.0
simu5g_00000771,4,5,18,1160.0,,15.0
simu5g_00000771,4,5,19,1160.0,,15.0
simu5g_00000771,4,5,20,1160.0,,15.0
simu5g_00000771,4,5,21,1160.0,,15.0
simu5g_00000771,4,5,22,1160.0,,15.0
simu5g_00000771,4,5,23,1160.0,,15.0
simu5g_00000771,4,5,24,1160.0,,15.0
simu5g_00000771,5,6,0,1160.0,,15.0
simu5g_00000771,5,6,1,1160.0,,15.0
simu5g_00000771,5,6,2,1160.0,,15.0
simu5g_00000771,5,6,3,1160.0,,15.0
simu5g_00000771,5,6,4,1160.0,,15.0
simu5g_00000771,5,6,5,1160.0,,15.0
simu5g_00000771,5,6,6,1160.0,,15.0
simu5g_00000771,5,6,7,1160.0,,15.0
simu5g_00000771,5,6,8,1160.0,,15.0
simu5g_00000771,5,6,9,1160.0,,15.0
simu5g_00000771,5,6,10,1160.0,,15.0
simu5g_00000771,5,6,11,1160.0,,15.0
simu5g_00000771,5,6,12,1160.0,,15.0
simu5g_00000771,5,6,13,1128.0,,14.0
simu5g_00000771,5,6,14,1128.0,,14.0
simu5g_00000771,5,6,15,1160.0,,15.0
simu5g_00000771,5,6,16,888.0,,12.0
simu5g_00000771,5,6,17,1160.0,,15.0
simu5g_00000771,5,6,18,1160.0,,15.0
simu5g_00000771,5,6,19,1160.0,,15.0
simu5g_00000771,5,6,20,1160.0,,15.0
simu5g_00000771,5,6,21,1128.0,,14.0
simu5g_00000771,5,6,22,1160.0,,15.0
simu5g_00000771,5,6,23,1160.0,,15.0
simu5g_00000771,5,6,24,1160.0,,15.0
simu5g_00000772,6,0,0,1160.0,,15.0
simu5g_00000772,6,0,1,1128.0,,14.0
simu5g_00000772,6,0,2,1160.0,,15.0
simu5g_00000772,6,0,3,608.0,,9.0
simu5g_00000772,6,0,4,1128.0,,14.0
simu5g_00000772,6,0,5,1160.0,,15.0
simu5g_00000772,6,0,6,1160.0,,15.0
simu5g_00000772,6,0,7,1128.0,,14.0
simu5g_00000772,6,0,8,1160.0,,15.0
simu5g_00000772,6,0,9,1128.0,,14.0
simu5g_00000772,6,0,10,1128.0,,14.0
simu5g_00000772,6,0,11,1160.0,,15.0
simu5g_00000772,6,0,12,1160.0,,15.0
simu5g_00000772,6,0,13,1128.0,,14.0
simu5g_00000772,6,0,14,1160.0,,15.0
simu5g_00000772,6,0,15,1160.0,,15.0
simu5g_00000772,6,0,16,984.0,,13.0
simu5g_00000772,6,0,17,1160.0,,15.0
simu5g_00000772,6,0,18,1160.0,,15.0
simu5g_00000772,6,0,19,1128.0,,14.0
simu5g_00000772,6,0,20,1160.0,,15.0
simu5g_00000772,6,0,21,1160.0,,15.0
simu5g_00000772,6,0,22,1160.0,,15.0
simu5g_00000772,6,0,23,1160.0,,15.0
simu5g_00000772,6,0,24,1160.0,,15.0
simu5g_00000772,7,1,0,1128.0,,14.0
simu5g_00000772,7,1,1,1160.0,,15.0
simu5g_00000772,7,1,2,1128.0,,14.0
simu5g_00000772,7,1,3,608.0,,9.0
simu5g_00000772,7,1,4,888.0,,12.0
simu5g_00000772,7,1,5,1160.0,,15.0
simu5g_00000772,7,1,6,984.0,,13.0
simu5g_00000772,7,1,7,1160.0,,15.0
simu5g_00000772,7,1,8,1160.0,,15.0
simu5g_00000772,7,1,9,1128.0,,14.0
simu5g_00000772,7,1,10,1128.0,,14.0
simu5g_00000772,7,1,11,1128.0,,14.0
simu5g_00000772,7,1,12,1160.0,,15.0
simu5g_00000772,7,1,13,1160.0,,15.0
simu5g_00000772,7,1,14,1128.0,,14.0
simu5g_00000772,7,1,15,1128.0,,14.0
simu5g_00000772,7,1,16,1128.0,,14.0
simu5g_00000772,7,1,17,608.0,,9.0
simu5g_00000772,7,1,18,1160.0,,15.0
simu5g_00000772,7,1,19,1128.0,,14.0
simu5g_00000772,7,1,20,984.0,,13.0
simu5g_00000772,7,1,21,1128.0,,14.0
simu5g_00000772,7,1,22,1160.0,,15.0
simu5g_00000772,7,1,23,1160.0,,15.0
simu5g_00000772,7,1,24,1160.0,,15.0
simu5g_00000773,0,0,0,1160.0,,15.0
simu5g_00000773,0,0,1,1160.0,,15.0
simu5g_00000773,0,0,2,1160.0,,15.0
simu5g_00000773,0,0,3,1160.0,,15.0
simu5g_00000773,0,0,4,1160.0,,15.0
simu5g_00000773,0,0,5,1160.0,,15.0
simu5g_00000773,0,0,6,1160.0,,15.0
simu5g_00000773,0,0,7,1160.0,,15.0
simu5g_00000773,0,0,8,1160.0,,15.0
simu5g_00000773,0,0,9,1160.0,,15.0
simu5g_00000773,0,0,10,1160.0,,15.0
simu5g_00000773,0,0,11,1160.0,,15.0
simu5g_00000773,0,0,12,1160.0,,15.0
simu5g_00000773,0,0,13,1160.0,,15.0
simu5g_00000773,0,0,14,1160.0,,15.0
simu5g_00000773,0,0,15,1160.0,,15.0
simu5g_00000773,0,0,16,1160.0,,15.0
simu5g_00000773,0,0,17,1160.0,,15.0
simu5g_00000773,0,0,18,1160.0,,15.0
simu5g_00000773,0,0,19,1160.0,,15.0
simu5g_00000773,0,0,20,1160.0,,15.0
simu5g_00000773,0,0,21,1160.0,,15.0
simu5g_00000773,0,0,22,1160.0,,15.0
simu5g_00000773,0,0,23,1160.0,,15.0
simu5g_00000773,0,0,24,1160.0,,15.0
simu5g_00000773,1,1,0,1160.0,,15.0
simu5g_00000773,1,1,1,1160.0,,15.0
simu5g_00000773,1,1,2,1160.0,,15.0
simu5g_00000773,1,1,3,1160.0,,15.0
simu5g_00000773,1,1,4,1160.0,,15.0
simu5g_00000773,1,1,5,1160.0,,15.0
simu5g_00000773,1,1,6,1160.0,,15.0
simu5g_00000773,1,1,7,1160.0,,15.0
simu5g_00000773,1,1,8,1128.0,,14.0
simu5g_00000773,1,1,9,1160.0,,15.0
simu5g_00000773,1,1,10,1160.0,,15.0
simu5g_00000773,1,1,11,1160.0,,15.0
simu5g_00000773,1,1,12,1160.0,,15.0
simu5g_00000773,1,1,13,1160.0,,15.0
simu5g_00000773,1,1,14,1160.0,,15.0
simu5g_00000773,1,1,15,1160.0,,15.0
simu5g_00000773,1,1,16,1160.0,,15.0
simu5g_00000773,1,1,17,1160.0,,15.0
simu5g_00000773,1,1,18,1160.0,,15.0
simu5g_00000773,1,1,19,1160.0,,15.0
simu5g_00000773,1,1,20,1160.0,,15.0
simu5g_00000773,1,1,21,1128.0,,14.0
simu5g_00000773,1,1,22,1160.0,,15.0
simu5g_00000773,1,1,23,1160.0,,15.0
simu5g_00000773,1,1,24,1160.0,,15.0
simu5g_00000773,15,2,0,1128.0,,14.0
simu5g_00000773,15,2,1,1128.0,,14.0
simu5g_00000773,15,2,2,1160.0,,15.0
simu5g_00000773,15,2,3,1160.0,,15.0
simu5g_00000773,15,2,4,984.0,,13.0
simu5g_00000773,15,2,5,608.0,,9.0
simu5g_00000773,15,2,6,1160.0,,15.0
simu5g_00000773,15,2,7,1128.0,,14.0
simu5g_00000773,15,2,8,1160.0,,15.0
simu5g_00000773,15,2,9,1128.0,,14.0
simu5g_00000773,15,2,10,1160.0,,15.0
simu5g_00000773,15,2,11,1160.0,,15.0
simu5g_00000773,15,2,12,888.0,,12.0
simu5g_00000773,15,2,13,1160.0,,15.0
simu5g_00000773,15,2,14,1128.0,,14.0
simu5g_00000773,15,2,15,984.0,,13.0
simu5g_00000773,15,2,16,1160.0,,15.0
simu5g_00000773,15,2,17,1160.0,,15.0
simu5g_00000773,15,2,18,1160.0,,15.0
simu5g_00000773,15,2,19,1128.0,,14.0
simu5g_00000773,15,2,20,1160.0,,15.0
simu5g_00000773,15,2,21,1128.0,,14.0
simu5g_00000773,15,2,22,1160.0,,15.0
simu5g_00000773,15,2,23,1160.0,,15.0
simu5g_00000773,15,2,24,1128.0,,14.0
simu5g_00000773,2,3,0,1160.0,,15.0
simu5g_00000773,2,3,1,1160.0,,15.0
simu5g_00000773,2,3,2,1160.0,,15.0
simu5g_00000773,2,3,3,1160.0,,15.0
simu5g_00000773,2,3,4,1160.0,,15.0
simu5g_00000773,2,3,5,1160.0,,15.0
simu5g_00000773,2,3,6,1160.0,,15.0
simu5g_00000773,2,3,7,1160.0,,15.0
simu5g_00000773,2,3,8,1160.0,,15.0
simu5g_00000773,2,3,9,1160.0,,15.0
simu5g_00000773,2,3,10,1160.0,,15.0
simu5g_00000773,2,3,11,1160.0,,15.0
simu5g_00000773,2,3,12,1160.0,,15.0
simu5g_00000773,2,3,13,1160.0,,15.0
simu5g_00000773,2,3,14,1160.0,,15.0
simu5g_00000773,2,3,15,1160.0,,15.0
simu5g_00000773,2,3,16,1160.0,,15.0
simu5g_00000773,2,3,17,1160.0,,15.0
simu5g_00000773,2,3,18,1160.0,,15.0
simu5g_00000773,2,3,19,1160.0,,15.0
simu5g_00000773,2,3,20,1160.0,,15.0
simu5g_00000773,2,3,21,1160.0,,15.0
simu5g_00000773,2,3,22,1160.0,,15.0
simu5g_00000773,2,3,23,1160.0,,15.0
simu5g_00000773,2,3,24,1160.0,,15.0
simu5g_00000773,3,4,0,1160.0,,15.0
simu5g_00000773,3,4,1,1160.0,,15.0
simu5g_00000773,3,4,2,1160.0,,15.0
simu5g_00000773,3,4,3,1160.0,,15.0
simu5g_00000773,3,4,4,1160.0,,15.0
simu5g_00000773,3,4,5,1160.0,,15.0
simu5g_00000773,3,4,6,1160.0,,15.0
simu5g_00000773,3,4,7,1160.0,,15.0
simu5g_00000773,3,4,8,1160.0,,15.0
simu5g_00000773,3,4,9,1160.0,,15.0
simu5g_00000773,3,4,10,1160.0,,15.0
simu5g_00000773,3,4,11,1160.0,,15.0
simu5g_00000773,3,4,12,1160.0,,15.0
simu5g_00000773,3,4,13,1160.0,,15.0
simu5g_00000773,3,4,14,1160.0,,15.0
simu5g_00000773,3,4,15,1160.0,,15.0
simu5g_00000773,3,4,16,1160.0,,15.0
simu5g_00000773,3,4,17,1160.0,,15.0
simu5g_00000773,3,4,18,1160.0,,15.0
simu5g_00000773,3,4,19,1160.0,,15.0
simu5g_00000773,3,4,20,1160.0,,15.0
simu5g_00000773,3,4,21,1160.0,,15.0
simu5g_00000773,3,4,22,1160.0,,15.0
simu5g_00000773,3,4,23,1160.0,,15.0
simu5g_00000773,3,4,24,1160.0,,15.0
simu5g_00000773,4,5,0,1160.0,,15.0
simu5g_00000773,4,5,1,1160.0,,15.0
simu5g_00000773,4,5,2,1160.0,,15.0
simu5g_00000773,4,5,3,984.0,,13.0
simu5g_00000773,4,5,4,1160.0,,15.0
simu5g_00000773,4,5,5,1160.0,,15.0
simu5g_00000773,4,5,6,1160.0,,15.0
simu5g_00000773,4,5,7,984.0,,13.0
simu5g_00000773,4,5,8,1160.0,,15.0
simu5g_00000773,4,5,9,1160.0,,15.0
simu5g_00000773,4,5,10,1160.0,,15.0
simu5g_00000773,4,5,11,1160.0,,15.0
simu5g_00000773,4,5,12,1160.0,,15.0
simu5g_00000773,4,5,13,1160.0,,15.0
simu5g_00000773,4,5,14,1160.0,,15.0
simu5g_00000773,4,5,15,1160.0,,15.0
simu5g_00000773,4,5,16,1160.0,,15.0
simu5g_00000773,4,5,17,1160.0,,15.0
simu5g_00000773,4,5,18,1160.0,,15.0
simu5g_00000773,4,5,19,1160.0,,15.0
simu5g_00000773,4,5,20,1160.0,,15.0
simu5g_00000773,4,5,21,1160.0,,15.0
simu5g_00000773,4,5,22,1160.0,,15.0
simu5g_00000773,4,5,23,1160.0,,15.0
simu5g_00000773,4,5,24,1160.0,,15.0
simu5g_00000773,5,6,0,1128.0,,14.0
simu5g_00000773,5,6,1,984.0,,13.0
simu5g_00000773,5,6,2,1128.0,,14.0
simu5g_00000773,5,6,3,984.0,,13.0
simu5g_00000773,5,6,4,1160.0,,15.0
simu5g_00000773,5,6,5,984.0,,13.0
simu5g_00000773,5,6,6,1128.0,,14.0
simu5g_00000773,5,6,7,1128.0,,14.0
simu5g_00000773,5,6,8,1128.0,,14.0
simu5g_00000773,5,6,9,1160.0,,15.0
simu5g_00000773,5,6,10,1160.0,,15.0
simu5g_00000773,5,6,11,1128.0,,14.0
simu5g_00000773,5,6,12,1128.0,,14.0
simu5g_00000773,5,6,13,888.0,,12.0
simu5g_00000773,5,6,14,888.0,,12.0
simu5g_00000773,5,6,15,984.0,,13.0
simu5g_00000773,5,6,16,432.0,,7.0
simu5g_00000773,5,6,17,1160.0,,15.0
simu5g_00000773,5,6,18,1128.0,,14.0
simu5g_00000773,5,6,19,1128.0,,14.0
simu5g_00000773,5,6,20,984.0,,13.0
simu5g_00000773,5,6,21,808.0,,11.0
simu5g_00000773,5,6,22,1160.0,,15.0
simu5g_00000773,5,6,23,984.0,,13.0
simu5g_00000773,5,6,24,984.0,,13.0
simu5g_00000774,6,0,0,1160.0,,15.0
simu5g_00000774,6,0,1,1128.0,,14.0
simu5g_00000774,6,0,2,1160.0,,15.0
simu5g_00000774,6,0,3,608.0,,9.0
simu5g_00000774,6,0,4,1128.0,,14.0
simu5g_00000774,6,0,5,1160.0,,15.0
simu5g_00000774,6,0,6,1160.0,,15.0
simu5g_00000774,6,0,7,1128.0,,14.0
simu5g_00000774,6,0,8,1160.0,,15.0
simu5g_00000774,6,0,9,1128.0,,14.0
simu5g_00000774,6,0,10,1128.0,,14.0
simu5g_00000774,6,0,11,1160.0,,15.0
simu5g_00000774,6,0,12,1160.0,,15.0
simu5g_00000774,6,0,13,1128.0,,14.0
simu5g_00000774,6,0,14,1160.0,,15.0
simu5g_00000774,6,0,15,1160.0,,15.0
simu5g_00000774,6,0,16,984.0,,13.0
simu5g_00000774,6,0,17,1160.0,,15.0
simu5g_00000774,6,0,18,1160.0,,15.0
simu5g_00000774,6,0,19,1128.0,,14.0
simu5g_00000774,6,0,20,1160.0,,15.0
simu5g_00000774,6,0,21,1160.0,,15.0
simu5g_00000774,6,0,22,1160.0,,15.0
simu5g_00000774,6,0,23,1160.0,,15.0
simu5g_00000774,6,0,24,1160.0,,15.0
simu5g_00000774,7,1,0,1128.0,,14.0
simu5g_00000774,7,1,1,1160.0,,15.0
simu5g_00000774,7,1,2,1128.0,,14.0
simu5g_00000774,7,1,3,608.0,,9.0
simu5g_00000774,7,1,4,888.0,,12.0
simu5g_00000774,7,1,5,1160.0,,15.0
simu5g_00000774,7,1,6,984.0,,13.0
simu5g_00000774,7,1,7,1160.0,,15.0
simu5g_00000774,7,1,8,1160.0,,15.0
simu5g_00000774,7,1,9,1128.0,,14.0
simu5g_00000774,7,1,10,1128.0,,14.0
simu5g_00000774,7,1,11,1128.0,,14.0
simu5g_00000774,7,1,12,1160.0,,15.0
simu5g_00000774,7,1,13,1160.0,,15.0
simu5g_00000774,7,1,14,1128.0,,14.0
simu5g_00000774,7,1,15,1128.0,,14.0
simu5g_00000774,7,1,16,1128.0,,14.0
simu5g_00000774,7,1,17,608.0,,9.0
simu5g_00000774,7,1,18,1160.0,,15.0
simu5g_00000774,7,1,19,1128.0,,14.0
simu5g_00000774,7,1,20,984.0,,13.0
simu5g_00000774,7,1,21,1128.0,,14.0
simu5g_00000774,7,1,22,1160.0,,15.0
simu5g_00000774,7,1,23,1160.0,,15.0
simu5g_00000774,7,1,24,1160.0,,15.0
simu5g_00000775,0,0,0,1160.0,,15.0
simu5g_00000775,0,0,1,1160.0,,15.0
simu5g_00000775,0,0,2,1160.0,,15.0
simu5g_00000775,0,0,3,1160.0,,15.0
simu5g_00000775,0,0,4,1160.0,,15.0
simu5g_00000775,0,0,5,1160.0,,15.0
simu5g_00000775,0,0,6,1160.0,,15.0
simu5g_00000775,0,0,7,1160.0,,15.0
simu5g_00000775,0,0,8,1160.0,,15.0
simu5g_00000775,0,0,9,1160.0,,15.0
simu5g_00000775,0,0,10,1160.0,,15.0
simu5g_00000775,0,0,11,1160.0,,15.0
simu5g_00000775,0,0,12,1160.0,,15.0
simu5g_00000775,0,0,13,1160.0,,15.0
simu5g_00000775,0,0,14,1160.0,,15.0
simu5g_00000775,0,0,15,1160.0,,15.0
simu5g_00000775,0,0,16,1160.0,,15.0
simu5g_00000775,0,0,17,1160.0,,15.0
simu5g_00000775,0,0,18,1160.0,,15.0
simu5g_00000775,0,0,19,1160.0,,15.0
simu5g_00000775,0,0,20,1160.0,,15.0
simu5g_00000775,0,0,21,1160.0,,15.0
simu5g_00000775,0,0,22,1160.0,,15.0
simu5g_00000775,0,0,23,1160.0,,15.0
simu5g_00000775,0,0,24,1160.0,,15.0
simu5g_00000775,1,1,0,1160.0,,15.0
simu5g_00000775,1,1,1,1160.0,,15.0
simu5g_00000775,1,1,2,1160.0,,15.0
simu5g_00000775,1,1,3,1160.0,,15.0
simu5g_00000775,1,1,4,1160.0,,15.0
simu5g_00000775,1,1,5,1160.0,,15.0
simu5g_00000775,1,1,6,1160.0,,15.0
simu5g_00000775,1,1,7,1160.0,,15.0
simu5g_00000775,1,1,8,1128.0,,14.0
simu5g_00000775,1,1,9,1160.0,,15.0
simu5g_00000775,1,1,10,1160.0,,15.0
simu5g_00000775,1,1,11,1160.0,,15.0
simu5g_00000775,1,1,12,1160.0,,15.0
simu5g_00000775,1,1,13,1160.0,,15.0
simu5g_00000775,1,1,14,1160.0,,15.0
simu5g_00000775,1,1,15,1160.0,,15.0
simu5g_00000775,1,1,16,1160.0,,15.0
simu5g_00000775,1,1,17,1160.0,,15.0
simu5g_00000775,1,1,18,1160.0,,15.0
simu5g_00000775,1,1,19,1160.0,,15.0
simu5g_00000775,1,1,20,1160.0,,15.0
simu5g_00000775,1,1,21,1128.0,,14.0
simu5g_00000775,1,1,22,1160.0,,15.0
simu5g_00000775,1,1,23,1160.0,,15.0
simu5g_00000775,1,1,24,1160.0,,15.0
simu5g_00000775,15,2,0,984.0,,13.0
simu5g_00000775,15,2,1,984.0,,13.0
simu5g_00000775,15,2,2,1128.0,,14.0
simu5g_00000775,15,2,3,1128.0,,14.0
simu5g_00000775,15,2,4,888.0,,12.0
simu5g_00000775,15,2,5,608.0,,9.0
simu5g_00000775,15,2,6,1160.0,,15.0
simu5g_00000775,15,2,7,984.0,,13.0
simu5g_00000775,15,2,8,1160.0,,15.0
simu5g_00000775,15,2,9,1128.0,,14.0
simu5g_00000775,15,2,10,1160.0,,15.0
simu5g_00000775,15,2,11,1160.0,,15.0
simu5g_00000775,15,2,12,808.0,,11.0
simu5g_00000775,15,2,13,1128.0,,14.0
simu5g_00000775,15,2,14,984.0,,13.0
simu5g_00000775,15,2,15,984.0,,13.0
simu5g_00000775,15,2,16,1160.0,,15.0
simu5g_00000775,15,2,17,1128.0,,14.0
simu5g_00000775,15,2,18,1128.0,,14.0
simu5g_00000775,15,2,19,1128.0,,14.0
simu5g_00000775,15,2,20,1160.0,,15.0
simu5g_00000775,15,2,21,1128.0,,14.0
simu5g_00000775,15,2,22,1128.0,,14.0
simu5g_00000775,15,2,23,1128.0,,14.0
simu5g_00000775,15,2,24,1128.0,,14.0
simu5g_00000775,2,3,0,1160.0,,15.0
simu5g_00000775,2,3,1,1160.0,,15.0
simu5g_00000775,2,3,2,1160.0,,15.0
simu5g_00000775,2,3,3,1160.0,,15.0
simu5g_00000775,2,3,4,1160.0,,15.0
simu5g_00000775,2,3,5,1160.0,,15.0
simu5g_00000775,2,3,6,1160.0,,15.0
simu5g_00000775,2,3,7,1160.0,,15.0
simu5g_00000775,2,3,8,1160.0,,15.0
simu5g_00000775,2,3,9,1160.0,,15.0
simu5g_00000775,2,3,10,1160.0,,15.0
simu5g_00000775,2,3,11,1160.0,,15.0
simu5g_00000775,2,3,12,1160.0,,15.0
simu5g_00000775,2,3,13,1160.0,,15.0
simu5g_00000775,2,3,14,1160.0,,15.0
simu5g_00000775,2,3,15,1160.0,,15.0
simu5g_00000775,2,3,16,1160.0,,15.0
simu5g_00000775,2,3,17,1160.0,,15.0
simu5g_00000775,2,3,18,1160.0,,15.0
simu5g_00000775,2,3,19,1160.0,,15.0
simu5g_00000775,2,3,20,1160.0,,15.0
simu5g_00000775,2,3,21,1160.0,,15.0
simu5g_00000775,2,3,22,1160.0,,15.0
simu5g_00000775,2,3,23,1160.0,,15.0
simu5g_00000775,2,3,24,1160.0,,15.0
simu5g_00000775,3,4,0,1160.0,,15.0
simu5g_00000775,3,4,1,1160.0,,15.0
simu5g_00000775,3,4,2,1160.0,,15.0
simu5g_00000775,3,4,3,1160.0,,15.0
simu5g_00000775,3,4,4,1160.0,,15.0
simu5g_00000775,3,4,5,1160.0,,15.0
simu5g_00000775,3,4,6,1160.0,,15.0
simu5g_00000775,3,4,7,1160.0,,15.0
simu5g_00000775,3,4,8,1160.0,,15.0
simu5g_00000775,3,4,9,1160.0,,15.0
simu5g_00000775,3,4,10,1160.0,,15.0
simu5g_00000775,3,4,11,1160.0,,15.0
simu5g_00000775,3,4,12,1160.0,,15.0
simu5g_00000775,3,4,13,1160.0,,15.0
simu5g_00000775,3,4,14,1160.0,,15.0
simu5g_00000775,3,4,15,1160.0,,15.0
simu5g_00000775,3,4,16,1160.0,,15.0
simu5g_00000775,3,4,17,1160.0,,15.0
simu5g_00000775,3,4,18,1160.0,,15.0
simu5g_00000775,3,4,19,1160.0,,15.0
simu5g_00000775,3,4,20,1160.0,,15.0
simu5g_00000775,3,4,21,1160.0,,15.0
simu5g_00000775,3,4,22,1160.0,,15.0
simu5g_00000775,3,4,23,1160.0,,15.0
simu5g_00000775,3,4,24,1160.0,,15.0
simu5g_00000775,4,5,0,1160.0,,15.0
simu5g_00000775,4,5,1,1160.0,,15.0
simu5g_00000775,4,5,2,1160.0,,15.0
simu5g_00000775,4,5,3,984.0,,13.0
simu5g_00000775,4,5,4,1160.0,,15.0
simu5g_00000775,4,5,5,1160.0,,15.0
simu5g_00000775,4,5,6,1160.0,,15.0
simu5g_00000775,4,5,7,984.0,,13.0
simu5g_00000775,4,5,8,1160.0,,15.0
simu5g_00000775,4,5,9,1160.0,,15.0
simu5g_00000775,4,5,10,1160.0,,15.0
simu5g_00000775,4,5,11,1160.0,,15.0
simu5g_00000775,4,5,12,1160.0,,15.0
simu5g_00000775,4,5,13,1160.0,,15.0
simu5g_00000775,4,5,14,1160.0,,15.0
simu5g_00000775,4,5,15,1160.0,,15.0
simu5g_00000775,4,5,16,1160.0,,15.0
simu5g_00000775,4,5,17,1160.0,,15.0
simu5g_00000775,4,5,18,1160.0,,15.0
simu5g_00000775,4,5,19,1160.0,,15.0
simu5g_00000775,4,5,20,1160.0,,15.0
simu5g_00000775,4,5,21,1160.0,,15.0
simu5g_00000775,4,5,22,1160.0,,15.0
simu5g_00000775,4,5,23,1160.0,,15.0
simu5g_00000775,4,5,24,1160.0,,15.0
simu5g_00000775,5,6,0,1128.0,,14.0
simu5g_00000775,5,6,1,984.0,,13.0
simu5g_00000775,5,6,2,1128.0,,14.0
simu5g_00000775,5,6,3,984.0,,13.0
simu5g_00000775,5,6,4,1160.0,,15.0
simu5g_00000775,5,6,5,984.0,,13.0
simu5g_00000775,5,6,6,1128.0,,14.0
simu5g_00000775,5,6,7,1128.0,,14.0
simu5g_00000775,5,6,8,1128.0,,14.0
simu5g_00000775,5,6,9,1160.0,,15.0
simu5g_00000775,5,6,10,1160.0,,15.0
simu5g_00000775,5,6,11,1128.0,,14.0
simu5g_00000775,5,6,12,1128.0,,14.0
simu5g_00000775,5,6,13,888.0,,12.0
simu5g_00000775,5,6,14,888.0,,12.0
simu5g_00000775,5,6,15,984.0,,13.0
simu5g_00000775,5,6,16,432.0,,7.0
simu5g_00000775,5,6,17,1160.0,,15.0
simu5g_00000775,5,6,18,1128.0,,14.0
simu5g_00000775,5,6,19,1128.0,,14.0
simu5g_00000775,5,6,20,984.0,,13.0
simu5g_00000775,5,6,21,808.0,,11.0
simu5g_00000775,5,6,22,1160.0,,15.0
simu5g_00000775,5,6,23,984.0,,13.0
simu5g_00000775,5,6,24,984.0,,13.0
simu5g_00000776,6,0,0,1160.0,,15.0
simu5g_00000776,6,0,1,1160.0,,15.0
simu5g_00000776,6,0,2,1160.0,,15.0
simu5g_00000776,6,0,3,984.0,,13.0
simu5g_00000776,6,0,4,1160.0,,15.0
simu5g_00000776,6,0,5,1160.0,,15.0
simu5g_00000776,6,0,6,1160.0,,15.0
simu5g_00000776,6,0,7,1160.0,,15.0
simu5g_00000776,6,0,8,1160.0,,15.0
simu5g_00000776,6,0,9,1160.0,,15.0
simu5g_00000776,6,0,10,1160.0,,15.0
simu5g_00000776,6,0,11,1160.0,,15.0
simu5g_00000776,6,0,12,1160.0,,15.0
simu5g_00000776,6,0,13,1160.0,,15.0
simu5g_00000776,6,0,14,1160.0,,15.0
simu5g_00000776,6,0,15,1160.0,,15.0
simu5g_00000776,6,0,16,1128.0,,14.0
simu5g_00000776,6,0,17,1160.0,,15.0
simu5g_00000776,6,0,18,1160.0,,15.0
simu5g_00000776,6,0,19,1160.0,,15.0
simu5g_00000776,6,0,20,1160.0,,15.0
simu5g_00000776,6,0,21,1160.0,,15.0
simu5g_00000776,6,0,22,1160.0,,15.0
simu5g_00000776,6,0,23,1160.0,,15.0
simu5g_00000776,6,0,24,1160.0,,15.0
simu5g_00000776,7,1,0,1128.0,,14.0
simu5g_00000776,7,1,1,1160.0,,15.0
simu5g_00000776,7,1,2,1128.0,,14.0
simu5g_00000776,7,1,3,608.0,,9.0
simu5g_00000776,7,1,4,888.0,,12.0
simu5g_00000776,7,1,5,1160.0,,15.0
simu5g_00000776,7,1,6,984.0,,13.0
simu5g_00000776,7,1,7,1160.0,,15.0
simu5g_00000776,7,1,8,1160.0,,15.0
simu5g_00000776,7,1,9,1128.0,,14.0
simu5g_00000776,7,1,10,1128.0,,14.0
simu5g_00000776,7,1,11,1128.0,,14.0
simu5g_00000776,7,1,12,1160.0,,15.0
simu5g_00000776,7,1,13,1160.0,,15.0
simu5g_00000776,7,1,14,1128.0,,14.0
simu5g_00000776,7,1,15,1128.0,,14.0
simu5g_00000776,7,1,16,1128.0,,14.0
simu5g_00000776,7,1,17,608.0,,9.0
simu5g_00000776,7,1,18,1160.0,,15.0
simu5g_00000776,7,1,19,1128.0,,14.0
simu5g_00000776,7,1,20,984.0,,13.0
simu5g_00000776,7,1,21,1128.0,,14.0
simu5g_00000776,7,1,22,1160.0,,15.0
simu5g_00000776,7,1,23,1160.0,,15.0
simu5g_00000776,7,1,24,1160.0,,15.0
simu5g_00000777,0,0,0,1160.0,,15.0
simu5g_00000777,0,0,1,1160.0,,15.0
simu5g_00000777,0,0,2,1160.0,,15.0
simu5g_00000777,0,0,3,1160.0,,15.0
simu5g_00000777,0,0,4,1160.0,,15.0
simu5g_00000777,0,0,5,1160.0,,15.0
simu5g_00000777,0,0,6,1160.0,,15.0
simu5g_00000777,0,0,7,1160.0,,15.0
simu5g_00000777,0,0,8,1160.0,,15.0
simu5g_00000777,0,0,9,1160.0,,15.0
simu5g_00000777,0,0,10,1160.0,,15.0
simu5g_00000777,0,0,11,1160.0,,15.0
simu5g_00000777,0,0,12,1160.0,,15.0
simu5g_00000777,0,0,13,1160.0,,15.0
simu5g_00000777,0,0,14,1160.0,,15.0
simu5g_00000777,0,0,15,1160.0,,15.0
simu5g_00000777,0,0,16,1160.0,,15.0
simu5g_00000777,0,0,17,1160.0,,15.0
simu5g_00000777,0,0,18,1160.0,,15.0
simu5g_00000777,0,0,19,1160.0,,15.0
simu5g_00000777,0,0,20,1160.0,,15.0
simu5g_00000777,0,0,21,1160.0,,15.0
simu5g_00000777,0,0,22,1160.0,,15.0
simu5g_00000777,0,0,23,1160.0,,15.0
simu5g_00000777,0,0,24,1160.0,,15.0
simu5g_00000777,1,1,0,1160.0,,15.0
simu5g_00000777,1,1,1,1160.0,,15.0
simu5g_00000777,1,1,2,1160.0,,15.0
simu5g_00000777,1,1,3,1160.0,,15.0
simu5g_00000777,1,1,4,1160.0,,15.0
simu5g_00000777,1,1,5,1160.0,,15.0
simu5g_00000777,1,1,6,1160.0,,15.0
simu5g_00000777,1,1,7,1160.0,,15.0
simu5g_00000777,1,1,8,1128.0,,14.0
simu5g_00000777,1,1,9,1160.0,,15.0
simu5g_00000777,1,1,10,1160.0,,15.0
simu5g_00000777,1,1,11,1160.0,,15.0
simu5g_00000777,1,1,12,1160.0,,15.0
simu5g_00000777,1,1,13,1160.0,,15.0
simu5g_00000777,1,1,14,1160.0,,15.0
simu5g_00000777,1,1,15,1160.0,,15.0
simu5g_00000777,1,1,16,1160.0,,15.0
simu5g_00000777,1,1,17,1160.0,,15.0
simu5g_00000777,1,1,18,1160.0,,15.0
simu5g_00000777,1,1,19,1160.0,,15.0
simu5g_00000777,1,1,20,1160.0,,15.0
simu5g_00000777,1,1,21,1128.0,,14.0
simu5g_00000777,1,1,22,1160.0,,15.0
simu5g_00000777,1,1,23,1160.0,,15.0
simu5g_00000777,1,1,24,1160.0,,15.0
simu5g_00000777,15,2,0,984.0,,13.0
simu5g_00000777,15,2,1,984.0,,13.0
simu5g_00000777,15,2,2,1128.0,,14.0
simu5g_00000777,15,2,3,1128.0,,14.0
simu5g_00000777,15,2,4,888.0,,12.0
simu5g_00000777,15,2,5,528.0,,8.0
simu5g_00000777,15,2,6,1160.0,,15.0
simu5g_00000777,15,2,7,984.0,,13.0
simu5g_00000777,15,2,8,1160.0,,15.0
simu5g_00000777,15,2,9,1128.0,,14.0
simu5g_00000777,15,2,10,1160.0,,15.0
simu5g_00000777,15,2,11,1160.0,,15.0
simu5g_00000777,15,2,12,808.0,,11.0
simu5g_00000777,15,2,13,1128.0,,14.0
simu5g_00000777,15,2,14,984.0,,13.0
simu5g_00000777,15,2,15,984.0,,13.0
simu5g_00000777,15,2,16,1160.0,,15.0
simu5g_00000777,15,2,17,1128.0,,14.0
simu5g_00000777,15,2,18,1128.0,,14.0
simu5g_00000777,15,2,19,1128.0,,14.0
simu5g_00000777,15,2,20,1160.0,,15.0
simu5g_00000777,15,2,21,1128.0,,14.0
simu5g_00000777,15,2,22,1128.0,,14.0
simu5g_00000777,15,2,23,1128.0,,14.0
simu5g_00000777,15,2,24,1128.0,,14.0
simu5g_00000777,2,3,0,1160.0,,15.0
simu5g_00000777,2,3,1,1160.0,,15.0
simu5g_00000777,2,3,2,1160.0,,15.0
simu5g_00000777,2,3,3,1160.0,,15.0
simu5g_00000777,2,3,4,1160.0,,15.0
simu5g_00000777,2,3,5,1160.0,,15.0
simu5g_00000777,2,3,6,1160.0,,15.0
simu5g_00000777,2,3,7,1160.0,,15.0
simu5g_00000777,2,3,8,1160.0,,15.0
simu5g_00000777,2,3,9,1160.0,,15.0
simu5g_00000777,2,3,10,1160.0,,15.0
simu5g_00000777,2,3,11,1160.0,,15.0
simu5g_00000777,2,3,12,1160.0,,15.0
simu5g_00000777,2,3,13,1160.0,,15.0
simu5g_00000777,2,3,14,1160.0,,15.0
simu5g_00000777,2,3,15,1160.0,,15.0
simu5g_00000777,2,3,16,1160.0,,15.0
simu5g_00000777,2,3,17,1160.0,,15.0
simu5g_00000777,2,3,18,1160.0,,15.0
simu5g_00000777,2,3,19,1160.0,,15.0
simu5g_00000777,2,3,20,1160.0,,15.0
simu5g_00000777,2,3,21,1160.0,,15.0
simu5g_00000777,2,3,22,1160.0,,15.0
simu5g_00000777,2,3,23,1160.0,,15.0
simu5g_00000777,2,3,24,1160.0,,15.0
simu5g_00000777,3,4,0,1160.0,,15.0
simu5g_00000777,3,4,1,1160.0,,15.0
simu5g_00000777,3,4,2,1160.0,,15.0
simu5g_00000777,3,4,3,1160.0,,15.0
simu5g_00000777,3,4,4,1160.0,,15.0
simu5g_00000777,3,4,5,1160.0,,15.0
simu5g_00000777,3,4,6,1160.0,,15.0
simu5g_00000777,3,4,7,1160.0,,15.0
simu5g_00000777,3,4,8,1160.0,,15.0
simu5g_00000777,3,4,9,1160.0,,15.0
simu5g_00000777,3,4,10,1160.0,,15.0
simu5g_00000777,3,4,11,1160.0,,15.0
simu5g_00000777,3,4,12,1160.0,,15.0
simu5g_00000777,3,4,13,1160.0,,15.0
simu5g_00000777,3,4,14,1160.0,,15.0
simu5g_00000777,3,4,15,1160.0,,15.0
simu5g_00000777,3,4,16,1160.0,,15.0
simu5g_00000777,3,4,17,1160.0,,15.0
simu5g_00000777,3,4,18,1160.0,,15.0
simu5g_00000777,3,4,19,1160.0,,15.0
simu5g_00000777,3,4,20,1160.0,,15.0
simu5g_00000777,3,4,21,1160.0,,15.0
simu5g_00000777,3,4,22,1160.0,,15.0
simu5g_00000777,3,4,23,1160.0,,15.0
simu5g_00000777,3,4,24,1160.0,,15.0
simu5g_00000777,4,5,0,1160.0,,15.0
simu5g_00000777,4,5,1,1160.0,,15.0
simu5g_00000777,4,5,2,1160.0,,15.0
simu5g_00000777,4,5,3,984.0,,13.0
simu5g_00000777,4,5,4,1160.0,,15.0
simu5g_00000777,4,5,5,1160.0,,15.0
simu5g_00000777,4,5,6,1160.0,,15.0
simu5g_00000777,4,5,7,1128.0,,14.0
simu5g_00000777,4,5,8,1160.0,,15.0
simu5g_00000777,4,5,9,1160.0,,15.0
simu5g_00000777,4,5,10,1160.0,,15.0
simu5g_00000777,4,5,11,1160.0,,15.0
simu5g_00000777,4,5,12,1160.0,,15.0
simu5g_00000777,4,5,13,1160.0,,15.0
simu5g_00000777,4,5,14,1160.0,,15.0
simu5g_00000777,4,5,15,1160.0,,15.0
simu5g_00000777,4,5,16,1160.0,,15.0
simu5g_00000777,4,5,17,1160.0,,15.0
simu5g_00000777,4,5,18,1160.0,,15.0
simu5g_00000777,4,5,19,1160.0,,15.0
simu5g_00000777,4,5,20,1160.0,,15.0
simu5g_00000777,4,5,21,1160.0,,15.0
simu5g_00000777,4,5,22,1160.0,,15.0
simu5g_00000777,4,5,23,1160.0,,15.0
simu5g_00000777,4,5,24,1160.0,,15.0
simu5g_00000777,5,6,0,1128.0,,14.0
simu5g_00000777,5,6,1,984.0,,13.0
simu5g_00000777,5,6,2,1128.0,,14.0
simu5g_00000777,5,6,3,984.0,,13.0
simu5g_00000777,5,6,4,1160.0,,15.0
simu5g_00000777,5,6,5,984.0,,13.0
simu5g_00000777,5,6,6,1128.0,,14.0
simu5g_00000777,5,6,7,1128.0,,14.0
simu5g_00000777,5,6,8,1128.0,,14.0
simu5g_00000777,5,6,9,1160.0,,15.0
simu5g_00000777,5,6,10,1160.0,,15.0
simu5g_00000777,5,6,11,1128.0,,14.0
simu5g_00000777,5,6,12,1128.0,,14.0
simu5g_00000777,5,6,13,888.0,,12.0
simu5g_00000777,5,6,14,888.0,,12.0
simu5g_00000777,5,6,15,984.0,,13.0
simu5g_00000777,5,6,16,432.0,,7.0
simu5g_00000777,5,6,17,1160.0,,15.0
simu5g_00000777,5,6,18,1128.0,,14.0
simu5g_00000777,5,6,19,1128.0,,14.0
simu5g_00000777,5,6,20,984.0,,13.0
simu5g_00000777,5,6,21,808.0,,11.0
simu5g_00000777,5,6,22,1160.0,,15.0
simu5g_00000777,5,6,23,984.0,,13.0
simu5g_00000777,5,6,24,984.0,,13.0
simu5g_00000778,6,0,0,1160.0,,15.0
simu5g_00000778,6,0,1,1160.0,,15.0
simu5g_00000778,6,0,2,1160.0,,15.0
simu5g_00000778,6,0,3,984.0,,13.0
simu5g_00000778,6,0,4,1160.0,,15.0
simu5g_00000778,6,0,5,1160.0,,15.0
simu5g_00000778,6,0,6,1160.0,,15.0
simu5g_00000778,6,0,7,1160.0,,15.0
simu5g_00000778,6,0,8,1160.0,,15.0
simu5g_00000778,6,0,9,1160.0,,15.0
simu5g_00000778,6,0,10,1160.0,,15.0
simu5g_00000778,6,0,11,1160.0,,15.0
simu5g_00000778,6,0,12,1160.0,,15.0
simu5g_00000778,6,0,13,1160.0,,15.0
simu5g_00000778,6,0,14,1160.0,,15.0
simu5g_00000778,6,0,15,1160.0,,15.0
simu5g_00000778,6,0,16,1128.0,,14.0
simu5g_00000778,6,0,17,1160.0,,15.0
simu5g_00000778,6,0,18,1160.0,,15.0
simu5g_00000778,6,0,19,1160.0,,15.0
simu5g_00000778,6,0,20,1160.0,,15.0
simu5g_00000778,6,0,21,1160.0,,15.0
simu5g_00000778,6,0,22,1160.0,,15.0
simu5g_00000778,6,0,23,1160.0,,15.0
simu5g_00000778,6,0,24,1160.0,,15.0
simu5g_00000778,7,1,0,1128.0,,14.0
simu5g_00000778,7,1,1,1160.0,,15.0
simu5g_00000778,7,1,2,1128.0,,14.0
simu5g_00000778,7,1,3,608.0,,9.0
simu5g_00000778,7,1,4,888.0,,12.0
simu5g_00000778,7,1,5,1160.0,,15.0
simu5g_00000778,7,1,6,984.0,,13.0
simu5g_00000778,7,1,7,1160.0,,15.0
simu5g_00000778,7,1,8,1160.0,,15.0
simu5g_00000778,7,1,9,1128.0,,14.0
simu5g_00000778,7,1,10,1128.0,,14.0
simu5g_00000778,7,1,11,1128.0,,14.0
simu5g_00000778,7,1,12,1160.0,,15.0
simu5g_00000778,7,1,13,1160.0,,15.0
simu5g_00000778,7,1,14,1128.0,,14.0
simu5g_00000778,7,1,15,1128.0,,14.0
simu5g_00000778,7,1,16,1128.0,,14.0
simu5g_00000778,7,1,17,608.0,,9.0
simu5g_00000778,7,1,18,1160.0,,15.0
simu5g_00000778,7,1,19,1128.0,,14.0
simu5g_00000778,7,1,20,984.0,,13.0
simu5g_00000778,7,1,21,1128.0,,14.0
simu5g_00000778,7,1,22,1160.0,,15.0
simu5g_00000778,7,1,23,1160.0,,15.0
simu5g_00000778,7,1,24,1160.0,,15.0
simu5g_00000779,0,0,0,1160.0,,15.0
simu5g_00000779,0,0,1,1160.0,,15.0
simu5g_00000779,0,0,2,1160.0,,15.0
simu5g_00000779,0,0,3,1160.0,,15.0
simu5g_00000779,0,0,4,1160.0,,15.0
simu5g_00000779,0,0,5,1160.0,,15.0
simu5g_00000779,0,0,6,1160.0,,15.0
simu5g_00000779,0,0,7,1160.0,,15.0
simu5g_00000779,0,0,8,1160.0,,15.0
simu5g_00000779,0,0,9,1160.0,,15.0
simu5g_00000779,0,0,10,1160.0,,15.0
simu5g_00000779,0,0,11,1160.0,,15.0
simu5g_00000779,0,0,12,1160.0,,15.0
simu5g_00000779,0,0,13,1160.0,,15.0
simu5g_00000779,0,0,14,1160.0,,15.0
simu5g_00000779,0,0,15,1160.0,,15.0
simu5g_00000779,0,0,16,1160.0,,15.0
simu5g_00000779,0,0,17,1160.0,,15.0
simu5g_00000779,0,0,18,1160.0,,15.0
simu5g_00000779,0,0,19,1160.0,,15.0
simu5g_00000779,0,0,20,1160.0,,15.0
simu5g_00000779,0,0,21,1160.0,,15.0
simu5g_00000779,0,0,22,1160.0,,15.0
simu5g_00000779,0,0,23,1160.0,,15.0
simu5g_00000779,0,0,24,1160.0,,15.0
simu5g_00000779,1,1,0,1160.0,,15.0
simu5g_00000779,1,1,1,1160.0,,15.0
simu5g_00000779,1,1,2,1160.0,,15.0
simu5g_00000779,1,1,3,1160.0,,15.0
simu5g_00000779,1,1,4,1160.0,,15.0
simu5g_00000779,1,1,5,1160.0,,15.0
simu5g_00000779,1,1,6,1160.0,,15.0
simu5g_00000779,1,1,7,1160.0,,15.0
simu5g_00000779,1,1,8,1128.0,,14.0
simu5g_00000779,1,1,9,1160.0,,15.0
simu5g_00000779,1,1,10,1160.0,,15.0
simu5g_00000779,1,1,11,1160.0,,15.0
simu5g_00000779,1,1,12,1160.0,,15.0
simu5g_00000779,1,1,13,1160.0,,15.0
simu5g_00000779,1,1,14,1160.0,,15.0
simu5g_00000779,1,1,15,1160.0,,15.0
simu5g_00000779,1,1,16,1160.0,,15.0
simu5g_00000779,1,1,17,1160.0,,15.0
simu5g_00000779,1,1,18,1160.0,,15.0
simu5g_00000779,1,1,19,1160.0,,15.0
simu5g_00000779,1,1,20,1160.0,,15.0
simu5g_00000779,1,1,21,1128.0,,14.0
simu5g_00000779,1,1,22,1160.0,,15.0
simu5g_00000779,1,1,23,1160.0,,15.0
simu5g_00000779,1,1,24,1160.0,,15.0
simu5g_00000779,15,2,0,984.0,,13.0
simu5g_00000779,15,2,1,984.0,,13.0
simu5g_00000779,15,2,2,1128.0,,14.0
simu5g_00000779,15,2,3,1128.0,,14.0
simu5g_00000779,15,2,4,888.0,,12.0
simu5g_00000779,15,2,5,528.0,,8.0
simu5g_00000779,15,2,6,1160.0,,15.0
simu5g_00000779,15,2,7,984.0,,13.0
simu5g_00000779,15,2,8,1160.0,,15.0
simu5g_00000779,15,2,9,1128.0,,14.0
simu5g_00000779,15,2,10,1160.0,,15.0
simu5g_00000779,15,2,11,1160.0,,15.0
simu5g_00000779,15,2,12,808.0,,11.0
simu5g_00000779,15,2,13,1128.0,,14.0
simu5g_00000779,15,2,14,984.0,,13.0
simu5g_00000779,15,2,15,984.0,,13.0
simu5g_00000779,15,2,16,1160.0,,15.0
simu5g_00000779,15,2,17,1128.0,,14.0
simu5g_00000779,15,2,18,1128.0,,14.0
simu5g_00000779,15,2,19,1128.0,,14.0
simu5g_00000779,15,2,20,1160.0,,15.0
simu5g_00000779,15,2,21,1128.0,,14.0
simu5g_00000779,15,2,22,1128.0,,14.0
simu5g_00000779,15,2,23,1128.0,,14.0
simu5g_00000779,15,2,24,1128.0,,14.0
simu5g_00000779,2,3,0,1160.0,,15.0
simu5g_00000779,2,3,1,1160.0,,15.0
simu5g_00000779,2,3,2,1160.0,,15.0
simu5g_00000779,2,3,3,1160.0,,15.0
simu5g_00000779,2,3,4,1160.0,,15.0
simu5g_00000779,2,3,5,1160.0,,15.0
simu5g_00000779,2,3,6,1160.0,,15.0
simu5g_00000779,2,3,7,1160.0,,15.0
simu5g_00000779,2,3,8,1160.0,,15.0
simu5g_00000779,2,3,9,1160.0,,15.0
simu5g_00000779,2,3,10,1160.0,,15.0
simu5g_00000779,2,3,11,1160.0,,15.0
simu5g_00000779,2,3,12,1160.0,,15.0
simu5g_00000779,2,3,13,1160.0,,15.0
simu5g_00000779,2,3,14,1160.0,,15.0
simu5g_00000779,2,3,15,1160.0,,15.0
simu5g_00000779,2,3,16,1160.0,,15.0
simu5g_00000779,2,3,17,1160.0,,15.0
simu5g_00000779,2,3,18,1160.0,,15.0
simu5g_00000779,2,3,19,1160.0,,15.0
simu5g_00000779,2,3,20,1160.0,,15.0
simu5g_00000779,2,3,21,1160.0,,15.0
simu5g_00000779,2,3,22,1160.0,,15.0
simu5g_00000779,2,3,23,1160.0,,15.0
simu5g_00000779,2,3,24,1160.0,,15.0
simu5g_00000779,3,4,0,1160.0,,15.0
simu5g_00000779,3,4,1,1160.0,,15.0
simu5g_00000779,3,4,2,1160.0,,15.0
simu5g_00000779,3,4,3,1160.0,,15.0
simu5g_00000779,3,4,4,1160.0,,15.0
simu5g_00000779,3,4,5,1160.0,,15.0
simu5g_00000779,3,4,6,1160.0,,15.0
simu5g_00000779,3,4,7,1160.0,,15.0
simu5g_00000779,3,4,8,1160.0,,15.0
simu5g_00000779,3,4,9,1160.0,,15.0
simu5g_00000779,3,4,10,1160.0,,15.0
simu5g_00000779,3,4,11,1160.0,,15.0
simu5g_00000779,3,4,12,1160.0,,15.0
simu5g_00000779,3,4,13,1160.0,,15.0
simu5g_00000779,3,4,14,1160.0,,15.0
simu5g_00000779,3,4,15,1160.0,,15.0
simu5g_00000779,3,4,16,1160.0,,15.0
simu5g_00000779,3,4,17,1160.0,,15.0
simu5g_00000779,3,4,18,1160.0,,15.0
simu5g_00000779,3,4,19,1160.0,,15.0
simu5g_00000779,3,4,20,1160.0,,15.0
simu5g_00000779,3,4,21,1160.0,,15.0
simu5g_00000779,3,4,22,1160.0,,15.0
simu5g_00000779,3,4,23,1160.0,,15.0
simu5g_00000779,3,4,24,1160.0,,15.0
simu5g_00000779,4,5,0,1160.0,,15.0
simu5g_00000779,4,5,1,1160.0,,15.0
simu5g_00000779,4,5,2,1160.0,,15.0
simu5g_00000779,4,5,3,984.0,,13.0
simu5g_00000779,4,5,4,1160.0,,15.0
simu5g_00000779,4,5,5,1160.0,,15.0
simu5g_00000779,4,5,6,1160.0,,15.0
simu5g_00000779,4,5,7,1128.0,,14.0
simu5g_00000779,4,5,8,1160.0,,15.0
simu5g_00000779,4,5,9,1160.0,,15.0
simu5g_00000779,4,5,10,1160.0,,15.0
simu5g_00000779,4,5,11,1160.0,,15.0
simu5g_00000779,4,5,12,1160.0,,15.0
simu5g_00000779,4,5,13,1160.0,,15.0
simu5g_00000779,4,5,14,1160.0,,15.0
simu5g_00000779,4,5,15,1160.0,,15.0
simu5g_00000779,4,5,16,1160.0,,15.0
simu5g_00000779,4,5,17,1160.0,,15.0
simu5g_00000779,4,5,18,1160.0,,15.0
simu5g_00000779,4,5,19,1160.0,,15.0
simu5g_00000779,4,5,20,1160.0,,15.0
simu5g_00000779,4,5,21,1160.0,,15.0
simu5g_00000779,4,5,22,1160.0,,15.0
simu5g_00000779,4,5,23,1160.0,,15.0
simu5g_00000779,4,5,24,1160.0,,15.0
simu5g_00000779,5,6,0,1160.0,,15.0
simu5g_00000779,5,6,1,1160.0,,15.0
simu5g_00000779,5,6,2,1160.0,,15.0
simu5g_00000779,5,6,3,1160.0,,15.0
simu5g_00000779,5,6,4,1160.0,,15.0
simu5g_00000779,5,6,5,1160.0,,15.0
simu5g_00000779,5,6,6,1160.0,,15.0
simu5g_00000779,5,6,7,1160.0,,15.0
simu5g_00000779,5,6,8,1160.0,,15.0
simu5g_00000779,5,6,9,1160.0,,15.0
simu5g_00000779,5,6,10,1160.0,,15.0
simu5g_00000779,5,6,11,1160.0,,15.0
simu5g_00000779,5,6,12,1160.0,,15.0
simu5g_00000779,5,6,13,1128.0,,14.0
simu5g_00000779,5,6,14,1128.0,,14.0
simu5g_00000779,5,6,15,1160.0,,15.0
simu5g_00000779,5,6,16,808.0,,11.0
simu5g_00000779,5,6,17,1160.0,,15.0
simu5g_00000779,5,6,18,1160.0,,15.0
simu5g_00000779,5,6,19,1160.0,,15.0
simu5g_00000779,5,6,20,1160.0,,15.0
simu5g_00000779,5,6,21,1128.0,,14.0
simu5g_00000779,5,6,22,1160.0,,15.0
simu5g_00000779,5,6,23,1128.0,,14.0
simu5g_00000779,5,6,24,1160.0,,15.0
simu5g_00000780,6,0,0,1160.0,,15.0
simu5g_00000780,6,0,1,1160.0,,15.0
simu5g_00000780,6,0,2,1160.0,,15.0
simu5g_00000780,6,0,3,984.0,,13.0
simu5g_00000780,6,0,4,1160.0,,15.0
simu5g_00000780,6,0,5,1160.0,,15.0
simu5g_00000780,6,0,6,1160.0,,15.0
simu5g_00000780,6,0,7,1160.0,,15.0
simu5g_00000780,6,0,8,1160.0,,15.0
simu5g_00000780,6,0,9,1160.0,,15.0
simu5g_00000780,6,0,10,1160.0,,15.0
simu5g_00000780,6,0,11,1160.0,,15.0
simu5g_00000780,6,0,12,1160.0,,15.0
simu5g_00000780,6,0,13,1160.0,,15.0
simu5g_00000780,6,0,14,1160.0,,15.0
simu5g_00000780,6,0,15,1160.0,,15.0
simu5g_00000780,6,0,16,1128.0,,14.0
simu5g_00000780,6,0,17,1160.0,,15.0
simu5g_00000780,6,0,18,1160.0,,15.0
simu5g_00000780,6,0,19,1160.0,,15.0
simu5g_00000780,6,0,20,1160.0,,15.0
simu5g_00000780,6,0,21,1160.0,,15.0
simu5g_00000780,6,0,22,1160.0,,15.0
simu5g_00000780,6,0,23,1160.0,,15.0
simu5g_00000780,6,0,24,1160.0,,15.0
simu5g_00000780,7,1,0,1128.0,,14.0
simu5g_00000780,7,1,1,1160.0,,15.0
simu5g_00000780,7,1,2,1128.0,,14.0
simu5g_00000780,7,1,3,608.0,,9.0
simu5g_00000780,7,1,4,888.0,,12.0
simu5g_00000780,7,1,5,1160.0,,15.0
simu5g_00000780,7,1,6,984.0,,13.0
simu5g_00000780,7,1,7,1160.0,,15.0
simu5g_00000780,7,1,8,1160.0,,15.0
simu5g_00000780,7,1,9,1128.0,,14.0
simu5g_00000780,7,1,10,1128.0,,14.0
simu5g_00000780,7,1,11,1128.0,,14.0
simu5g_00000780,7,1,12,1160.0,,15.0
simu5g_00000780,7,1,13,1160.0,,15.0
simu5g_00000780,7,1,14,984.0,,13.0
simu5g_00000780,7,1,15,1128.0,,14.0
simu5g_00000780,7,1,16,1128.0,,14.0
simu5g_00000780,7,1,17,528.0,,8.0
simu5g_00000780,7,1,18,1160.0,,15.0
simu5g_00000780,7,1,19,984.0,,13.0
simu5g_00000780,7,1,20,984.0,,13.0
simu5g_00000780,7,1,21,1128.0,,14.0
simu5g_00000780,7,1,22,1160.0,,15.0
simu5g_00000780,7,1,23,1160.0,,15.0
simu5g_00000780,7,1,24,1160.0,,15.0
simu5g_00000781,0,0,0,1160.0,,15.0
simu5g_00000781,0,0,1,1128.0,,14.0
simu5g_00000781,0,0,2,1160.0,,15.0
simu5g_00000781,0,0,3,1160.0,,15.0
simu5g_00000781,0,0,4,1160.0,,15.0
simu5g_00000781,0,0,5,1160.0,,15.0
simu5g_00000781,0,0,6,1160.0,,15.0
simu5g_00000781,0,0,7,1160.0,,15.0
simu5g_00000781,0,0,8,1160.0,,15.0
simu5g_00000781,0,0,9,1160.0,,15.0
simu5g_00000781,0,0,10,1160.0,,15.0
simu5g_00000781,0,0,11,1160.0,,15.0
simu5g_00000781,0,0,12,1160.0,,15.0
simu5g_00000781,0,0,13,1160.0,,15.0
simu5g_00000781,0,0,14,1160.0,,15.0
simu5g_00000781,0,0,15,1160.0,,15.0
simu5g_00000781,0,0,16,1160.0,,15.0
simu5g_00000781,0,0,17,1160.0,,15.0
simu5g_00000781,0,0,18,1160.0,,15.0
simu5g_00000781,0,0,19,1160.0,,15.0
simu5g_00000781,0,0,20,1160.0,,15.0
simu5g_00000781,0,0,21,1160.0,,15.0
simu5g_00000781,0,0,22,1160.0,,15.0
simu5g_00000781,0,0,23,1160.0,,15.0
simu5g_00000781,0,0,24,1160.0,,15.0
simu5g_00000781,1,1,0,1160.0,,15.0
simu5g_00000781,1,1,1,1160.0,,15.0
simu5g_00000781,1,1,2,1160.0,,15.0
simu5g_00000781,1,1,3,1160.0,,15.0
simu5g_00000781,1,1,4,1160.0,,15.0
simu5g_00000781,1,1,5,1160.0,,15.0
simu5g_00000781,1,1,6,1160.0,,15.0
simu5g_00000781,1,1,7,1160.0,,15.0
simu5g_00000781,1,1,8,1160.0,,15.0
simu5g_00000781,1,1,9,1160.0,,15.0
simu5g_00000781,1,1,10,1160.0,,15.0
simu5g_00000781,1,1,11,1160.0,,15.0
simu5g_00000781,1,1,12,1160.0,,15.0
simu5g_00000781,1,1,13,1160.0,,15.0
simu5g_00000781,1,1,14,1160.0,,15.0
simu5g_00000781,1,1,15,1160.0,,15.0
simu5g_00000781,1,1,16,1160.0,,15.0
simu5g_00000781,1,1,17,1160.0,,15.0
simu5g_00000781,1,1,18,1160.0,,15.0
simu5g_00000781,1,1,19,1160.0,,15.0
simu5g_00000781,1,1,20,1160.0,,15.0
simu5g_00000781,1,1,21,1128.0,,14.0
simu5g_00000781,1,1,22,1160.0,,15.0
simu5g_00000781,1,1,23,1160.0,,15.0
simu5g_00000781,1,1,24,1160.0,,15.0
simu5g_00000781,15,2,0,1128.0,,14.0
simu5g_00000781,15,2,1,1128.0,,14.0
simu5g_00000781,15,2,2,1160.0,,15.0
simu5g_00000781,15,2,3,1160.0,,15.0
simu5g_00000781,15,2,4,984.0,,13.0
simu5g_00000781,15,2,5,608.0,,9.0
simu5g_00000781,15,2,6,1160.0,,15.0
simu5g_00000781,15,2,7,1128.0,,14.0
simu5g_00000781,15,2,8,1160.0,,15.0
simu5g_00000781,15,2,9,1128.0,,14.0
simu5g_00000781,15,2,10,1160.0,,15.0
simu5g_00000781,15,2,11,1160.0,,15.0
simu5g_00000781,15,2,12,888.0,,12.0
simu5g_00000781,15,2,13,1160.0,,15.0
simu5g_00000781,15,2,14,1128.0,,14.0
simu5g_00000781,15,2,15,984.0,,13.0
simu5g_00000781,15,2,16,1160.0,,15.0
simu5g_00000781,15,2,17,1160.0,,15.0
simu5g_00000781,15,2,18,1160.0,,15.0
simu5g_00000781,15,2,19,1128.0,,14.0
simu5g_00000781,15,2,20,1160.0,,15.0
simu5g_00000781,15,2,21,1128.0,,14.0
simu5g_00000781,15,2,22,1160.0,,15.0
simu5g_00000781,15,2,23,1160.0,,15.0
simu5g_00000781,15,2,24,1128.0,,14.0
simu5g_00000781,2,3,0,1160.0,,15.0
simu5g_00000781,2,3,1,1160.0,,15.0
simu5g_00000781,2,3,2,1160.0,,15.0
simu5g_00000781,2,3,3,1160.0,,15.0
simu5g_00000781,2,3,4,1160.0,,15.0
simu5g_00000781,2,3,5,1160.0,,15.0
simu5g_00000781,2,3,6,1160.0,,15.0
simu5g_00000781,2,3,7,1128.0,,14.0
simu5g_00000781,2,3,8,1160.0,,15.0
simu5g_00000781,2,3,9,1160.0,,15.0
simu5g_00000781,2,3,10,1160.0,,15.0
simu5g_00000781,2,3,11,1160.0,,15.0
simu5g_00000781,2,3,12,1160.0,,15.0
simu5g_00000781,2,3,13,1160.0,,15.0
simu5g_00000781,2,3,14,1160.0,,15.0
simu5g_00000781,2,3,15,1160.0,,15.0
simu5g_00000781,2,3,16,1160.0,,15.0
simu5g_00000781,2,3,17,1160.0,,15.0
simu5g_00000781,2,3,18,1160.0,,15.0
simu5g_00000781,2,3,19,1160.0,,15.0
simu5g_00000781,2,3,20,1160.0,,15.0
simu5g_00000781,2,3,21,1160.0,,15.0
simu5g_00000781,2,3,22,1160.0,,15.0
simu5g_00000781,2,3,23,1160.0,,15.0
simu5g_00000781,2,3,24,1160.0,,15.0
simu5g_00000781,3,4,0,1160.0,,15.0
simu5g_00000781,3,4,1,1160.0,,15.0
simu5g_00000781,3,4,2,1160.0,,15.0
simu5g_00000781,3,4,3,1160.0,,15.0
simu5g_00000781,3,4,4,1160.0,,15.0
simu5g_00000781,3,4,5,1160.0,,15.0
simu5g_00000781,3,4,6,1160.0,,15.0
simu5g_00000781,3,4,7,1160.0,,15.0
simu5g_00000781,3,4,8,1160.0,,15.0
simu5g_00000781,3,4,9,1160.0,,15.0
simu5g_00000781,3,4,10,1160.0,,15.0
simu5g_00000781,3,4,11,1160.0,,15.0
simu5g_00000781,3,4,12,1160.0,,15.0
simu5g_00000781,3,4,13,1160.0,,15.0
simu5g_00000781,3,4,14,1160.0,,15.0
simu5g_00000781,3,4,15,1160.0,,15.0
simu5g_00000781,3,4,16,1160.0,,15.0
simu5g_00000781,3,4,17,1160.0,,15.0
simu5g_00000781,3,4,18,1160.0,,15.0
simu5g_00000781,3,4,19,1160.0,,15.0
simu5g_00000781,3,4,20,1160.0,,15.0
simu5g_00000781,3,4,21,1160.0,,15.0
simu5g_00000781,3,4,22,1160.0,,15.0
simu5g_00000781,3,4,23,1160.0,,15.0
simu5g_00000781,3,4,24,1160.0,,15.0
simu5g_00000781,4,5,0,1160.0,,15.0
simu5g_00000781,4,5,1,1160.0,,15.0
simu5g_00000781,4,5,2,1160.0,,15.0
simu5g_00000781,4,5,3,984.0,,13.0
simu5g_00000781,4,5,4,1160.0,,15.0
simu5g_00000781,4,5,5,1160.0,,15.0
simu5g_00000781,4,5,6,1160.0,,15.0
simu5g_00000781,4,5,7,1128.0,,14.0
simu5g_00000781,4,5,8,1160.0,,15.0
simu5g_00000781,4,5,9,1160.0,,15.0
simu5g_00000781,4,5,10,1160.0,,15.0
simu5g_00000781,4,5,11,1160.0,,15.0
simu5g_00000781,4,5,12,1160.0,,15.0
simu5g_00000781,4,5,13,1160.0,,15.0
simu5g_00000781,4,5,14,1160.0,,15.0
simu5g_00000781,4,5,15,1160.0,,15.0
simu5g_00000781,4,5,16,1160.0,,15.0
simu5g_00000781,4,5,17,1160.0,,15.0
simu5g_00000781,4,5,18,1160.0,,15.0
simu5g_00000781,4,5,19,1160.0,,15.0
simu5g_00000781,4,5,20,1160.0,,15.0
simu5g_00000781,4,5,21,1160.0,,15.0
simu5g_00000781,4,5,22,1160.0,,15.0
simu5g_00000781,4,5,23,1160.0,,15.0
simu5g_00000781,4,5,24,1160.0,,15.0
simu5g_00000781,5,6,0,1160.0,,15.0
simu5g_00000781,5,6,1,1160.0,,15.0
simu5g_00000781,5,6,2,1160.0,,15.0
simu5g_00000781,5,6,3,1160.0,,15.0
simu5g_00000781,5,6,4,1160.0,,15.0
simu5g_00000781,5,6,5,1160.0,,15.0
simu5g_00000781,5,6,6,1160.0,,15.0
simu5g_00000781,5,6,7,1160.0,,15.0
simu5g_00000781,5,6,8,1160.0,,15.0
simu5g_00000781,5,6,9,1160.0,,15.0
simu5g_00000781,5,6,10,1160.0,,15.0
simu5g_00000781,5,6,11,1160.0,,15.0
simu5g_00000781,5,6,12,1160.0,,15.0
simu5g_00000781,5,6,13,1128.0,,14.0
simu5g_00000781,5,6,14,1128.0,,14.0
simu5g_00000781,5,6,15,1160.0,,15.0
simu5g_00000781,5,6,16,808.0,,11.0
simu5g_00000781,5,6,17,1160.0,,15.0
simu5g_00000781,5,6,18,1160.0,,15.0
simu5g_00000781,5,6,19,1160.0,,15.0
simu5g_00000781,5,6,20,1160.0,,15.0
simu5g_00000781,5,6,21,1128.0,,14.0
simu5g_00000781,5,6,22,1160.0,,15.0
simu5g_00000781,5,6,23,1160.0,,15.0
simu5g_00000781,5,6,24,1160.0,,15.0
simu5g_00000782,6,0,0,1160.0,,15.0
simu5g_00000782,6,0,1,1160.0,,15.0
simu5g_00000782,6,0,2,1160.0,,15.0
simu5g_00000782,6,0,3,984.0,,13.0
simu5g_00000782,6,0,4,1160.0,,15.0
simu5g_00000782,6,0,5,1160.0,,15.0
simu5g_00000782,6,0,6,1160.0,,15.0
simu5g_00000782,6,0,7,1160.0,,15.0
simu5g_00000782,6,0,8,1160.0,,15.0
simu5g_00000782,6,0,9,1160.0,,15.0
simu5g_00000782,6,0,10,1160.0,,15.0
simu5g_00000782,6,0,11,1160.0,,15.0
simu5g_00000782,6,0,12,1160.0,,15.0
simu5g_00000782,6,0,13,1160.0,,15.0
simu5g_00000782,6,0,14,1160.0,,15.0
simu5g_00000782,6,0,15,1160.0,,15.0
simu5g_00000782,6,0,16,1128.0,,14.0
simu5g_00000782,6,0,17,1160.0,,15.0
simu5g_00000782,6,0,18,1160.0,,15.0
simu5g_00000782,6,0,19,1160.0,,15.0
simu5g_00000782,6,0,20,1160.0,,15.0
simu5g_00000782,6,0,21,1160.0,,15.0
simu5g_00000782,6,0,22,1160.0,,15.0
simu5g_00000782,6,0,23,1160.0,,15.0
simu5g_00000782,6,0,24,1160.0,,15.0
simu5g_00000782,7,1,0,1128.0,,14.0
simu5g_00000782,7,1,1,1160.0,,15.0
simu5g_00000782,7,1,2,1128.0,,14.0
simu5g_00000782,7,1,3,608.0,,9.0
simu5g_00000782,7,1,4,888.0,,12.0
simu5g_00000782,7,1,5,1160.0,,15.0
simu5g_00000782,7,1,6,984.0,,13.0
simu5g_00000782,7,1,7,1160.0,,15.0
simu5g_00000782,7,1,8,1160.0,,15.0
simu5g_00000782,7,1,9,1128.0,,14.0
simu5g_00000782,7,1,10,1128.0,,14.0
simu5g_00000782,7,1,11,1128.0,,14.0
simu5g_00000782,7,1,12,1160.0,,15.0
simu5g_00000782,7,1,13,1160.0,,15.0
simu5g_00000782,7,1,14,984.0,,13.0
simu5g_00000782,7,1,15,1128.0,,14.0
simu5g_00000782,7,1,16,1128.0,,14.0
simu5g_00000782,7,1,17,528.0,,8.0
simu5g_00000782,7,1,18,1160.0,,15.0
simu5g_00000782,7,1,19,984.0,,13.0
simu5g_00000782,7,1,20,984.0,,13.0
simu5g_00000782,7,1,21,1128.0,,14.0
simu5g_00000782,7,1,22,1160.0,,15.0
simu5g_00000782,7,1,23,1160.0,,15.0
simu5g_00000782,7,1,24,1160.0,,15.0
simu5g_00000783,0,0,0,1160.0,,15.0
simu5g_00000783,0,0,1,1128.0,,14.0
simu5g_00000783,0,0,2,1160.0,,15.0
simu5g_00000783,0,0,3,1160.0,,15.0
simu5g_00000783,0,0,4,1160.0,,15.0
simu5g_00000783,0,0,5,1160.0,,15.0
simu5g_00000783,0,0,6,1160.0,,15.0
simu5g_00000783,0,0,7,1160.0,,15.0
simu5g_00000783,0,0,8,1160.0,,15.0
simu5g_00000783,0,0,9,1160.0,,15.0
simu5g_00000783,0,0,10,1160.0,,15.0
simu5g_00000783,0,0,11,1160.0,,15.0
simu5g_00000783,0,0,12,1160.0,,15.0
simu5g_00000783,0,0,13,1160.0,,15.0
simu5g_00000783,0,0,14,1160.0,,15.0
simu5g_00000783,0,0,15,1160.0,,15.0
simu5g_00000783,0,0,16,1160.0,,15.0
simu5g_00000783,0,0,17,1160.0,,15.0
simu5g_00000783,0,0,18,1160.0,,15.0
simu5g_00000783,0,0,19,1160.0,,15.0
simu5g_00000783,0,0,20,1160.0,,15.0
simu5g_00000783,0,0,21,1160.0,,15.0
simu5g_00000783,0,0,22,1160.0,,15.0
simu5g_00000783,0,0,23,1160.0,,15.0
simu5g_00000783,0,0,24,1160.0,,15.0
simu5g_00000783,1,1,0,1160.0,,15.0
simu5g_00000783,1,1,1,1160.0,,15.0
simu5g_00000783,1,1,2,1160.0,,15.0
simu5g_00000783,1,1,3,1160.0,,15.0
simu5g_00000783,1,1,4,1160.0,,15.0
simu5g_00000783,1,1,5,1160.0,,15.0
simu5g_00000783,1,1,6,1160.0,,15.0
simu5g_00000783,1,1,7,1160.0,,15.0
simu5g_00000783,1,1,8,1160.0,,15.0
simu5g_00000783,1,1,9,1160.0,,15.0
simu5g_00000783,1,1,10,1160.0,,15.0
simu5g_00000783,1,1,11,1160.0,,15.0
simu5g_00000783,1,1,12,1160.0,,15.0
simu5g_00000783,1,1,13,1160.0,,15.0
simu5g_00000783,1,1,14,1160.0,,15.0
simu5g_00000783,1,1,15,1160.0,,15.0
simu5g_00000783,1,1,16,1160.0,,15.0
simu5g_00000783,1,1,17,1160.0,,15.0
simu5g_00000783,1,1,18,1160.0,,15.0
simu5g_00000783,1,1,19,1160.0,,15.0
simu5g_00000783,1,1,20,1160.0,,15.0
simu5g_00000783,1,1,21,1128.0,,14.0
simu5g_00000783,1,1,22,1160.0,,15.0
simu5g_00000783,1,1,23,1160.0,,15.0
simu5g_00000783,1,1,24,1160.0,,15.0
simu5g_00000783,15,2,0,1128.0,,14.0
simu5g_00000783,15,2,1,1128.0,,14.0
simu5g_00000783,15,2,2,1160.0,,15.0
simu5g_00000783,15,2,3,1160.0,,15.0
simu5g_00000783,15,2,4,984.0,,13.0
simu5g_00000783,15,2,5,608.0,,9.0
simu5g_00000783,15,2,6,1160.0,,15.0
simu5g_00000783,15,2,7,1128.0,,14.0
simu5g_00000783,15,2,8,1160.0,,15.0
simu5g_00000783,15,2,9,1128.0,,14.0
simu5g_00000783,15,2,10,1160.0,,15.0
simu5g_00000783,15,2,11,1160.0,,15.0
simu5g_00000783,15,2,12,888.0,,12.0
simu5g_00000783,15,2,13,1160.0,,15.0
simu5g_00000783,15,2,14,1128.0,,14.0
simu5g_00000783,15,2,15,984.0,,13.0
simu5g_00000783,15,2,16,1160.0,,15.0
simu5g_00000783,15,2,17,1160.0,,15.0
simu5g_00000783,15,2,18,1160.0,,15.0
simu5g_00000783,15,2,19,1128.0,,14.0
simu5g_00000783,15,2,20,1160.0,,15.0
simu5g_00000783,15,2,21,1128.0,,14.0
simu5g_00000783,15,2,22,1160.0,,15.0
simu5g_00000783,15,2,23,1160.0,,15.0
simu5g_00000783,15,2,24,1128.0,,14.0
simu5g_00000783,2,3,0,1160.0,,15.0
simu5g_00000783,2,3,1,1160.0,,15.0
simu5g_00000783,2,3,2,1160.0,,15.0
simu5g_00000783,2,3,3,1160.0,,15.0
simu5g_00000783,2,3,4,1160.0,,15.0
simu5g_00000783,2,3,5,1160.0,,15.0
simu5g_00000783,2,3,6,1160.0,,15.0
simu5g_00000783,2,3,7,1128.0,,14.0
simu5g_00000783,2,3,8,1160.0,,15.0
simu5g_00000783,2,3,9,1160.0,,15.0
simu5g_00000783,2,3,10,1160.0,,15.0
simu5g_00000783,2,3,11,1160.0,,15.0
simu5g_00000783,2,3,12,1160.0,,15.0
simu5g_00000783,2,3,13,1160.0,,15.0
simu5g_00000783,2,3,14,1160.0,,15.0
simu5g_00000783,2,3,15,1160.0,,15.0
simu5g_00000783,2,3,16,1160.0,,15.0
simu5g_00000783,2,3,17,1160.0,,15.0
simu5g_00000783,2,3,18,1160.0,,15.0
simu5g_00000783,2,3,19,1160.0,,15.0
simu5g_00000783,2,3,20,1160.0,,15.0
simu5g_00000783,2,3,21,1160.0,,15.0
simu5g_00000783,2,3,22,1160.0,,15.0
simu5g_00000783,2,3,23,1160.0,,15.0
simu5g_00000783,2,3,24,1160.0,,15.0
simu5g_00000783,3,4,0,1160.0,,15.0
simu5g_00000783,3,4,1,1160.0,,15.0
simu5g_00000783,3,4,2,1160.0,,15.0
simu5g_00000783,3,4,3,1160.0,,15.0
simu5g_00000783,3,4,4,1160.0,,15.0
simu5g_00000783,3,4,5,1160.0,,15.0
simu5g_00000783,3,4,6,1160.0,,15.0
simu5g_00000783,3,4,7,1160.0,,15.0
simu5g_00000783,3,4,8,1160.0,,15.0
simu5g_00000783,3,4,9,1160.0,,15.0
simu5g_00000783,3,4,10,1160.0,,15.0
simu5g_00000783,3,4,11,1160.0,,15.0
simu5g_00000783,3,4,12,1160.0,,15.0
simu5g_00000783,3,4,13,1160.0,,15.0
simu5g_00000783,3,4,14,1160.0,,15.0
simu5g_00000783,3,4,15,1160.0,,15.0
simu5g_00000783,3,4,16,1160.0,,15.0
simu5g_00000783,3,4,17,1160.0,,15.0
simu5g_00000783,3,4,18,1160.0,,15.0
simu5g_00000783,3,4,19,1160.0,,15.0
simu5g_00000783,3,4,20,1160.0,,15.0
simu5g_00000783,3,4,21,1160.0,,15.0
simu5g_00000783,3,4,22,1160.0,,15.0
simu5g_00000783,3,4,23,1160.0,,15.0
simu5g_00000783,3,4,24,1160.0,,15.0
simu5g_00000783,4,5,0,1160.0,,15.0
simu5g_00000783,4,5,1,1160.0,,15.0
simu5g_00000783,4,5,2,1160.0,,15.0
simu5g_00000783,4,5,3,984.0,,13.0
simu5g_00000783,4,5,4,1160.0,,15.0
simu5g_00000783,4,5,5,1160.0,,15.0
simu5g_00000783,4,5,6,1160.0,,15.0
simu5g_00000783,4,5,7,1128.0,,14.0
simu5g_00000783,4,5,8,1160.0,,15.0
simu5g_00000783,4,5,9,1160.0,,15.0
simu5g_00000783,4,5,10,1160.0,,15.0
simu5g_00000783,4,5,11,1160.0,,15.0
simu5g_00000783,4,5,12,1160.0,,15.0
simu5g_00000783,4,5,13,1160.0,,15.0
simu5g_00000783,4,5,14,1160.0,,15.0
simu5g_00000783,4,5,15,1160.0,,15.0
simu5g_00000783,4,5,16,1160.0,,15.0
simu5g_00000783,4,5,17,1160.0,,15.0
simu5g_00000783,4,5,18,1160.0,,15.0
simu5g_00000783,4,5,19,1160.0,,15.0
simu5g_00000783,4,5,20,1160.0,,15.0
simu5g_00000783,4,5,21,1160.0,,15.0
simu5g_00000783,4,5,22,1160.0,,15.0
simu5g_00000783,4,5,23,1160.0,,15.0
simu5g_00000783,4,5,24,1160.0,,15.0
simu5g_00000783,5,6,0,1160.0,,15.0
simu5g_00000783,5,6,1,1160.0,,15.0
simu5g_00000783,5,6,2,1160.0,,15.0
simu5g_00000783,5,6,3,1160.0,,15.0
simu5g_00000783,5,6,4,1160.0,,15.0
simu5g_00000783,5,6,5,1160.0,,15.0
simu5g_00000783,5,6,6,1160.0,,15.0
simu5g_00000783,5,6,7,1160.0,,15.0
simu5g_00000783,5,6,8,1160.0,,15.0
simu5g_00000783,5,6,9,1160.0,,15.0
simu5g_00000783,5,6,10,1160.0,,15.0
simu5g_00000783,5,6,11,1160.0,,15.0
simu5g_00000783,5,6,12,1160.0,,15.0
simu5g_00000783,5,6,13,1128.0,,14.0
simu5g_00000783,5,6,14,1128.0,,14.0
simu5g_00000783,5,6,15,1160.0,,15.0
simu5g_00000783,5,6,16,808.0,,11.0
simu5g_00000783,5,6,17,1160.0,,15.0
simu5g_00000783,5,6,18,1160.0,,15.0
simu5g_00000783,5,6,19,1160.0,,15.0
simu5g_00000783,5,6,20,1160.0,,15.0
simu5g_00000783,5,6,21,1128.0,,14.0
simu5g_00000783,5,6,22,1160.0,,15.0
simu5g_00000783,5,6,23,1160.0,,15.0
simu5g_00000783,5,6,24,1160.0,,15.0
simu5g_00000784,6,0,0,1160.0,,15.0
simu5g_00000784,6,0,1,1160.0,,15.0
simu5g_00000784,6,0,2,1160.0,,15.0
simu5g_00000784,6,0,3,984.0,,13.0
simu5g_00000784,6,0,4,1160.0,,15.0
simu5g_00000784,6,0,5,1160.0,,15.0
simu5g_00000784,6,0,6,1160.0,,15.0
simu5g_00000784,6,0,7,1160.0,,15.0
simu5g_00000784,6,0,8,1160.0,,15.0
simu5g_00000784,6,0,9,1160.0,,15.0
simu5g_00000784,6,0,10,1160.0,,15.0
simu5g_00000784,6,0,11,1160.0,,15.0
simu5g_00000784,6,0,12,1160.0,,15.0
simu5g_00000784,6,0,13,1160.0,,15.0
simu5g_00000784,6,0,14,1160.0,,15.0
simu5g_00000784,6,0,15,1160.0,,15.0
simu5g_00000784,6,0,16,1128.0,,14.0
simu5g_00000784,6,0,17,1160.0,,15.0
simu5g_00000784,6,0,18,1160.0,,15.0
simu5g_00000784,6,0,19,1160.0,,15.0
simu5g_00000784,6,0,20,1160.0,,15.0
simu5g_00000784,6,0,21,1160.0,,15.0
simu5g_00000784,6,0,22,1160.0,,15.0
simu5g_00000784,6,0,23,1160.0,,15.0
simu5g_00000784,6,0,24,1160.0,,15.0
simu5g_00000784,7,1,0,1128.0,,14.0
simu5g_00000784,7,1,1,1160.0,,15.0
simu5g_00000784,7,1,2,1128.0,,14.0
simu5g_00000784,7,1,3,608.0,,9.0
simu5g_00000784,7,1,4,888.0,,12.0
simu5g_00000784,7,1,5,1160.0,,15.0
simu5g_00000784,7,1,6,984.0,,13.0
simu5g_00000784,7,1,7,1160.0,,15.0
simu5g_00000784,7,1,8,1160.0,,15.0
simu5g_00000784,7,1,9,1128.0,,14.0
simu5g_00000784,7,1,10,1128.0,,14.0
simu5g_00000784,7,1,11,1128.0,,14.0
simu5g_00000784,7,1,12,1160.0,,15.0
simu5g_00000784,7,1,13,1160.0,,15.0
simu5g_00000784,7,1,14,984.0,,13.0
simu5g_00000784,7,1,15,1128.0,,14.0
simu5g_00000784,7,1,16,1128.0,,14.0
simu5g_00000784,7,1,17,608.0,,9.0
simu5g_00000784,7,1,18,1160.0,,15.0
simu5g_00000784,7,1,19,984.0,,13.0
simu5g_00000784,7,1,20,984.0,,13.0
simu5g_00000784,7,1,21,1128.0,,14.0
simu5g_00000784,7,1,22,1160.0,,15.0
simu5g_00000784,7,1,23,1160.0,,15.0
simu5g_00000784,7,1,24,1160.0,,15.0
simu5g_00000785,0,0,0,1160.0,,15.0
simu5g_00000785,0,0,1,1128.0,,14.0
simu5g_00000785,0,0,2,1160.0,,15.0
simu5g_00000785,0,0,3,1160.0,,15.0
simu5g_00000785,0,0,4,1160.0,,15.0
simu5g_00000785,0,0,5,1160.0,,15.0
simu5g_00000785,0,0,6,1160.0,,15.0
simu5g_00000785,0,0,7,1160.0,,15.0
simu5g_00000785,0,0,8,1160.0,,15.0
simu5g_00000785,0,0,9,1160.0,,15.0
simu5g_00000785,0,0,10,1160.0,,15.0
simu5g_00000785,0,0,11,1160.0,,15.0
simu5g_00000785,0,0,12,1160.0,,15.0
simu5g_00000785,0,0,13,1160.0,,15.0
simu5g_00000785,0,0,14,1160.0,,15.0
simu5g_00000785,0,0,15,1160.0,,15.0
simu5g_00000785,0,0,16,1160.0,,15.0
simu5g_00000785,0,0,17,1160.0,,15.0
simu5g_00000785,0,0,18,1160.0,,15.0
simu5g_00000785,0,0,19,1160.0,,15.0
simu5g_00000785,0,0,20,1160.0,,15.0
simu5g_00000785,0,0,21,1160.0,,15.0
simu5g_00000785,0,0,22,1160.0,,15.0
simu5g_00000785,0,0,23,1160.0,,15.0
simu5g_00000785,0,0,24,1160.0,,15.0
simu5g_00000785,1,1,0,1160.0,,15.0
simu5g_00000785,1,1,1,1160.0,,15.0
simu5g_00000785,1,1,2,1160.0,,15.0
simu5g_00000785,1,1,3,1160.0,,15.0
simu5g_00000785,1,1,4,1160.0,,15.0
simu5g_00000785,1,1,5,1160.0,,15.0
simu5g_00000785,1,1,6,1160.0,,15.0
simu5g_00000785,1,1,7,1160.0,,15.0
simu5g_00000785,1,1,8,1160.0,,15.0
simu5g_00000785,1,1,9,1160.0,,15.0
simu5g_00000785,1,1,10,1160.0,,15.0
simu5g_00000785,1,1,11,1160.0,,15.0
simu5g_00000785,1,1,12,1160.0,,15.0
simu5g_00000785,1,1,13,1160.0,,15.0
simu5g_00000785,1,1,14,1160.0,,15.0
simu5g_00000785,1,1,15,1160.0,,15.0
simu5g_00000785,1,1,16,1160.0,,15.0
simu5g_00000785,1,1,17,1160.0,,15.0
simu5g_00000785,1,1,18,1160.0,,15.0
simu5g_00000785,1,1,19,1160.0,,15.0
simu5g_00000785,1,1,20,1160.0,,15.0
simu5g_00000785,1,1,21,1128.0,,14.0
simu5g_00000785,1,1,22,1160.0,,15.0
simu5g_00000785,1,1,23,1160.0,,15.0
simu5g_00000785,1,1,24,1160.0,,15.0
simu5g_00000785,15,2,0,1128.0,,14.0
simu5g_00000785,15,2,1,1128.0,,14.0
simu5g_00000785,15,2,2,1160.0,,15.0
simu5g_00000785,15,2,3,1160.0,,15.0
simu5g_00000785,15,2,4,984.0,,13.0
simu5g_00000785,15,2,5,608.0,,9.0
simu5g_00000785,15,2,6,1160.0,,15.0
simu5g_00000785,15,2,7,1128.0,,14.0
simu5g_00000785,15,2,8,1160.0,,15.0
simu5g_00000785,15,2,9,1128.0,,14.0
simu5g_00000785,15,2,10,1160.0,,15.0
simu5g_00000785,15,2,11,1160.0,,15.0
simu5g_00000785,15,2,12,888.0,,12.0
simu5g_00000785,15,2,13,1160.0,,15.0
simu5g_00000785,15,2,14,1128.0,,14.0
simu5g_00000785,15,2,15,984.0,,13.0
simu5g_00000785,15,2,16,1160.0,,15.0
simu5g_00000785,15,2,17,1160.0,,15.0
simu5g_00000785,15,2,18,1160.0,,15.0
simu5g_00000785,15,2,19,1128.0,,14.0
simu5g_00000785,15,2,20,1160.0,,15.0
simu5g_00000785,15,2,21,1128.0,,14.0
simu5g_00000785,15,2,22,1160.0,,15.0
simu5g_00000785,15,2,23,1160.0,,15.0
simu5g_00000785,15,2,24,1128.0,,14.0
simu5g_00000785,2,3,0,1160.0,,15.0
simu5g_00000785,2,3,1,1160.0,,15.0
simu5g_00000785,2,3,2,1160.0,,15.0
simu5g_00000785,2,3,3,1160.0,,15.0
simu5g_00000785,2,3,4,1160.0,,15.0
simu5g_00000785,2,3,5,1160.0,,15.0
simu5g_00000785,2,3,6,1160.0,,15.0
simu5g_00000785,2,3,7,1128.0,,14.0
simu5g_00000785,2,3,8,1160.0,,15.0
simu5g_00000785,2,3,9,1160.0,,15.0
simu5g_00000785,2,3,10,1160.0,,15.0
simu5g_00000785,2,3,11,1160.0,,15.0
simu5g_00000785,2,3,12,1160.0,,15.0
simu5g_00000785,2,3,13,1160.0,,15.0
simu5g_00000785,2,3,14,1160.0,,15.0
simu5g_00000785,2,3,15,1160.0,,15.0
simu5g_00000785,2,3,16,1160.0,,15.0
simu5g_00000785,2,3,17,1160.0,,15.0
simu5g_00000785,2,3,18,1160.0,,15.0
simu5g_00000785,2,3,19,1160.0,,15.0
simu5g_00000785,2,3,20,1160.0,,15.0
simu5g_00000785,2,3,21,1160.0,,15.0
simu5g_00000785,2,3,22,1160.0,,15.0
simu5g_00000785,2,3,23,1160.0,,15.0
simu5g_00000785,2,3,24,1160.0,,15.0
simu5g_00000785,3,4,0,1160.0,,15.0
simu5g_00000785,3,4,1,1160.0,,15.0
simu5g_00000785,3,4,2,1160.0,,15.0
simu5g_00000785,3,4,3,1160.0,,15.0
simu5g_00000785,3,4,4,1160.0,,15.0
simu5g_00000785,3,4,5,1160.0,,15.0
simu5g_00000785,3,4,6,1160.0,,15.0
simu5g_00000785,3,4,7,1160.0,,15.0
simu5g_00000785,3,4,8,1160.0,,15.0
simu5g_00000785,3,4,9,1160.0,,15.0
simu5g_00000785,3,4,10,1160.0,,15.0
simu5g_00000785,3,4,11,1160.0,,15.0
simu5g_00000785,3,4,12,1160.0,,15.0
simu5g_00000785,3,4,13,1160.0,,15.0
simu5g_00000785,3,4,14,1160.0,,15.0
simu5g_00000785,3,4,15,1160.0,,15.0
simu5g_00000785,3,4,16,1160.0,,15.0
simu5g_00000785,3,4,17,1160.0,,15.0
simu5g_00000785,3,4,18,1160.0,,15.0
simu5g_00000785,3,4,19,1160.0,,15.0
simu5g_00000785,3,4,20,1160.0,,15.0
simu5g_00000785,3,4,21,1160.0,,15.0
simu5g_00000785,3,4,22,1160.0,,15.0
simu5g_00000785,3,4,23,1160.0,,15.0
simu5g_00000785,3,4,24,1160.0,,15.0
simu5g_00000785,4,5,0,1160.0,,15.0
simu5g_00000785,4,5,1,1160.0,,15.0
simu5g_00000785,4,5,2,1160.0,,15.0
simu5g_00000785,4,5,3,984.0,,13.0
simu5g_00000785,4,5,4,1160.0,,15.0
simu5g_00000785,4,5,5,1160.0,,15.0
simu5g_00000785,4,5,6,1160.0,,15.0
simu5g_00000785,4,5,7,1128.0,,14.0
simu5g_00000785,4,5,8,1160.0,,15.0
simu5g_00000785,4,5,9,1160.0,,15.0
simu5g_00000785,4,5,10,1160.0,,15.0
simu5g_00000785,4,5,11,1160.0,,15.0
simu5g_00000785,4,5,12,1160.0,,15.0
simu5g_00000785,4,5,13,1160.0,,15.0
simu5g_00000785,4,5,14,1160.0,,15.0
simu5g_00000785,4,5,15,1160.0,,15.0
simu5g_00000785,4,5,16,1160.0,,15.0
simu5g_00000785,4,5,17,1160.0,,15.0
simu5g_00000785,4,5,18,1160.0,,15.0
simu5g_00000785,4,5,19,1160.0,,15.0
simu5g_00000785,4,5,20,1160.0,,15.0
simu5g_00000785,4,5,21,1160.0,,15.0
simu5g_00000785,4,5,22,1160.0,,15.0
simu5g_00000785,4,5,23,1160.0,,15.0
simu5g_00000785,4,5,24,1160.0,,15.0
simu5g_00000785,5,6,0,1160.0,,15.0
simu5g_00000785,5,6,1,1160.0,,15.0
simu5g_00000785,5,6,2,1160.0,,15.0
simu5g_00000785,5,6,3,1160.0,,15.0
simu5g_00000785,5,6,4,1160.0,,15.0
simu5g_00000785,5,6,5,1160.0,,15.0
simu5g_00000785,5,6,6,1160.0,,15.0
simu5g_00000785,5,6,7,1160.0,,15.0
simu5g_00000785,5,6,8,1160.0,,15.0
simu5g_00000785,5,6,9,1160.0,,15.0
simu5g_00000785,5,6,10,1160.0,,15.0
simu5g_00000785,5,6,11,1160.0,,15.0
simu5g_00000785,5,6,12,1160.0,,15.0
simu5g_00000785,5,6,13,1160.0,,15.0
simu5g_00000785,5,6,14,1160.0,,15.0
simu5g_00000785,5,6,15,1160.0,,15.0
simu5g_00000785,5,6,16,984.0,,13.0
simu5g_00000785,5,6,17,1160.0,,15.0
simu5g_00000785,5,6,18,1160.0,,15.0
simu5g_00000785,5,6,19,1160.0,,15.0
simu5g_00000785,5,6,20,1160.0,,15.0
simu5g_00000785,5,6,21,1128.0,,14.0
simu5g_00000785,5,6,22,1160.0,,15.0
simu5g_00000785,5,6,23,1160.0,,15.0
simu5g_00000785,5,6,24,1160.0,,15.0
simu5g_00000786,6,0,0,1160.0,,15.0
simu5g_00000786,6,0,1,1160.0,,15.0
simu5g_00000786,6,0,2,1160.0,,15.0
simu5g_00000786,6,0,3,984.0,,13.0
simu5g_00000786,6,0,4,1160.0,,15.0
simu5g_00000786,6,0,5,1160.0,,15.0
simu5g_00000786,6,0,6,1160.0,,15.0
simu5g_00000786,6,0,7,1160.0,,15.0
simu5g_00000786,6,0,8,1160.0,,15.0
simu5g_00000786,6,0,9,1160.0,,15.0
simu5g_00000786,6,0,10,1160.0,,15.0
simu5g_00000786,6,0,11,1160.0,,15.0
simu5g_00000786,6,0,12,1160.0,,15.0
simu5g_00000786,6,0,13,1160.0,,15.0
simu5g_00000786,6,0,14,1160.0,,15.0
simu5g_00000786,6,0,15,1160.0,,15.0
simu5g_00000786,6,0,16,1128.0,,14.0
simu5g_00000786,6,0,17,1160.0,,15.0
simu5g_00000786,6,0,18,1160.0,,15.0
simu5g_00000786,6,0,19,1160.0,,15.0
simu5g_00000786,6,0,20,1160.0,,15.0
simu5g_00000786,6,0,21,1160.0,,15.0
simu5g_00000786,6,0,22,1160.0,,15.0
simu5g_00000786,6,0,23,1160.0,,15.0
simu5g_00000786,6,0,24,1160.0,,15.0
simu5g_00000786,7,1,0,1128.0,,14.0
simu5g_00000786,7,1,1,1160.0,,15.0
simu5g_00000786,7,1,2,1128.0,,14.0
simu5g_00000786,7,1,3,608.0,,9.0
simu5g_00000786,7,1,4,888.0,,12.0
simu5g_00000786,7,1,5,1160.0,,15.0
simu5g_00000786,7,1,6,984.0,,13.0
simu5g_00000786,7,1,7,1160.0,,15.0
simu5g_00000786,7,1,8,1160.0,,15.0
simu5g_00000786,7,1,9,1128.0,,14.0
simu5g_00000786,7,1,10,1128.0,,14.0
simu5g_00000786,7,1,11,1128.0,,14.0
simu5g_00000786,7,1,12,1160.0,,15.0
simu5g_00000786,7,1,13,1160.0,,15.0
simu5g_00000786,7,1,14,984.0,,13.0
simu5g_00000786,7,1,15,1128.0,,14.0
simu5g_00000786,7,1,16,1128.0,,14.0
simu5g_00000786,7,1,17,608.0,,9.0
simu5g_00000786,7,1,18,1160.0,,15.0
simu5g_00000786,7,1,19,984.0,,13.0
simu5g_00000786,7,1,20,984.0,,13.0
simu5g_00000786,7,1,21,1128.0,,14.0
simu5g_00000786,7,1,22,1160.0,,15.0
simu5g_00000786,7,1,23,1160.0,,15.0
simu5g_00000786,7,1,24,1160.0,,15.0
simu5g_00000787,0,0,0,1160.0,,15.0
simu5g_00000787,0,0,1,1128.0,,14.0
simu5g_00000787,0,0,2,1160.0,,15.0
simu5g_00000787,0,0,3,1160.0,,15.0
simu5g_00000787,0,0,4,1160.0,,15.0
simu5g_00000787,0,0,5,1160.0,,15.0
simu5g_00000787,0,0,6,1160.0,,15.0
simu5g_00000787,0,0,7,1160.0,,15.0
simu5g_00000787,0,0,8,1160.0,,15.0
simu5g_00000787,0,0,9,1160.0,,15.0
simu5g_00000787,0,0,10,1160.0,,15.0
simu5g_00000787,0,0,11,1160.0,,15.0
simu5g_00000787,0,0,12,1160.0,,15.0
simu5g_00000787,0,0,13,1160.0,,15.0
simu5g_00000787,0,0,14,1160.0,,15.0
simu5g_00000787,0,0,15,1160.0,,15.0
simu5g_00000787,0,0,16,1160.0,,15.0
simu5g_00000787,0,0,17,1160.0,,15.0
simu5g_00000787,0,0,18,1160.0,,15.0
simu5g_00000787,0,0,19,1160.0,,15.0
simu5g_00000787,0,0,20,1160.0,,15.0
simu5g_00000787,0,0,21,1160.0,,15.0
simu5g_00000787,0,0,22,1160.0,,15.0
simu5g_00000787,0,0,23,1160.0,,15.0
simu5g_00000787,0,0,24,1160.0,,15.0
simu5g_00000787,1,1,0,1160.0,,15.0
simu5g_00000787,1,1,1,1160.0,,15.0
simu5g_00000787,1,1,2,1160.0,,15.0
simu5g_00000787,1,1,3,1160.0,,15.0
simu5g_00000787,1,1,4,1160.0,,15.0
simu5g_00000787,1,1,5,1160.0,,15.0
simu5g_00000787,1,1,6,1160.0,,15.0
simu5g_00000787,1,1,7,1160.0,,15.0
simu5g_00000787,1,1,8,1160.0,,15.0
simu5g_00000787,1,1,9,1160.0,,15.0
simu5g_00000787,1,1,10,1160.0,,15.0
simu5g_00000787,1,1,11,1160.0,,15.0
simu5g_00000787,1,1,12,1160.0,,15.0
simu5g_00000787,1,1,13,1160.0,,15.0
simu5g_00000787,1,1,14,1160.0,,15.0
simu5g_00000787,1,1,15,1160.0,,15.0
simu5g_00000787,1,1,16,1160.0,,15.0
simu5g_00000787,1,1,17,1160.0,,15.0
simu5g_00000787,1,1,18,1160.0,,15.0
simu5g_00000787,1,1,19,1160.0,,15.0
simu5g_00000787,1,1,20,1160.0,,15.0
simu5g_00000787,1,1,21,1128.0,,14.0
simu5g_00000787,1,1,22,1160.0,,15.0
simu5g_00000787,1,1,23,1160.0,,15.0
simu5g_00000787,1,1,24,1160.0,,15.0
simu5g_00000787,15,2,0,1160.0,,15.0
simu5g_00000787,15,2,1,1160.0,,15.0
simu5g_00000787,15,2,2,1160.0,,15.0
simu5g_00000787,15,2,3,1160.0,,15.0
simu5g_00000787,15,2,4,1128.0,,14.0
simu5g_00000787,15,2,5,984.0,,13.0
simu5g_00000787,15,2,6,1160.0,,15.0
simu5g_00000787,15,2,7,1160.0,,15.0
simu5g_00000787,15,2,8,1160.0,,15.0
simu5g_00000787,15,2,9,1160.0,,15.0
simu5g_00000787,15,2,10,1160.0,,15.0
simu5g_00000787,15,2,11,1160.0,,15.0
simu5g_00000787,15,2,12,1128.0,,14.0
simu5g_00000787,15,2,13,1160.0,,15.0
simu5g_00000787,15,2,14,1160.0,,15.0
simu5g_00000787,15,2,15,1128.0,,14.0
simu5g_00000787,15,2,16,1160.0,,15.0
simu5g_00000787,15,2,17,1160.0,,15.0
simu5g_00000787,15,2,18,1160.0,,15.0
simu5g_00000787,15,2,19,1160.0,,15.0
simu5g_00000787,15,2,20,1160.0,,15.0
simu5g_00000787,15,2,21,1160.0,,15.0
simu5g_00000787,15,2,22,1160.0,,15.0
simu5g_00000787,15,2,23,1160.0,,15.0
simu5g_00000787,15,2,24,1160.0,,15.0
simu5g_00000787,2,3,0,1160.0,,15.0
simu5g_00000787,2,3,1,1160.0,,15.0
simu5g_00000787,2,3,2,1160.0,,15.0
simu5g_00000787,2,3,3,1160.0,,15.0
simu5g_00000787,2,3,4,1160.0,,15.0
simu5g_00000787,2,3,5,1160.0,,15.0
simu5g_00000787,2,3,6,1160.0,,15.0
simu5g_00000787,2,3,7,1128.0,,14.0
simu5g_00000787,2,3,8,1160.0,,15.0
simu5g_00000787,2,3,9,1160.0,,15.0
simu5g_00000787,2,3,10,1160.0,,15.0
simu5g_00000787,2,3,11,1160.0,,15.0
simu5g_00000787,2,3,12,1160.0,,15.0
simu5g_00000787,2,3,13,1160.0,,15.0
simu5g_00000787,2,3,14,1160.0,,15.0
simu5g_00000787,2,3,15,1160.0,,15.0
simu5g_00000787,2,3,16,1160.0,,15.0
simu5g_00000787,2,3,17,1160.0,,15.0
simu5g_00000787,2,3,18,1160.0,,15.0
simu5g_00000787,2,3,19,1160.0,,15.0
simu5g_00000787,2,3,20,1160.0,,15.0
simu5g_00000787,2,3,21,1160.0,,15.0
simu5g_00000787,2,3,22,1160.0,,15.0
simu5g_00000787,2,3,23,1160.0,,15.0
simu5g_00000787,2,3,24,1160.0,,15.0
simu5g_00000787,3,4,0,1160.0,,15.0
simu5g_00000787,3,4,1,1160.0,,15.0
simu5g_00000787,3,4,2,1160.0,,15.0
simu5g_00000787,3,4,3,1160.0,,15.0
simu5g_00000787,3,4,4,1160.0,,15.0
simu5g_00000787,3,4,5,1160.0,,15.0
simu5g_00000787,3,4,6,1160.0,,15.0
simu5g_00000787,3,4,7,1160.0,,15.0
simu5g_00000787,3,4,8,1160.0,,15.0
simu5g_00000787,3,4,9,1160.0,,15.0
simu5g_00000787,3,4,10,1160.0,,15.0
simu5g_00000787,3,4,11,1160.0,,15.0
simu5g_00000787,3,4,12,1160.0,,15.0
simu5g_00000787,3,4,13,1160.0,,15.0
simu5g_00000787,3,4,14,1160.0,,15.0
simu5g_00000787,3,4,15,1160.0,,15.0
simu5g_00000787,3,4,16,1160.0,,15.0
simu5g_00000787,3,4,17,1160.0,,15.0
simu5g_00000787,3,4,18,1160.0,,15.0
simu5g_00000787,3,4,19,1160.0,,15.0
simu5g_00000787,3,4,20,1160.0,,15.0
simu5g_00000787,3,4,21,1160.0,,15.0
simu5g_00000787,3,4,22,1160.0,,15.0
simu5g_00000787,3,4,23,1160.0,,15.0
simu5g_00000787,3,4,24,1160.0,,15.0
simu5g_00000787,4,5,0,1160.0,,15.0
simu5g_00000787,4,5,1,984.0,,13.0
simu5g_00000787,4,5,2,1160.0,,15.0
simu5g_00000787,4,5,3,608.0,,9.0
simu5g_00000787,4,5,4,1128.0,,14.0
simu5g_00000787,4,5,5,1160.0,,15.0
simu5g_00000787,4,5,6,1160.0,,15.0
simu5g_00000787,4,5,7,808.0,,11.0
simu5g_00000787,4,5,8,984.0,,13.0
simu5g_00000787,4,5,9,1128.0,,14.0
simu5g_00000787,4,5,10,1128.0,,14.0
simu5g_00000787,4,5,11,1160.0,,15.0
simu5g_00000787,4,5,12,1160.0,,15.0
simu5g_00000787,4,5,13,1128.0,,14.0
simu5g_00000787,4,5,14,1160.0,,15.0
simu5g_00000787,4,5,15,984.0,,13.0
simu5g_00000787,4,5,16,1128.0,,14.0
simu5g_00000787,4,5,17,1128.0,,14.0
simu5g_00000787,4,5,18,1160.0,,15.0
simu5g_00000787,4,5,19,1160.0,,15.0
simu5g_00000787,4,5,20,1128.0,,14.0
simu5g_00000787,4,5,21,984.0,,13.0
simu5g_00000787,4,5,22,1160.0,,15.0
simu5g_00000787,4,5,23,1160.0,,15.0
simu5g_00000787,4,5,24,1128.0,,14.0
simu5g_00000787,5,6,0,1160.0,,15.0
simu5g_00000787,5,6,1,1160.0,,15.0
simu5g_00000787,5,6,2,1160.0,,15.0
simu5g_00000787,5,6,3,1160.0,,15.0
simu5g_00000787,5,6,4,1160.0,,15.0
simu5g_00000787,5,6,5,1160.0,,15.0
simu5g_00000787,5,6,6,1160.0,,15.0
simu5g_00000787,5,6,7,1160.0,,15.0
simu5g_00000787,5,6,8,1160.0,,15.0
simu5g_00000787,5,6,9,1160.0,,15.0
simu5g_00000787,5,6,10,1160.0,,15.0
simu5g_00000787,5,6,11,1160.0,,15.0
simu5g_00000787,5,6,12,1160.0,,15.0
simu5g_00000787,5,6,13,1160.0,,15.0
simu5g_00000787,5,6,14,1160.0,,15.0
simu5g_00000787,5,6,15,1160.0,,15.0
simu5g_00000787,5,6,16,984.0,,13.0
simu5g_00000787,5,6,17,1160.0,,15.0
simu5g_00000787,5,6,18,1160.0,,15.0
simu5g_00000787,5,6,19,1160.0,,15.0
simu5g_00000787,5,6,20,1160.0,,15.0
simu5g_00000787,5,6,21,1128.0,,14.0
simu5g_00000787,5,6,22,1160.0,,15.0
simu5g_00000787,5,6,23,1160.0,,15.0
simu5g_00000787,5,6,24,1160.0,,15.0
simu5g_00000788,6,0,0,1160.0,,15.0
simu5g_00000788,6,0,1,1160.0,,15.0
simu5g_00000788,6,0,2,1160.0,,15.0
simu5g_00000788,6,0,3,984.0,,13.0
simu5g_00000788,6,0,4,1160.0,,15.0
simu5g_00000788,6,0,5,1160.0,,15.0
simu5g_00000788,6,0,6,1160.0,,15.0
simu5g_00000788,6,0,7,1160.0,,15.0
simu5g_00000788,6,0,8,1160.0,,15.0
simu5g_00000788,6,0,9,1160.0,,15.0
simu5g_00000788,6,0,10,1160.0,,15.0
simu5g_00000788,6,0,11,1160.0,,15.0
simu5g_00000788,6,0,12,1160.0,,15.0
simu5g_00000788,6,0,13,1160.0,,15.0
simu5g_00000788,6,0,14,1160.0,,15.0
simu5g_00000788,6,0,15,1160.0,,15.0
simu5g_00000788,6,0,16,1128.0,,14.0
simu5g_00000788,6,0,17,1160.0,,15.0
simu5g_00000788,6,0,18,1160.0,,15.0
simu5g_00000788,6,0,19,1160.0,,15.0
simu5g_00000788,6,0,20,1160.0,,15.0
simu5g_00000788,6,0,21,1160.0,,15.0
simu5g_00000788,6,0,22,1160.0,,15.0
simu5g_00000788,6,0,23,1160.0,,15.0
simu5g_00000788,6,0,24,1160.0,,15.0
simu5g_00000788,7,1,0,1128.0,,14.0
simu5g_00000788,7,1,1,1160.0,,15.0
simu5g_00000788,7,1,2,1128.0,,14.0
simu5g_00000788,7,1,3,608.0,,9.0
simu5g_00000788,7,1,4,888.0,,12.0
simu5g_00000788,7,1,5,1160.0,,15.0
simu5g_00000788,7,1,6,984.0,,13.0
simu5g_00000788,7,1,7,1160.0,,15.0
simu5g_00000788,7,1,8,1160.0,,15.0
simu5g_00000788,7,1,9,1128.0,,14.0
simu5g_00000788,7,1,10,1128.0,,14.0
simu5g_00000788,7,1,11,1128.0,,14.0
simu5g_00000788,7,1,12,1160.0,,15.0
simu5g_00000788,7,1,13,1160.0,,15.0
simu5g_00000788,7,1,14,984.0,,13.0
simu5g_00000788,7,1,15,1128.0,,14.0
simu5g_00000788,7,1,16,1128.0,,14.0
simu5g_00000788,7,1,17,608.0,,9.0
simu5g_00000788,7,1,18,1160.0,,15.0
simu5g_00000788,7,1,19,1128.0,,14.0
simu5g_00000788,7,1,20,984.0,,13.0
simu5g_00000788,7,1,21,1128.0,,14.0
simu5g_00000788,7,1,22,1160.0,,15.0
simu5g_00000788,7,1,23,1160.0,,15.0
simu5g_00000788,7,1,24,1160.0,,15.0
simu5g_00000789,0,0,0,1160.0,,15.0
simu5g_00000789,0,0,1,808.0,,11.0
simu5g_00000789,0,0,2,1160.0,,15.0
simu5g_00000789,0,0,3,1128.0,,14.0
simu5g_00000789,0,0,4,1160.0,,15.0
simu5g_00000789,0,0,5,1128.0,,14.0
simu5g_00000789,0,0,6,1160.0,,15.0
simu5g_00000789,0,0,7,1160.0,,15.0
simu5g_00000789,0,0,8,984.0,,13.0
simu5g_00000789,0,0,9,1160.0,,15.0
simu5g_00000789,0,0,10,1160.0,,15.0
simu5g_00000789,0,0,11,1160.0,,15.0
simu5g_00000789,0,0,12,1160.0,,15.0
simu5g_00000789,0,0,13,1160.0,,15.0
simu5g_00000789,0,0,14,1160.0,,15.0
simu5g_00000789,0,0,15,1160.0,,15.0
simu5g_00000789,0,0,16,1160.0,,15.0
simu5g_00000789,0,0,17,1160.0,,15.0
simu5g_00000789,0,0,18,1160.0,,15.0
simu5g_00000789,0,0,19,1160.0,,15.0
simu5g_00000789,0,0,20,1160.0,,15.0
simu5g_00000789,0,0,21,1128.0,,14.0
simu5g_00000789,0,0,22,1160.0,,15.0
simu5g_00000789,0,0,23,1160.0,,15.0
simu5g_00000789,0,0,24,1128.0,,14.0
simu5g_00000789,1,1,0,1160.0,,15.0
simu5g_00000789,1,1,1,1160.0,,15.0
simu5g_00000789,1,1,2,1160.0,,15.0
simu5g_00000789,1,1,3,1160.0,,15.0
simu5g_00000789,1,1,4,1160.0,,15.0
simu5g_00000789,1,1,5,1160.0,,15.0
simu5g_00000789,1,1,6,1160.0,,15.0
simu5g_00000789,1,1,7,1160.0,,15.0
simu5g_00000789,1,1,8,1128.0,,14.0
simu5g_00000789,1,1,9,1160.0,,15.0
simu5g_00000789,1,1,10,1160.0,,15.0
simu5g_00000789,1,1,11,1160.0,,15.0
simu5g_00000789,1,1,12,1160.0,,15.0
simu5g_00000789,1,1,13,1160.0,,15.0
simu5g_00000789,1,1,14,1160.0,,15.0
simu5g_00000789,1,1,15,1160.0,,15.0
simu5g_00000789,1,1,16,1160.0,,15.0
simu5g_00000789,1,1,17,1160.0,,15.0
simu5g_00000789,1,1,18,1160.0,,15.0
simu5g_00000789,1,1,19,1160.0,,15.0
simu5g_00000789,1,1,20,1160.0,,15.0
simu5g_00000789,1,1,21,1128.0,,14.0
simu5g_00000789,1,1,22,1160.0,,15.0
simu5g_00000789,1,1,23,1160.0,,15.0
simu5g_00000789,1,1,24,1160.0,,15.0
simu5g_00000789,15,2,0,1160.0,,15.0
simu5g_00000789,15,2,1,1160.0,,15.0
simu5g_00000789,15,2,2,1160.0,,15.0
simu5g_00000789,15,2,3,1160.0,,15.0
simu5g_00000789,15,2,4,1128.0,,14.0
simu5g_00000789,15,2,5,984.0,,13.0
simu5g_00000789,15,2,6,1160.0,,15.0
simu5g_00000789,15,2,7,1160.0,,15.0
simu5g_00000789,15,2,8,1160.0,,15.0
simu5g_00000789,15,2,9,1160.0,,15.0
simu5g_00000789,15,2,10,1160.0,,15.0
simu5g_00000789,15,2,11,1160.0,,15.0
simu5g_00000789,15,2,12,1128.0,,14.0
simu5g_00000789,15,2,13,1160.0,,15.0
simu5g_00000789,15,2,14,1160.0,,15.0
simu5g_00000789,15,2,15,1128.0,,14.0
simu5g_00000789,15,2,16,1160.0,,15.0
simu5g_00000789,15,2,17,1160.0,,15.0
simu5g_00000789,15,2,18,1160.0,,15.0
simu5g_00000789,15,2,19,1160.0,,15.0
simu5g_00000789,15,2,20,1160.0,,15.0
simu5g_00000789,15,2,21,1160.0,,15.0
simu5g_00000789,15,2,22,1160.0,,15.0
simu5g_00000789,15,2,23,1160.0,,15.0
simu5g_00000789,15,2,24,1160.0,,15.0
simu5g_00000789,2,3,0,1160.0,,15.0
simu5g_00000789,2,3,1,1160.0,,15.0
simu5g_00000789,2,3,2,1160.0,,15.0
simu5g_00000789,2,3,3,1160.0,,15.0
simu5g_00000789,2,3,4,1160.0,,15.0
simu5g_00000789,2,3,5,1128.0,,14.0
simu5g_00000789,2,3,6,1160.0,,15.0
simu5g_00000789,2,3,7,888.0,,12.0
simu5g_00000789,2,3,8,1160.0,,15.0
simu5g_00000789,2,3,9,1160.0,,15.0
simu5g_00000789,2,3,10,1160.0,,15.0
simu5g_00000789,2,3,11,984.0,,13.0
simu5g_00000789,2,3,12,1128.0,,14.0
simu5g_00000789,2,3,13,1160.0,,15.0
simu5g_00000789,2,3,14,1160.0,,15.0
simu5g_00000789,2,3,15,1160.0,,15.0
simu5g_00000789,2,3,16,1128.0,,14.0
simu5g_00000789,2,3,17,1160.0,,15.0
simu5g_00000789,2,3,18,1160.0,,15.0
simu5g_00000789,2,3,19,1160.0,,15.0
simu5g_00000789,2,3,20,1160.0,,15.0
simu5g_00000789,2,3,21,1128.0,,14.0
simu5g_00000789,2,3,22,1128.0,,14.0
simu5g_00000789,2,3,23,1160.0,,15.0
simu5g_00000789,2,3,24,1128.0,,14.0
simu5g_00000789,3,4,0,1160.0,,15.0
simu5g_00000789,3,4,1,1160.0,,15.0
simu5g_00000789,3,4,2,1160.0,,15.0
simu5g_00000789,3,4,3,1160.0,,15.0
simu5g_00000789,3,4,4,1160.0,,15.0
simu5g_00000789,3,4,5,1160.0,,15.0
simu5g_00000789,3,4,6,1160.0,,15.0
simu5g_00000789,3,4,7,1160.0,,15.0
simu5g_00000789,3,4,8,1160.0,,15.0
simu5g_00000789,3,4,9,1160.0,,15.0
simu5g_00000789,3,4,10,1160.0,,15.0
simu5g_00000789,3,4,11,1160.0,,15.0
simu5g_00000789,3,4,12,1160.0,,15.0
simu5g_00000789,3,4,13,1160.0,,15.0
simu5g_00000789,3,4,14,1160.0,,15.0
simu5g_00000789,3,4,15,1160.0,,15.0
simu5g_00000789,3,4,16,1160.0,,15.0
simu5g_00000789,3,4,17,1160.0,,15.0
simu5g_00000789,3,4,18,1160.0,,15.0
simu5g_00000789,3,4,19,1160.0,,15.0
simu5g_00000789,3,4,20,1160.0,,15.0
simu5g_00000789,3,4,21,1160.0,,15.0
simu5g_00000789,3,4,22,1160.0,,15.0
simu5g_00000789,3,4,23,1160.0,,15.0
simu5g_00000789,3,4,24,1160.0,,15.0
simu5g_00000789,4,5,0,1160.0,,15.0
simu5g_00000789,4,5,1,984.0,,13.0
simu5g_00000789,4,5,2,1160.0,,15.0
simu5g_00000789,4,5,3,608.0,,9.0
simu5g_00000789,4,5,4,1128.0,,14.0
simu5g_00000789,4,5,5,1160.0,,15.0
simu5g_00000789,4,5,6,1160.0,,15.0
simu5g_00000789,4,5,7,808.0,,11.0
simu5g_00000789,4,5,8,984.0,,13.0
simu5g_00000789,4,5,9,1128.0,,14.0
simu5g_00000789,4,5,10,1128.0,,14.0
simu5g_00000789,4,5,11,1160.0,,15.0
simu5g_00000789,4,5,12,1160.0,,15.0
simu5g_00000789,4,5,13,1128.0,,14.0
simu5g_00000789,4,5,14,1160.0,,15.0
simu5g_00000789,4,5,15,984.0,,13.0
simu5g_00000789,4,5,16,1128.0,,14.0
simu5g_00000789,4,5,17,1128.0,,14.0
simu5g_00000789,4,5,18,1160.0,,15.0
simu5g_00000789,4,5,19,1160.0,,15.0
simu5g_00000789,4,5,20,1128.0,,14.0
simu5g_00000789,4,5,21,984.0,,13.0
simu5g_00000789,4,5,22,1160.0,,15.0
simu5g_00000789,4,5,23,1160.0,,15.0
simu5g_00000789,4,5,24,1128.0,,14.0
simu5g_00000789,5,6,0,1160.0,,15.0
simu5g_00000789,5,6,1,1160.0,,15.0
simu5g_00000789,5,6,2,1160.0,,15.0
simu5g_00000789,5,6,3,1160.0,,15.0
simu5g_00000789,5,6,4,1160.0,,15.0
simu5g_00000789,5,6,5,1160.0,,15.0
simu5g_00000789,5,6,6,1160.0,,15.0
simu5g_00000789,5,6,7,1160.0,,15.0
simu5g_00000789,5,6,8,1160.0,,15.0
simu5g_00000789,5,6,9,1160.0,,15.0
simu5g_00000789,5,6,10,1160.0,,15.0
simu5g_00000789,5,6,11,1160.0,,15.0
simu5g_00000789,5,6,12,1160.0,,15.0
simu5g_00000789,5,6,13,1160.0,,15.0
simu5g_00000789,5,6,14,1160.0,,15.0
simu5g_00000789,5,6,15,1160.0,,15.0
simu5g_00000789,5,6,16,984.0,,13.0
simu5g_00000789,5,6,17,1160.0,,15.0
simu5g_00000789,5,6,18,1160.0,,15.0
simu5g_00000789,5,6,19,1160.0,,15.0
simu5g_00000789,5,6,20,1160.0,,15.0
simu5g_00000789,5,6,21,1128.0,,14.0
simu5g_00000789,5,6,22,1160.0,,15.0
simu5g_00000789,5,6,23,1160.0,,15.0
simu5g_00000789,5,6,24,1160.0,,15.0
simu5g_00000790,6,0,0,1160.0,,15.0
simu5g_00000790,6,0,1,1160.0,,15.0
simu5g_00000790,6,0,2,1160.0,,15.0
simu5g_00000790,6,0,3,984.0,,13.0
simu5g_00000790,6,0,4,1160.0,,15.0
simu5g_00000790,6,0,5,1160.0,,15.0
simu5g_00000790,6,0,6,1160.0,,15.0
simu5g_00000790,6,0,7,1160.0,,15.0
simu5g_00000790,6,0,8,1160.0,,15.0
simu5g_00000790,6,0,9,1160.0,,15.0
simu5g_00000790,6,0,10,1160.0,,15.0
simu5g_00000790,6,0,11,1160.0,,15.0
simu5g_00000790,6,0,12,1160.0,,15.0
simu5g_00000790,6,0,13,1160.0,,15.0
simu5g_00000790,6,0,14,1160.0,,15.0
simu5g_00000790,6,0,15,1160.0,,15.0
simu5g_00000790,6,0,16,1128.0,,14.0
simu5g_00000790,6,0,17,1160.0,,15.0
simu5g_00000790,6,0,18,1160.0,,15.0
simu5g_00000790,6,0,19,1160.0,,15.0
simu5g_00000790,6,0,20,1160.0,,15.0
simu5g_00000790,6,0,21,1160.0,,15.0
simu5g_00000790,6,0,22,1160.0,,15.0
simu5g_00000790,6,0,23,1160.0,,15.0
simu5g_00000790,6,0,24,1160.0,,15.0
simu5g_00000790,7,1,0,1128.0,,14.0
simu5g_00000790,7,1,1,1160.0,,15.0
simu5g_00000790,7,1,2,1128.0,,14.0
simu5g_00000790,7,1,3,432.0,,7.0
simu5g_00000790,7,1,4,808.0,,11.0
simu5g_00000790,7,1,5,1160.0,,15.0
simu5g_00000790,7,1,6,888.0,,12.0
simu5g_00000790,7,1,7,1160.0,,15.0
simu5g_00000790,7,1,8,1160.0,,15.0
simu5g_00000790,7,1,9,984.0,,13.0
simu5g_00000790,7,1,10,984.0,,13.0
simu5g_00000790,7,1,11,984.0,,13.0
simu5g_00000790,7,1,12,1128.0,,14.0
simu5g_00000790,7,1,13,1160.0,,15.0
simu5g_00000790,7,1,14,984.0,,13.0
simu5g_00000790,7,1,15,1128.0,,14.0
simu5g_00000790,7,1,16,984.0,,13.0
simu5g_00000790,7,1,17,432.0,,7.0
simu5g_00000790,7,1,18,1160.0,,15.0
simu5g_00000790,7,1,19,984.0,,13.0
simu5g_00000790,7,1,20,888.0,,12.0
simu5g_00000790,7,1,21,984.0,,13.0
simu5g_00000790,7,1,22,1128.0,,14.0
simu5g_00000790,7,1,23,1160.0,,15.0
simu5g_00000790,7,1,24,1128.0,,14.0
simu5g_00000791,0,0,0,1160.0,,15.0
simu5g_00000791,0,0,1,808.0,,11.0
simu5g_00000791,0,0,2,1160.0,,15.0
simu5g_00000791,0,0,3,1128.0,,14.0
simu5g_00000791,0,0,4,1160.0,,15.0
simu5g_00000791,0,0,5,1128.0,,14.0
simu5g_00000791,0,0,6,1160.0,,15.0
simu5g_00000791,0,0,7,1160.0,,15.0
simu5g_00000791,0,0,8,984.0,,13.0
simu5g_00000791,0,0,9,1160.0,,15.0
simu5g_00000791,0,0,10,1160.0,,15.0
simu5g_00000791,0,0,11,1160.0,,15.0
simu5g_00000791,0,0,12,1160.0,,15.0
simu5g_00000791,0,0,13,1160.0,,15.0
simu5g_00000791,0,0,14,1160.0,,15.0
simu5g_00000791,0,0,15,1160.0,,15.0
simu5g_00000791,0,0,16,1160.0,,15.0
simu5g_00000791,0,0,17,1160.0,,15.0
simu5g_00000791,0,0,18,1160.0,,15.0
simu5g_00000791,0,0,19,1160.0,,15.0
simu5g_00000791,0,0,20,1160.0,,15.0
simu5g_00000791,0,0,21,1128.0,,14.0
simu5g_00000791,0,0,22,1160.0,,15.0
simu5g_00000791,0,0,23,1160.0,,15.0
simu5g_00000791,0,0,24,1128.0,,14.0
simu5g_00000791,1,1,0,1160.0,,15.0
simu5g_00000791,1,1,1,1160.0,,15.0
simu5g_00000791,1,1,2,1160.0,,15.0
simu5g_00000791,1,1,3,1160.0,,15.0
simu5g_00000791,1,1,4,1160.0,,15.0
simu5g_00000791,1,1,5,1160.0,,15.0
simu5g_00000791,1,1,6,1160.0,,15.0
simu5g_00000791,1,1,7,1160.0,,15.0
simu5g_00000791,1,1,8,1128.0,,14.0
simu5g_00000791,1,1,9,1160.0,,15.0
simu5g_00000791,1,1,10,1160.0,,15.0
simu5g_00000791,1,1,11,1160.0,,15.0
simu5g_00000791,1,1,12,1160.0,,15.0
simu5g_00000791,1,1,13,1160.0,,15.0
simu5g_00000791,1,1,14,1160.0,,15.0
simu5g_00000791,1,1,15,1160.0,,15.0
simu5g_00000791,1,1,16,1160.0,,15.0
simu5g_00000791,1,1,17,1160.0,,15.0
simu5g_00000791,1,1,18,1160.0,,15.0
simu5g_00000791,1,1,19,1160.0,,15.0
simu5g_00000791,1,1,20,1160.0,,15.0
simu5g_00000791,1,1,21,1128.0,,14.0
simu5g_00000791,1,1,22,1160.0,,15.0
simu5g_00000791,1,1,23,1160.0,,15.0
simu5g_00000791,1,1,24,1160.0,,15.0
simu5g_00000791,15,2,0,1160.0,,15.0
simu5g_00000791,15,2,1,1160.0,,15.0
simu5g_00000791,15,2,2,1160.0,,15.0
simu5g_00000791,15,2,3,1160.0,,15.0
simu5g_00000791,15,2,4,1128.0,,14.0
simu5g_00000791,15,2,5,984.0,,13.0
simu5g_00000791,15,2,6,1160.0,,15.0
simu5g_00000791,15,2,7,1160.0,,15.0
simu5g_00000791,15,2,8,1160.0,,15.0
simu5g_00000791,15,2,9,1160.0,,15.0
simu5g_00000791,15,2,10,1160.0,,15.0
simu5g_00000791,15,2,11,1160.0,,15.0
simu5g_00000791,15,2,12,1128.0,,14.0
simu5g_00000791,15,2,13,1160.0,,15.0
simu5g_00000791,15,2,14,1160.0,,15.0
simu5g_00000791,15,2,15,1128.0,,14.0
simu5g_00000791,15,2,16,1160.0,,15.0
simu5g_00000791,15,2,17,1160.0,,15.0
simu5g_00000791,15,2,18,1160.0,,15.0
simu5g_00000791,15,2,19,1160.0,,15.0
simu5g_00000791,15,2,20,1160.0,,15.0
simu5g_00000791,15,2,21,1160.0,,15.0
simu5g_00000791,15,2,22,1160.0,,15.0
simu5g_00000791,15,2,23,1160.0,,15.0
simu5g_00000791,15,2,24,1160.0,,15.0
simu5g_00000791,2,3,0,1160.0,,15.0
simu5g_00000791,2,3,1,1160.0,,15.0
simu5g_00000791,2,3,2,1160.0,,15.0
simu5g_00000791,2,3,3,1160.0,,15.0
simu5g_00000791,2,3,4,1160.0,,15.0
simu5g_00000791,2,3,5,1128.0,,14.0
simu5g_00000791,2,3,6,1160.0,,15.0
simu5g_00000791,2,3,7,888.0,,12.0
simu5g_00000791,2,3,8,1160.0,,15.0
simu5g_00000791,2,3,9,1160.0,,15.0
simu5g_00000791,2,3,10,1160.0,,15.0
simu5g_00000791,2,3,11,984.0,,13.0
simu5g_00000791,2,3,12,1128.0,,14.0
simu5g_00000791,2,3,13,1160.0,,15.0
simu5g_00000791,2,3,14,1160.0,,15.0
simu5g_00000791,2,3,15,1160.0,,15.0
simu5g_00000791,2,3,16,1128.0,,14.0
simu5g_00000791,2,3,17,1160.0,,15.0
simu5g_00000791,2,3,18,1160.0,,15.0
simu5g_00000791,2,3,19,1160.0,,15.0
simu5g_00000791,2,3,20,1160.0,,15.0
simu5g_00000791,2,3,21,1128.0,,14.0
simu5g_00000791,2,3,22,1128.0,,14.0
simu5g_00000791,2,3,23,1160.0,,15.0
simu5g_00000791,2,3,24,1128.0,,14.0
simu5g_00000791,3,4,0,1160.0,,15.0
simu5g_00000791,3,4,1,1160.0,,15.0
simu5g_00000791,3,4,2,1160.0,,15.0
simu5g_00000791,3,4,3,1160.0,,15.0
simu5g_00000791,3,4,4,1160.0,,15.0
simu5g_00000791,3,4,5,1160.0,,15.0
simu5g_00000791,3,4,6,1160.0,,15.0
simu5g_00000791,3,4,7,1160.0,,15.0
simu5g_00000791,3,4,8,1160.0,,15.0
simu5g_00000791,3,4,9,1160.0,,15.0
simu5g_00000791,3,4,10,1160.0,,15.0
simu5g_00000791,3,4,11,1160.0,,15.0
simu5g_00000791,3,4,12,1160.0,,15.0
simu5g_00000791,3,4,13,1160.0,,15.0
simu5g_00000791,3,4,14,1160.0,,15.0
simu5g_00000791,3,4,15,1160.0,,15.0
simu5g_00000791,3,4,16,1160.0,,15.0
simu5g_00000791,3,4,17,1160.0,,15.0
simu5g_00000791,3,4,18,1160.0,,15.0
simu5g_00000791,3,4,19,1160.0,,15.0
simu5g_00000791,3,4,20,1160.0,,15.0
simu5g_00000791,3,4,21,1160.0,,15.0
simu5g_00000791,3,4,22,1160.0,,15.0
simu5g_00000791,3,4,23,1160.0,,15.0
simu5g_00000791,3,4,24,1160.0,,15.0
simu5g_00000791,4,5,0,1160.0,,15.0
simu5g_00000791,4,5,1,984.0,,13.0
simu5g_00000791,4,5,2,1160.0,,15.0
simu5g_00000791,4,5,3,608.0,,9.0
simu5g_00000791,4,5,4,1128.0,,14.0
simu5g_00000791,4,5,5,1160.0,,15.0
simu5g_00000791,4,5,6,1160.0,,15.0
simu5g_00000791,4,5,7,808.0,,11.0
simu5g_00000791,4,5,8,984.0,,13.0
simu5g_00000791,4,5,9,1128.0,,14.0
simu5g_00000791,4,5,10,1128.0,,14.0
simu5g_00000791,4,5,11,1160.0,,15.0
simu5g_00000791,4,5,12,1160.0,,15.0
simu5g_00000791,4,5,13,1128.0,,14.0
simu5g_00000791,4,5,14,1160.0,,15.0
simu5g_00000791,4,5,15,984.0,,13.0
simu5g_00000791,4,5,16,1128.0,,14.0
simu5g_00000791,4,5,17,1128.0,,14.0
simu5g_00000791,4,5,18,1160.0,,15.0
simu5g_00000791,4,5,19,1160.0,,15.0
simu5g_00000791,4,5,20,1128.0,,14.0
simu5g_00000791,4,5,21,984.0,,13.0
simu5g_00000791,4,5,22,1160.0,,15.0
simu5g_00000791,4,5,23,1160.0,,15.0
simu5g_00000791,4,5,24,1128.0,,14.0
simu5g_00000791,5,6,0,1160.0,,15.0
simu5g_00000791,5,6,1,1160.0,,15.0
simu5g_00000791,5,6,2,1160.0,,15.0
simu5g_00000791,5,6,3,1160.0,,15.0
simu5g_00000791,5,6,4,1160.0,,15.0
simu5g_00000791,5,6,5,1160.0,,15.0
simu5g_00000791,5,6,6,1160.0,,15.0
simu5g_00000791,5,6,7,1160.0,,15.0
simu5g_00000791,5,6,8,1160.0,,15.0
simu5g_00000791,5,6,9,1160.0,,15.0
simu5g_00000791,5,6,10,1160.0,,15.0
simu5g_00000791,5,6,11,1160.0,,15.0
simu5g_00000791,5,6,12,1160.0,,15.0
simu5g_00000791,5,6,13,1160.0,,15.0
simu5g_00000791,5,6,14,1128.0,,14.0
simu5g_00000791,5,6,15,1160.0,,15.0
simu5g_00000791,5,6,16,984.0,,13.0
simu5g_00000791,5,6,17,1160.0,,15.0
simu5g_00000791,5,6,18,1160.0,,15.0
simu5g_00000791,5,6,19,1160.0,,15.0
simu5g_00000791,5,6,20,1160.0,,15.0
simu5g_00000791,5,6,21,1128.0,,14.0
simu5g_00000791,5,6,22,1160.0,,15.0
simu5g_00000791,5,6,23,1160.0,,15.0
simu5g_00000791,5,6,24,1160.0,,15.0
simu5g_00000792,6,0,0,1160.0,,15.0
simu5g_00000792,6,0,1,1128.0,,14.0
simu5g_00000792,6,0,2,1160.0,,15.0
simu5g_00000792,6,0,3,608.0,,9.0
simu5g_00000792,6,0,4,1128.0,,14.0
simu5g_00000792,6,0,5,1128.0,,14.0
simu5g_00000792,6,0,6,1160.0,,15.0
simu5g_00000792,6,0,7,1128.0,,14.0
simu5g_00000792,6,0,8,1160.0,,15.0
simu5g_00000792,6,0,9,984.0,,13.0
simu5g_00000792,6,0,10,984.0,,13.0
simu5g_00000792,6,0,11,1128.0,,14.0
simu5g_00000792,6,0,12,1160.0,,15.0
simu5g_00000792,6,0,13,1128.0,,14.0
simu5g_00000792,6,0,14,1160.0,,15.0
simu5g_00000792,6,0,15,1160.0,,15.0
simu5g_00000792,6,0,16,888.0,,12.0
simu5g_00000792,6,0,17,1160.0,,15.0
simu5g_00000792,6,0,18,1160.0,,15.0
simu5g_00000792,6,0,19,1128.0,,14.0
simu5g_00000792,6,0,20,1160.0,,15.0
simu5g_00000792,6,0,21,1160.0,,15.0
simu5g_00000792,6,0,22,1160.0,,15.0
simu5g_00000792,6,0,23,1160.0,,15.0
simu5g_00000792,6,0,24,1160.0,,15.0
simu5g_00000792,7,1,0,1128.0,,14.0
simu5g_00000792,7,1,1,1160.0,,15.0
simu5g_00000792,7,1,2,1128.0,,14.0
simu5g_00000792,7,1,3,432.0,,7.0
simu5g_00000792,7,1,4,808.0,,11.0
simu5g_00000792,7,1,5,1160.0,,15.0
simu5g_00000792,7,1,6,888.0,,12.0
simu5g_00000792,7,1,7,1160.0,,15.0
simu5g_00000792,7,1,8,1160.0,,15.0
simu5g_00000792,7,1,9,984.0,,13.0
simu5g_00000792,7,1,10,984.0,,13.0
simu5g_00000792,7,1,11,984.0,,13.0
simu5g_00000792,7,1,12,1160.0,,15.0
simu5g_00000792,7,1,13,1160.0,,15.0
simu5g_00000792,7,1,14,984.0,,13.0
simu5g_00000792,7,1,15,1128.0,,14.0
simu5g_00000792,7,1,16,984.0,,13.0
simu5g_00000792,7,1,17,432.0,,7.0
simu5g_00000792,7,1,18,1160.0,,15.0
simu5g_00000792,7,1,19,984.0,,13.0
simu5g_00000792,7,1,20,888.0,,12.0
simu5g_00000792,7,1,21,984.0,,13.0
simu5g_00000792,7,1,22,1128.0,,14.0
simu5g_00000792,7,1,23,1160.0,,15.0
simu5g_00000792,7,1,24,1128.0,,14.0
simu5g_00000793,0,0,0,1160.0,,15.0
simu5g_00000793,0,0,1,808.0,,11.0
simu5g_00000793,0,0,2,1160.0,,15.0
simu5g_00000793,0,0,3,1128.0,,14.0
simu5g_00000793,0,0,4,1160.0,,15.0
simu5g_00000793,0,0,5,1128.0,,14.0
simu5g_00000793,0,0,6,1160.0,,15.0
simu5g_00000793,0,0,7,1160.0,,15.0
simu5g_00000793,0,0,8,984.0,,13.0
simu5g_00000793,0,0,9,1160.0,,15.0
simu5g_00000793,0,0,10,1160.0,,15.0
simu5g_00000793,0,0,11,1160.0,,15.0
simu5g_00000793,0,0,12,1160.0,,15.0
simu5g_00000793,0,0,13,1160.0,,15.0
simu5g_00000793,0,0,14,1160.0,,15.0
simu5g_00000793,0,0,15,1160.0,,15.0
simu5g_00000793,0,0,16,1160.0,,15.0
simu5g_00000793,0,0,17,1160.0,,15.0
simu5g_00000793,0,0,18,1160.0,,15.0
simu5g_00000793,0,0,19,1160.0,,15.0
simu5g_00000793,0,0,20,1160.0,,15.0
simu5g_00000793,0,0,21,1128.0,,14.0
simu5g_00000793,0,0,22,1160.0,,15.0
simu5g_00000793,0,0,23,1160.0,,15.0
simu5g_00000793,0,0,24,1128.0,,14.0
simu5g_00000793,1,1,0,1160.0,,15.0
simu5g_00000793,1,1,1,1160.0,,15.0
simu5g_00000793,1,1,2,1160.0,,15.0
simu5g_00000793,1,1,3,1160.0,,15.0
simu5g_00000793,1,1,4,1160.0,,15.0
simu5g_00000793,1,1,5,1160.0,,15.0
simu5g_00000793,1,1,6,1160.0,,15.0
simu5g_00000793,1,1,7,1160.0,,15.0
simu5g_00000793,1,1,8,1128.0,,14.0
simu5g_00000793,1,1,9,1160.0,,15.0
simu5g_00000793,1,1,10,1160.0,,15.0
simu5g_00000793,1,1,11,1160.0,,15.0
simu5g_00000793,1,1,12,1160.0,,15.0
simu5g_00000793,1,1,13,1160.0,,15.0
simu5g_00000793,1,1,14,1160.0,,15.0
simu5g_00000793,1,1,15,1160.0,,15.0
simu5g_00000793,1,1,16,1160.0,,15.0
simu5g_00000793,1,1,17,1160.0,,15.0
simu5g_00000793,1,1,18,1160.0,,15.0
simu5g_00000793,1,1,19,1160.0,,15.0
simu5g_00000793,1,1,20,1160.0,,15.0
simu5g_00000793,1,1,21,1128.0,,14.0
simu5g_00000793,1,1,22,1160.0,,15.0
simu5g_00000793,1,1,23,1160.0,,15.0
simu5g_00000793,1,1,24,1160.0,,15.0
simu5g_00000793,15,2,0,1128.0,,14.0
simu5g_00000793,15,2,1,1128.0,,14.0
simu5g_00000793,15,2,2,1160.0,,15.0
simu5g_00000793,15,2,3,1160.0,,15.0
simu5g_00000793,15,2,4,1128.0,,14.0
simu5g_00000793,15,2,5,808.0,,11.0
simu5g_00000793,15,2,6,1160.0,,15.0
simu5g_00000793,15,2,7,1128.0,,14.0
simu5g_00000793,15,2,8,1160.0,,15.0
simu5g_00000793,15,2,9,1160.0,,15.0
simu5g_00000793,15,2,10,1160.0,,15.0
simu5g_00000793,15,2,11,1160.0,,15.0
simu5g_00000793,15,2,12,984.0,,13.0
simu5g_00000793,15,2,13,1160.0,,15.0
simu5g_00000793,15,2,14,1128.0,,14.0
simu5g_00000793,15,2,15,1128.0,,14.0
simu5g_00000793,15,2,16,1160.0,,15.0
simu5g_00000793,15,2,17,1160.0,,15.0
simu5g_00000793,15,2,18,1160.0,,15.0
simu5g_00000793,15,2,19,1160.0,,15.0
simu5g_00000793,15,2,20,1160.0,,15.0
simu5g_00000793,15,2,21,1160.0,,15.0
simu5g_00000793,15,2,22,1160.0,,15.0
simu5g_00000793,15,2,23,1160.0,,15.0
simu5g_00000793,15,2,24,1160.0,,15.0
simu5g_00000793,2,3,0,1160.0,,15.0
simu5g_00000793,2,3,1,1160.0,,15.0
simu5g_00000793,2,3,2,1160.0,,15.0
simu5g_00000793,2,3,3,1160.0,,15.0
simu5g_00000793,2,3,4,1160.0,,15.0
simu5g_00000793,2,3,5,1160.0,,15.0
simu5g_00000793,2,3,6,1160.0,,15.0
simu5g_00000793,2,3,7,1160.0,,15.0
simu5g_00000793,2,3,8,1160.0,,15.0
simu5g_00000793,2,3,9,1160.0,,15.0
simu5g_00000793,2,3,10,1160.0,,15.0
simu5g_00000793,2,3,11,1160.0,,15.0
simu5g_00000793,2,3,12,1160.0,,15.0
simu5g_00000793,2,3,13,1160.0,,15.0
simu5g_00000793,2,3,14,1160.0,,15.0
simu5g_00000793,2,3,15,1160.0,,15.0
simu5g_00000793,2,3,16,1160.0,,15.0
simu5g_00000793,2,3,17,1160.0,,15.0
simu5g_00000793,2,3,18,1160.0,,15.0
simu5g_00000793,2,3,19,1160.0,,15.0
simu5g_00000793,2,3,20,1160.0,,15.0
simu5g_00000793,2,3,21,1160.0,,15.0
simu5g_00000793,2,3,22,1160.0,,15.0
simu5g_00000793,2,3,23,1160.0,,15.0
simu5g_00000793,2,3,24,1160.0,,15.0
simu5g_00000793,3,4,0,1160.0,,15.0
simu5g_00000793,3,4,1,1160.0,,15.0
simu5g_00000793,3,4,2,1160.0,,15.0
simu5g_00000793,3,4,3,1160.0,,15.0
simu5g_00000793,3,4,4,1160.0,,15.0
simu5g_00000793,3,4,5,1160.0,,15.0
simu5g_00000793,3,4,6,1160.0,,15.0
simu5g_00000793,3,4,7,1160.0,,15.0
simu5g_00000793,3,4,8,1160.0,,15.0
simu5g_00000793,3,4,9,1160.0,,15.0
simu5g_00000793,3,4,10,1160.0,,15.0
simu5g_00000793,3,4,11,1160.0,,15.0
simu5g_00000793,3,4,12,1160.0,,15.0
simu5g_00000793,3,4,13,1160.0,,15.0
simu5g_00000793,3,4,14,1160.0,,15.0
simu5g_00000793,3,4,15,1160.0,,15.0
simu5g_00000793,3,4,16,1160.0,,15.0
simu5g_00000793,3,4,17,1160.0,,15.0
simu5g_00000793,3,4,18,1160.0,,15.0
simu5g_00000793,3,4,19,1160.0,,15.0
simu5g_00000793,3,4,20,1160.0,,15.0
simu5g_00000793,3,4,21,1160.0,,15.0
simu5g_00000793,3,4,22,1160.0,,15.0
simu5g_00000793,3,4,23,1160.0,,15.0
simu5g_00000793,3,4,24,1160.0,,15.0
simu5g_00000793,4,5,0,1160.0,,15.0
simu5g_00000793,4,5,1,984.0,,13.0
simu5g_00000793,4,5,2,1160.0,,15.0
simu5g_00000793,4,5,3,608.0,,9.0
simu5g_00000793,4,5,4,1128.0,,14.0
simu5g_00000793,4,5,5,1160.0,,15.0
simu5g_00000793,4,5,6,1160.0,,15.0
simu5g_00000793,4,5,7,808.0,,11.0
simu5g_00000793,4,5,8,984.0,,13.0
simu5g_00000793,4,5,9,1128.0,,14.0
simu5g_00000793,4,5,10,1128.0,,14.0
simu5g_00000793,4,5,11,1160.0,,15.0
simu5g_00000793,4,5,12,1160.0,,15.0
simu5g_00000793,4,5,13,1128.0,,14.0
simu5g_00000793,4,5,14,1160.0,,15.0
simu5g_00000793,4,5,15,984.0,,13.0
simu5g_00000793,4,5,16,1128.0,,14.0
simu5g_00000793,4,5,17,1128.0,,14.0
simu5g_00000793,4,5,18,1160.0,,15.0
simu5g_00000793,4,5,19,1160.0,,15.0
simu5g_00000793,4,5,20,1128.0,,14.0
simu5g_00000793,4,5,21,984.0,,13.0
simu5g_00000793,4,5,22,1160.0,,15.0
simu5g_00000793,4,5,23,1160.0,,15.0
simu5g_00000793,4,5,24,1128.0,,14.0
simu5g_00000793,5,6,0,1160.0,,15.0
simu5g_00000793,5,6,1,1160.0,,15.0
simu5g_00000793,5,6,2,1160.0,,15.0
simu5g_00000793,5,6,3,1160.0,,15.0
simu5g_00000793,5,6,4,1160.0,,15.0
simu5g_00000793,5,6,5,1160.0,,15.0
simu5g_00000793,5,6,6,1160.0,,15.0
simu5g_00000793,5,6,7,1160.0,,15.0
simu5g_00000793,5,6,8,1160.0,,15.0
simu5g_00000793,5,6,9,1160.0,,15.0
simu5g_00000793,5,6,10,1160.0,,15.0
simu5g_00000793,5,6,11,1160.0,,15.0
simu5g_00000793,5,6,12,1160.0,,15.0
simu5g_00000793,5,6,13,1160.0,,15.0
simu5g_00000793,5,6,14,1128.0,,14.0
simu5g_00000793,5,6,15,1160.0,,15.0
simu5g_00000793,5,6,16,984.0,,13.0
simu5g_00000793,5,6,17,1160.0,,15.0
simu5g_00000793,5,6,18,1160.0,,15.0
simu5g_00000793,5,6,19,1160.0,,15.0
simu5g_00000793,5,6,20,1160.0,,15.0
simu5g_00000793,5,6,21,1128.0,,14.0
simu5g_00000793,5,6,22,1160.0,,15.0
simu5g_00000793,5,6,23,1160.0,,15.0
simu5g_00000793,5,6,24,1160.0,,15.0
simu5g_00000794,6,0,0,1160.0,,15.0
simu5g_00000794,6,0,1,1128.0,,14.0
simu5g_00000794,6,0,2,1160.0,,15.0
simu5g_00000794,6,0,3,608.0,,9.0
simu5g_00000794,6,0,4,1128.0,,14.0
simu5g_00000794,6,0,5,1128.0,,14.0
simu5g_00000794,6,0,6,1160.0,,15.0
simu5g_00000794,6,0,7,1128.0,,14.0
simu5g_00000794,6,0,8,1160.0,,15.0
simu5g_00000794,6,0,9,984.0,,13.0
simu5g_00000794,6,0,10,984.0,,13.0
simu5g_00000794,6,0,11,1128.0,,14.0
simu5g_00000794,6,0,12,1160.0,,15.0
simu5g_00000794,6,0,13,1128.0,,14.0
simu5g_00000794,6,0,14,1160.0,,15.0
simu5g_00000794,6,0,15,1160.0,,15.0
simu5g_00000794,6,0,16,888.0,,12.0
simu5g_00000794,6,0,17,1160.0,,15.0
simu5g_00000794,6,0,18,1160.0,,15.0
simu5g_00000794,6,0,19,1128.0,,14.0
simu5g_00000794,6,0,20,1160.0,,15.0
simu5g_00000794,6,0,21,1160.0,,15.0
simu5g_00000794,6,0,22,1160.0,,15.0
simu5g_00000794,6,0,23,1160.0,,15.0
simu5g_00000794,6,0,24,1160.0,,15.0
simu5g_00000794,7,1,0,1128.0,,14.0
simu5g_00000794,7,1,1,1160.0,,15.0
simu5g_00000794,7,1,2,1128.0,,14.0
simu5g_00000794,7,1,3,528.0,,8.0
simu5g_00000794,7,1,4,808.0,,11.0
simu5g_00000794,7,1,5,1160.0,,15.0
simu5g_00000794,7,1,6,888.0,,12.0
simu5g_00000794,7,1,7,1160.0,,15.0
simu5g_00000794,7,1,8,1160.0,,15.0
simu5g_00000794,7,1,9,984.0,,13.0
simu5g_00000794,7,1,10,984.0,,13.0
simu5g_00000794,7,1,11,984.0,,13.0
simu5g_00000794,7,1,12,1160.0,,15.0
simu5g_00000794,7,1,13,1160.0,,15.0
simu5g_00000794,7,1,14,984.0,,13.0
simu5g_00000794,7,1,15,1128.0,,14.0
simu5g_00000794,7,1,16,984.0,,13.0
simu5g_00000794,7,1,17,432.0,,7.0
simu5g_00000794,7,1,18,1160.0,,15.0
simu5g_00000794,7,1,19,984.0,,13.0
simu5g_00000794,7,1,20,888.0,,12.0
simu5g_00000794,7,1,21,984.0,,13.0
simu5g_00000794,7,1,22,1160.0,,15.0
simu5g_00000794,7,1,23,1160.0,,15.0
simu5g_00000794,7,1,24,1128.0,,14.0
simu5g_00000795,0,0,0,1160.0,,15.0
simu5g_00000795,0,0,1,808.0,,11.0
simu5g_00000795,0,0,2,1160.0,,15.0
simu5g_00000795,0,0,3,1128.0,,14.0
simu5g_00000795,0,0,4,1160.0,,15.0
simu5g_00000795,0,0,5,1128.0,,14.0
simu5g_00000795,0,0,6,1160.0,,15.0
simu5g_00000795,0,0,7,1160.0,,15.0
simu5g_00000795,0,0,8,984.0,,13.0
simu5g_00000795,0,0,9,1160.0,,15.0
simu5g_00000795,0,0,10,1160.0,,15.0
simu5g_00000795,0,0,11,1160.0,,15.0
simu5g_00000795,0,0,12,1160.0,,15.0
simu5g_00000795,0,0,13,1160.0,,15.0
simu5g_00000795,0,0,14,1160.0,,15.0
simu5g_00000795,0,0,15,1160.0,,15.0
simu5g_00000795,0,0,16,1160.0,,15.0
simu5g_00000795,0,0,17,1160.0,,15.0
simu5g_00000795,0,0,18,1160.0,,15.0
simu5g_00000795,0,0,19,1160.0,,15.0
simu5g_00000795,0,0,20,1160.0,,15.0
simu5g_00000795,0,0,21,1128.0,,14.0
simu5g_00000795,0,0,22,1160.0,,15.0
simu5g_00000795,0,0,23,1160.0,,15.0
simu5g_00000795,0,0,24,1128.0,,14.0
simu5g_00000795,1,1,0,1160.0,,15.0
simu5g_00000795,1,1,1,1160.0,,15.0
simu5g_00000795,1,1,2,1160.0,,15.0
simu5g_00000795,1,1,3,1160.0,,15.0
simu5g_00000795,1,1,4,1160.0,,15.0
simu5g_00000795,1,1,5,1160.0,,15.0
simu5g_00000795,1,1,6,1160.0,,15.0
simu5g_00000795,1,1,7,1160.0,,15.0
simu5g_00000795,1,1,8,1128.0,,14.0
simu5g_00000795,1,1,9,1160.0,,15.0
simu5g_00000795,1,1,10,1160.0,,15.0
simu5g_00000795,1,1,11,1160.0,,15.0
simu5g_00000795,1,1,12,1160.0,,15.0
simu5g_00000795,1,1,13,1160.0,,15.0
simu5g_00000795,1,1,14,1160.0,,15.0
simu5g_00000795,1,1,15,1160.0,,15.0
simu5g_00000795,1,1,16,1160.0,,15.0
simu5g_00000795,1,1,17,1160.0,,15.0
simu5g_00000795,1,1,18,1160.0,,15.0
simu5g_00000795,1,1,19,1160.0,,15.0
simu5g_00000795,1,1,20,1160.0,,15.0
simu5g_00000795,1,1,21,1128.0,,14.0
simu5g_00000795,1,1,22,1160.0,,15.0
simu5g_00000795,1,1,23,1160.0,,15.0
simu5g_00000795,1,1,24,1160.0,,15.0
simu5g_00000795,15,2,0,1128.0,,14.0
simu5g_00000795,15,2,1,1128.0,,14.0
simu5g_00000795,15,2,2,1160.0,,15.0
simu5g_00000795,15,2,3,1160.0,,15.0
simu5g_00000795,15,2,4,1128.0,,14.0
simu5g_00000795,15,2,5,808.0,,11.0
simu5g_00000795,15,2,6,1160.0,,15.0
simu5g_00000795,15,2,7,1128.0,,14.0
simu5g_00000795,15,2,8,1160.0,,15.0
simu5g_00000795,15,2,9,1160.0,,15.0
simu5g_00000795,15,2,10,1160.0,,15.0
simu5g_00000795,15,2,11,1160.0,,15.0
simu5g_00000795,15,2,12,984.0,,13.0
simu5g_00000795,15,2,13,1160.0,,15.0
simu5g_00000795,15,2,14,1128.0,,14.0
simu5g_00000795,15,2,15,1128.0,,14.0
simu5g_00000795,15,2,16,1160.0,,15.0
simu5g_00000795,15,2,17,1160.0,,15.0
simu5g_00000795,15,2,18,1160.0,,15.0
simu5g_00000795,15,2,19,1160.0,,15.0
simu5g_00000795,15,2,20,1160.0,,15.0
simu5g_00000795,15,2,21,1160.0,,15.0
simu5g_00000795,15,2,22,1160.0,,15.0
simu5g_00000795,15,2,23,1160.0,,15.0
simu5g_00000795,15,2,24,1160.0,,15.0
simu5g_00000795,2,3,0,1160.0,,15.0
simu5g_00000795,2,3,1,1160.0,,15.0
simu5g_00000795,2,3,2,1160.0,,15.0
simu5g_00000795,2,3,3,1160.0,,15.0
simu5g_00000795,2,3,4,1160.0,,15.0
simu5g_00000795,2,3,5,1160.0,,15.0
simu5g_00000795,2,3,6,1160.0,,15.0
simu5g_00000795,2,3,7,1160.0,,15.0
simu5g_00000795,2,3,8,1160.0,,15.0
simu5g_00000795,2,3,9,1160.0,,15.0
simu5g_00000795,2,3,10,1160.0,,15.0
simu5g_00000795,2,3,11,1160.0,,15.0
simu5g_00000795,2,3,12,1160.0,,15.0
simu5g_00000795,2,3,13,1160.0,,15.0
simu5g_00000795,2,3,14,1160.0,,15.0
simu5g_00000795,2,3,15,1160.0,,15.0
simu5g_00000795,2,3,16,1160.0,,15.0
simu5g_00000795,2,3,17,1160.0,,15.0
simu5g_00000795,2,3,18,1160.0,,15.0
simu5g_00000795,2,3,19,1160.0,,15.0
simu5g_00000795,2,3,20,1160.0,,15.0
simu5g_00000795,2,3,21,1160.0,,15.0
simu5g_00000795,2,3,22,1160.0,,15.0
simu5g_00000795,2,3,23,1160.0,,15.0
simu5g_00000795,2,3,24,1160.0,,15.0
simu5g_00000795,3,4,0,1160.0,,15.0
simu5g_00000795,3,4,1,1160.0,,15.0
simu5g_00000795,3,4,2,1160.0,,15.0
simu5g_00000795,3,4,3,1160.0,,15.0
simu5g_00000795,3,4,4,1160.0,,15.0
simu5g_00000795,3,4,5,1160.0,,15.0
simu5g_00000795,3,4,6,1160.0,,15.0
simu5g_00000795,3,4,7,1160.0,,15.0
simu5g_00000795,3,4,8,1160.0,,15.0
simu5g_00000795,3,4,9,1160.0,,15.0
simu5g_00000795,3,4,10,1160.0,,15.0
simu5g_00000795,3,4,11,1160.0,,15.0
simu5g_00000795,3,4,12,1160.0,,15.0
simu5g_00000795,3,4,13,1160.0,,15.0
simu5g_00000795,3,4,14,1160.0,,15.0
simu5g_00000795,3,4,15,1160.0,,15.0
simu5g_00000795,3,4,16,1160.0,,15.0
simu5g_00000795,3,4,17,1160.0,,15.0
simu5g_00000795,3,4,18,1160.0,,15.0
simu5g_00000795,3,4,19,1160.0,,15.0
simu5g_00000795,3,4,20,1160.0,,15.0
simu5g_00000795,3,4,21,1160.0,,15.0
simu5g_00000795,3,4,22,1160.0,,15.0
simu5g_00000795,3,4,23,1160.0,,15.0
simu5g_00000795,3,4,24,1160.0,,15.0
simu5g_00000795,4,5,0,1160.0,,15.0
simu5g_00000795,4,5,1,984.0,,13.0
simu5g_00000795,4,5,2,1160.0,,15.0
simu5g_00000795,4,5,3,608.0,,9.0
simu5g_00000795,4,5,4,1160.0,,15.0
simu5g_00000795,4,5,5,1160.0,,15.0
simu5g_00000795,4,5,6,1160.0,,15.0
simu5g_00000795,4,5,7,808.0,,11.0
simu5g_00000795,4,5,8,984.0,,13.0
simu5g_00000795,4,5,9,1160.0,,15.0
simu5g_00000795,4,5,10,1128.0,,14.0
simu5g_00000795,4,5,11,1160.0,,15.0
simu5g_00000795,4,5,12,1160.0,,15.0
simu5g_00000795,4,5,13,1128.0,,14.0
simu5g_00000795,4,5,14,1160.0,,15.0
simu5g_00000795,4,5,15,984.0,,13.0
simu5g_00000795,4,5,16,1128.0,,14.0
simu5g_00000795,4,5,17,1128.0,,14.0
simu5g_00000795,4,5,18,1160.0,,15.0
simu5g_00000795,4,5,19,1160.0,,15.0
simu5g_00000795,4,5,20,1128.0,,14.0
simu5g_00000795,4,5,21,1128.0,,14.0
simu5g_00000795,4,5,22,1160.0,,15.0
simu5g_00000795,4,5,23,1160.0,,15.0
simu5g_00000795,4,5,24,1128.0,,14.0
simu5g_00000795,5,6,0,1160.0,,15.0
simu5g_00000795,5,6,1,1160.0,,15.0
simu5g_00000795,5,6,2,1160.0,,15.0
simu5g_00000795,5,6,3,1160.0,,15.0
simu5g_00000795,5,6,4,1160.0,,15.0
simu5g_00000795,5,6,5,1160.0,,15.0
simu5g_00000795,5,6,6,1160.0,,15.0
simu5g_00000795,5,6,7,1160.0,,15.0
simu5g_00000795,5,6,8,1160.0,,15.0
simu5g_00000795,5,6,9,1160.0,,15.0
simu5g_00000795,5,6,10,1160.0,,15.0
simu5g_00000795,5,6,11,1160.0,,15.0
simu5g_00000795,5,6,12,1160.0,,15.0
simu5g_00000795,5,6,13,1160.0,,15.0
simu5g_00000795,5,6,14,1160.0,,15.0
simu5g_00000795,5,6,15,1160.0,,15.0
simu5g_00000795,5,6,16,984.0,,13.0
simu5g_00000795,5,6,17,1160.0,,15.0
simu5g_00000795,5,6,18,1160.0,,15.0
simu5g_00000795,5,6,19,1160.0,,15.0
simu5g_00000795,5,6,20,1160.0,,15.0
simu5g_00000795,5,6,21,1128.0,,14.0
simu5g_00000795,5,6,22,1160.0,,15.0
simu5g_00000795,5,6,23,1160.0,,15.0
simu5g_00000795,5,6,24,1160.0,,15.0
simu5g_00000796,6,0,0,1160.0,,15.0
simu5g_00000796,6,0,1,1128.0,,14.0
simu5g_00000796,6,0,2,1160.0,,15.0
simu5g_00000796,6,0,3,608.0,,9.0
simu5g_00000796,6,0,4,1128.0,,14.0
simu5g_00000796,6,0,5,1128.0,,14.0
simu5g_00000796,6,0,6,1160.0,,15.0
simu5g_00000796,6,0,7,1128.0,,14.0
simu5g_00000796,6,0,8,1160.0,,15.0
simu5g_00000796,6,0,9,984.0,,13.0
simu5g_00000796,6,0,10,984.0,,13.0
simu5g_00000796,6,0,11,1128.0,,14.0
simu5g_00000796,6,0,12,1160.0,,15.0
simu5g_00000796,6,0,13,1128.0,,14.0
simu5g_00000796,6,0,14,1160.0,,15.0
simu5g_00000796,6,0,15,1160.0,,15.0
simu5g_00000796,6,0,16,888.0,,12.0
simu5g_00000796,6,0,17,1160.0,,15.0
simu5g_00000796,6,0,18,1160.0,,15.0
simu5g_00000796,6,0,19,1128.0,,14.0
simu5g_00000796,6,0,20,1160.0,,15.0
simu5g_00000796,6,0,21,1160.0,,15.0
simu5g_00000796,6,0,22,1160.0,,15.0
simu5g_00000796,6,0,23,1160.0,,15.0
simu5g_00000796,6,0,24,1160.0,,15.0
simu5g_00000796,7,1,0,1128.0,,14.0
simu5g_00000796,7,1,1,1160.0,,15.0
simu5g_00000796,7,1,2,1128.0,,14.0
simu5g_00000796,7,1,3,528.0,,8.0
simu5g_00000796,7,1,4,808.0,,11.0
simu5g_00000796,7,1,5,1160.0,,15.0
simu5g_00000796,7,1,6,888.0,,12.0
simu5g_00000796,7,1,7,1160.0,,15.0
simu5g_00000796,7,1,8,1160.0,,15.0
simu5g_00000796,7,1,9,984.0,,13.0
simu5g_00000796,7,1,10,984.0,,13.0
simu5g_00000796,7,1,11,984.0,,13.0
simu5g_00000796,7,1,12,1160.0,,15.0
simu5g_00000796,7,1,13,1160.0,,15.0
simu5g_00000796,7,1,14,984.0,,13.0
simu5g_00000796,7,1,15,1128.0,,14.0
simu5g_00000796,7,1,16,984.0,,13.0
simu5g_00000796,7,1,17,528.0,,8.0
simu5g_00000796,7,1,18,1160.0,,15.0
simu5g_00000796,7,1,19,984.0,,13.0
simu5g_00000796,7,1,20,888.0,,12.0
simu5g_00000796,7,1,21,984.0,,13.0
simu5g_00000796,7,1,22,1160.0,,15.0
simu5g_00000796,7,1,23,1160.0,,15.0
simu5g_00000796,7,1,24,1128.0,,14.0
simu5g_00000797,0,0,0,1160.0,,15.0
simu5g_00000797,0,0,1,984.0,,13.0
simu5g_00000797,0,0,2,1160.0,,15.0
simu5g_00000797,0,0,3,1160.0,,15.0
simu5g_00000797,0,0,4,1160.0,,15.0
simu5g_00000797,0,0,5,1160.0,,15.0
simu5g_00000797,0,0,6,1160.0,,15.0
simu5g_00000797,0,0,7,1160.0,,15.0
simu5g_00000797,0,0,8,1128.0,,14.0
simu5g_00000797,0,0,9,1160.0,,15.0
simu5g_00000797,0,0,10,1160.0,,15.0
simu5g_00000797,0,0,11,1160.0,,15.0
simu5g_00000797,0,0,12,1160.0,,15.0
simu5g_00000797,0,0,13,1160.0,,15.0
simu5g_00000797,0,0,14,1160.0,,15.0
simu5g_00000797,0,0,15,1160.0,,15.0
simu5g_00000797,0,0,16,1160.0,,15.0
simu5g_00000797,0,0,17,1160.0,,15.0
simu5g_00000797,0,0,18,1160.0,,15.0
simu5g_00000797,0,0,19,1160.0,,15.0
simu5g_00000797,0,0,20,1160.0,,15.0
simu5g_00000797,0,0,21,1128.0,,14.0
simu5g_00000797,0,0,22,1160.0,,15.0
simu5g_00000797,0,0,23,1160.0,,15.0
simu5g_00000797,0,0,24,1160.0,,15.0
simu5g_00000797,1,1,0,1160.0,,15.0
simu5g_00000797,1,1,1,1160.0,,15.0
simu5g_00000797,1,1,2,1160.0,,15.0
simu5g_00000797,1,1,3,1160.0,,15.0
simu5g_00000797,1,1,4,1160.0,,15.0
simu5g_00000797,1,1,5,1160.0,,15.0
simu5g_00000797,1,1,6,1160.0,,15.0
simu5g_00000797,1,1,7,1160.0,,15.0
simu5g_00000797,1,1,8,1128.0,,14.0
simu5g_00000797,1,1,9,1160.0,,15.0
simu5g_00000797,1,1,10,1160.0,,15.0
simu5g_00000797,1,1,11,1160.0,,15.0
simu5g_00000797,1,1,12,1160.0,,15.0
simu5g_00000797,1,1,13,1160.0,,15.0
simu5g_00000797,1,1,14,1160.0,,15.0
simu5g_00000797,1,1,15,1160.0,,15.0
simu5g_00000797,1,1,16,1160.0,,15.0
simu5g_00000797,1,1,17,1160.0,,15.0
simu5g_00000797,1,1,18,1160.0,,15.0
simu5g_00000797,1,1,19,1160.0,,15.0
simu5g_00000797,1,1,20,1160.0,,15.0
simu5g_00000797,1,1,21,1128.0,,14.0
simu5g_00000797,1,1,22,1160.0,,15.0
simu5g_00000797,1,1,23,1160.0,,15.0
simu5g_00000797,1,1,24,1160.0,,15.0
simu5g_00000797,15,2,0,1128.0,,14.0
simu5g_00000797,15,2,1,1128.0,,14.0
simu5g_00000797,15,2,2,1160.0,,15.0
simu5g_00000797,15,2,3,1160.0,,15.0
simu5g_00000797,15,2,4,984.0,,13.0
simu5g_00000797,15,2,5,808.0,,11.0
simu5g_00000797,15,2,6,1160.0,,15.0
simu5g_00000797,15,2,7,1128.0,,14.0
simu5g_00000797,15,2,8,1160.0,,15.0
simu5g_00000797,15,2,9,1160.0,,15.0
simu5g_00000797,15,2,10,1160.0,,15.0
simu5g_00000797,15,2,11,1160.0,,15.0
simu5g_00000797,15,2,12,984.0,,13.0
simu5g_00000797,15,2,13,1160.0,,15.0
simu5g_00000797,15,2,14,1128.0,,14.0
simu5g_00000797,15,2,15,1128.0,,14.0
simu5g_00000797,15,2,16,1160.0,,15.0
simu5g_00000797,15,2,17,1160.0,,15.0
simu5g_00000797,15,2,18,1160.0,,15.0
simu5g_00000797,15,2,19,1160.0,,15.0
simu5g_00000797,15,2,20,1160.0,,15.0
simu5g_00000797,15,2,21,1160.0,,15.0
simu5g_00000797,15,2,22,1160.0,,15.0
simu5g_00000797,15,2,23,1160.0,,15.0
simu5g_00000797,15,2,24,1160.0,,15.0
simu5g_00000797,2,3,0,1160.0,,15.0
simu5g_00000797,2,3,1,1160.0,,15.0
simu5g_00000797,2,3,2,1160.0,,15.0
simu5g_00000797,2,3,3,1160.0,,15.0
simu5g_00000797,2,3,4,1160.0,,15.0
simu5g_00000797,2,3,5,1160.0,,15.0
simu5g_00000797,2,3,6,1160.0,,15.0
simu5g_00000797,2,3,7,1160.0,,15.0
simu5g_00000797,2,3,8,1160.0,,15.0
simu5g_00000797,2,3,9,1160.0,,15.0
simu5g_00000797,2,3,10,1160.0,,15.0
simu5g_00000797,2,3,11,1160.0,,15.0
simu5g_00000797,2,3,12,1160.0,,15.0
simu5g_00000797,2,3,13,1160.0,,15.0
simu5g_00000797,2,3,14,1160.0,,15.0
simu5g_00000797,2,3,15,1160.0,,15.0
simu5g_00000797,2,3,16,1160.0,,15.0
simu5g_00000797,2,3,17,1160.0,,15.0
simu5g_00000797,2,3,18,1160.0,,15.0
simu5g_00000797,2,3,19,1160.0,,15.0
simu5g_00000797,2,3,20,1160.0,,15.0
simu5g_00000797,2,3,21,1160.0,,15.0
simu5g_00000797,2,3,22,1160.0,,15.0
simu5g_00000797,2,3,23,1160.0,,15.0
simu5g_00000797,2,3,24,1160.0,,15.0
simu5g_00000797,3,4,0,1160.0,,15.0
simu5g_00000797,3,4,1,1160.0,,15.0
simu5g_00000797,3,4,2,1160.0,,15.0
simu5g_00000797,3,4,3,1160.0,,15.0
simu5g_00000797,3,4,4,1160.0,,15.0
simu5g_00000797,3,4,5,1160.0,,15.0
simu5g_00000797,3,4,6,1160.0,,15.0
simu5g_00000797,3,4,7,1160.0,,15.0
simu5g_00000797,3,4,8,1160.0,,15.0
simu5g_00000797,3,4,9,1160.0,,15.0
simu5g_00000797,3,4,10,1160.0,,15.0
simu5g_00000797,3,4,11,1160.0,,15.0
simu5g_00000797,3,4,12,1160.0,,15.0
simu5g_00000797,3,4,13,1160.0,,15.0
simu5g_00000797,3,4,14,1160.0,,15.0
simu5g_00000797,3,4,15,1160.0,,15.0
simu5g_00000797,3,4,16,1160.0,,15.0
simu5g_00000797,3,4,17,1160.0,,15.0
simu5g_00000797,3,4,18,1160.0,,15.0
simu5g_00000797,3,4,19,1160.0,,15.0
simu5g_00000797,3,4,20,1160.0,,15.0
simu5g_00000797,3,4,21,1160.0,,15.0
simu5g_00000797,3,4,22,1160.0,,15.0
simu5g_00000797,3,4,23,1160.0,,15.0
simu5g_00000797,3,4,24,1160.0,,15.0
simu5g_00000797,4,5,0,1160.0,,15.0
simu5g_00000797,4,5,1,984.0,,13.0
simu5g_00000797,4,5,2,1160.0,,15.0
simu5g_00000797,4,5,3,608.0,,9.0
simu5g_00000797,4,5,4,1160.0,,15.0
simu5g_00000797,4,5,5,1160.0,,15.0
simu5g_00000797,4,5,6,1160.0,,15.0
simu5g_00000797,4,5,7,808.0,,11.0
simu5g_00000797,4,5,8,984.0,,13.0
simu5g_00000797,4,5,9,1160.0,,15.0
simu5g_00000797,4,5,10,1128.0,,14.0
simu5g_00000797,4,5,11,1160.0,,15.0
simu5g_00000797,4,5,12,1160.0,,15.0
simu5g_00000797,4,5,13,1128.0,,14.0
simu5g_00000797,4,5,14,1160.0,,15.0
simu5g_00000797,4,5,15,984.0,,13.0
simu5g_00000797,4,5,16,1128.0,,14.0
simu5g_00000797,4,5,17,1128.0,,14.0
simu5g_00000797,4,5,18,1160.0,,15.0
simu5g_00000797,4,5,19,1160.0,,15.0
simu5g_00000797,4,5,20,1128.0,,14.0
simu5g_00000797,4,5,21,1128.0,,14.0
simu5g_00000797,4,5,22,1160.0,,15.0
simu5g_00000797,4,5,23,1160.0,,15.0
simu5g_00000797,4,5,24,1128.0,,14.0
simu5g_00000797,5,6,0,1160.0,,15.0
simu5g_00000797,5,6,1,1128.0,,14.0
simu5g_00000797,5,6,2,1160.0,,15.0
simu5g_00000797,5,6,3,1128.0,,14.0
simu5g_00000797,5,6,4,1160.0,,15.0
simu5g_00000797,5,6,5,1160.0,,15.0
simu5g_00000797,5,6,6,1160.0,,15.0
simu5g_00000797,5,6,7,1160.0,,15.0
simu5g_00000797,5,6,8,1160.0,,15.0
simu5g_00000797,5,6,9,1160.0,,15.0
simu5g_00000797,5,6,10,1160.0,,15.0
simu5g_00000797,5,6,11,1160.0,,15.0
simu5g_00000797,5,6,12,1160.0,,15.0
simu5g_00000797,5,6,13,1128.0,,14.0
simu5g_00000797,5,6,14,1128.0,,14.0
simu5g_00000797,5,6,15,1128.0,,14.0
simu5g_00000797,5,6,16,704.0,,10.0
simu5g_00000797,5,6,17,1160.0,,15.0
simu5g_00000797,5,6,18,1160.0,,15.0
simu5g_00000797,5,6,19,1160.0,,15.0
simu5g_00000797,5,6,20,1128.0,,14.0
simu5g_00000797,5,6,21,984.0,,13.0
simu5g_00000797,5,6,22,1160.0,,15.0
simu5g_00000797,5,6,23,1128.0,,14.0
simu5g_00000797,5,6,24,1160.0,,15.0
simu5g_00000798,6,0,0,1160.0,,15.0
simu5g_00000798,6,0,1,1128.0,,14.0
simu5g_00000798,6,0,2,1160.0,,15.0
simu5g_00000798,6,0,3,608.0,,9.0
simu5g_00000798,6,0,4,1128.0,,14.0
simu5g_00000798,6,0,5,1128.0,,14.0
simu5g_00000798,6,0,6,1160.0,,15.0
simu5g_00000798,6,0,7,1128.0,,14.0
simu5g_00000798,6,0,8,1160.0,,15.0
simu5g_00000798,6,0,9,984.0,,13.0
simu5g_00000798,6,0,10,1128.0,,14.0
simu5g_00000798,6,0,11,1128.0,,14.0
simu5g_00000798,6,0,12,1160.0,,15.0
simu5g_00000798,6,0,13,1128.0,,14.0
simu5g_00000798,6,0,14,1160.0,,15.0
simu5g_00000798,6,0,15,1160.0,,15.0
simu5g_00000798,6,0,16,888.0,,12.0
simu5g_00000798,6,0,17,1160.0,,15.0
simu5g_00000798,6,0,18,1160.0,,15.0
simu5g_00000798,6,0,19,1128.0,,14.0
simu5g_00000798,6,0,20,1160.0,,15.0
simu5g_00000798,6,0,21,1160.0,,15.0
simu5g_00000798,6,0,22,1160.0,,15.0
simu5g_00000798,6,0,23,1160.0,,15.0
simu5g_00000798,6,0,24,1160.0,,15.0
simu5g_00000798,7,1,0,1128.0,,14.0
simu5g_00000798,7,1,1,1160.0,,15.0
simu5g_00000798,7,1,2,1128.0,,14.0
simu5g_00000798,7,1,3,528.0,,8.0
simu5g_00000798,7,1,4,808.0,,11.0
simu5g_00000798,7,1,5,1160.0,,15.0
simu5g_00000798,7,1,6,888.0,,12.0
simu5g_00000798,7,1,7,1160.0,,15.0
simu5g_00000798,7,1,8,1160.0,,15.0
simu5g_00000798,7,1,9,984.0,,13.0
simu5g_00000798,7,1,10,984.0,,13.0
simu5g_00000798,7,1,11,984.0,,13.0
simu5g_00000798,7,1,12,1160.0,,15.0
simu5g_00000798,7,1,13,1160.0,,15.0
simu5g_00000798,7,1,14,984.0,,13.0
simu5g_00000798,7,1,15,1128.0,,14.0
simu5g_00000798,7,1,16,984.0,,13.0
simu5g_00000798,7,1,17,528.0,,8.0
simu5g_00000798,7,1,18,1160.0,,15.0
simu5g_00000798,7,1,19,984.0,,13.0
simu5g_00000798,7,1,20,888.0,,12.0
simu5g_00000798,7,1,21,984.0,,13.0
simu5g_00000798,7,1,22,1160.0,,15.0
simu5g_00000798,7,1,23,1160.0,,15.0
simu5g_00000798,7,1,24,1128.0,,14.0
simu5g_00000799,0,0,0,1160.0,,15.0
simu5g_00000799,0,0,1,984.0,,13.0
simu5g_00000799,0,0,2,1160.0,,15.0
simu5g_00000799,0,0,3,1160.0,,15.0
simu5g_00000799,0,0,4,1160.0,,15.0
simu5g_00000799,0,0,5,1160.0,,15.0
simu5g_00000799,0,0,6,1160.0,,15.0
simu5g_00000799,0,0,7,1160.0,,15.0
simu5g_00000799,0,0,8,1128.0,,14.0
simu5g_00000799,0,0,9,1160.0,,15.0
simu5g_00000799,0,0,10,1160.0,,15.0
simu5g_00000799,0,0,11,1160.0,,15.0
simu5g_00000799,0,0,12,1160.0,,15.0
simu5g_00000799,0,0,13,1160.0,,15.0
simu5g_00000799,0,0,14,1160.0,,15.0
simu5g_00000799,0,0,15,1160.0,,15.0
simu5g_00000799,0,0,16,1160.0,,15.0
simu5g_00000799,0,0,17,1160.0,,15.0
simu5g_00000799,0,0,18,1160.0,,15.0
simu5g_00000799,0,0,19,1160.0,,15.0
simu5g_00000799,0,0,20,1160.0,,15.0
simu5g_00000799,0,0,21,1128.0,,14.0
simu5g_00000799,0,0,22,1160.0,,15.0
simu5g_00000799,0,0,23,1160.0,,15.0
simu5g_00000799,0,0,24,1160.0,,15.0
simu5g_00000799,1,1,0,1160.0,,15.0
simu5g_00000799,1,1,1,1160.0,,15.0
simu5g_00000799,1,1,2,1160.0,,15.0
simu5g_00000799,1,1,3,1160.0,,15.0
simu5g_00000799,1,1,4,1160.0,,15.0
simu5g_00000799,1,1,5,1160.0,,15.0
simu5g_00000799,1,1,6,1160.0,,15.0
simu5g_00000799,1,1,7,1160.0,,15.0
simu5g_00000799,1,1,8,1128.0,,14.0
simu5g_00000799,1,1,9,1160.0,,15.0
simu5g_00000799,1,1,10,1160.0,,15.0
simu5g_00000799,1,1,11,1160.0,,15.0
simu5g_00000799,1,1,12,1160.0,,15.0
simu5g_00000799,1,1,13,1160.0,,15.0
simu5g_00000799,1,1,14,1160.0,,15.0
simu5g_00000799,1,1,15,1160.0,,15.0
simu5g_00000799,1,1,16,1160.0,,15.0
simu5g_00000799,1,1,17,1160.0,,15.0
simu5g_00000799,1,1,18,1160.0,,15.0
simu5g_00000799,1,1,19,1160.0,,15.0
simu5g_00000799,1,1,20,1160.0,,15.0
simu5g_00000799,1,1,21,1128.0,,14.0
simu5g_00000799,1,1,22,1160.0,,15.0
simu5g_00000799,1,1,23,1160.0,,15.0
simu5g_00000799,1,1,24,1160.0,,15.0
simu5g_00000799,15,2,0,1160.0,,15.0
simu5g_00000799,15,2,1,1160.0,,15.0
simu5g_00000799,15,2,2,1160.0,,15.0
simu5g_00000799,15,2,3,1160.0,,15.0
simu5g_00000799,15,2,4,1160.0,,15.0
simu5g_00000799,15,2,5,1128.0,,14.0
simu5g_00000799,15,2,6,1160.0,,15.0
simu5g_00000799,15,2,7,1160.0,,15.0
simu5g_00000799,15,2,8,1160.0,,15.0
simu5g_00000799,15,2,9,1160.0,,15.0
simu5g_00000799,15,2,10,1160.0,,15.0
simu5g_00000799,15,2,11,1160.0,,15.0
simu5g_00000799,15,2,12,1160.0,,15.0
simu5g_00000799,15,2,13,1160.0,,15.0
simu5g_00000799,15,2,14,1160.0,,15.0
simu5g_00000799,15,2,15,1160.0,,15.0
simu5g_00000799,15,2,16,1160.0,,15.0
simu5g_00000799,15,2,17,1160.0,,15.0
simu5g_00000799,15,2,18,1160.0,,15.0
simu5g_00000799,15,2,19,1160.0,,15.0
simu5g_00000799,15,2,20,1160.0,,15.0
simu5g_00000799,15,2,21,1160.0,,15.0
simu5g_00000799,15,2,22,1160.0,,15.0
simu5g_00000799,15,2,23,1160.0,,15.0
simu5g_00000799,15,2,24,1160.0,,15.0
simu5g_00000799,2,3,0,1160.0,,15.0
simu5g_00000799,2,3,1,1160.0,,15.0
simu5g_00000799,2,3,2,1160.0,,15.0
simu5g_00000799,2,3,3,1160.0,,15.0
simu5g_00000799,2,3,4,1160.0,,15.0
simu5g_00000799,2,3,5,1160.0,,15.0
simu5g_00000799,2,3,6,1160.0,,15.0
simu5g_00000799,2,3,7,1160.0,,15.0
simu5g_00000799,2,3,8,1160.0,,15.0
simu5g_00000799,2,3,9,1160.0,,15.0
simu5g_00000799,2,3,10,1160.0,,15.0
simu5g_00000799,2,3,11,1160.0,,15.0
simu5g_00000799,2,3,12,1160.0,,15.0
simu5g_00000799,2,3,13,1160.0,,15.0
simu5g_00000799,2,3,14,1160.0,,15.0
simu5g_00000799,2,3,15,1160.0,,15.0
simu5g_00000799,2,3,16,1160.0,,15.0
simu5g_00000799,2,3,17,1160.0,,15.0
simu5g_00000799,2,3,18,1160.0,,15.0
simu5g_00000799,2,3,19,1160.0,,15.0
simu5g_00000799,2,3,20,1160.0,,15.0
simu5g_00000799,2,3,21,1160.0,,15.0
simu5g_00000799,2,3,22,1160.0,,15.0
simu5g_00000799,2,3,23,1160.0,,15.0
simu5g_00000799,2,3,24,1160.0,,15.0
simu5g_00000799,3,4,0,1160.0,,15.0
simu5g_00000799,3,4,1,1160.0,,15.0
simu5g_00000799,3,4,2,1160.0,,15.0
simu5g_00000799,3,4,3,1160.0,,15.0
simu5g_00000799,3,4,4,1160.0,,15.0
simu5g_00000799,3,4,5,1160.0,,15.0
simu5g_00000799,3,4,6,1160.0,,15.0
simu5g_00000799,3,4,7,1160.0,,15.0
simu5g_00000799,3,4,8,1160.0,,15.0
simu5g_00000799,3,4,9,1160.0,,15.0
simu5g_00000799,3,4,10,1160.0,,15.0
simu5g_00000799,3,4,11,1160.0,,15.0
simu5g_00000799,3,4,12,1160.0,,15.0
simu5g_00000799,3,4,13,1160.0,,15.0
simu5g_00000799,3,4,14,1160.0,,15.0
simu5g_00000799,3,4,15,1160.0,,15.0
simu5g_00000799,3,4,16,1160.0,,15.0
simu5g_00000799,3,4,17,1160.0,,15.0
simu5g_00000799,3,4,18,1160.0,,15.0
simu5g_00000799,3,4,19,1160.0,,15.0
simu5g_00000799,3,4,20,1160.0,,15.0
simu5g_00000799,3,4,21,1160.0,,15.0
simu5g_00000799,3,4,22,1160.0,,15.0
simu5g_00000799,3,4,23,1160.0,,15.0
simu5g_00000799,3,4,24,1160.0,,15.0
simu5g_00000799,4,5,0,1160.0,,15.0
simu5g_00000799,4,5,1,984.0,,13.0
simu5g_00000799,4,5,2,1160.0,,15.0
simu5g_00000799,4,5,3,608.0,,9.0
simu5g_00000799,4,5,4,1160.0,,15.0
simu5g_00000799,4,5,5,1160.0,,15.0
simu5g_00000799,4,5,6,1160.0,,15.0
simu5g_00000799,4,5,7,808.0,,11.0
simu5g_00000799,4,5,8,984.0,,13.0
simu5g_00000799,4,5,9,1160.0,,15.0
simu5g_00000799,4,5,10,1128.0,,14.0
simu5g_00000799,4,5,11,1160.0,,15.0
simu5g_00000799,4,5,12,1160.0,,15.0
simu5g_00000799,4,5,13,1128.0,,14.0
simu5g_00000799,4,5,14,1160.0,,15.0
simu5g_00000799,4,5,15,1128.0,,14.0
simu5g_00000799,4,5,16,1128.0,,14.0
simu5g_00000799,4,5,17,1128.0,,14.0
simu5g_00000799,4,5,18,1160.0,,15.0
simu5g_00000799,4,5,19,1160.0,,15.0
simu5g_00000799,4,5,20,1128.0,,14.0
simu5g_00000799,4,5,21,1128.0,,14.0
simu5g_00000799,4,5,22,1160.0,,15.0
simu5g_00000799,4,5,23,1160.0,,15.0
simu5g_00000799,4,5,24,1128.0,,14.0
simu5g_00000799,5,6,0,1160.0,,15.0
simu5g_00000799,5,6,1,1128.0,,14.0
simu5g_00000799,5,6,2,1160.0,,15.0
simu5g_00000799,5,6,3,1128.0,,14.0
simu5g_00000799,5,6,4,1160.0,,15.0
simu5g_00000799,5,6,5,1160.0,,15.0
simu5g_00000799,5,6,6,1160.0,,15.0
simu5g_00000799,5,6,7,1160.0,,15.0
simu5g_00000799,5,6,8,1160.0,,15.0
simu5g_00000799,5,6,9,1160.0,,15.0
simu5g_00000799,5,6,10,1160.0,,15.0
simu5g_00000799,5,6,11,1160.0,,15.0
simu5g_00000799,5,6,12,1160.0,,15.0
simu5g_00000799,5,6,13,1128.0,,14.0
simu5g_00000799,5,6,14,1128.0,,14.0
simu5g_00000799,5,6,15,1128.0,,14.0
simu5g_00000799,5,6,16,808.0,,11.0
simu5g_00000799,5,6,17,1160.0,,15.0
simu5g_00000799,5,6,18,1160.0,,15.0
simu5g_00000799,5,6,19,1160.0,,15.0
simu5g_00000799,5,6,20,1128.0,,14.0
simu5g_00000799,5,6,21,984.0,,13.0
simu5g_00000799,5,6,22,1160.0,,15.0
simu5g_00000799,5,6,23,1128.0,,14.0
simu5g_00000799,5,6,24,1160.0,,15.0
simu5g_00000800,6,0,0,1160.0,,15.0
simu5g_00000800,6,0,1,1160.0,,15.0
simu5g_00000800,6,0,2,1160.0,,15.0
simu5g_00000800,6,0,3,888.0,,12.0
simu5g_00000800,6,0,4,1160.0,,15.0
simu5g_00000800,6,0,5,1160.0,,15.0
simu5g_00000800,6,0,6,1160.0,,15.0
simu5g_00000800,6,0,7,1160.0,,15.0
simu5g_00000800,6,0,8,1160.0,,15.0
simu5g_00000800,6,0,9,1128.0,,14.0
simu5g_00000800,6,0,10,1128.0,,14.0
simu5g_00000800,6,0,11,1160.0,,15.0
simu5g_00000800,6,0,12,1160.0,,15.0
simu5g_00000800,6,0,13,1160.0,,15.0
simu5g_00000800,6,0,14,1160.0,,15.0
simu5g_00000800,6,0,15,1160.0,,15.0
simu5g_00000800,6,0,16,1128.0,,14.0
simu5g_00000800,6,0,17,1160.0,,15.0
simu5g_00000800,6,0,18,1160.0,,15.0
simu5g_00000800,6,0,19,1160.0,,15.0
simu5g_00000800,6,0,20,1160.0,,15.0
simu5g_00000800,6,0,21,1160.0,,15.0
simu5g_00000800,6,0,22,1160.0,,15.0
simu5g_00000800,6,0,23,1160.0,,15.0
simu5g_00000800,6,0,24,1160.0,,15.0
simu5g_00000800,7,1,0,1128.0,,14.0
simu5g_00000800,7,1,1,1160.0,,15.0
simu5g_00000800,7,1,2,1128.0,,14.0
simu5g_00000800,7,1,3,528.0,,8.0
simu5g_00000800,7,1,4,888.0,,12.0
simu5g_00000800,7,1,5,1160.0,,15.0
simu5g_00000800,7,1,6,984.0,,13.0
simu5g_00000800,7,1,7,1160.0,,15.0
simu5g_00000800,7,1,8,1160.0,,15.0
simu5g_00000800,7,1,9,1128.0,,14.0
simu5g_00000800,7,1,10,1128.0,,14.0
simu5g_00000800,7,1,11,1128.0,,14.0
simu5g_00000800,7,1,12,1160.0,,15.0
simu5g_00000800,7,1,13,1160.0,,15.0
simu5g_00000800,7,1,14,984.0,,13.0
simu5g_00000800,7,1,15,1128.0,,14.0
simu5g_00000800,7,1,16,1128.0,,14.0
simu5g_00000800,7,1,17,528.0,,8.0
simu5g_00000800,7,1,18,1160.0,,15.0
simu5g_00000800,7,1,19,984.0,,13.0
simu5g_00000800,7,1,20,984.0,,13.0
simu5g_00000800,7,1,21,1128.0,,14.0
simu5g_00000800,7,1,22,1160.0,,15.0
simu5g_00000800,7,1,23,1160.0,,15.0
simu5g_00000800,7,1,24,1160.0,,15.0
simu5g_00000801,0,0,0,1160.0,,15.0
simu5g_00000801,0,0,1,984.0,,13.0
simu5g_00000801,0,0,2,1160.0,,15.0
simu5g_00000801,0,0,3,1160.0,,15.0
simu5g_00000801,0,0,4,1160.0,,15.0
simu5g_00000801,0,0,5,1160.0,,15.0
simu5g_00000801,0,0,6,1160.0,,15.0
simu5g_00000801,0,0,7,1160.0,,15.0
simu5g_00000801,0,0,8,1128.0,,14.0
simu5g_00000801,0,0,9,1160.0,,15.0
simu5g_00000801,0,0,10,1160.0,,15.0
simu5g_00000801,0,0,11,1160.0,,15.0
simu5g_00000801,0,0,12,1160.0,,15.0
simu5g_00000801,0,0,13,1160.0,,15.0
simu5g_00000801,0,0,14,1160.0,,15.0
simu5g_00000801,0,0,15,1160.0,,15.0
simu5g_00000801,0,0,16,1160.0,,15.0
simu5g_00000801,0,0,17,1160.0,,15.0
simu5g_00000801,0,0,18,1160.0,,15.0
simu5g_00000801,0,0,19,1160.0,,15.0
simu5g_00000801,0,0,20,1160.0,,15.0
simu5g_00000801,0,0,21,1128.0,,14.0
simu5g_00000801,0,0,22,1160.0,,15.0
simu5g_00000801,0,0,23,1160.0,,15.0
simu5g_00000801,0,0,24,1160.0,,15.0
simu5g_00000801,1,1,0,1160.0,,15.0
simu5g_00000801,1,1,1,1160.0,,15.0
simu5g_00000801,1,1,2,1160.0,,15.0
simu5g_00000801,1,1,3,1160.0,,15.0
simu5g_00000801,1,1,4,1160.0,,15.0
simu5g_00000801,1,1,5,1160.0,,15.0
simu5g_00000801,1,1,6,1160.0,,15.0
simu5g_00000801,1,1,7,1160.0,,15.0
simu5g_00000801,1,1,8,1128.0,,14.0
simu5g_00000801,1,1,9,1160.0,,15.0
simu5g_00000801,1,1,10,1160.0,,15.0
simu5g_00000801,1,1,11,1160.0,,15.0
simu5g_00000801,1,1,12,1160.0,,15.0
simu5g_00000801,1,1,13,1160.0,,15.0
simu5g_00000801,1,1,14,1160.0,,15.0
simu5g_00000801,1,1,15,1160.0,,15.0
simu5g_00000801,1,1,16,1160.0,,15.0
simu5g_00000801,1,1,17,1160.0,,15.0
simu5g_00000801,1,1,18,1160.0,,15.0
simu5g_00000801,1,1,19,1160.0,,15.0
simu5g_00000801,1,1,20,1160.0,,15.0
simu5g_00000801,1,1,21,1128.0,,14.0
simu5g_00000801,1,1,22,1160.0,,15.0
simu5g_00000801,1,1,23,1160.0,,15.0
simu5g_00000801,1,1,24,1160.0,,15.0
simu5g_00000801,15,2,0,1160.0,,15.0
simu5g_00000801,15,2,1,1160.0,,15.0
simu5g_00000801,15,2,2,1160.0,,15.0
simu5g_00000801,15,2,3,1160.0,,15.0
simu5g_00000801,15,2,4,1160.0,,15.0
simu5g_00000801,15,2,5,1128.0,,14.0
simu5g_00000801,15,2,6,1160.0,,15.0
simu5g_00000801,15,2,7,1160.0,,15.0
simu5g_00000801,15,2,8,1160.0,,15.0
simu5g_00000801,15,2,9,1160.0,,15.0
simu5g_00000801,15,2,10,1160.0,,15.0
simu5g_00000801,15,2,11,1160.0,,15.0
simu5g_00000801,15,2,12,1160.0,,15.0
simu5g_00000801,15,2,13,1160.0,,15.0
simu5g_00000801,15,2,14,1160.0,,15.0
simu5g_00000801,15,2,15,1160.0,,15.0
simu5g_00000801,15,2,16,1160.0,,15.0
simu5g_00000801,15,2,17,1160.0,,15.0
simu5g_00000801,15,2,18,1160.0,,15.0
simu5g_00000801,15,2,19,1160.0,,15.0
simu5g_00000801,15,2,20,1160.0,,15.0
simu5g_00000801,15,2,21,1160.0,,15.0
simu5g_00000801,15,2,22,1160.0,,15.0
simu5g_00000801,15,2,23,1160.0,,15.0
simu5g_00000801,15,2,24,1160.0,,15.0
simu5g_00000801,2,3,0,1160.0,,15.0
simu5g_00000801,2,3,1,1160.0,,15.0
simu5g_00000801,2,3,2,1160.0,,15.0
simu5g_00000801,2,3,3,1160.0,,15.0
simu5g_00000801,2,3,4,1160.0,,15.0
simu5g_00000801,2,3,5,1160.0,,15.0
simu5g_00000801,2,3,6,1160.0,,15.0
simu5g_00000801,2,3,7,1160.0,,15.0
simu5g_00000801,2,3,8,1160.0,,15.0
simu5g_00000801,2,3,9,1160.0,,15.0
simu5g_00000801,2,3,10,1160.0,,15.0
simu5g_00000801,2,3,11,1160.0,,15.0
simu5g_00000801,2,3,12,1160.0,,15.0
simu5g_00000801,2,3,13,1160.0,,15.0
simu5g_00000801,2,3,14,1160.0,,15.0
simu5g_00000801,2,3,15,1160.0,,15.0
simu5g_00000801,2,3,16,1160.0,,15.0
simu5g_00000801,2,3,17,1160.0,,15.0
simu5g_00000801,2,3,18,1160.0,,15.0
simu5g_00000801,2,3,19,1160.0,,15.0
simu5g_00000801,2,3,20,1160.0,,15.0
simu5g_00000801,2,3,21,1160.0,,15.0
simu5g_00000801,2,3,22,1160.0,,15.0
simu5g_00000801,2,3,23,1160.0,,15.0
simu5g_00000801,2,3,24,1160.0,,15.0
simu5g_00000801,3,4,0,1160.0,,15.0
simu5g_00000801,3,4,1,1160.0,,15.0
simu5g_00000801,3,4,2,1160.0,,15.0
simu5g_00000801,3,4,3,1160.0,,15.0
simu5g_00000801,3,4,4,1160.0,,15.0
simu5g_00000801,3,4,5,1160.0,,15.0
simu5g_00000801,3,4,6,1160.0,,15.0
simu5g_00000801,3,4,7,1160.0,,15.0
simu5g_00000801,3,4,8,1160.0,,15.0
simu5g_00000801,3,4,9,1160.0,,15.0
simu5g_00000801,3,4,10,1160.0,,15.0
simu5g_00000801,3,4,11,1160.0,,15.0
simu5g_00000801,3,4,12,1160.0,,15.0
simu5g_00000801,3,4,13,1160.0,,15.0
simu5g_00000801,3,4,14,1160.0,,15.0
simu5g_00000801,3,4,15,1160.0,,15.0
simu5g_00000801,3,4,16,1160.0,,15.0
simu5g_00000801,3,4,17,1160.0,,15.0
simu5g_00000801,3,4,18,1160.0,,15.0
simu5g_00000801,3,4,19,1160.0,,15.0
simu5g_00000801,3,4,20,1160.0,,15.0
simu5g_00000801,3,4,21,1160.0,,15.0
simu5g_00000801,3,4,22,1160.0,,15.0
simu5g_00000801,3,4,23,1160.0,,15.0
simu5g_00000801,3,4,24,1160.0,,15.0
simu5g_00000801,4,5,0,1160.0,,15.0
simu5g_00000801,4,5,1,1128.0,,14.0
simu5g_00000801,4,5,2,1160.0,,15.0
simu5g_00000801,4,5,3,608.0,,9.0
simu5g_00000801,4,5,4,1160.0,,15.0
simu5g_00000801,4,5,5,1160.0,,15.0
simu5g_00000801,4,5,6,1160.0,,15.0
simu5g_00000801,4,5,7,808.0,,11.0
simu5g_00000801,4,5,8,984.0,,13.0
simu5g_00000801,4,5,9,1160.0,,15.0
simu5g_00000801,4,5,10,1128.0,,14.0
simu5g_00000801,4,5,11,1160.0,,15.0
simu5g_00000801,4,5,12,1160.0,,15.0
simu5g_00000801,4,5,13,1128.0,,14.0
simu5g_00000801,4,5,14,1160.0,,15.0
simu5g_00000801,4,5,15,1128.0,,14.0
simu5g_00000801,4,5,16,1128.0,,14.0
simu5g_00000801,4,5,17,1128.0,,14.0
simu5g_00000801,4,5,18,1160.0,,15.0
simu5g_00000801,4,5,19,1160.0,,15.0
simu5g_00000801,4,5,20,1128.0,,14.0
simu5g_00000801,4,5,21,1128.0,,14.0
simu5g_00000801,4,5,22,1160.0,,15.0
simu5g_00000801,4,5,23,1160.0,,15.0
simu5g_00000801,4,5,24,1128.0,,14.0
simu5g_00000801,5,6,0,1160.0,,15.0
simu5g_00000801,5,6,1,1128.0,,14.0
simu5g_00000801,5,6,2,1160.0,,15.0
simu5g_00000801,5,6,3,1128.0,,14.0
simu5g_00000801,5,6,4,1160.0,,15.0
simu5g_00000801,5,6,5,1160.0,,15.0
simu5g_00000801,5,6,6,1160.0,,15.0
simu5g_00000801,5,6,7,1160.0,,15.0
simu5g_00000801,5,6,8,1160.0,,15.0
simu5g_00000801,5,6,9,1160.0,,15.0
simu5g_00000801,5,6,10,1160.0,,15.0
simu5g_00000801,5,6,11,1160.0,,15.0
simu5g_00000801,5,6,12,1160.0,,15.0
simu5g_00000801,5,6,13,1128.0,,14.0
simu5g_00000801,5,6,14,1128.0,,14.0
simu5g_00000801,5,6,15,1128.0,,14.0
simu5g_00000801,5,6,16,808.0,,11.0
simu5g_00000801,5,6,17,1160.0,,15.0
simu5g_00000801,5,6,18,1160.0,,15.0
simu5g_00000801,5,6,19,1160.0,,15.0
simu5g_00000801,5,6,20,1128.0,,14.0
simu5g_00000801,5,6,21,984.0,,13.0
simu5g_00000801,5,6,22,1160.0,,15.0
simu5g_00000801,5,6,23,1128.0,,14.0
simu5g_00000801,5,6,24,1160.0,,15.0
simu5g_00000802,6,0,0,1160.0,,15.0
simu5g_00000802,6,0,1,1160.0,,15.0
simu5g_00000802,6,0,2,1160.0,,15.0
simu5g_00000802,6,0,3,888.0,,12.0
simu5g_00000802,6,0,4,1160.0,,15.0
simu5g_00000802,6,0,5,1160.0,,15.0
simu5g_00000802,6,0,6,1160.0,,15.0
simu5g_00000802,6,0,7,1160.0,,15.0
simu5g_00000802,6,0,8,1160.0,,15.0
simu5g_00000802,6,0,9,1128.0,,14.0
simu5g_00000802,6,0,10,1128.0,,14.0
simu5g_00000802,6,0,11,1160.0,,15.0
simu5g_00000802,6,0,12,1160.0,,15.0
simu5g_00000802,6,0,13,1160.0,,15.0
simu5g_00000802,6,0,14,1160.0,,15.0
simu5g_00000802,6,0,15,1160.0,,15.0
simu5g_00000802,6,0,16,1128.0,,14.0
simu5g_00000802,6,0,17,1160.0,,15.0
simu5g_00000802,6,0,18,1160.0,,15.0
simu5g_00000802,6,0,19,1160.0,,15.0
simu5g_00000802,6,0,20,1160.0,,15.0
simu5g_00000802,6,0,21,1160.0,,15.0
simu5g_00000802,6,0,22,1160.0,,15.0
simu5g_00000802,6,0,23,1160.0,,15.0
simu5g_00000802,6,0,24,1160.0,,15.0
simu5g_00000802,7,1,0,1128.0,,14.0
simu5g_00000802,7,1,1,1160.0,,15.0
simu5g_00000802,7,1,2,1128.0,,14.0
simu5g_00000802,7,1,3,528.0,,8.0
simu5g_00000802,7,1,4,888.0,,12.0
simu5g_00000802,7,1,5,1160.0,,15.0
simu5g_00000802,7,1,6,984.0,,13.0
simu5g_00000802,7,1,7,1160.0,,15.0
simu5g_00000802,7,1,8,1160.0,,15.0
simu5g_00000802,7,1,9,1128.0,,14.0
simu5g_00000802,7,1,10,1128.0,,14.0
simu5g_00000802,7,1,11,1128.0,,14.0
simu5g_00000802,7,1,12,1160.0,,15.0
simu5g_00000802,7,1,13,1160.0,,15.0
simu5g_00000802,7,1,14,984.0,,13.0
simu5g_00000802,7,1,15,1128.0,,14.0
simu5g_00000802,7,1,16,1128.0,,14.0
simu5g_00000802,7,1,17,528.0,,8.0
simu5g_00000802,7,1,18,1160.0,,15.0
simu5g_00000802,7,1,19,984.0,,13.0
simu5g_00000802,7,1,20,984.0,,13.0
simu5g_00000802,7,1,21,1128.0,,14.0
simu5g_00000802,7,1,22,1160.0,,15.0
simu5g_00000802,7,1,23,1160.0,,15.0
simu5g_00000802,7,1,24,1160.0,,15.0
simu5g_00000803,0,0,0,1160.0,,15.0
simu5g_00000803,0,0,1,984.0,,13.0
simu5g_00000803,0,0,2,1160.0,,15.0
simu5g_00000803,0,0,3,1160.0,,15.0
simu5g_00000803,0,0,4,1160.0,,15.0
simu5g_00000803,0,0,5,1160.0,,15.0
simu5g_00000803,0,0,6,1160.0,,15.0
simu5g_00000803,0,0,7,1160.0,,15.0
simu5g_00000803,0,0,8,1128.0,,14.0
simu5g_00000803,0,0,9,1160.0,,15.0
simu5g_00000803,0,0,10,1160.0,,15.0
simu5g_00000803,0,0,11,1160.0,,15.0
simu5g_00000803,0,0,12,1160.0,,15.0
simu5g_00000803,0,0,13,1160.0,,15.0
simu5g_00000803,0,0,14,1160.0,,15.0
simu5g_00000803,0,0,15,1160.0,,15.0
simu5g_00000803,0,0,16,1160.0,,15.0
simu5g_00000803,0,0,17,1160.0,,15.0
simu5g_00000803,0,0,18,1160.0,,15.0
simu5g_00000803,0,0,19,1160.0,,15.0
simu5g_00000803,0,0,20,1160.0,,15.0
simu5g_00000803,0,0,21,1128.0,,14.0
simu5g_00000803,0,0,22,1160.0,,15.0
simu5g_00000803,0,0,23,1160.0,,15.0
simu5g_00000803,0,0,24,1160.0,,15.0
simu5g_00000803,1,1,0,1160.0,,15.0
simu5g_00000803,1,1,1,1160.0,,15.0
simu5g_00000803,1,1,2,1160.0,,15.0
simu5g_00000803,1,1,3,1160.0,,15.0
simu5g_00000803,1,1,4,1160.0,,15.0
simu5g_00000803,1,1,5,1160.0,,15.0
simu5g_00000803,1,1,6,1160.0,,15.0
simu5g_00000803,1,1,7,1160.0,,15.0
simu5g_00000803,1,1,8,1128.0,,14.0
simu5g_00000803,1,1,9,1160.0,,15.0
simu5g_00000803,1,1,10,1160.0,,15.0
simu5g_00000803,1,1,11,1160.0,,15.0
simu5g_00000803,1,1,12,1160.0,,15.0
simu5g_00000803,1,1,13,1160.0,,15.0
simu5g_00000803,1,1,14,1160.0,,15.0
simu5g_00000803,1,1,15,1160.0,,15.0
simu5g_00000803,1,1,16,1160.0,,15.0
simu5g_00000803,1,1,17,1160.0,,15.0
simu5g_00000803,1,1,18,1160.0,,15.0
simu5g_00000803,1,1,19,1160.0,,15.0
simu5g_00000803,1,1,20,1160.0,,15.0
simu5g_00000803,1,1,21,1128.0,,14.0
simu5g_00000803,1,1,22,1160.0,,15.0
simu5g_00000803,1,1,23,1160.0,,15.0
simu5g_00000803,1,1,24,1160.0,,15.0
simu5g_00000803,15,2,0,1160.0,,15.0
simu5g_00000803,15,2,1,1160.0,,15.0
simu5g_00000803,15,2,2,1160.0,,15.0
simu5g_00000803,15,2,3,1160.0,,15.0
simu5g_00000803,15,2,4,1160.0,,15.0
simu5g_00000803,15,2,5,1128.0,,14.0
simu5g_00000803,15,2,6,1160.0,,15.0
simu5g_00000803,15,2,7,1160.0,,15.0
simu5g_00000803,15,2,8,1160.0,,15.0
simu5g_00000803,15,2,9,1160.0,,15.0
simu5g_00000803,15,2,10,1160.0,,15.0
simu5g_00000803,15,2,11,1160.0,,15.0
simu5g_00000803,15,2,12,1160.0,,15.0
simu5g_00000803,15,2,13,1160.0,,15.0
simu5g_00000803,15,2,14,1160.0,,15.0
simu5g_00000803,15,2,15,1160.0,,15.0
simu5g_00000803,15,2,16,1160.0,,15.0
simu5g_00000803,15,2,17,1160.0,,15.0
simu5g_00000803,15,2,18,1160.0,,15.0
simu5g_00000803,15,2,19,1160.0,,15.0
simu5g_00000803,15,2,20,1160.0,,15.0
simu5g_00000803,15,2,21,1160.0,,15.0
simu5g_00000803,15,2,22,1160.0,,15.0
simu5g_00000803,15,2,23,1160.0,,15.0
simu5g_00000803,15,2,24,1160.0,,15.0
simu5g_00000803,2,3,0,1160.0,,15.0
simu5g_00000803,2,3,1,1160.0,,15.0
simu5g_00000803,2,3,2,1160.0,,15.0
simu5g_00000803,2,3,3,1160.0,,15.0
simu5g_00000803,2,3,4,1160.0,,15.0
simu5g_00000803,2,3,5,1160.0,,15.0
simu5g_00000803,2,3,6,1160.0,,15.0
simu5g_00000803,2,3,7,1160.0,,15.0
simu5g_00000803,2,3,8,1160.0,,15.0
simu5g_00000803,2,3,9,1160.0,,15.0
simu5g_00000803,2,3,10,1160.0,,15.0
simu5g_00000803,2,3,11,1160.0,,15.0
simu5g_00000803,2,3,12,1160.0,,15.0
simu5g_00000803,2,3,13,1160.0,,15.0
simu5g_00000803,2,3,14,1160.0,,15.0
simu5g_00000803,2,3,15,1160.0,,15.0
simu5g_00000803,2,3,16,1160.0,,15.0
simu5g_00000803,2,3,17,1160.0,,15.0
simu5g_00000803,2,3,18,1160.0,,15.0
simu5g_00000803,2,3,19,1160.0,,15.0
simu5g_00000803,2,3,20,1160.0,,15.0
simu5g_00000803,2,3,21,1160.0,,15.0
simu5g_00000803,2,3,22,1160.0,,15.0
simu5g_00000803,2,3,23,1160.0,,15.0
simu5g_00000803,2,3,24,1160.0,,15.0
simu5g_00000803,3,4,0,1160.0,,15.0
simu5g_00000803,3,4,1,1160.0,,15.0
simu5g_00000803,3,4,2,1160.0,,15.0
simu5g_00000803,3,4,3,1160.0,,15.0
simu5g_00000803,3,4,4,1160.0,,15.0
simu5g_00000803,3,4,5,1160.0,,15.0
simu5g_00000803,3,4,6,1160.0,,15.0
simu5g_00000803,3,4,7,1160.0,,15.0
simu5g_00000803,3,4,8,1160.0,,15.0
simu5g_00000803,3,4,9,1160.0,,15.0
simu5g_00000803,3,4,10,1160.0,,15.0
simu5g_00000803,3,4,11,1160.0,,15.0
simu5g_00000803,3,4,12,1160.0,,15.0
simu5g_00000803,3,4,13,1160.0,,15.0
simu5g_00000803,3,4,14,1160.0,,15.0
simu5g_00000803,3,4,15,1160.0,,15.0
simu5g_00000803,3,4,16,1160.0,,15.0
simu5g_00000803,3,4,17,1160.0,,15.0
simu5g_00000803,3,4,18,1160.0,,15.0
simu5g_00000803,3,4,19,1160.0,,15.0
simu5g_00000803,3,4,20,1160.0,,15.0
simu5g_00000803,3,4,21,1160.0,,15.0
simu5g_00000803,3,4,22,1160.0,,15.0
simu5g_00000803,3,4,23,1160.0,,15.0
simu5g_00000803,3,4,24,1160.0,,15.0
simu5g_00000803,4,5,0,1160.0,,15.0
simu5g_00000803,4,5,1,984.0,,13.0
simu5g_00000803,4,5,2,1160.0,,15.0
simu5g_00000803,4,5,3,608.0,,9.0
simu5g_00000803,4,5,4,1128.0,,14.0
simu5g_00000803,4,5,5,1160.0,,15.0
simu5g_00000803,4,5,6,1160.0,,15.0
simu5g_00000803,4,5,7,808.0,,11.0
simu5g_00000803,4,5,8,984.0,,13.0
simu5g_00000803,4,5,9,1128.0,,14.0
simu5g_00000803,4,5,10,1128.0,,14.0
simu5g_00000803,4,5,11,1160.0,,15.0
simu5g_00000803,4,5,12,1160.0,,15.0
simu5g_00000803,4,5,13,1128.0,,14.0
simu5g_00000803,4,5,14,1160.0,,15.0
simu5g_00000803,4,5,15,984.0,,13.0
simu5g_00000803,4,5,16,1128.0,,14.0
simu5g_00000803,4,5,17,1128.0,,14.0
simu5g_00000803,4,5,18,1160.0,,15.0
simu5g_00000803,4,5,19,1160.0,,15.0
simu5g_00000803,4,5,20,1128.0,,14.0
simu5g_00000803,4,5,21,984.0,,13.0
simu5g_00000803,4,5,22,1160.0,,15.0
simu5g_00000803,4,5,23,1160.0,,15.0
simu5g_00000803,4,5,24,1128.0,,14.0
simu5g_00000803,5,6,0,1160.0,,15.0
simu5g_00000803,5,6,1,1160.0,,15.0
simu5g_00000803,5,6,2,1160.0,,15.0
simu5g_00000803,5,6,3,1160.0,,15.0
simu5g_00000803,5,6,4,1160.0,,15.0
simu5g_00000803,5,6,5,1160.0,,15.0
simu5g_00000803,5,6,6,1160.0,,15.0
simu5g_00000803,5,6,7,1160.0,,15.0
simu5g_00000803,5,6,8,1160.0,,15.0
simu5g_00000803,5,6,9,1160.0,,15.0
simu5g_00000803,5,6,10,1160.0,,15.0
simu5g_00000803,5,6,11,1160.0,,15.0
simu5g_00000803,5,6,12,1160.0,,15.0
simu5g_00000803,5,6,13,1160.0,,15.0
simu5g_00000803,5,6,14,1160.0,,15.0
simu5g_00000803,5,6,15,1160.0,,15.0
simu5g_00000803,5,6,16,984.0,,13.0
simu5g_00000803,5,6,17,1160.0,,15.0
simu5g_00000803,5,6,18,1160.0,,15.0
simu5g_00000803,5,6,19,1160.0,,15.0
simu5g_00000803,5,6,20,1160.0,,15.0
simu5g_00000803,5,6,21,1128.0,,14.0
simu5g_00000803,5,6,22,1160.0,,15.0
simu5g_00000803,5,6,23,1160.0,,15.0
simu5g_00000803,5,6,24,1160.0,,15.0
simu5g_00000804,6,0,0,1160.0,,15.0
simu5g_00000804,6,0,1,1160.0,,15.0
simu5g_00000804,6,0,2,1160.0,,15.0
simu5g_00000804,6,0,3,888.0,,12.0
simu5g_00000804,6,0,4,1160.0,,15.0
simu5g_00000804,6,0,5,1160.0,,15.0
simu5g_00000804,6,0,6,1160.0,,15.0
simu5g_00000804,6,0,7,1160.0,,15.0
simu5g_00000804,6,0,8,1160.0,,15.0
simu5g_00000804,6,0,9,1128.0,,14.0
simu5g_00000804,6,0,10,1128.0,,14.0
simu5g_00000804,6,0,11,1160.0,,15.0
simu5g_00000804,6,0,12,1160.0,,15.0
simu5g_00000804,6,0,13,1160.0,,15.0
simu5g_00000804,6,0,14,1160.0,,15.0
simu5g_00000804,6,0,15,1160.0,,15.0
simu5g_00000804,6,0,16,1128.0,,14.0
simu5g_00000804,6,0,17,1160.0,,15.0
simu5g_00000804,6,0,18,1160.0,,15.0
simu5g_00000804,6,0,19,1160.0,,15.0
simu5g_00000804,6,0,20,1160.0,,15.0
simu5g_00000804,6,0,21,1160.0,,15.0
simu5g_00000804,6,0,22,1160.0,,15.0
simu5g_00000804,6,0,23,1160.0,,15.0
simu5g_00000804,6,0,24,1160.0,,15.0
simu5g_00000804,7,1,0,1128.0,,14.0
simu5g_00000804,7,1,1,1160.0,,15.0
simu5g_00000804,7,1,2,1128.0,,14.0
simu5g_00000804,7,1,3,528.0,,8.0
simu5g_00000804,7,1,4,888.0,,12.0
simu5g_00000804,7,1,5,1160.0,,15.0
simu5g_00000804,7,1,6,984.0,,13.0
simu5g_00000804,7,1,7,1160.0,,15.0
simu5g_00000804,7,1,8,1160.0,,15.0
simu5g_00000804,7,1,9,1128.0,,14.0
simu5g_00000804,7,1,10,1128.0,,14.0
simu5g_00000804,7,1,11,1128.0,,14.0
simu5g_00000804,7,1,12,1160.0,,15.0
simu5g_00000804,7,1,13,1160.0,,15.0
simu5g_00000804,7,1,14,984.0,,13.0
simu5g_00000804,7,1,15,1128.0,,14.0
simu5g_00000804,7,1,16,1128.0,,14.0
simu5g_00000804,7,1,17,528.0,,8.0
simu5g_00000804,7,1,18,1160.0,,15.0
simu5g_00000804,7,1,19,984.0,,13.0
simu5g_00000804,7,1,20,984.0,,13.0
simu5g_00000804,7,1,21,1128.0,,14.0
simu5g_00000804,7,1,22,1160.0,,15.0
simu5g_00000804,7,1,23,1160.0,,15.0
simu5g_00000804,7,1,24,1160.0,,15.0
simu5g_00000805,0,0,0,1160.0,,15.0
simu5g_00000805,0,0,1,1128.0,,14.0
simu5g_00000805,0,0,2,1160.0,,15.0
simu5g_00000805,0,0,3,1160.0,,15.0
simu5g_00000805,0,0,4,1160.0,,15.0
simu5g_00000805,0,0,5,1160.0,,15.0
simu5g_00000805,0,0,6,1160.0,,15.0
simu5g_00000805,0,0,7,1160.0,,15.0
simu5g_00000805,0,0,8,1160.0,,15.0
simu5g_00000805,0,0,9,1160.0,,15.0
simu5g_00000805,0,0,10,1160.0,,15.0
simu5g_00000805,0,0,11,1160.0,,15.0
simu5g_00000805,0,0,12,1160.0,,15.0
simu5g_00000805,0,0,13,1160.0,,15.0
simu5g_00000805,0,0,14,1160.0,,15.0
simu5g_00000805,0,0,15,1160.0,,15.0
simu5g_00000805,0,0,16,1160.0,,15.0
simu5g_00000805,0,0,17,1160.0,,15.0
simu5g_00000805,0,0,18,1160.0,,15.0
simu5g_00000805,0,0,19,1160.0,,15.0
simu5g_00000805,0,0,20,1160.0,,15.0
simu5g_00000805,0,0,21,1160.0,,15.0
simu5g_00000805,0,0,22,1160.0,,15.0
simu5g_00000805,0,0,23,1160.0,,15.0
simu5g_00000805,0,0,24,1160.0,,15.0
simu5g_00000805,1,1,0,1160.0,,15.0
simu5g_00000805,1,1,1,1160.0,,15.0
simu5g_00000805,1,1,2,1160.0,,15.0
simu5g_00000805,1,1,3,1160.0,,15.0
simu5g_00000805,1,1,4,1160.0,,15.0
simu5g_00000805,1,1,5,1160.0,,15.0
simu5g_00000805,1,1,6,1160.0,,15.0
simu5g_00000805,1,1,7,1160.0,,15.0
simu5g_00000805,1,1,8,1160.0,,15.0
simu5g_00000805,1,1,9,1160.0,,15.0
simu5g_00000805,1,1,10,1160.0,,15.0
simu5g_00000805,1,1,11,1160.0,,15.0
simu5g_00000805,1,1,12,1160.0,,15.0
simu5g_00000805,1,1,13,1160.0,,15.0
simu5g_00000805,1,1,14,1160.0,,15.0
simu5g_00000805,1,1,15,1160.0,,15.0
simu5g_00000805,1,1,16,1160.0,,15.0
simu5g_00000805,1,1,17,1160.0,,15.0
simu5g_00000805,1,1,18,1160.0,,15.0
simu5g_00000805,1,1,19,1160.0,,15.0
simu5g_00000805,1,1,20,1160.0,,15.0
simu5g_00000805,1,1,21,1160.0,,15.0
simu5g_00000805,1,1,22,1160.0,,15.0
simu5g_00000805,1,1,23,1160.0,,15.0
simu5g_00000805,1,1,24,1160.0,,15.0
simu5g_00000805,15,2,0,1160.0,,15.0
simu5g_00000805,15,2,1,1160.0,,15.0
simu5g_00000805,15,2,2,1160.0,,15.0
simu5g_00000805,15,2,3,1160.0,,15.0
simu5g_00000805,15,2,4,1160.0,,15.0
simu5g_00000805,15,2,5,1128.0,,14.0
simu5g_00000805,15,2,6,1160.0,,15.0
simu5g_00000805,15,2,7,1160.0,,15.0
simu5g_00000805,15,2,8,1160.0,,15.0
simu5g_00000805,15,2,9,1160.0,,15.0
simu5g_00000805,15,2,10,1160.0,,15.0
simu5g_00000805,15,2,11,1160.0,,15.0
simu5g_00000805,15,2,12,1160.0,,15.0
simu5g_00000805,15,2,13,1160.0,,15.0
simu5g_00000805,15,2,14,1160.0,,15.0
simu5g_00000805,15,2,15,1160.0,,15.0
simu5g_00000805,15,2,16,1160.0,,15.0
simu5g_00000805,15,2,17,1160.0,,15.0
simu5g_00000805,15,2,18,1160.0,,15.0
simu5g_00000805,15,2,19,1160.0,,15.0
simu5g_00000805,15,2,20,1160.0,,15.0
simu5g_00000805,15,2,21,1160.0,,15.0
simu5g_00000805,15,2,22,1160.0,,15.0
simu5g_00000805,15,2,23,1160.0,,15.0
simu5g_00000805,15,2,24,1160.0,,15.0
simu5g_00000805,2,3,0,1160.0,,15.0
simu5g_00000805,2,3,1,1160.0,,15.0
simu5g_00000805,2,3,2,1160.0,,15.0
simu5g_00000805,2,3,3,1160.0,,15.0
simu5g_00000805,2,3,4,1160.0,,15.0
simu5g_00000805,2,3,5,1160.0,,15.0
simu5g_00000805,2,3,6,1160.0,,15.0
simu5g_00000805,2,3,7,1160.0,,15.0
simu5g_00000805,2,3,8,1160.0,,15.0
simu5g_00000805,2,3,9,1160.0,,15.0
simu5g_00000805,2,3,10,1160.0,,15.0
simu5g_00000805,2,3,11,1160.0,,15.0
simu5g_00000805,2,3,12,1160.0,,15.0
simu5g_00000805,2,3,13,1160.0,,15.0
simu5g_00000805,2,3,14,1160.0,,15.0
simu5g_00000805,2,3,15,1160.0,,15.0
simu5g_00000805,2,3,16,1160.0,,15.0
simu5g_00000805,2,3,17,1160.0,,15.0
simu5g_00000805,2,3,18,1160.0,,15.0
simu5g_00000805,2,3,19,1160.0,,15.0
simu5g_00000805,2,3,20,1160.0,,15.0
simu5g_00000805,2,3,21,1160.0,,15.0
simu5g_00000805,2,3,22,1160.0,,15.0
simu5g_00000805,2,3,23,1160.0,,15.0
simu5g_00000805,2,3,24,1160.0,,15.0
simu5g_00000805,3,4,0,1160.0,,15.0
simu5g_00000805,3,4,1,1160.0,,15.0
simu5g_00000805,3,4,2,1160.0,,15.0
simu5g_00000805,3,4,3,1160.0,,15.0
simu5g_00000805,3,4,4,1160.0,,15.0
simu5g_00000805,3,4,5,1160.0,,15.0
simu5g_00000805,3,4,6,1160.0,,15.0
simu5g_00000805,3,4,7,1160.0,,15.0
simu5g_00000805,3,4,8,1160.0,,15.0
simu5g_00000805,3,4,9,1160.0,,15.0
simu5g_00000805,3,4,10,1160.0,,15.0
simu5g_00000805,3,4,11,1160.0,,15.0
simu5g_00000805,3,4,12,1160.0,,15.0
simu5g_00000805,3,4,13,1160.0,,15.0
simu5g_00000805,3,4,14,1160.0,,15.0
simu5g_00000805,3,4,15,1160.0,,15.0
simu5g_00000805,3,4,16,1160.0,,15.0
simu5g_00000805,3,4,17,1160.0,,15.0
simu5g_00000805,3,4,18,1160.0,,15.0
simu5g_00000805,3,4,19,1160.0,,15.0
simu5g_00000805,3,4,20,1160.0,,15.0
simu5g_00000805,3,4,21,1160.0,,15.0
simu5g_00000805,3,4,22,1160.0,,15.0
simu5g_00000805,3,4,23,1160.0,,15.0
simu5g_00000805,3,4,24,1160.0,,15.0
simu5g_00000805,4,5,0,1160.0,,15.0
simu5g_00000805,4,5,1,984.0,,13.0
simu5g_00000805,4,5,2,1160.0,,15.0
simu5g_00000805,4,5,3,608.0,,9.0
simu5g_00000805,4,5,4,1160.0,,15.0
simu5g_00000805,4,5,5,1160.0,,15.0
simu5g_00000805,4,5,6,1160.0,,15.0
simu5g_00000805,4,5,7,808.0,,11.0
simu5g_00000805,4,5,8,984.0,,13.0
simu5g_00000805,4,5,9,1128.0,,14.0
simu5g_00000805,4,5,10,1128.0,,14.0
simu5g_00000805,4,5,11,1160.0,,15.0
simu5g_00000805,4,5,12,1160.0,,15.0
simu5g_00000805,4,5,13,1128.0,,14.0
simu5g_00000805,4,5,14,1160.0,,15.0
simu5g_00000805,4,5,15,984.0,,13.0
simu5g_00000805,4,5,16,1128.0,,14.0
simu5g_00000805,4,5,17,1128.0,,14.0
simu5g_00000805,4,5,18,1160.0,,15.0
simu5g_00000805,4,5,19,1160.0,,15.0
simu5g_00000805,4,5,20,1128.0,,14.0
simu5g_00000805,4,5,21,1128.0,,14.0
simu5g_00000805,4,5,22,1160.0,,15.0
simu5g_00000805,4,5,23,1160.0,,15.0
simu5g_00000805,4,5,24,1128.0,,14.0
simu5g_00000805,5,6,0,1160.0,,15.0
simu5g_00000805,5,6,1,1160.0,,15.0
simu5g_00000805,5,6,2,1160.0,,15.0
simu5g_00000805,5,6,3,1160.0,,15.0
simu5g_00000805,5,6,4,1160.0,,15.0
simu5g_00000805,5,6,5,1160.0,,15.0
simu5g_00000805,5,6,6,1160.0,,15.0
simu5g_00000805,5,6,7,1160.0,,15.0
simu5g_00000805,5,6,8,1160.0,,15.0
simu5g_00000805,5,6,9,1160.0,,15.0
simu5g_00000805,5,6,10,1160.0,,15.0
simu5g_00000805,5,6,11,1160.0,,15.0
simu5g_00000805,5,6,12,1160.0,,15.0
simu5g_00000805,5,6,13,1160.0,,15.0
simu5g_00000805,5,6,14,1160.0,,15.0
simu5g_00000805,5,6,15,1160.0,,15.0
simu5g_00000805,5,6,16,984.0,,13.0
simu5g_00000805,5,6,17,1160.0,,15.0
simu5g_00000805,5,6,18,1160.0,,15.0
simu5g_00000805,5,6,19,1160.0,,15.0
simu5g_00000805,5,6,20,1160.0,,15.0
simu5g_00000805,5,6,21,1128.0,,14.0
simu5g_00000805,5,6,22,1160.0,,15.0
simu5g_00000805,5,6,23,1160.0,,15.0
simu5g_00000805,5,6,24,1160.0,,15.0
simu5g_00000806,6,0,0,1160.0,,15.0
simu5g_00000806,6,0,1,1160.0,,15.0
simu5g_00000806,6,0,2,1160.0,,15.0
simu5g_00000806,6,0,3,888.0,,12.0
simu5g_00000806,6,0,4,1160.0,,15.0
simu5g_00000806,6,0,5,1160.0,,15.0
simu5g_00000806,6,0,6,1160.0,,15.0
simu5g_00000806,6,0,7,1160.0,,15.0
simu5g_00000806,6,0,8,1160.0,,15.0
simu5g_00000806,6,0,9,1128.0,,14.0
simu5g_00000806,6,0,10,1128.0,,14.0
simu5g_00000806,6,0,11,1160.0,,15.0
simu5g_00000806,6,0,12,1160.0,,15.0
simu5g_00000806,6,0,13,1160.0,,15.0
simu5g_00000806,6,0,14,1160.0,,15.0
simu5g_00000806,6,0,15,1160.0,,15.0
simu5g_00000806,6,0,16,1128.0,,14.0
simu5g_00000806,6,0,17,1160.0,,15.0
simu5g_00000806,6,0,18,1160.0,,15.0
simu5g_00000806,6,0,19,1160.0,,15.0
simu5g_00000806,6,0,20,1160.0,,15.0
simu5g_00000806,6,0,21,1160.0,,15.0
simu5g_00000806,6,0,22,1160.0,,15.0
simu5g_00000806,6,0,23,1160.0,,15.0
simu5g_00000806,6,0,24,1160.0,,15.0
simu5g_00000806,7,1,0,1128.0,,14.0
simu5g_00000806,7,1,1,1160.0,,15.0
simu5g_00000806,7,1,2,1128.0,,14.0
simu5g_00000806,7,1,3,528.0,,8.0
simu5g_00000806,7,1,4,888.0,,12.0
simu5g_00000806,7,1,5,1160.0,,15.0
simu5g_00000806,7,1,6,984.0,,13.0
simu5g_00000806,7,1,7,1160.0,,15.0
simu5g_00000806,7,1,8,1160.0,,15.0
simu5g_00000806,7,1,9,1128.0,,14.0
simu5g_00000806,7,1,10,1128.0,,14.0
simu5g_00000806,7,1,11,1128.0,,14.0
simu5g_00000806,7,1,12,1160.0,,15.0
simu5g_00000806,7,1,13,1160.0,,15.0
simu5g_00000806,7,1,14,984.0,,13.0
simu5g_00000806,7,1,15,1128.0,,14.0
simu5g_00000806,7,1,16,1128.0,,14.0
simu5g_00000806,7,1,17,528.0,,8.0
simu5g_00000806,7,1,18,1160.0,,15.0
simu5g_00000806,7,1,19,984.0,,13.0
simu5g_00000806,7,1,20,984.0,,13.0
simu5g_00000806,7,1,21,1128.0,,14.0
simu5g_00000806,7,1,22,1160.0,,15.0
simu5g_00000806,7,1,23,1160.0,,15.0
simu5g_00000806,7,1,24,1160.0,,15.0
simu5g_00000807,0,0,0,1160.0,,15.0
simu5g_00000807,0,0,1,1128.0,,14.0
simu5g_00000807,0,0,2,1160.0,,15.0
simu5g_00000807,0,0,3,1160.0,,15.0
simu5g_00000807,0,0,4,1160.0,,15.0
simu5g_00000807,0,0,5,1160.0,,15.0
simu5g_00000807,0,0,6,1160.0,,15.0
simu5g_00000807,0,0,7,1160.0,,15.0
simu5g_00000807,0,0,8,1160.0,,15.0
simu5g_00000807,0,0,9,1160.0,,15.0
simu5g_00000807,0,0,10,1160.0,,15.0
simu5g_00000807,0,0,11,1160.0,,15.0
simu5g_00000807,0,0,12,1160.0,,15.0
simu5g_00000807,0,0,13,1160.0,,15.0
simu5g_00000807,0,0,14,1160.0,,15.0
simu5g_00000807,0,0,15,1160.0,,15.0
simu5g_00000807,0,0,16,1160.0,,15.0
simu5g_00000807,0,0,17,1160.0,,15.0
simu5g_00000807,0,0,18,1160.0,,15.0
simu5g_00000807,0,0,19,1160.0,,15.0
simu5g_00000807,0,0,20,1160.0,,15.0
simu5g_00000807,0,0,21,1160.0,,15.0
simu5g_00000807,0,0,22,1160.0,,15.0
simu5g_00000807,0,0,23,1160.0,,15.0
simu5g_00000807,0,0,24,1160.0,,15.0
simu5g_00000807,1,1,0,1160.0,,15.0
simu5g_00000807,1,1,1,1160.0,,15.0
simu5g_00000807,1,1,2,1160.0,,15.0
simu5g_00000807,1,1,3,1160.0,,15.0
simu5g_00000807,1,1,4,1160.0,,15.0
simu5g_00000807,1,1,5,1160.0,,15.0
simu5g_00000807,1,1,6,1160.0,,15.0
simu5g_00000807,1,1,7,1160.0,,15.0
simu5g_00000807,1,1,8,1160.0,,15.0
simu5g_00000807,1,1,9,1160.0,,15.0
simu5g_00000807,1,1,10,1160.0,,15.0
simu5g_00000807,1,1,11,1160.0,,15.0
simu5g_00000807,1,1,12,1160.0,,15.0
simu5g_00000807,1,1,13,1160.0,,15.0
simu5g_00000807,1,1,14,1160.0,,15.0
simu5g_00000807,1,1,15,1160.0,,15.0
simu5g_00000807,1,1,16,1160.0,,15.0
simu5g_00000807,1,1,17,1160.0,,15.0
simu5g_00000807,1,1,18,1160.0,,15.0
simu5g_00000807,1,1,19,1160.0,,15.0
simu5g_00000807,1,1,20,1160.0,,15.0
simu5g_00000807,1,1,21,1160.0,,15.0
simu5g_00000807,1,1,22,1160.0,,15.0
simu5g_00000807,1,1,23,1160.0,,15.0
simu5g_00000807,1,1,24,1160.0,,15.0
simu5g_00000807,15,2,0,1160.0,,15.0
simu5g_00000807,15,2,1,1160.0,,15.0
simu5g_00000807,15,2,2,1160.0,,15.0
simu5g_00000807,15,2,3,1160.0,,15.0
simu5g_00000807,15,2,4,1160.0,,15.0
simu5g_00000807,15,2,5,1128.0,,14.0
simu5g_00000807,15,2,6,1160.0,,15.0
simu5g_00000807,15,2,7,1160.0,,15.0
simu5g_00000807,15,2,8,1160.0,,15.0
simu5g_00000807,15,2,9,1160.0,,15.0
simu5g_00000807,15,2,10,1160.0,,15.0
simu5g_00000807,15,2,11,1160.0,,15.0
simu5g_00000807,15,2,12,1160.0,,15.0
simu5g_00000807,15,2,13,1160.0,,15.0
simu5g_00000807,15,2,14,1160.0,,15.0
simu5g_00000807,15,2,15,1160.0,,15.0
simu5g_00000807,15,2,16,1160.0,,15.0
simu5g_00000807,15,2,17,1160.0,,15.0
simu5g_00000807,15,2,18,1160.0,,15.0
simu5g_00000807,15,2,19,1160.0,,15.0
simu5g_00000807,15,2,20,1160.0,,15.0
simu5g_00000807,15,2,21,1160.0,,15.0
simu5g_00000807,15,2,22,1160.0,,15.0
simu5g_00000807,15,2,23,1160.0,,15.0
simu5g_00000807,15,2,24,1160.0,,15.0
simu5g_00000807,2,3,0,1160.0,,15.0
simu5g_00000807,2,3,1,1160.0,,15.0
simu5g_00000807,2,3,2,1160.0,,15.0
simu5g_00000807,2,3,3,1160.0,,15.0
simu5g_00000807,2,3,4,1160.0,,15.0
simu5g_00000807,2,3,5,1160.0,,15.0
simu5g_00000807,2,3,6,1160.0,,15.0
simu5g_00000807,2,3,7,1160.0,,15.0
simu5g_00000807,2,3,8,1160.0,,15.0
simu5g_00000807,2,3,9,1160.0,,15.0
simu5g_00000807,2,3,10,1160.0,,15.0
simu5g_00000807,2,3,11,1160.0,,15.0
simu5g_00000807,2,3,12,1160.0,,15.0
simu5g_00000807,2,3,13,1160.0,,15.0
simu5g_00000807,2,3,14,1160.0,,15.0
simu5g_00000807,2,3,15,1160.0,,15.0
simu5g_00000807,2,3,16,1160.0,,15.0
simu5g_00000807,2,3,17,1160.0,,15.0
simu5g_00000807,2,3,18,1160.0,,15.0
simu5g_00000807,2,3,19,1160.0,,15.0
simu5g_00000807,2,3,20,1160.0,,15.0
simu5g_00000807,2,3,21,1160.0,,15.0
simu5g_00000807,2,3,22,1160.0,,15.0
simu5g_00000807,2,3,23,1160.0,,15.0
simu5g_00000807,2,3,24,1160.0,,15.0
simu5g_00000807,3,4,0,1160.0,,15.0
simu5g_00000807,3,4,1,1160.0,,15.0
simu5g_00000807,3,4,2,1160.0,,15.0
simu5g_00000807,3,4,3,1160.0,,15.0
simu5g_00000807,3,4,4,1160.0,,15.0
simu5g_00000807,3,4,5,1160.0,,15.0
simu5g_00000807,3,4,6,1160.0,,15.0
simu5g_00000807,3,4,7,1160.0,,15.0
simu5g_00000807,3,4,8,1160.0,,15.0
simu5g_00000807,3,4,9,1160.0,,15.0
simu5g_00000807,3,4,10,1160.0,,15.0
simu5g_00000807,3,4,11,1160.0,,15.0
simu5g_00000807,3,4,12,1160.0,,15.0
simu5g_00000807,3,4,13,1160.0,,15.0
simu5g_00000807,3,4,14,1160.0,,15.0
simu5g_00000807,3,4,15,1160.0,,15.0
simu5g_00000807,3,4,16,1160.0,,15.0
simu5g_00000807,3,4,17,1160.0,,15.0
simu5g_00000807,3,4,18,1160.0,,15.0
simu5g_00000807,3,4,19,1160.0,,15.0
simu5g_00000807,3,4,20,1160.0,,15.0
simu5g_00000807,3,4,21,1160.0,,15.0
simu5g_00000807,3,4,22,1160.0,,15.0
simu5g_00000807,3,4,23,1160.0,,15.0
simu5g_00000807,3,4,24,1160.0,,15.0
simu5g_00000807,4,5,0,1160.0,,15.0
simu5g_00000807,4,5,1,984.0,,13.0
simu5g_00000807,4,5,2,1160.0,,15.0
simu5g_00000807,4,5,3,608.0,,9.0
simu5g_00000807,4,5,4,1160.0,,15.0
simu5g_00000807,4,5,5,1160.0,,15.0
simu5g_00000807,4,5,6,1160.0,,15.0
simu5g_00000807,4,5,7,808.0,,11.0
simu5g_00000807,4,5,8,984.0,,13.0
simu5g_00000807,4,5,9,1160.0,,15.0
simu5g_00000807,4,5,10,1128.0,,14.0
simu5g_00000807,4,5,11,1160.0,,15.0
simu5g_00000807,4,5,12,1160.0,,15.0
simu5g_00000807,4,5,13,1128.0,,14.0
simu5g_00000807,4,5,14,1160.0,,15.0
simu5g_00000807,4,5,15,984.0,,13.0
simu5g_00000807,4,5,16,1128.0,,14.0
simu5g_00000807,4,5,17,1128.0,,14.0
simu5g_00000807,4,5,18,1160.0,,15.0
simu5g_00000807,4,5,19,1160.0,,15.0
simu5g_00000807,4,5,20,1128.0,,14.0
simu5g_00000807,4,5,21,1128.0,,14.0
simu5g_00000807,4,5,22,1160.0,,15.0
simu5g_00000807,4,5,23,1160.0,,15.0
simu5g_00000807,4,5,24,1128.0,,14.0
simu5g_00000807,5,6,0,1160.0,,15.0
simu5g_00000807,5,6,1,1160.0,,15.0
simu5g_00000807,5,6,2,1160.0,,15.0
simu5g_00000807,5,6,3,1160.0,,15.0
simu5g_00000807,5,6,4,1160.0,,15.0
simu5g_00000807,5,6,5,1160.0,,15.0
simu5g_00000807,5,6,6,1160.0,,15.0
simu5g_00000807,5,6,7,1160.0,,15.0
simu5g_00000807,5,6,8,1160.0,,15.0
simu5g_00000807,5,6,9,1160.0,,15.0
simu5g_00000807,5,6,10,1160.0,,15.0
simu5g_00000807,5,6,11,1160.0,,15.0
simu5g_00000807,5,6,12,1160.0,,15.0
simu5g_00000807,5,6,13,1160.0,,15.0
simu5g_00000807,5,6,14,1160.0,,15.0
simu5g_00000807,5,6,15,1160.0,,15.0
simu5g_00000807,5,6,16,984.0,,13.0
simu5g_00000807,5,6,17,1160.0,,15.0
simu5g_00000807,5,6,18,1160.0,,15.0
simu5g_00000807,5,6,19,1160.0,,15.0
simu5g_00000807,5,6,20,1160.0,,15.0
simu5g_00000807,5,6,21,1128.0,,14.0
simu5g_00000807,5,6,22,1160.0,,15.0
simu5g_00000807,5,6,23,1160.0,,15.0
simu5g_00000807,5,6,24,1160.0,,15.0
simu5g_00000808,6,0,0,1160.0,,15.0
simu5g_00000808,6,0,1,1160.0,,15.0
simu5g_00000808,6,0,2,1160.0,,15.0
simu5g_00000808,6,0,3,808.0,,11.0
simu5g_00000808,6,0,4,1160.0,,15.0
simu5g_00000808,6,0,5,1160.0,,15.0
simu5g_00000808,6,0,6,1160.0,,15.0
simu5g_00000808,6,0,7,1160.0,,15.0
simu5g_00000808,6,0,8,1160.0,,15.0
simu5g_00000808,6,0,9,1128.0,,14.0
simu5g_00000808,6,0,10,1128.0,,14.0
simu5g_00000808,6,0,11,1160.0,,15.0
simu5g_00000808,6,0,12,1160.0,,15.0
simu5g_00000808,6,0,13,1160.0,,15.0
simu5g_00000808,6,0,14,1160.0,,15.0
simu5g_00000808,6,0,15,1160.0,,15.0
simu5g_00000808,6,0,16,984.0,,13.0
simu5g_00000808,6,0,17,1160.0,,15.0
simu5g_00000808,6,0,18,1160.0,,15.0
simu5g_00000808,6,0,19,1160.0,,15.0
simu5g_00000808,6,0,20,1160.0,,15.0
simu5g_00000808,6,0,21,1160.0,,15.0
simu5g_00000808,6,0,22,1160.0,,15.0
simu5g_00000808,6,0,23,1160.0,,15.0
simu5g_00000808,6,0,24,1160.0,,15.0
simu5g_00000808,7,1,0,1128.0,,14.0
simu5g_00000808,7,1,1,1160.0,,15.0
simu5g_00000808,7,1,2,1128.0,,14.0
simu5g_00000808,7,1,3,528.0,,8.0
simu5g_00000808,7,1,4,888.0,,12.0
simu5g_00000808,7,1,5,1160.0,,15.0
simu5g_00000808,7,1,6,984.0,,13.0
simu5g_00000808,7,1,7,1160.0,,15.0
simu5g_00000808,7,1,8,1160.0,,15.0
simu5g_00000808,7,1,9,1128.0,,14.0
simu5g_00000808,7,1,10,1128.0,,14.0
simu5g_00000808,7,1,11,1128.0,,14.0
simu5g_00000808,7,1,12,1160.0,,15.0
simu5g_00000808,7,1,13,1160.0,,15.0
simu5g_00000808,7,1,14,984.0,,13.0
simu5g_00000808,7,1,15,1128.0,,14.0
simu5g_00000808,7,1,16,1128.0,,14.0
simu5g_00000808,7,1,17,528.0,,8.0
simu5g_00000808,7,1,18,1160.0,,15.0
simu5g_00000808,7,1,19,984.0,,13.0
simu5g_00000808,7,1,20,984.0,,13.0
simu5g_00000808,7,1,21,1128.0,,14.0
simu5g_00000808,7,1,22,1160.0,,15.0
simu5g_00000808,7,1,23,1160.0,,15.0
simu5g_00000808,7,1,24,1160.0,,15.0
simu5g_00000809,0,0,0,1160.0,,15.0
simu5g_00000809,0,0,1,1128.0,,14.0
simu5g_00000809,0,0,2,1160.0,,15.0
simu5g_00000809,0,0,3,1160.0,,15.0
simu5g_00000809,0,0,4,1160.0,,15.0
simu5g_00000809,0,0,5,1160.0,,15.0
simu5g_00000809,0,0,6,1160.0,,15.0
simu5g_00000809,0,0,7,1160.0,,15.0
simu5g_00000809,0,0,8,1160.0,,15.0
simu5g_00000809,0,0,9,1160.0,,15.0
simu5g_00000809,0,0,10,1160.0,,15.0
simu5g_00000809,0,0,11,1160.0,,15.0
simu5g_00000809,0,0,12,1160.0,,15.0
simu5g_00000809,0,0,13,1160.0,,15.0
simu5g_00000809,0,0,14,1160.0,,15.0
simu5g_00000809,0,0,15,1160.0,,15.0
simu5g_00000809,0,0,16,1160.0,,15.0
simu5g_00000809,0,0,17,1160.0,,15.0
simu5g_00000809,0,0,18,1160.0,,15.0
simu5g_00000809,0,0,19,1160.0,,15.0
simu5g_00000809,0,0,20,1160.0,,15.0
simu5g_00000809,0,0,21,1160.0,,15.0
simu5g_00000809,0,0,22,1160.0,,15.0
simu5g_00000809,0,0,23,1160.0,,15.0
simu5g_00000809,0,0,24,1160.0,,15.0
simu5g_00000809,1,1,0,1160.0,,15.0
simu5g_00000809,1,1,1,1160.0,,15.0
simu5g_00000809,1,1,2,1160.0,,15.0
simu5g_00000809,1,1,3,1160.0,,15.0
simu5g_00000809,1,1,4,1160.0,,15.0
simu5g_00000809,1,1,5,1160.0,,15.0
simu5g_00000809,1,1,6,1160.0,,15.0
simu5g_00000809,1,1,7,1160.0,,15.0
simu5g_00000809,1,1,8,1160.0,,15.0
simu5g_00000809,1,1,9,1160.0,,15.0
simu5g_00000809,1,1,10,1160.0,,15.0
simu5g_00000809,1,1,11,1160.0,,15.0
simu5g_00000809,1,1,12,1160.0,,15.0
simu5g_00000809,1,1,13,1160.0,,15.0
simu5g_00000809,1,1,14,1160.0,,15.0
simu5g_00000809,1,1,15,1160.0,,15.0
simu5g_00000809,1,1,16,1160.0,,15.0
simu5g_00000809,1,1,17,1160.0,,15.0
simu5g_00000809,1,1,18,1160.0,,15.0
simu5g_00000809,1,1,19,1160.0,,15.0
simu5g_00000809,1,1,20,1160.0,,15.0
simu5g_00000809,1,1,21,1160.0,,15.0
simu5g_00000809,1,1,22,1160.0,,15.0
simu5g_00000809,1,1,23,1160.0,,15.0
simu5g_00000809,1,1,24,1160.0,,15.0
simu5g_00000809,15,2,0,1160.0,,15.0
simu5g_00000809,15,2,1,1160.0,,15.0
simu5g_00000809,15,2,2,1160.0,,15.0
simu5g_00000809,15,2,3,1160.0,,15.0
simu5g_00000809,15,2,4,1160.0,,15.0
simu5g_00000809,15,2,5,1128.0,,14.0
simu5g_00000809,15,2,6,1160.0,,15.0
simu5g_00000809,15,2,7,1160.0,,15.0
simu5g_00000809,15,2,8,1160.0,,15.0
simu5g_00000809,15,2,9,1160.0,,15.0
simu5g_00000809,15,2,10,1160.0,,15.0
simu5g_00000809,15,2,11,1160.0,,15.0
simu5g_00000809,15,2,12,1160.0,,15.0
simu5g_00000809,15,2,13,1160.0,,15.0
simu5g_00000809,15,2,14,1160.0,,15.0
simu5g_00000809,15,2,15,1160.0,,15.0
simu5g_00000809,15,2,16,1160.0,,15.0
simu5g_00000809,15,2,17,1160.0,,15.0
simu5g_00000809,15,2,18,1160.0,,15.0
simu5g_00000809,15,2,19,1160.0,,15.0
simu5g_00000809,15,2,20,1160.0,,15.0
simu5g_00000809,15,2,21,1160.0,,15.0
simu5g_00000809,15,2,22,1160.0,,15.0
simu5g_00000809,15,2,23,1160.0,,15.0
simu5g_00000809,15,2,24,1160.0,,15.0
simu5g_00000809,2,3,0,1160.0,,15.0
simu5g_00000809,2,3,1,1160.0,,15.0
simu5g_00000809,2,3,2,1160.0,,15.0
simu5g_00000809,2,3,3,1160.0,,15.0
simu5g_00000809,2,3,4,1160.0,,15.0
simu5g_00000809,2,3,5,1160.0,,15.0
simu5g_00000809,2,3,6,1160.0,,15.0
simu5g_00000809,2,3,7,1160.0,,15.0
simu5g_00000809,2,3,8,1160.0,,15.0
simu5g_00000809,2,3,9,1160.0,,15.0
simu5g_00000809,2,3,10,1160.0,,15.0
simu5g_00000809,2,3,11,1160.0,,15.0
simu5g_00000809,2,3,12,1160.0,,15.0
simu5g_00000809,2,3,13,1160.0,,15.0
simu5g_00000809,2,3,14,1160.0,,15.0
simu5g_00000809,2,3,15,1160.0,,15.0
simu5g_00000809,2,3,16,1160.0,,15.0
simu5g_00000809,2,3,17,1160.0,,15.0
simu5g_00000809,2,3,18,1160.0,,15.0
simu5g_00000809,2,3,19,1160.0,,15.0
simu5g_00000809,2,3,20,1160.0,,15.0
simu5g_00000809,2,3,21,1160.0,,15.0
simu5g_00000809,2,3,22,1160.0,,15.0
simu5g_00000809,2,3,23,1160.0,,15.0
simu5g_00000809,2,3,24,1160.0,,15.0
simu5g_00000809,3,4,0,1160.0,,15.0
simu5g_00000809,3,4,1,1160.0,,15.0
simu5g_00000809,3,4,2,1160.0,,15.0
simu5g_00000809,3,4,3,1160.0,,15.0
simu5g_00000809,3,4,4,1160.0,,15.0
simu5g_00000809,3,4,5,1160.0,,15.0
simu5g_00000809,3,4,6,1160.0,,15.0
simu5g_00000809,3,4,7,1160.0,,15.0
simu5g_00000809,3,4,8,1160.0,,15.0
simu5g_00000809,3,4,9,1160.0,,15.0
simu5g_00000809,3,4,10,1160.0,,15.0
simu5g_00000809,3,4,11,1160.0,,15.0
simu5g_00000809,3,4,12,1160.0,,15.0
simu5g_00000809,3,4,13,1160.0,,15.0
simu5g_00000809,3,4,14,1160.0,,15.0
simu5g_00000809,3,4,15,1160.0,,15.0
simu5g_00000809,3,4,16,1160.0,,15.0
simu5g_00000809,3,4,17,1160.0,,15.0
simu5g_00000809,3,4,18,1160.0,,15.0
simu5g_00000809,3,4,19,1160.0,,15.0
simu5g_00000809,3,4,20,1160.0,,15.0
simu5g_00000809,3,4,21,1160.0,,15.0
simu5g_00000809,3,4,22,1160.0,,15.0
simu5g_00000809,3,4,23,1160.0,,15.0
simu5g_00000809,3,4,24,1160.0,,15.0
simu5g_00000809,4,5,0,1160.0,,15.0
simu5g_00000809,4,5,1,984.0,,13.0
simu5g_00000809,4,5,2,1160.0,,15.0
simu5g_00000809,4,5,3,608.0,,9.0
simu5g_00000809,4,5,4,1160.0,,15.0
simu5g_00000809,4,5,5,1160.0,,15.0
simu5g_00000809,4,5,6,1160.0,,15.0
simu5g_00000809,4,5,7,808.0,,11.0
simu5g_00000809,4,5,8,984.0,,13.0
simu5g_00000809,4,5,9,1160.0,,15.0
simu5g_00000809,4,5,10,1128.0,,14.0
simu5g_00000809,4,5,11,1160.0,,15.0
simu5g_00000809,4,5,12,1160.0,,15.0
simu5g_00000809,4,5,13,1128.0,,14.0
simu5g_00000809,4,5,14,1160.0,,15.0
simu5g_00000809,4,5,15,984.0,,13.0
simu5g_00000809,4,5,16,1128.0,,14.0
simu5g_00000809,4,5,17,1128.0,,14.0
simu5g_00000809,4,5,18,1160.0,,15.0
simu5g_00000809,4,5,19,1160.0,,15.0
simu5g_00000809,4,5,20,1128.0,,14.0
simu5g_00000809,4,5,21,1128.0,,14.0
simu5g_00000809,4,5,22,1160.0,,15.0
simu5g_00000809,4,5,23,1160.0,,15.0
simu5g_00000809,4,5,24,1128.0,,14.0
simu5g_00000809,5,6,0,1160.0,,15.0
simu5g_00000809,5,6,1,1160.0,,15.0
simu5g_00000809,5,6,2,1160.0,,15.0
simu5g_00000809,5,6,3,1160.0,,15.0
simu5g_00000809,5,6,4,1160.0,,15.0
simu5g_00000809,5,6,5,1160.0,,15.0
simu5g_00000809,5,6,6,1160.0,,15.0
simu5g_00000809,5,6,7,1160.0,,15.0
simu5g_00000809,5,6,8,1160.0,,15.0
simu5g_00000809,5,6,9,1160.0,,15.0
simu5g_00000809,5,6,10,1160.0,,15.0
simu5g_00000809,5,6,11,1160.0,,15.0
simu5g_00000809,5,6,12,1160.0,,15.0
simu5g_00000809,5,6,13,1160.0,,15.0
simu5g_00000809,5,6,14,1160.0,,15.0
simu5g_00000809,5,6,15,1160.0,,15.0
simu5g_00000809,5,6,16,1128.0,,14.0
simu5g_00000809,5,6,17,1160.0,,15.0
simu5g_00000809,5,6,18,1160.0,,15.0
simu5g_00000809,5,6,19,1160.0,,15.0
simu5g_00000809,5,6,20,1160.0,,15.0
simu5g_00000809,5,6,21,1160.0,,15.0
simu5g_00000809,5,6,22,1160.0,,15.0
simu5g_00000809,5,6,23,1160.0,,15.0
simu5g_00000809,5,6,24,1160.0,,15.0
simu5g_00000810,6,0,0,1160.0,,15.0
simu5g_00000810,6,0,1,1160.0,,15.0
simu5g_00000810,6,0,2,1160.0,,15.0
simu5g_00000810,6,0,3,808.0,,11.0
simu5g_00000810,6,0,4,1160.0,,15.0
simu5g_00000810,6,0,5,1160.0,,15.0
simu5g_00000810,6,0,6,1160.0,,15.0
simu5g_00000810,6,0,7,1160.0,,15.0
simu5g_00000810,6,0,8,1160.0,,15.0
simu5g_00000810,6,0,9,1128.0,,14.0
simu5g_00000810,6,0,10,1128.0,,14.0
simu5g_00000810,6,0,11,1160.0,,15.0
simu5g_00000810,6,0,12,1160.0,,15.0
simu5g_00000810,6,0,13,1160.0,,15.0
simu5g_00000810,6,0,14,1160.0,,15.0
simu5g_00000810,6,0,15,1160.0,,15.0
simu5g_00000810,6,0,16,984.0,,13.0
simu5g_00000810,6,0,17,1160.0,,15.0
simu5g_00000810,6,0,18,1160.0,,15.0
simu5g_00000810,6,0,19,1160.0,,15.0
simu5g_00000810,6,0,20,1160.0,,15.0
simu5g_00000810,6,0,21,1160.0,,15.0
simu5g_00000810,6,0,22,1160.0,,15.0
simu5g_00000810,6,0,23,1160.0,,15.0
simu5g_00000810,6,0,24,1160.0,,15.0
simu5g_00000810,7,1,0,1160.0,,15.0
simu5g_00000810,7,1,1,1160.0,,15.0
simu5g_00000810,7,1,2,1160.0,,15.0
simu5g_00000810,7,1,3,704.0,,10.0
simu5g_00000810,7,1,4,984.0,,13.0
simu5g_00000810,7,1,5,1160.0,,15.0
simu5g_00000810,7,1,6,1128.0,,14.0
simu5g_00000810,7,1,7,1160.0,,15.0
simu5g_00000810,7,1,8,1160.0,,15.0
simu5g_00000810,7,1,9,1128.0,,14.0
simu5g_00000810,7,1,10,1160.0,,15.0
simu5g_00000810,7,1,11,1128.0,,14.0
simu5g_00000810,7,1,12,1160.0,,15.0
simu5g_00000810,7,1,13,1160.0,,15.0
simu5g_00000810,7,1,14,1128.0,,14.0
simu5g_00000810,7,1,15,1160.0,,15.0
simu5g_00000810,7,1,16,1128.0,,14.0
simu5g_00000810,7,1,17,704.0,,10.0
simu5g_00000810,7,1,18,1160.0,,15.0
simu5g_00000810,7,1,19,1128.0,,14.0
simu5g_00000810,7,1,20,1128.0,,14.0
simu5g_00000810,7,1,21,1160.0,,15.0
simu5g_00000810,7,1,22,1160.0,,15.0
simu5g_00000810,7,1,23,1160.0,,15.0
simu5g_00000810,7,1,24,1160.0,,15.0
simu5g_00000811,0,0,0,1160.0,,15.0
simu5g_00000811,0,0,1,1128.0,,14.0
simu5g_00000811,0,0,2,1160.0,,15.0
simu5g_00000811,0,0,3,1160.0,,15.0
simu5g_00000811,0,0,4,1160.0,,15.0
simu5g_00000811,0,0,5,1160.0,,15.0
simu5g_00000811,0,0,6,1160.0,,15.0
simu5g_00000811,0,0,7,1160.0,,15.0
simu5g_00000811,0,0,8,1160.0,,15.0
simu5g_00000811,0,0,9,1160.0,,15.0
simu5g_00000811,0,0,10,1160.0,,15.0
simu5g_00000811,0,0,11,1160.0,,15.0
simu5g_00000811,0,0,12,1160.0,,15.0
simu5g_00000811,0,0,13,1160.0,,15.0
simu5g_00000811,0,0,14,1160.0,,15.0
simu5g_00000811,0,0,15,1160.0,,15.0
simu5g_00000811,0,0,16,1160.0,,15.0
simu5g_00000811,0,0,17,1160.0,,15.0
simu5g_00000811,0,0,18,1160.0,,15.0
simu5g_00000811,0,0,19,1160.0,,15.0
simu5g_00000811,0,0,20,1160.0,,15.0
simu5g_00000811,0,0,21,1160.0,,15.0
simu5g_00000811,0,0,22,1160.0,,15.0
simu5g_00000811,0,0,23,1160.0,,15.0
simu5g_00000811,0,0,24,1160.0,,15.0
simu5g_00000811,1,1,0,1160.0,,15.0
simu5g_00000811,1,1,1,1160.0,,15.0
simu5g_00000811,1,1,2,1160.0,,15.0
simu5g_00000811,1,1,3,1160.0,,15.0
simu5g_00000811,1,1,4,1160.0,,15.0
simu5g_00000811,1,1,5,1160.0,,15.0
simu5g_00000811,1,1,6,1160.0,,15.0
simu5g_00000811,1,1,7,1160.0,,15.0
simu5g_00000811,1,1,8,1160.0,,15.0
simu5g_00000811,1,1,9,1160.0,,15.0
simu5g_00000811,1,1,10,1160.0,,15.0
simu5g_00000811,1,1,11,1160.0,,15.0
simu5g_00000811,1,1,12,1160.0,,15.0
simu5g_00000811,1,1,13,1160.0,,15.0
simu5g_00000811,1,1,14,1160.0,,15.0
simu5g_00000811,1,1,15,1160.0,,15.0
simu5g_00000811,1,1,16,1160.0,,15.0
simu5g_00000811,1,1,17,1160.0,,15.0
simu5g_00000811,1,1,18,1160.0,,15.0
simu5g_00000811,1,1,19,1160.0,,15.0
simu5g_00000811,1,1,20,1160.0,,15.0
simu5g_00000811,1,1,21,1160.0,,15.0
simu5g_00000811,1,1,22,1160.0,,15.0
simu5g_00000811,1,1,23,1160.0,,15.0
simu5g_00000811,1,1,24,1160.0,,15.0
simu5g_00000811,15,2,0,984.0,,13.0
simu5g_00000811,15,2,1,1128.0,,14.0
simu5g_00000811,15,2,2,1160.0,,15.0
simu5g_00000811,15,2,3,1160.0,,15.0
simu5g_00000811,15,2,4,984.0,,13.0
simu5g_00000811,15,2,5,608.0,,9.0
simu5g_00000811,15,2,6,1160.0,,15.0
simu5g_00000811,15,2,7,984.0,,13.0
simu5g_00000811,15,2,8,1160.0,,15.0
simu5g_00000811,15,2,9,1128.0,,14.0
simu5g_00000811,15,2,10,1160.0,,15.0
simu5g_00000811,15,2,11,1160.0,,15.0
simu5g_00000811,15,2,12,888.0,,12.0
simu5g_00000811,15,2,13,1160.0,,15.0
simu5g_00000811,15,2,14,1128.0,,14.0
simu5g_00000811,15,2,15,984.0,,13.0
simu5g_00000811,15,2,16,1160.0,,15.0
simu5g_00000811,15,2,17,1128.0,,14.0
simu5g_00000811,15,2,18,1160.0,,15.0
simu5g_00000811,15,2,19,1128.0,,14.0
simu5g_00000811,15,2,20,1160.0,,15.0
simu5g_00000811,15,2,21,1128.0,,14.0
simu5g_00000811,15,2,22,1160.0,,15.0
simu5g_00000811,15,2,23,1160.0,,15.0
simu5g_00000811,15,2,24,1128.0,,14.0
simu5g_00000811,2,3,0,1160.0,,15.0
simu5g_00000811,2,3,1,1160.0,,15.0
simu5g_00000811,2,3,2,1160.0,,15.0
simu5g_00000811,2,3,3,1160.0,,15.0
simu5g_00000811,2,3,4,1160.0,,15.0
simu5g_00000811,2,3,5,1160.0,,15.0
simu5g_00000811,2,3,6,1160.0,,15.0
simu5g_00000811,2,3,7,1160.0,,15.0
simu5g_00000811,2,3,8,1160.0,,15.0
simu5g_00000811,2,3,9,1160.0,,15.0
simu5g_00000811,2,3,10,1160.0,,15.0
simu5g_00000811,2,3,11,1160.0,,15.0
simu5g_00000811,2,3,12,1160.0,,15.0
simu5g_00000811,2,3,13,1160.0,,15.0
simu5g_00000811,2,3,14,1160.0,,15.0
simu5g_00000811,2,3,15,1160.0,,15.0
simu5g_00000811,2,3,16,1160.0,,15.0
simu5g_00000811,2,3,17,1160.0,,15.0
simu5g_00000811,2,3,18,1160.0,,15.0
simu5g_00000811,2,3,19,1160.0,,15.0
simu5g_00000811,2,3,20,1160.0,,15.0
simu5g_00000811,2,3,21,1160.0,,15.0
simu5g_00000811,2,3,22,1160.0,,15.0
simu5g_00000811,2,3,23,1160.0,,15.0
simu5g_00000811,2,3,24,1160.0,,15.0
simu5g_00000811,3,4,0,1160.0,,15.0
simu5g_00000811,3,4,1,1160.0,,15.0
simu5g_00000811,3,4,2,1160.0,,15.0
simu5g_00000811,3,4,3,1160.0,,15.0
simu5g_00000811,3,4,4,1160.0,,15.0
simu5g_00000811,3,4,5,1160.0,,15.0
simu5g_00000811,3,4,6,1160.0,,15.0
simu5g_00000811,3,4,7,1160.0,,15.0
simu5g_00000811,3,4,8,1160.0,,15.0
simu5g_00000811,3,4,9,1160.0,,15.0
simu5g_00000811,3,4,10,1160.0,,15.0
simu5g_00000811,3,4,11,1160.0,,15.0
simu5g_00000811,3,4,12,1160.0,,15.0
simu5g_00000811,3,4,13,1160.0,,15.0
simu5g_00000811,3,4,14,1160.0,,15.0
simu5g_00000811,3,4,15,1160.0,,15.0
simu5g_00000811,3,4,16,1160.0,,15.0
simu5g_00000811,3,4,17,1160.0,,15.0
simu5g_00000811,3,4,18,1160.0,,15.0
simu5g_00000811,3,4,19,1160.0,,15.0
simu5g_00000811,3,4,20,1160.0,,15.0
simu5g_00000811,3,4,21,1160.0,,15.0
simu5g_00000811,3,4,22,1160.0,,15.0
simu5g_00000811,3,4,23,1160.0,,15.0
simu5g_00000811,3,4,24,1160.0,,15.0
simu5g_00000811,4,5,0,1128.0,,14.0
simu5g_00000811,4,5,1,984.0,,13.0
simu5g_00000811,4,5,2,1160.0,,15.0
simu5g_00000811,4,5,3,528.0,,8.0
simu5g_00000811,4,5,4,1128.0,,14.0
simu5g_00000811,4,5,5,1160.0,,15.0
simu5g_00000811,4,5,6,1160.0,,15.0
simu5g_00000811,4,5,7,704.0,,10.0
simu5g_00000811,4,5,8,984.0,,13.0
simu5g_00000811,4,5,9,1128.0,,14.0
simu5g_00000811,4,5,10,1128.0,,14.0
simu5g_00000811,4,5,11,1160.0,,15.0
simu5g_00000811,4,5,12,1160.0,,15.0
simu5g_00000811,4,5,13,1128.0,,14.0
simu5g_00000811,4,5,14,1160.0,,15.0
simu5g_00000811,4,5,15,984.0,,13.0
simu5g_00000811,4,5,16,984.0,,13.0
simu5g_00000811,4,5,17,1128.0,,14.0
simu5g_00000811,4,5,18,1160.0,,15.0
simu5g_00000811,4,5,19,1160.0,,15.0
simu5g_00000811,4,5,20,1128.0,,14.0
simu5g_00000811,4,5,21,984.0,,13.0
simu5g_00000811,4,5,22,1160.0,,15.0
simu5g_00000811,4,5,23,1160.0,,15.0
simu5g_00000811,4,5,24,1128.0,,14.0
simu5g_00000811,5,6,0,1160.0,,15.0
simu5g_00000811,5,6,1,1160.0,,15.0
simu5g_00000811,5,6,2,1160.0,,15.0
simu5g_00000811,5,6,3,1160.0,,15.0
simu5g_00000811,5,6,4,1160.0,,15.0
simu5g_00000811,5,6,5,1160.0,,15.0
simu5g_00000811,5,6,6,1160.0,,15.0
simu5g_00000811,5,6,7,1160.0,,15.0
simu5g_00000811,5,6,8,1160.0,,15.0
simu5g_00000811,5,6,9,1160.0,,15.0
simu5g_00000811,5,6,10,1160.0,,15.0
simu5g_00000811,5,6,11,1160.0,,15.0
simu5g_00000811,5,6,12,1160.0,,15.0
simu5g_00000811,5,6,13,1160.0,,15.0
simu5g_00000811,5,6,14,1160.0,,15.0
simu5g_00000811,5,6,15,1160.0,,15.0
simu5g_00000811,5,6,16,1128.0,,14.0
simu5g_00000811,5,6,17,1160.0,,15.0
simu5g_00000811,5,6,18,1160.0,,15.0
simu5g_00000811,5,6,19,1160.0,,15.0
simu5g_00000811,5,6,20,1160.0,,15.0
simu5g_00000811,5,6,21,1160.0,,15.0
simu5g_00000811,5,6,22,1160.0,,15.0
simu5g_00000811,5,6,23,1160.0,,15.0
simu5g_00000811,5,6,24,1160.0,,15.0
simu5g_00000812,6,0,0,1160.0,,15.0
simu5g_00000812,6,0,1,1160.0,,15.0
simu5g_00000812,6,0,2,1160.0,,15.0
simu5g_00000812,6,0,3,808.0,,11.0
simu5g_00000812,6,0,4,1160.0,,15.0
simu5g_00000812,6,0,5,1160.0,,15.0
simu5g_00000812,6,0,6,1160.0,,15.0
simu5g_00000812,6,0,7,1160.0,,15.0
simu5g_00000812,6,0,8,1160.0,,15.0
simu5g_00000812,6,0,9,1128.0,,14.0
simu5g_00000812,6,0,10,1128.0,,14.0
simu5g_00000812,6,0,11,1160.0,,15.0
simu5g_00000812,6,0,12,1160.0,,15.0
simu5g_00000812,6,0,13,1160.0,,15.0
simu5g_00000812,6,0,14,1160.0,,15.0
simu5g_00000812,6,0,15,1160.0,,15.0
simu5g_00000812,6,0,16,984.0,,13.0
simu5g_00000812,6,0,17,1160.0,,15.0
simu5g_00000812,6,0,18,1160.0,,15.0
simu5g_00000812,6,0,19,1160.0,,15.0
simu5g_00000812,6,0,20,1160.0,,15.0
simu5g_00000812,6,0,21,1160.0,,15.0
simu5g_00000812,6,0,22,1160.0,,15.0
simu5g_00000812,6,0,23,1160.0,,15.0
simu5g_00000812,6,0,24,1160.0,,15.0
simu5g_00000812,7,1,0,1160.0,,15.0
simu5g_00000812,7,1,1,1160.0,,15.0
simu5g_00000812,7,1,2,1160.0,,15.0
simu5g_00000812,7,1,3,704.0,,10.0
simu5g_00000812,7,1,4,984.0,,13.0
simu5g_00000812,7,1,5,1160.0,,15.0
simu5g_00000812,7,1,6,1128.0,,14.0
simu5g_00000812,7,1,7,1160.0,,15.0
simu5g_00000812,7,1,8,1160.0,,15.0
simu5g_00000812,7,1,9,1128.0,,14.0
simu5g_00000812,7,1,10,1160.0,,15.0
simu5g_00000812,7,1,11,1128.0,,14.0
simu5g_00000812,7,1,12,1160.0,,15.0
simu5g_00000812,7,1,13,1160.0,,15.0
simu5g_00000812,7,1,14,1128.0,,14.0
simu5g_00000812,7,1,15,1160.0,,15.0
simu5g_00000812,7,1,16,1128.0,,14.0
simu5g_00000812,7,1,17,704.0,,10.0
simu5g_00000812,7,1,18,1160.0,,15.0
simu5g_00000812,7,1,19,1128.0,,14.0
simu5g_00000812,7,1,20,1128.0,,14.0
simu5g_00000812,7,1,21,1160.0,,15.0
simu5g_00000812,7,1,22,1160.0,,15.0
simu5g_00000812,7,1,23,1160.0,,15.0
simu5g_00000812,7,1,24,1160.0,,15.0
simu5g_00000813,0,0,0,1160.0,,15.0
simu5g_00000813,0,0,1,1160.0,,15.0
simu5g_00000813,0,0,2,1160.0,,15.0
simu5g_00000813,0,0,3,1160.0,,15.0
simu5g_00000813,0,0,4,1160.0,,15.0
simu5g_00000813,0,0,5,1160.0,,15.0
simu5g_00000813,0,0,6,1160.0,,15.0
simu5g_00000813,0,0,7,1160.0,,15.0
simu5g_00000813,0,0,8,1160.0,,15.0
simu5g_00000813,0,0,9,1160.0,,15.0
simu5g_00000813,0,0,10,1160.0,,15.0
simu5g_00000813,0,0,11,1160.0,,15.0
simu5g_00000813,0,0,12,1160.0,,15.0
simu5g_00000813,0,0,13,1160.0,,15.0
simu5g_00000813,0,0,14,1160.0,,15.0
simu5g_00000813,0,0,15,1160.0,,15.0
simu5g_00000813,0,0,16,1160.0,,15.0
simu5g_00000813,0,0,17,1160.0,,15.0
simu5g_00000813,0,0,18,1160.0,,15.0
simu5g_00000813,0,0,19,1160.0,,15.0
simu5g_00000813,0,0,20,1160.0,,15.0
simu5g_00000813,0,0,21,1160.0,,15.0
simu5g_00000813,0,0,22,1160.0,,15.0
simu5g_00000813,0,0,23,1160.0,,15.0
simu5g_00000813,0,0,24,1160.0,,15.0
simu5g_00000813,1,1,0,1160.0,,15.0
simu5g_00000813,1,1,1,1160.0,,15.0
simu5g_00000813,1,1,2,1160.0,,15.0
simu5g_00000813,1,1,3,1160.0,,15.0
simu5g_00000813,1,1,4,1160.0,,15.0
simu5g_00000813,1,1,5,1160.0,,15.0
simu5g_00000813,1,1,6,1160.0,,15.0
simu5g_00000813,1,1,7,1160.0,,15.0
simu5g_00000813,1,1,8,1160.0,,15.0
simu5g_00000813,1,1,9,1160.0,,15.0
simu5g_00000813,1,1,10,1160.0,,15.0
simu5g_00000813,1,1,11,1160.0,,15.0
simu5g_00000813,1,1,12,1160.0,,15.0
simu5g_00000813,1,1,13,1160.0,,15.0
simu5g_00000813,1,1,14,1160.0,,15.0
simu5g_00000813,1,1,15,1160.0,,15.0
simu5g_00000813,1,1,16,1160.0,,15.0
simu5g_00000813,1,1,17,1160.0,,15.0
simu5g_00000813,1,1,18,1160.0,,15.0
simu5g_00000813,1,1,19,1160.0,,15.0
simu5g_00000813,1,1,20,1160.0,,15.0
simu5g_00000813,1,1,21,1160.0,,15.0
simu5g_00000813,1,1,22,1160.0,,15.0
simu5g_00000813,1,1,23,1160.0,,15.0
simu5g_00000813,1,1,24,1160.0,,15.0
simu5g_00000813,15,2,0,984.0,,13.0
simu5g_00000813,15,2,1,1128.0,,14.0
simu5g_00000813,15,2,2,1160.0,,15.0
simu5g_00000813,15,2,3,1160.0,,15.0
simu5g_00000813,15,2,4,984.0,,13.0
simu5g_00000813,15,2,5,608.0,,9.0
simu5g_00000813,15,2,6,1160.0,,15.0
simu5g_00000813,15,2,7,984.0,,13.0
simu5g_00000813,15,2,8,1160.0,,15.0
simu5g_00000813,15,2,9,1128.0,,14.0
simu5g_00000813,15,2,10,1160.0,,15.0
simu5g_00000813,15,2,11,1160.0,,15.0
simu5g_00000813,15,2,12,888.0,,12.0
simu5g_00000813,15,2,13,1160.0,,15.0
simu5g_00000813,15,2,14,1128.0,,14.0
simu5g_00000813,15,2,15,984.0,,13.0
simu5g_00000813,15,2,16,1160.0,,15.0
simu5g_00000813,15,2,17,1128.0,,14.0
simu5g_00000813,15,2,18,1160.0,,15.0
simu5g_00000813,15,2,19,1128.0,,14.0
simu5g_00000813,15,2,20,1160.0,,15.0
simu5g_00000813,15,2,21,1128.0,,14.0
simu5g_00000813,15,2,22,1160.0,,15.0
simu5g_00000813,15,2,23,1160.0,,15.0
simu5g_00000813,15,2,24,1128.0,,14.0
simu5g_00000813,2,3,0,1160.0,,15.0
simu5g_00000813,2,3,1,1160.0,,15.0
simu5g_00000813,2,3,2,1160.0,,15.0
simu5g_00000813,2,3,3,1160.0,,15.0
simu5g_00000813,2,3,4,1160.0,,15.0
simu5g_00000813,2,3,5,1160.0,,15.0
simu5g_00000813,2,3,6,1160.0,,15.0
simu5g_00000813,2,3,7,1160.0,,15.0
simu5g_00000813,2,3,8,1160.0,,15.0
simu5g_00000813,2,3,9,1160.0,,15.0
simu5g_00000813,2,3,10,1160.0,,15.0
simu5g_00000813,2,3,11,1160.0,,15.0
simu5g_00000813,2,3,12,1160.0,,15.0
simu5g_00000813,2,3,13,1160.0,,15.0
simu5g_00000813,2,3,14,1160.0,,15.0
simu5g_00000813,2,3,15,1160.0,,15.0
simu5g_00000813,2,3,16,1160.0,,15.0
simu5g_00000813,2,3,17,1160.0,,15.0
simu5g_00000813,2,3,18,1160.0,,15.0
simu5g_00000813,2,3,19,1160.0,,15.0
simu5g_00000813,2,3,20,1160.0,,15.0
simu5g_00000813,2,3,21,1160.0,,15.0
simu5g_00000813,2,3,22,1160.0,,15.0
simu5g_00000813,2,3,23,1160.0,,15.0
simu5g_00000813,2,3,24,1160.0,,15.0
simu5g_00000813,3,4,0,1160.0,,15.0
simu5g_00000813,3,4,1,1160.0,,15.0
simu5g_00000813,3,4,2,1160.0,,15.0
simu5g_00000813,3,4,3,1160.0,,15.0
simu5g_00000813,3,4,4,1160.0,,15.0
simu5g_00000813,3,4,5,1160.0,,15.0
simu5g_00000813,3,4,6,1160.0,,15.0
simu5g_00000813,3,4,7,1160.0,,15.0
simu5g_00000813,3,4,8,1160.0,,15.0
simu5g_00000813,3,4,9,1160.0,,15.0
simu5g_00000813,3,4,10,1160.0,,15.0
simu5g_00000813,3,4,11,1160.0,,15.0
simu5g_00000813,3,4,12,1160.0,,15.0
simu5g_00000813,3,4,13,1160.0,,15.0
simu5g_00000813,3,4,14,1160.0,,15.0
simu5g_00000813,3,4,15,1160.0,,15.0
simu5g_00000813,3,4,16,1160.0,,15.0
simu5g_00000813,3,4,17,1160.0,,15.0
simu5g_00000813,3,4,18,1160.0,,15.0
simu5g_00000813,3,4,19,1160.0,,15.0
simu5g_00000813,3,4,20,1160.0,,15.0
simu5g_00000813,3,4,21,1160.0,,15.0
simu5g_00000813,3,4,22,1160.0,,15.0
simu5g_00000813,3,4,23,1160.0,,15.0
simu5g_00000813,3,4,24,1160.0,,15.0
simu5g_00000813,4,5,0,1128.0,,14.0
simu5g_00000813,4,5,1,984.0,,13.0
simu5g_00000813,4,5,2,1160.0,,15.0
simu5g_00000813,4,5,3,528.0,,8.0
simu5g_00000813,4,5,4,1128.0,,14.0
simu5g_00000813,4,5,5,1160.0,,15.0
simu5g_00000813,4,5,6,1160.0,,15.0
simu5g_00000813,4,5,7,704.0,,10.0
simu5g_00000813,4,5,8,984.0,,13.0
simu5g_00000813,4,5,9,1128.0,,14.0
simu5g_00000813,4,5,10,1128.0,,14.0
simu5g_00000813,4,5,11,1160.0,,15.0
simu5g_00000813,4,5,12,1160.0,,15.0
simu5g_00000813,4,5,13,1128.0,,14.0
simu5g_00000813,4,5,14,1160.0,,15.0
simu5g_00000813,4,5,15,984.0,,13.0
simu5g_00000813,4,5,16,984.0,,13.0
simu5g_00000813,4,5,17,1128.0,,14.0
simu5g_00000813,4,5,18,1160.0,,15.0
simu5g_00000813,4,5,19,1160.0,,15.0
simu5g_00000813,4,5,20,1128.0,,14.0
simu5g_00000813,4,5,21,984.0,,13.0
simu5g_00000813,4,5,22,1160.0,,15.0
simu5g_00000813,4,5,23,1160.0,,15.0
simu5g_00000813,4,5,24,1128.0,,14.0
simu5g_00000813,5,6,0,1160.0,,15.0
simu5g_00000813,5,6,1,1160.0,,15.0
simu5g_00000813,5,6,2,1160.0,,15.0
simu5g_00000813,5,6,3,1160.0,,15.0
simu5g_00000813,5,6,4,1160.0,,15.0
simu5g_00000813,5,6,5,1160.0,,15.0
simu5g_00000813,5,6,6,1160.0,,15.0
simu5g_00000813,5,6,7,1160.0,,15.0
simu5g_00000813,5,6,8,1160.0,,15.0
simu5g_00000813,5,6,9,1160.0,,15.0
simu5g_00000813,5,6,10,1160.0,,15.0
simu5g_00000813,5,6,11,1160.0,,15.0
simu5g_00000813,5,6,12,1160.0,,15.0
simu5g_00000813,5,6,13,1160.0,,15.0
simu5g_00000813,5,6,14,1160.0,,15.0
simu5g_00000813,5,6,15,1160.0,,15.0
simu5g_00000813,5,6,16,1128.0,,14.0
simu5g_00000813,5,6,17,1160.0,,15.0
simu5g_00000813,5,6,18,1160.0,,15.0
simu5g_00000813,5,6,19,1160.0,,15.0
simu5g_00000813,5,6,20,1160.0,,15.0
simu5g_00000813,5,6,21,1160.0,,15.0
simu5g_00000813,5,6,22,1160.0,,15.0
simu5g_00000813,5,6,23,1160.0,,15.0
simu5g_00000813,5,6,24,1160.0,,15.0
simu5g_00000814,6,0,0,1160.0,,15.0
simu5g_00000814,6,0,1,1160.0,,15.0
simu5g_00000814,6,0,2,1160.0,,15.0
simu5g_00000814,6,0,3,808.0,,11.0
simu5g_00000814,6,0,4,1160.0,,15.0
simu5g_00000814,6,0,5,1160.0,,15.0
simu5g_00000814,6,0,6,1160.0,,15.0
simu5g_00000814,6,0,7,1160.0,,15.0
simu5g_00000814,6,0,8,1160.0,,15.0
simu5g_00000814,6,0,9,1128.0,,14.0
simu5g_00000814,6,0,10,1128.0,,14.0
simu5g_00000814,6,0,11,1160.0,,15.0
simu5g_00000814,6,0,12,1160.0,,15.0
simu5g_00000814,6,0,13,1160.0,,15.0
simu5g_00000814,6,0,14,1160.0,,15.0
simu5g_00000814,6,0,15,1160.0,,15.0
simu5g_00000814,6,0,16,984.0,,13.0
simu5g_00000814,6,0,17,1160.0,,15.0
simu5g_00000814,6,0,18,1160.0,,15.0
simu5g_00000814,6,0,19,1160.0,,15.0
simu5g_00000814,6,0,20,1160.0,,15.0
simu5g_00000814,6,0,21,1160.0,,15.0
simu5g_00000814,6,0,22,1160.0,,15.0
simu5g_00000814,6,0,23,1160.0,,15.0
simu5g_00000814,6,0,24,1160.0,,15.0
simu5g_00000814,7,1,0,1160.0,,15.0
simu5g_00000814,7,1,1,1160.0,,15.0
simu5g_00000814,7,1,2,1160.0,,15.0
simu5g_00000814,7,1,3,704.0,,10.0
simu5g_00000814,7,1,4,984.0,,13.0
simu5g_00000814,7,1,5,1160.0,,15.0
simu5g_00000814,7,1,6,1128.0,,14.0
simu5g_00000814,7,1,7,1160.0,,15.0
simu5g_00000814,7,1,8,1160.0,,15.0
simu5g_00000814,7,1,9,1128.0,,14.0
simu5g_00000814,7,1,10,1160.0,,15.0
simu5g_00000814,7,1,11,1128.0,,14.0
simu5g_00000814,7,1,12,1160.0,,15.0
simu5g_00000814,7,1,13,1160.0,,15.0
simu5g_00000814,7,1,14,1128.0,,14.0
simu5g_00000814,7,1,15,1160.0,,15.0
simu5g_00000814,7,1,16,1128.0,,14.0
simu5g_00000814,7,1,17,704.0,,10.0
simu5g_00000814,7,1,18,1160.0,,15.0
simu5g_00000814,7,1,19,1128.0,,14.0
simu5g_00000814,7,1,20,1128.0,,14.0
simu5g_00000814,7,1,21,1160.0,,15.0
simu5g_00000814,7,1,22,1160.0,,15.0
simu5g_00000814,7,1,23,1160.0,,15.0
simu5g_00000814,7,1,24,1160.0,,15.0
simu5g_00000815,0,0,0,1160.0,,15.0
simu5g_00000815,0,0,1,1160.0,,15.0
simu5g_00000815,0,0,2,1160.0,,15.0
simu5g_00000815,0,0,3,1160.0,,15.0
simu5g_00000815,0,0,4,1160.0,,15.0
simu5g_00000815,0,0,5,1160.0,,15.0
simu5g_00000815,0,0,6,1160.0,,15.0
simu5g_00000815,0,0,7,1160.0,,15.0
simu5g_00000815,0,0,8,1160.0,,15.0
simu5g_00000815,0,0,9,1160.0,,15.0
simu5g_00000815,0,0,10,1160.0,,15.0
simu5g_00000815,0,0,11,1160.0,,15.0
simu5g_00000815,0,0,12,1160.0,,15.0
simu5g_00000815,0,0,13,1160.0,,15.0
simu5g_00000815,0,0,14,1160.0,,15.0
simu5g_00000815,0,0,15,1160.0,,15.0
simu5g_00000815,0,0,16,1160.0,,15.0
simu5g_00000815,0,0,17,1160.0,,15.0
simu5g_00000815,0,0,18,1160.0,,15.0
simu5g_00000815,0,0,19,1160.0,,15.0
simu5g_00000815,0,0,20,1160.0,,15.0
simu5g_00000815,0,0,21,1160.0,,15.0
simu5g_00000815,0,0,22,1160.0,,15.0
simu5g_00000815,0,0,23,1160.0,,15.0
simu5g_00000815,0,0,24,1160.0,,15.0
simu5g_00000815,1,1,0,1160.0,,15.0
simu5g_00000815,1,1,1,1160.0,,15.0
simu5g_00000815,1,1,2,1160.0,,15.0
simu5g_00000815,1,1,3,1160.0,,15.0
simu5g_00000815,1,1,4,1160.0,,15.0
simu5g_00000815,1,1,5,1160.0,,15.0
simu5g_00000815,1,1,6,1160.0,,15.0
simu5g_00000815,1,1,7,1160.0,,15.0
simu5g_00000815,1,1,8,1160.0,,15.0
simu5g_00000815,1,1,9,1160.0,,15.0
simu5g_00000815,1,1,10,1160.0,,15.0
simu5g_00000815,1,1,11,1160.0,,15.0
simu5g_00000815,1,1,12,1160.0,,15.0
simu5g_00000815,1,1,13,1160.0,,15.0
simu5g_00000815,1,1,14,1160.0,,15.0
simu5g_00000815,1,1,15,1160.0,,15.0
simu5g_00000815,1,1,16,1160.0,,15.0
simu5g_00000815,1,1,17,1160.0,,15.0
simu5g_00000815,1,1,18,1160.0,,15.0
simu5g_00000815,1,1,19,1160.0,,15.0
simu5g_00000815,1,1,20,1160.0,,15.0
simu5g_00000815,1,1,21,1160.0,,15.0
simu5g_00000815,1,1,22,1160.0,,15.0
simu5g_00000815,1,1,23,1160.0,,15.0
simu5g_00000815,1,1,24,1160.0,,15.0
simu5g_00000815,15,2,0,984.0,,13.0
simu5g_00000815,15,2,1,1128.0,,14.0
simu5g_00000815,15,2,2,1160.0,,15.0
simu5g_00000815,15,2,3,1160.0,,15.0
simu5g_00000815,15,2,4,984.0,,13.0
simu5g_00000815,15,2,5,608.0,,9.0
simu5g_00000815,15,2,6,1160.0,,15.0
simu5g_00000815,15,2,7,984.0,,13.0
simu5g_00000815,15,2,8,1160.0,,15.0
simu5g_00000815,15,2,9,1128.0,,14.0
simu5g_00000815,15,2,10,1160.0,,15.0
simu5g_00000815,15,2,11,1160.0,,15.0
simu5g_00000815,15,2,12,808.0,,11.0
simu5g_00000815,15,2,13,1160.0,,15.0
simu5g_00000815,15,2,14,1128.0,,14.0
simu5g_00000815,15,2,15,984.0,,13.0
simu5g_00000815,15,2,16,1160.0,,15.0
simu5g_00000815,15,2,17,1128.0,,14.0
simu5g_00000815,15,2,18,1160.0,,15.0
simu5g_00000815,15,2,19,1128.0,,14.0
simu5g_00000815,15,2,20,1160.0,,15.0
simu5g_00000815,15,2,21,1128.0,,14.0
simu5g_00000815,15,2,22,1160.0,,15.0
simu5g_00000815,15,2,23,1160.0,,15.0
simu5g_00000815,15,2,24,1128.0,,14.0
simu5g_00000815,2,3,0,1160.0,,15.0
simu5g_00000815,2,3,1,1160.0,,15.0
simu5g_00000815,2,3,2,1160.0,,15.0
simu5g_00000815,2,3,3,1160.0,,15.0
simu5g_00000815,2,3,4,1160.0,,15.0
simu5g_00000815,2,3,5,1160.0,,15.0
simu5g_00000815,2,3,6,1160.0,,15.0
simu5g_00000815,2,3,7,1160.0,,15.0
simu5g_00000815,2,3,8,1160.0,,15.0
simu5g_00000815,2,3,9,1160.0,,15.0
simu5g_00000815,2,3,10,1160.0,,15.0
simu5g_00000815,2,3,11,1160.0,,15.0
simu5g_00000815,2,3,12,1160.0,,15.0
simu5g_00000815,2,3,13,1160.0,,15.0
simu5g_00000815,2,3,14,1160.0,,15.0
simu5g_00000815,2,3,15,1160.0,,15.0
simu5g_00000815,2,3,16,1160.0,,15.0
simu5g_00000815,2,3,17,1160.0,,15.0
simu5g_00000815,2,3,18,1160.0,,15.0
simu5g_00000815,2,3,19,1160.0,,15.0
simu5g_00000815,2,3,20,1160.0,,15.0
simu5g_00000815,2,3,21,1160.0,,15.0
simu5g_00000815,2,3,22,1160.0,,15.0
simu5g_00000815,2,3,23,1160.0,,15.0
simu5g_00000815,2,3,24,1160.0,,15.0
simu5g_00000815,3,4,0,1160.0,,15.0
simu5g_00000815,3,4,1,1160.0,,15.0
simu5g_00000815,3,4,2,1160.0,,15.0
simu5g_00000815,3,4,3,1160.0,,15.0
simu5g_00000815,3,4,4,1160.0,,15.0
simu5g_00000815,3,4,5,1160.0,,15.0
simu5g_00000815,3,4,6,1160.0,,15.0
simu5g_00000815,3,4,7,1160.0,,15.0
simu5g_00000815,3,4,8,1160.0,,15.0
simu5g_00000815,3,4,9,1160.0,,15.0
simu5g_00000815,3,4,10,1160.0,,15.0
simu5g_00000815,3,4,11,1160.0,,15.0
simu5g_00000815,3,4,12,1160.0,,15.0
simu5g_00000815,3,4,13,1160.0,,15.0
simu5g_00000815,3,4,14,1160.0,,15.0
simu5g_00000815,3,4,15,1160.0,,15.0
simu5g_00000815,3,4,16,1160.0,,15.0
simu5g_00000815,3,4,17,1160.0,,15.0
simu5g_00000815,3,4,18,1160.0,,15.0
simu5g_00000815,3,4,19,1160.0,,15.0
simu5g_00000815,3,4,20,1160.0,,15.0
simu5g_00000815,3,4,21,1160.0,,15.0
simu5g_00000815,3,4,22,1160.0,,15.0
simu5g_00000815,3,4,23,1160.0,,15.0
simu5g_00000815,3,4,24,1160.0,,15.0
simu5g_00000815,4,5,0,1128.0,,14.0
simu5g_00000815,4,5,1,984.0,,13.0
simu5g_00000815,4,5,2,1160.0,,15.0
simu5g_00000815,4,5,3,528.0,,8.0
simu5g_00000815,4,5,4,1128.0,,14.0
simu5g_00000815,4,5,5,1160.0,,15.0
simu5g_00000815,4,5,6,1160.0,,15.0
simu5g_00000815,4,5,7,704.0,,10.0
simu5g_00000815,4,5,8,984.0,,13.0
simu5g_00000815,4,5,9,1128.0,,14.0
simu5g_00000815,4,5,10,1128.0,,14.0
simu5g_00000815,4,5,11,1160.0,,15.0
simu5g_00000815,4,5,12,1160.0,,15.0
simu5g_00000815,4,5,13,1128.0,,14.0
simu5g_00000815,4,5,14,1160.0,,15.0
simu5g_00000815,4,5,15,984.0,,13.0
simu5g_00000815,4,5,16,984.0,,13.0
simu5g_00000815,4,5,17,1128.0,,14.0
simu5g_00000815,4,5,18,1160.0,,15.0
simu5g_00000815,4,5,19,1160.0,,15.0
simu5g_00000815,4,5,20,1128.0,,14.0
simu5g_00000815,4,5,21,984.0,,13.0
simu5g_00000815,4,5,22,1160.0,,15.0
simu5g_00000815,4,5,23,1160.0,,15.0
simu5g_00000815,4,5,24,1128.0,,14.0
simu5g_00000815,5,6,0,1160.0,,15.0
simu5g_00000815,5,6,1,1160.0,,15.0
simu5g_00000815,5,6,2,1160.0,,15.0
simu5g_00000815,5,6,3,1160.0,,15.0
simu5g_00000815,5,6,4,1160.0,,15.0
simu5g_00000815,5,6,5,1160.0,,15.0
simu5g_00000815,5,6,6,1160.0,,15.0
simu5g_00000815,5,6,7,1160.0,,15.0
simu5g_00000815,5,6,8,1160.0,,15.0
simu5g_00000815,5,6,9,1160.0,,15.0
simu5g_00000815,5,6,10,1160.0,,15.0
simu5g_00000815,5,6,11,1160.0,,15.0
simu5g_00000815,5,6,12,1160.0,,15.0
simu5g_00000815,5,6,13,1160.0,,15.0
simu5g_00000815,5,6,14,1160.0,,15.0
simu5g_00000815,5,6,15,1160.0,,15.0
simu5g_00000815,5,6,16,1128.0,,14.0
simu5g_00000815,5,6,17,1160.0,,15.0
simu5g_00000815,5,6,18,1160.0,,15.0
simu5g_00000815,5,6,19,1160.0,,15.0
simu5g_00000815,5,6,20,1160.0,,15.0
simu5g_00000815,5,6,21,1160.0,,15.0
simu5g_00000815,5,6,22,1160.0,,15.0
simu5g_00000815,5,6,23,1160.0,,15.0
simu5g_00000815,5,6,24,1160.0,,15.0
simu5g_00000816,6,0,0,1160.0,,15.0
simu5g_00000816,6,0,1,1128.0,,14.0
simu5g_00000816,6,0,2,1160.0,,15.0
simu5g_00000816,6,0,3,608.0,,9.0
simu5g_00000816,6,0,4,1128.0,,14.0
simu5g_00000816,6,0,5,1160.0,,15.0
simu5g_00000816,6,0,6,1160.0,,15.0
simu5g_00000816,6,0,7,1128.0,,14.0
simu5g_00000816,6,0,8,1160.0,,15.0
simu5g_00000816,6,0,9,1128.0,,14.0
simu5g_00000816,6,0,10,1128.0,,14.0
simu5g_00000816,6,0,11,1160.0,,15.0
simu5g_00000816,6,0,12,1160.0,,15.0
simu5g_00000816,6,0,13,1128.0,,14.0
simu5g_00000816,6,0,14,1160.0,,15.0
simu5g_00000816,6,0,15,1160.0,,15.0
simu5g_00000816,6,0,16,984.0,,13.0
simu5g_00000816,6,0,17,1160.0,,15.0
simu5g_00000816,6,0,18,1160.0,,15.0
simu5g_00000816,6,0,19,1128.0,,14.0
simu5g_00000816,6,0,20,1160.0,,15.0
simu5g_00000816,6,0,21,1160.0,,15.0
simu5g_00000816,6,0,22,1160.0,,15.0
simu5g_00000816,6,0,23,1160.0,,15.0
simu5g_00000816,6,0,24,1160.0,,15.0
simu5g_00000816,7,1,0,1160.0,,15.0
simu5g_00000816,7,1,1,1160.0,,15.0
simu5g_00000816,7,1,2,1160.0,,15.0
simu5g_00000816,7,1,3,704.0,,10.0
simu5g_00000816,7,1,4,984.0,,13.0
simu5g_00000816,7,1,5,1160.0,,15.0
simu5g_00000816,7,1,6,1128.0,,14.0
simu5g_00000816,7,1,7,1160.0,,15.0
simu5g_00000816,7,1,8,1160.0,,15.0
simu5g_00000816,7,1,9,1128.0,,14.0
simu5g_00000816,7,1,10,1160.0,,15.0
simu5g_00000816,7,1,11,1128.0,,14.0
simu5g_00000816,7,1,12,1160.0,,15.0
simu5g_00000816,7,1,13,1160.0,,15.0
simu5g_00000816,7,1,14,1128.0,,14.0
simu5g_00000816,7,1,15,1160.0,,15.0
simu5g_00000816,7,1,16,1128.0,,14.0
simu5g_00000816,7,1,17,704.0,,10.0
simu5g_00000816,7,1,18,1160.0,,15.0
simu5g_00000816,7,1,19,1128.0,,14.0
simu5g_00000816,7,1,20,1128.0,,14.0
simu5g_00000816,7,1,21,1160.0,,15.0
simu5g_00000816,7,1,22,1160.0,,15.0
simu5g_00000816,7,1,23,1160.0,,15.0
simu5g_00000816,7,1,24,1160.0,,15.0
simu5g_00000817,0,0,0,1160.0,,15.0
simu5g_00000817,0,0,1,1160.0,,15.0
simu5g_00000817,0,0,2,1160.0,,15.0
simu5g_00000817,0,0,3,1160.0,,15.0
simu5g_00000817,0,0,4,1160.0,,15.0
simu5g_00000817,0,0,5,1160.0,,15.0
simu5g_00000817,0,0,6,1160.0,,15.0
simu5g_00000817,0,0,7,1160.0,,15.0
simu5g_00000817,0,0,8,1160.0,,15.0
simu5g_00000817,0,0,9,1160.0,,15.0
simu5g_00000817,0,0,10,1160.0,,15.0
simu5g_00000817,0,0,11,1160.0,,15.0
simu5g_00000817,0,0,12,1160.0,,15.0
simu5g_00000817,0,0,13,1160.0,,15.0
simu5g_00000817,0,0,14,1160.0,,15.0
simu5g_00000817,0,0,15,1160.0,,15.0
simu5g_00000817,0,0,16,1160.0,,15.0
simu5g_00000817,0,0,17,1160.0,,15.0
simu5g_00000817,0,0,18,1160.0,,15.0
simu5g_00000817,0,0,19,1160.0,,15.0
simu5g_00000817,0,0,20,1160.0,,15.0
simu5g_00000817,0,0,21,1160.0,,15.0
simu5g_00000817,0,0,22,1160.0,,15.0
simu5g_00000817,0,0,23,1160.0,,15.0
simu5g_00000817,0,0,24,1160.0,,15.0
simu5g_00000817,1,1,0,1160.0,,15.0
simu5g_00000817,1,1,1,1160.0,,15.0
simu5g_00000817,1,1,2,1160.0,,15.0
simu5g_00000817,1,1,3,1160.0,,15.0
simu5g_00000817,1,1,4,1160.0,,15.0
simu5g_00000817,1,1,5,1160.0,,15.0
simu5g_00000817,1,1,6,1160.0,,15.0
simu5g_00000817,1,1,7,1160.0,,15.0
simu5g_00000817,1,1,8,1160.0,,15.0
simu5g_00000817,1,1,9,1160.0,,15.0
simu5g_00000817,1,1,10,1160.0,,15.0
simu5g_00000817,1,1,11,1160.0,,15.0
simu5g_00000817,1,1,12,1160.0,,15.0
simu5g_00000817,1,1,13,1160.0,,15.0
simu5g_00000817,1,1,14,1160.0,,15.0
simu5g_00000817,1,1,15,1160.0,,15.0
simu5g_00000817,1,1,16,1160.0,,15.0
simu5g_00000817,1,1,17,1160.0,,15.0
simu5g_00000817,1,1,18,1160.0,,15.0
simu5g_00000817,1,1,19,1160.0,,15.0
simu5g_00000817,1,1,20,1160.0,,15.0
simu5g_00000817,1,1,21,1160.0,,15.0
simu5g_00000817,1,1,22,1160.0,,15.0
simu5g_00000817,1,1,23,1160.0,,15.0
simu5g_00000817,1,1,24,1160.0,,15.0
simu5g_00000817,15,2,0,1128.0,,14.0
simu5g_00000817,15,2,1,1160.0,,15.0
simu5g_00000817,15,2,2,1160.0,,15.0
simu5g_00000817,15,2,3,1160.0,,15.0
simu5g_00000817,15,2,4,1128.0,,14.0
simu5g_00000817,15,2,5,888.0,,12.0
simu5g_00000817,15,2,6,1160.0,,15.0
simu5g_00000817,15,2,7,1128.0,,14.0
simu5g_00000817,15,2,8,1160.0,,15.0
simu5g_00000817,15,2,9,1160.0,,15.0
simu5g_00000817,15,2,10,1160.0,,15.0
simu5g_00000817,15,2,11,1160.0,,15.0
simu5g_00000817,15,2,12,984.0,,13.0
simu5g_00000817,15,2,13,1160.0,,15.0
simu5g_00000817,15,2,14,1160.0,,15.0
simu5g_00000817,15,2,15,1128.0,,14.0
simu5g_00000817,15,2,16,1160.0,,15.0
simu5g_00000817,15,2,17,1160.0,,15.0
simu5g_00000817,15,2,18,1160.0,,15.0
simu5g_00000817,15,2,19,1160.0,,15.0
simu5g_00000817,15,2,20,1160.0,,15.0
simu5g_00000817,15,2,21,1160.0,,15.0
simu5g_00000817,15,2,22,1160.0,,15.0
simu5g_00000817,15,2,23,1160.0,,15.0
simu5g_00000817,15,2,24,1160.0,,15.0
simu5g_00000817,2,3,0,1160.0,,15.0
simu5g_00000817,2,3,1,1160.0,,15.0
simu5g_00000817,2,3,2,1160.0,,15.0
simu5g_00000817,2,3,3,1160.0,,15.0
simu5g_00000817,2,3,4,1160.0,,15.0
simu5g_00000817,2,3,5,1160.0,,15.0
simu5g_00000817,2,3,6,1160.0,,15.0
simu5g_00000817,2,3,7,1160.0,,15.0
simu5g_00000817,2,3,8,1160.0,,15.0
simu5g_00000817,2,3,9,1160.0,,15.0
simu5g_00000817,2,3,10,1160.0,,15.0
simu5g_00000817,2,3,11,1160.0,,15.0
simu5g_00000817,2,3,12,1160.0,,15.0
simu5g_00000817,2,3,13,1160.0,,15.0
simu5g_00000817,2,3,14,1160.0,,15.0
simu5g_00000817,2,3,15,1160.0,,15.0
simu5g_00000817,2,3,16,1160.0,,15.0
simu5g_00000817,2,3,17,1160.0,,15.0
simu5g_00000817,2,3,18,1160.0,,15.0
simu5g_00000817,2,3,19,1160.0,,15.0
simu5g_00000817,2,3,20,1160.0,,15.0
simu5g_00000817,2,3,21,1160.0,,15.0
simu5g_00000817,2,3,22,1160.0,,15.0
simu5g_00000817,2,3,23,1160.0,,15.0
simu5g_00000817,2,3,24,1160.0,,15.0
simu5g_00000817,3,4,0,1160.0,,15.0
simu5g_00000817,3,4,1,1160.0,,15.0
simu5g_00000817,3,4,2,1160.0,,15.0
simu5g_00000817,3,4,3,1160.0,,15.0
simu5g_00000817,3,4,4,1160.0,,15.0
simu5g_00000817,3,4,5,1160.0,,15.0
simu5g_00000817,3,4,6,1160.0,,15.0
simu5g_00000817,3,4,7,1160.0,,15.0
simu5g_00000817,3,4,8,1160.0,,15.0
simu5g_00000817,3,4,9,1160.0,,15.0
simu5g_00000817,3,4,10,1160.0,,15.0
simu5g_00000817,3,4,11,1160.0,,15.0
simu5g_00000817,3,4,12,1160.0,,15.0
simu5g_00000817,3,4,13,1160.0,,15.0
simu5g_00000817,3,4,14,1160.0,,15.0
simu5g_00000817,3,4,15,1160.0,,15.0
simu5g_00000817,3,4,16,1160.0,,15.0
simu5g_00000817,3,4,17,1160.0,,15.0
simu5g_00000817,3,4,18,1160.0,,15.0
simu5g_00000817,3,4,19,1160.0,,15.0
simu5g_00000817,3,4,20,1160.0,,15.0
simu5g_00000817,3,4,21,1160.0,,15.0
simu5g_00000817,3,4,22,1160.0,,15.0
simu5g_00000817,3,4,23,1160.0,,15.0
simu5g_00000817,3,4,24,1160.0,,15.0
simu5g_00000817,4,5,0,1128.0,,14.0
simu5g_00000817,4,5,1,984.0,,13.0
simu5g_00000817,4,5,2,1160.0,,15.0
simu5g_00000817,4,5,3,608.0,,9.0
simu5g_00000817,4,5,4,1128.0,,14.0
simu5g_00000817,4,5,5,1160.0,,15.0
simu5g_00000817,4,5,6,1160.0,,15.0
simu5g_00000817,4,5,7,704.0,,10.0
simu5g_00000817,4,5,8,984.0,,13.0
simu5g_00000817,4,5,9,1128.0,,14.0
simu5g_00000817,4,5,10,1128.0,,14.0
simu5g_00000817,4,5,11,1160.0,,15.0
simu5g_00000817,4,5,12,1160.0,,15.0
simu5g_00000817,4,5,13,1128.0,,14.0
simu5g_00000817,4,5,14,1160.0,,15.0
simu5g_00000817,4,5,15,984.0,,13.0
simu5g_00000817,4,5,16,984.0,,13.0
simu5g_00000817,4,5,17,1128.0,,14.0
simu5g_00000817,4,5,18,1160.0,,15.0
simu5g_00000817,4,5,19,1160.0,,15.0
simu5g_00000817,4,5,20,1128.0,,14.0
simu5g_00000817,4,5,21,984.0,,13.0
simu5g_00000817,4,5,22,1160.0,,15.0
simu5g_00000817,4,5,23,1160.0,,15.0
simu5g_00000817,4,5,24,1128.0,,14.0
simu5g_00000817,5,6,0,1160.0,,15.0
simu5g_00000817,5,6,1,1160.0,,15.0
simu5g_00000817,5,6,2,1160.0,,15.0
simu5g_00000817,5,6,3,1160.0,,15.0
simu5g_00000817,5,6,4,1160.0,,15.0
simu5g_00000817,5,6,5,1160.0,,15.0
simu5g_00000817,5,6,6,1160.0,,15.0
simu5g_00000817,5,6,7,1160.0,,15.0
simu5g_00000817,5,6,8,1160.0,,15.0
simu5g_00000817,5,6,9,1160.0,,15.0
simu5g_00000817,5,6,10,1160.0,,15.0
simu5g_00000817,5,6,11,1160.0,,15.0
simu5g_00000817,5,6,12,1160.0,,15.0
simu5g_00000817,5,6,13,1160.0,,15.0
simu5g_00000817,5,6,14,1160.0,,15.0
simu5g_00000817,5,6,15,1160.0,,15.0
simu5g_00000817,5,6,16,1128.0,,14.0
simu5g_00000817,5,6,17,1160.0,,15.0
simu5g_00000817,5,6,18,1160.0,,15.0
simu5g_00000817,5,6,19,1160.0,,15.0
simu5g_00000817,5,6,20,1160.0,,15.0
simu5g_00000817,5,6,21,1160.0,,15.0
simu5g_00000817,5,6,22,1160.0,,15.0
simu5g_00000817,5,6,23,1160.0,,15.0
simu5g_00000817,5,6,24,1160.0,,15.0
simu5g_00000818,6,0,0,1160.0,,15.0
simu5g_00000818,6,0,1,1128.0,,14.0
simu5g_00000818,6,0,2,1160.0,,15.0
simu5g_00000818,6,0,3,608.0,,9.0
simu5g_00000818,6,0,4,1128.0,,14.0
simu5g_00000818,6,0,5,1160.0,,15.0
simu5g_00000818,6,0,6,1160.0,,15.0
simu5g_00000818,6,0,7,1128.0,,14.0
simu5g_00000818,6,0,8,1160.0,,15.0
simu5g_00000818,6,0,9,1128.0,,14.0
simu5g_00000818,6,0,10,1128.0,,14.0
simu5g_00000818,6,0,11,1160.0,,15.0
simu5g_00000818,6,0,12,1160.0,,15.0
simu5g_00000818,6,0,13,1128.0,,14.0
simu5g_00000818,6,0,14,1160.0,,15.0
simu5g_00000818,6,0,15,1160.0,,15.0
simu5g_00000818,6,0,16,984.0,,13.0
simu5g_00000818,6,0,17,1160.0,,15.0
simu5g_00000818,6,0,18,1160.0,,15.0
simu5g_00000818,6,0,19,1128.0,,14.0
simu5g_00000818,6,0,20,1160.0,,15.0
simu5g_00000818,6,0,21,1160.0,,15.0
simu5g_00000818,6,0,22,1160.0,,15.0
simu5g_00000818,6,0,23,1160.0,,15.0
simu5g_00000818,6,0,24,1160.0,,15.0
simu5g_00000818,7,1,0,984.0,,13.0
simu5g_00000818,7,1,1,1128.0,,14.0
simu5g_00000818,7,1,2,984.0,,13.0
simu5g_00000818,7,1,3,368.0,,6.0
simu5g_00000818,7,1,4,608.0,,9.0
simu5g_00000818,7,1,5,1128.0,,14.0
simu5g_00000818,7,1,6,808.0,,11.0
simu5g_00000818,7,1,7,1128.0,,14.0
simu5g_00000818,7,1,8,1128.0,,14.0
simu5g_00000818,7,1,9,984.0,,13.0
simu5g_00000818,7,1,10,984.0,,13.0
simu5g_00000818,7,1,11,984.0,,13.0
simu5g_00000818,7,1,12,1128.0,,14.0
simu5g_00000818,7,1,13,1160.0,,15.0
simu5g_00000818,7,1,14,888.0,,12.0
simu5g_00000818,7,1,15,1128.0,,14.0
simu5g_00000818,7,1,16,984.0,,13.0
simu5g_00000818,7,1,17,368.0,,6.0
simu5g_00000818,7,1,18,1128.0,,14.0
simu5g_00000818,7,1,19,888.0,,12.0
simu5g_00000818,7,1,20,808.0,,11.0
simu5g_00000818,7,1,21,984.0,,13.0
simu5g_00000818,7,1,22,1128.0,,14.0
simu5g_00000818,7,1,23,1128.0,,14.0
simu5g_00000818,7,1,24,1128.0,,14.0
simu5g_00000819,0,0,0,1160.0,,15.0
simu5g_00000819,0,0,1,1160.0,,15.0
simu5g_00000819,0,0,2,1160.0,,15.0
simu5g_00000819,0,0,3,1160.0,,15.0
simu5g_00000819,0,0,4,1160.0,,15.0
simu5g_00000819,0,0,5,1160.0,,15.0
simu5g_00000819,0,0,6,1160.0,,15.0
simu5g_00000819,0,0,7,1160.0,,15.0
simu5g_00000819,0,0,8,1160.0,,15.0
simu5g_00000819,0,0,9,1160.0,,15.0
simu5g_00000819,0,0,10,1160.0,,15.0
simu5g_00000819,0,0,11,1160.0,,15.0
simu5g_00000819,0,0,12,1160.0,,15.0
simu5g_00000819,0,0,13,1160.0,,15.0
simu5g_00000819,0,0,14,1160.0,,15.0
simu5g_00000819,0,0,15,1160.0,,15.0
simu5g_00000819,0,0,16,1160.0,,15.0
simu5g_00000819,0,0,17,1160.0,,15.0
simu5g_00000819,0,0,18,1160.0,,15.0
simu5g_00000819,0,0,19,1160.0,,15.0
simu5g_00000819,0,0,20,1160.0,,15.0
simu5g_00000819,0,0,21,1160.0,,15.0
simu5g_00000819,0,0,22,1160.0,,15.0
simu5g_00000819,0,0,23,1160.0,,15.0
simu5g_00000819,0,0,24,1160.0,,15.0
simu5g_00000819,1,1,0,1160.0,,15.0
simu5g_00000819,1,1,1,1160.0,,15.0
simu5g_00000819,1,1,2,1160.0,,15.0
simu5g_00000819,1,1,3,1160.0,,15.0
simu5g_00000819,1,1,4,1160.0,,15.0
simu5g_00000819,1,1,5,1160.0,,15.0
simu5g_00000819,1,1,6,1160.0,,15.0
simu5g_00000819,1,1,7,1160.0,,15.0
simu5g_00000819,1,1,8,1160.0,,15.0
simu5g_00000819,1,1,9,1160.0,,15.0
simu5g_00000819,1,1,10,1160.0,,15.0
simu5g_00000819,1,1,11,1160.0,,15.0
simu5g_00000819,1,1,12,1160.0,,15.0
simu5g_00000819,1,1,13,1160.0,,15.0
simu5g_00000819,1,1,14,1160.0,,15.0
simu5g_00000819,1,1,15,1160.0,,15.0
simu5g_00000819,1,1,16,1160.0,,15.0
simu5g_00000819,1,1,17,1160.0,,15.0
simu5g_00000819,1,1,18,1160.0,,15.0
simu5g_00000819,1,1,19,1160.0,,15.0
simu5g_00000819,1,1,20,1160.0,,15.0
simu5g_00000819,1,1,21,1160.0,,15.0
simu5g_00000819,1,1,22,1160.0,,15.0
simu5g_00000819,1,1,23,1160.0,,15.0
simu5g_00000819,1,1,24,1160.0,,15.0
simu5g_00000819,15,2,0,1128.0,,14.0
simu5g_00000819,15,2,1,1160.0,,15.0
simu5g_00000819,15,2,2,1160.0,,15.0
simu5g_00000819,15,2,3,1160.0,,15.0
simu5g_00000819,15,2,4,1128.0,,14.0
simu5g_00000819,15,2,5,888.0,,12.0
simu5g_00000819,15,2,6,1160.0,,15.0
simu5g_00000819,15,2,7,1128.0,,14.0
simu5g_00000819,15,2,8,1160.0,,15.0
simu5g_00000819,15,2,9,1160.0,,15.0
simu5g_00000819,15,2,10,1160.0,,15.0
simu5g_00000819,15,2,11,1160.0,,15.0
simu5g_00000819,15,2,12,984.0,,13.0
simu5g_00000819,15,2,13,1160.0,,15.0
simu5g_00000819,15,2,14,1160.0,,15.0
simu5g_00000819,15,2,15,1128.0,,14.0
simu5g_00000819,15,2,16,1160.0,,15.0
simu5g_00000819,15,2,17,1160.0,,15.0
simu5g_00000819,15,2,18,1160.0,,15.0
simu5g_00000819,15,2,19,1160.0,,15.0
simu5g_00000819,15,2,20,1160.0,,15.0
simu5g_00000819,15,2,21,1160.0,,15.0
simu5g_00000819,15,2,22,1160.0,,15.0
simu5g_00000819,15,2,23,1160.0,,15.0
simu5g_00000819,15,2,24,1160.0,,15.0
simu5g_00000819,2,3,0,1160.0,,15.0
simu5g_00000819,2,3,1,1160.0,,15.0
simu5g_00000819,2,3,2,1160.0,,15.0
simu5g_00000819,2,3,3,1160.0,,15.0
simu5g_00000819,2,3,4,1160.0,,15.0
simu5g_00000819,2,3,5,1160.0,,15.0
simu5g_00000819,2,3,6,1160.0,,15.0
simu5g_00000819,2,3,7,1160.0,,15.0
simu5g_00000819,2,3,8,1160.0,,15.0
simu5g_00000819,2,3,9,1160.0,,15.0
simu5g_00000819,2,3,10,1160.0,,15.0
simu5g_00000819,2,3,11,1160.0,,15.0
simu5g_00000819,2,3,12,1160.0,,15.0
simu5g_00000819,2,3,13,1160.0,,15.0
simu5g_00000819,2,3,14,1160.0,,15.0
simu5g_00000819,2,3,15,1160.0,,15.0
simu5g_00000819,2,3,16,1160.0,,15.0
simu5g_00000819,2,3,17,1160.0,,15.0
simu5g_00000819,2,3,18,1160.0,,15.0
simu5g_00000819,2,3,19,1160.0,,15.0
simu5g_00000819,2,3,20,1160.0,,15.0
simu5g_00000819,2,3,21,1160.0,,15.0
simu5g_00000819,2,3,22,1160.0,,15.0
simu5g_00000819,2,3,23,1160.0,,15.0
simu5g_00000819,2,3,24,1160.0,,15.0
simu5g_00000819,3,4,0,1160.0,,15.0
simu5g_00000819,3,4,1,1160.0,,15.0
simu5g_00000819,3,4,2,1160.0,,15.0
simu5g_00000819,3,4,3,1160.0,,15.0
simu5g_00000819,3,4,4,1160.0,,15.0
simu5g_00000819,3,4,5,1160.0,,15.0
simu5g_00000819,3,4,6,1160.0,,15.0
simu5g_00000819,3,4,7,1160.0,,15.0
simu5g_00000819,3,4,8,1160.0,,15.0
simu5g_00000819,3,4,9,1160.0,,15.0
simu5g_00000819,3,4,10,1160.0,,15.0
simu5g_00000819,3,4,11,1160.0,,15.0
simu5g_00000819,3,4,12,1160.0,,15.0
simu5g_00000819,3,4,13,1160.0,,15.0
simu5g_00000819,3,4,14,1160.0,,15.0
simu5g_00000819,3,4,15,1160.0,,15.0
simu5g_00000819,3,4,16,1160.0,,15.0
simu5g_00000819,3,4,17,1160.0,,15.0
simu5g_00000819,3,4,18,1160.0,,15.0
simu5g_00000819,3,4,19,1160.0,,15.0
simu5g_00000819,3,4,20,1160.0,,15.0
simu5g_00000819,3,4,21,1160.0,,15.0
simu5g_00000819,3,4,22,1160.0,,15.0
simu5g_00000819,3,4,23,1160.0,,15.0
simu5g_00000819,3,4,24,1160.0,,15.0
simu5g_00000819,4,5,0,1160.0,,15.0
simu5g_00000819,4,5,1,1160.0,,15.0
simu5g_00000819,4,5,2,1160.0,,15.0
simu5g_00000819,4,5,3,984.0,,13.0
simu5g_00000819,4,5,4,1160.0,,15.0
simu5g_00000819,4,5,5,1160.0,,15.0
simu5g_00000819,4,5,6,1160.0,,15.0
simu5g_00000819,4,5,7,1128.0,,14.0
simu5g_00000819,4,5,8,1160.0,,15.0
simu5g_00000819,4,5,9,1160.0,,15.0
simu5g_00000819,4,5,10,1160.0,,15.0
simu5g_00000819,4,5,11,1160.0,,15.0
simu5g_00000819,4,5,12,1160.0,,15.0
simu5g_00000819,4,5,13,1160.0,,15.0
simu5g_00000819,4,5,14,1160.0,,15.0
simu5g_00000819,4,5,15,1160.0,,15.0
simu5g_00000819,4,5,16,1160.0,,15.0
simu5g_00000819,4,5,17,1160.0,,15.0
simu5g_00000819,4,5,18,1160.0,,15.0
simu5g_00000819,4,5,19,1160.0,,15.0
simu5g_00000819,4,5,20,1160.0,,15.0
simu5g_00000819,4,5,21,1160.0,,15.0
simu5g_00000819,4,5,22,1160.0,,15.0
simu5g_00000819,4,5,23,1160.0,,15.0
simu5g_00000819,4,5,24,1160.0,,15.0
simu5g_00000819,5,6,0,1160.0,,15.0
simu5g_00000819,5,6,1,1160.0,,15.0
simu5g_00000819,5,6,2,1160.0,,15.0
simu5g_00000819,5,6,3,1160.0,,15.0
simu5g_00000819,5,6,4,1160.0,,15.0
simu5g_00000819,5,6,5,1160.0,,15.0
simu5g_00000819,5,6,6,1160.0,,15.0
simu5g_00000819,5,6,7,1160.0,,15.0
simu5g_00000819,5,6,8,1160.0,,15.0
simu5g_00000819,5,6,9,1160.0,,15.0
simu5g_00000819,5,6,10,1160.0,,15.0
simu5g_00000819,5,6,11,1160.0,,15.0
simu5g_00000819,5,6,12,1160.0,,15.0
simu5g_00000819,5,6,13,1128.0,,14.0
simu5g_00000819,5,6,14,1128.0,,14.0
simu5g_00000819,5,6,15,1160.0,,15.0
simu5g_00000819,5,6,16,808.0,,11.0
simu5g_00000819,5,6,17,1160.0,,15.0
simu5g_00000819,5,6,18,1160.0,,15.0
simu5g_00000819,5,6,19,1160.0,,15.0
simu5g_00000819,5,6,20,1160.0,,15.0
simu5g_00000819,5,6,21,984.0,,13.0
simu5g_00000819,5,6,22,1160.0,,15.0
simu5g_00000819,5,6,23,1128.0,,14.0
simu5g_00000819,5,6,24,1160.0,,15.0
simu5g_00000820,6,0,0,1160.0,,15.0
simu5g_00000820,6,0,1,1128.0,,14.0
simu5g_00000820,6,0,2,1160.0,,15.0
simu5g_00000820,6,0,3,608.0,,9.0
simu5g_00000820,6,0,4,1128.0,,14.0
simu5g_00000820,6,0,5,1160.0,,15.0
simu5g_00000820,6,0,6,1160.0,,15.0
simu5g_00000820,6,0,7,1128.0,,14.0
simu5g_00000820,6,0,8,1160.0,,15.0
simu5g_00000820,6,0,9,1128.0,,14.0
simu5g_00000820,6,0,10,1128.0,,14.0
simu5g_00000820,6,0,11,1160.0,,15.0
simu5g_00000820,6,0,12,1160.0,,15.0
simu5g_00000820,6,0,13,1128.0,,14.0
simu5g_00000820,6,0,14,1160.0,,15.0
simu5g_00000820,6,0,15,1160.0,,15.0
simu5g_00000820,6,0,16,984.0,,13.0
simu5g_00000820,6,0,17,1160.0,,15.0
simu5g_00000820,6,0,18,1160.0,,15.0
simu5g_00000820,6,0,19,1128.0,,14.0
simu5g_00000820,6,0,20,1160.0,,15.0
simu5g_00000820,6,0,21,1160.0,,15.0
simu5g_00000820,6,0,22,1160.0,,15.0
simu5g_00000820,6,0,23,1160.0,,15.0
simu5g_00000820,6,0,24,1160.0,,15.0
simu5g_00000820,7,1,0,984.0,,13.0
simu5g_00000820,7,1,1,1128.0,,14.0
simu5g_00000820,7,1,2,984.0,,13.0
simu5g_00000820,7,1,3,368.0,,6.0
simu5g_00000820,7,1,4,608.0,,9.0
simu5g_00000820,7,1,5,1128.0,,14.0
simu5g_00000820,7,1,6,808.0,,11.0
simu5g_00000820,7,1,7,1128.0,,14.0
simu5g_00000820,7,1,8,1128.0,,14.0
simu5g_00000820,7,1,9,984.0,,13.0
simu5g_00000820,7,1,10,984.0,,13.0
simu5g_00000820,7,1,11,984.0,,13.0
simu5g_00000820,7,1,12,1128.0,,14.0
simu5g_00000820,7,1,13,1160.0,,15.0
simu5g_00000820,7,1,14,888.0,,12.0
simu5g_00000820,7,1,15,1128.0,,14.0
simu5g_00000820,7,1,16,984.0,,13.0
simu5g_00000820,7,1,17,368.0,,6.0
simu5g_00000820,7,1,18,1128.0,,14.0
simu5g_00000820,7,1,19,888.0,,12.0
simu5g_00000820,7,1,20,808.0,,11.0
simu5g_00000820,7,1,21,984.0,,13.0
simu5g_00000820,7,1,22,1128.0,,14.0
simu5g_00000820,7,1,23,1128.0,,14.0
simu5g_00000820,7,1,24,1128.0,,14.0
simu5g_00000821,0,0,0,1160.0,,15.0
simu5g_00000821,0,0,1,1160.0,,15.0
simu5g_00000821,0,0,2,1160.0,,15.0
simu5g_00000821,0,0,3,1160.0,,15.0
simu5g_00000821,0,0,4,1160.0,,15.0
simu5g_00000821,0,0,5,1160.0,,15.0
simu5g_00000821,0,0,6,1160.0,,15.0
simu5g_00000821,0,0,7,1160.0,,15.0
simu5g_00000821,0,0,8,1160.0,,15.0
simu5g_00000821,0,0,9,1160.0,,15.0
simu5g_00000821,0,0,10,1160.0,,15.0
simu5g_00000821,0,0,11,1160.0,,15.0
simu5g_00000821,0,0,12,1160.0,,15.0
simu5g_00000821,0,0,13,1160.0,,15.0
simu5g_00000821,0,0,14,1160.0,,15.0
simu5g_00000821,0,0,15,1160.0,,15.0
simu5g_00000821,0,0,16,1160.0,,15.0
simu5g_00000821,0,0,17,1160.0,,15.0
simu5g_00000821,0,0,18,1160.0,,15.0
simu5g_00000821,0,0,19,1160.0,,15.0
simu5g_00000821,0,0,20,1160.0,,15.0
simu5g_00000821,0,0,21,1160.0,,15.0
simu5g_00000821,0,0,22,1160.0,,15.0
simu5g_00000821,0,0,23,1160.0,,15.0
simu5g_00000821,0,0,24,1160.0,,15.0
simu5g_00000821,1,1,0,1160.0,,15.0
simu5g_00000821,1,1,1,1160.0,,15.0
simu5g_00000821,1,1,2,1160.0,,15.0
simu5g_00000821,1,1,3,1160.0,,15.0
simu5g_00000821,1,1,4,1160.0,,15.0
simu5g_00000821,1,1,5,1160.0,,15.0
simu5g_00000821,1,1,6,1160.0,,15.0
simu5g_00000821,1,1,7,1160.0,,15.0
simu5g_00000821,1,1,8,1160.0,,15.0
simu5g_00000821,1,1,9,1160.0,,15.0
simu5g_00000821,1,1,10,1160.0,,15.0
simu5g_00000821,1,1,11,1160.0,,15.0
simu5g_00000821,1,1,12,1160.0,,15.0
simu5g_00000821,1,1,13,1160.0,,15.0
simu5g_00000821,1,1,14,1160.0,,15.0
simu5g_00000821,1,1,15,1160.0,,15.0
simu5g_00000821,1,1,16,1160.0,,15.0
simu5g_00000821,1,1,17,1160.0,,15.0
simu5g_00000821,1,1,18,1160.0,,15.0
simu5g_00000821,1,1,19,1160.0,,15.0
simu5g_00000821,1,1,20,1160.0,,15.0
simu5g_00000821,1,1,21,1160.0,,15.0
simu5g_00000821,1,1,22,1160.0,,15.0
simu5g_00000821,1,1,23,1160.0,,15.0
simu5g_00000821,1,1,24,1160.0,,15.0
simu5g_00000821,15,2,0,1128.0,,14.0
simu5g_00000821,15,2,1,1160.0,,15.0
simu5g_00000821,15,2,2,1160.0,,15.0
simu5g_00000821,15,2,3,1160.0,,15.0
simu5g_00000821,15,2,4,1128.0,,14.0
simu5g_00000821,15,2,5,888.0,,12.0
simu5g_00000821,15,2,6,1160.0,,15.0
simu5g_00000821,15,2,7,1128.0,,14.0
simu5g_00000821,15,2,8,1160.0,,15.0
simu5g_00000821,15,2,9,1160.0,,15.0
simu5g_00000821,15,2,10,1160.0,,15.0
simu5g_00000821,15,2,11,1160.0,,15.0
simu5g_00000821,15,2,12,984.0,,13.0
simu5g_00000821,15,2,13,1160.0,,15.0
simu5g_00000821,15,2,14,1160.0,,15.0
simu5g_00000821,15,2,15,1128.0,,14.0
simu5g_00000821,15,2,16,1160.0,,15.0
simu5g_00000821,15,2,17,1160.0,,15.0
simu5g_00000821,15,2,18,1160.0,,15.0
simu5g_00000821,15,2,19,1160.0,,15.0
simu5g_00000821,15,2,20,1160.0,,15.0
simu5g_00000821,15,2,21,1160.0,,15.0
simu5g_00000821,15,2,22,1160.0,,15.0
simu5g_00000821,15,2,23,1160.0,,15.0
simu5g_00000821,15,2,24,1160.0,,15.0
simu5g_00000821,2,3,0,1160.0,,15.0
simu5g_00000821,2,3,1,1160.0,,15.0
simu5g_00000821,2,3,2,1160.0,,15.0
simu5g_00000821,2,3,3,1160.0,,15.0
simu5g_00000821,2,3,4,1160.0,,15.0
simu5g_00000821,2,3,5,1160.0,,15.0
simu5g_00000821,2,3,6,1160.0,,15.0
simu5g_00000821,2,3,7,1160.0,,15.0
simu5g_00000821,2,3,8,1160.0,,15.0
simu5g_00000821,2,3,9,1160.0,,15.0
simu5g_00000821,2,3,10,1160.0,,15.0
simu5g_00000821,2,3,11,1160.0,,15.0
simu5g_00000821,2,3,12,1160.0,,15.0
simu5g_00000821,2,3,13,1160.0,,15.0
simu5g_00000821,2,3,14,1160.0,,15.0
simu5g_00000821,2,3,15,1160.0,,15.0
simu5g_00000821,2,3,16,1160.0,,15.0
simu5g_00000821,2,3,17,1160.0,,15.0
simu5g_00000821,2,3,18,1160.0,,15.0
simu5g_00000821,2,3,19,1160.0,,15.0
simu5g_00000821,2,3,20,1160.0,,15.0
simu5g_00000821,2,3,21,1160.0,,15.0
simu5g_00000821,2,3,22,1160.0,,15.0
simu5g_00000821,2,3,23,1160.0,,15.0
simu5g_00000821,2,3,24,1160.0,,15.0
simu5g_00000821,3,4,0,1160.0,,15.0
simu5g_00000821,3,4,1,1160.0,,15.0
simu5g_00000821,3,4,2,1160.0,,15.0
simu5g_00000821,3,4,3,1160.0,,15.0
simu5g_00000821,3,4,4,1160.0,,15.0
simu5g_00000821,3,4,5,1160.0,,15.0
simu5g_00000821,3,4,6,1160.0,,15.0
simu5g_00000821,3,4,7,1160.0,,15.0
simu5g_00000821,3,4,8,1160.0,,15.0
simu5g_00000821,3,4,9,1160.0,,15.0
simu5g_00000821,3,4,10,1160.0,,15.0
simu5g_00000821,3,4,11,1160.0,,15.0
simu5g_00000821,3,4,12,1160.0,,15.0
simu5g_00000821,3,4,13,1160.0,,15.0
simu5g_00000821,3,4,14,1160.0,,15.0
simu5g_00000821,3,4,15,1160.0,,15.0
simu5g_00000821,3,4,16,1160.0,,15.0
simu5g_00000821,3,4,17,1160.0,,15.0
simu5g_00000821,3,4,18,1160.0,,15.0
simu5g_00000821,3,4,19,1160.0,,15.0
simu5g_00000821,3,4,20,1160.0,,15.0
simu5g_00000821,3,4,21,1160.0,,15.0
simu5g_00000821,3,4,22,1160.0,,15.0
simu5g_00000821,3,4,23,1160.0,,15.0
simu5g_00000821,3,4,24,1160.0,,15.0
simu5g_00000821,4,5,0,1160.0,,15.0
simu5g_00000821,4,5,1,1160.0,,15.0
simu5g_00000821,4,5,2,1160.0,,15.0
simu5g_00000821,4,5,3,984.0,,13.0
simu5g_00000821,4,5,4,1160.0,,15.0
simu5g_00000821,4,5,5,1160.0,,15.0
simu5g_00000821,4,5,6,1160.0,,15.0
simu5g_00000821,4,5,7,1128.0,,14.0
simu5g_00000821,4,5,8,1160.0,,15.0
simu5g_00000821,4,5,9,1160.0,,15.0
simu5g_00000821,4,5,10,1160.0,,15.0
simu5g_00000821,4,5,11,1160.0,,15.0
simu5g_00000821,4,5,12,1160.0,,15.0
simu5g_00000821,4,5,13,1160.0,,15.0
simu5g_00000821,4,5,14,1160.0,,15.0
simu5g_00000821,4,5,15,1160.0,,15.0
simu5g_00000821,4,5,16,1160.0,,15.0
simu5g_00000821,4,5,17,1160.0,,15.0
simu5g_00000821,4,5,18,1160.0,,15.0
simu5g_00000821,4,5,19,1160.0,,15.0
simu5g_00000821,4,5,20,1160.0,,15.0
simu5g_00000821,4,5,21,1160.0,,15.0
simu5g_00000821,4,5,22,1160.0,,15.0
simu5g_00000821,4,5,23,1160.0,,15.0
simu5g_00000821,4,5,24,1160.0,,15.0
simu5g_00000821,5,6,0,1160.0,,15.0
simu5g_00000821,5,6,1,1160.0,,15.0
simu5g_00000821,5,6,2,1160.0,,15.0
simu5g_00000821,5,6,3,1160.0,,15.0
simu5g_00000821,5,6,4,1160.0,,15.0
simu5g_00000821,5,6,5,1160.0,,15.0
simu5g_00000821,5,6,6,1160.0,,15.0
simu5g_00000821,5,6,7,1160.0,,15.0
simu5g_00000821,5,6,8,1160.0,,15.0
simu5g_00000821,5,6,9,1160.0,,15.0
simu5g_00000821,5,6,10,1160.0,,15.0
simu5g_00000821,5,6,11,1160.0,,15.0
simu5g_00000821,5,6,12,1160.0,,15.0
simu5g_00000821,5,6,13,1128.0,,14.0
simu5g_00000821,5,6,14,1128.0,,14.0
simu5g_00000821,5,6,15,1160.0,,15.0
simu5g_00000821,5,6,16,808.0,,11.0
simu5g_00000821,5,6,17,1160.0,,15.0
simu5g_00000821,5,6,18,1160.0,,15.0
simu5g_00000821,5,6,19,1160.0,,15.0
simu5g_00000821,5,6,20,1160.0,,15.0
simu5g_00000821,5,6,21,1128.0,,14.0
simu5g_00000821,5,6,22,1160.0,,15.0
simu5g_00000821,5,6,23,1128.0,,14.0
simu5g_00000821,5,6,24,1160.0,,15.0
simu5g_00000822,6,0,0,1160.0,,15.0
simu5g_00000822,6,0,1,1128.0,,14.0
simu5g_00000822,6,0,2,1160.0,,15.0
simu5g_00000822,6,0,3,608.0,,9.0
simu5g_00000822,6,0,4,1128.0,,14.0
simu5g_00000822,6,0,5,1160.0,,15.0
simu5g_00000822,6,0,6,1160.0,,15.0
simu5g_00000822,6,0,7,1128.0,,14.0
simu5g_00000822,6,0,8,1160.0,,15.0
simu5g_00000822,6,0,9,1128.0,,14.0
simu5g_00000822,6,0,10,1128.0,,14.0
simu5g_00000822,6,0,11,1160.0,,15.0
simu5g_00000822,6,0,12,1160.0,,15.0
simu5g_00000822,6,0,13,1128.0,,14.0
simu5g_00000822,6,0,14,1160.0,,15.0
simu5g_00000822,6,0,15,1160.0,,15.0
simu5g_00000822,6,0,16,984.0,,13.0
simu5g_00000822,6,0,17,1160.0,,15.0
simu5g_00000822,6,0,18,1160.0,,15.0
simu5g_00000822,6,0,19,1128.0,,14.0
simu5g_00000822,6,0,20,1160.0,,15.0
simu5g_00000822,6,0,21,1160.0,,15.0
simu5g_00000822,6,0,22,1160.0,,15.0
simu5g_00000822,6,0,23,1160.0,,15.0
simu5g_00000822,6,0,24,1160.0,,15.0
simu5g_00000822,7,1,0,984.0,,13.0
simu5g_00000822,7,1,1,1128.0,,14.0
simu5g_00000822,7,1,2,984.0,,13.0
simu5g_00000822,7,1,3,368.0,,6.0
simu5g_00000822,7,1,4,608.0,,9.0
simu5g_00000822,7,1,5,1128.0,,14.0
simu5g_00000822,7,1,6,808.0,,11.0
simu5g_00000822,7,1,7,1128.0,,14.0
simu5g_00000822,7,1,8,1128.0,,14.0
simu5g_00000822,7,1,9,984.0,,13.0
simu5g_00000822,7,1,10,984.0,,13.0
simu5g_00000822,7,1,11,984.0,,13.0
simu5g_00000822,7,1,12,1128.0,,14.0
simu5g_00000822,7,1,13,1160.0,,15.0
simu5g_00000822,7,1,14,888.0,,12.0
simu5g_00000822,7,1,15,1128.0,,14.0
simu5g_00000822,7,1,16,984.0,,13.0
simu5g_00000822,7,1,17,368.0,,6.0
simu5g_00000822,7,1,18,1128.0,,14.0
simu5g_00000822,7,1,19,888.0,,12.0
simu5g_00000822,7,1,20,808.0,,11.0
simu5g_00000822,7,1,21,984.0,,13.0
simu5g_00000822,7,1,22,1128.0,,14.0
simu5g_00000822,7,1,23,1128.0,,14.0
simu5g_00000822,7,1,24,1128.0,,14.0
simu5g_00000823,0,0,0,1160.0,,15.0
simu5g_00000823,0,0,1,1160.0,,15.0
simu5g_00000823,0,0,2,1160.0,,15.0
simu5g_00000823,0,0,3,1160.0,,15.0
simu5g_00000823,0,0,4,1160.0,,15.0
simu5g_00000823,0,0,5,1160.0,,15.0
simu5g_00000823,0,0,6,1160.0,,15.0
simu5g_00000823,0,0,7,1160.0,,15.0
simu5g_00000823,0,0,8,1160.0,,15.0
simu5g_00000823,0,0,9,1160.0,,15.0
simu5g_00000823,0,0,10,1160.0,,15.0
simu5g_00000823,0,0,11,1160.0,,15.0
simu5g_00000823,0,0,12,1160.0,,15.0
simu5g_00000823,0,0,13,1160.0,,15.0
simu5g_00000823,0,0,14,1160.0,,15.0
simu5g_00000823,0,0,15,1160.0,,15.0
simu5g_00000823,0,0,16,1160.0,,15.0
simu5g_00000823,0,0,17,1160.0,,15.0
simu5g_00000823,0,0,18,1160.0,,15.0
simu5g_00000823,0,0,19,1160.0,,15.0
simu5g_00000823,0,0,20,1160.0,,15.0
simu5g_00000823,0,0,21,1160.0,,15.0
simu5g_00000823,0,0,22,1160.0,,15.0
simu5g_00000823,0,0,23,1160.0,,15.0
simu5g_00000823,0,0,24,1160.0,,15.0
simu5g_00000823,1,1,0,1160.0,,15.0
simu5g_00000823,1,1,1,1160.0,,15.0
simu5g_00000823,1,1,2,1160.0,,15.0
simu5g_00000823,1,1,3,1160.0,,15.0
simu5g_00000823,1,1,4,1160.0,,15.0
simu5g_00000823,1,1,5,1160.0,,15.0
simu5g_00000823,1,1,6,1160.0,,15.0
simu5g_00000823,1,1,7,1160.0,,15.0
simu5g_00000823,1,1,8,1160.0,,15.0
simu5g_00000823,1,1,9,1160.0,,15.0
simu5g_00000823,1,1,10,1160.0,,15.0
simu5g_00000823,1,1,11,1160.0,,15.0
simu5g_00000823,1,1,12,1160.0,,15.0
simu5g_00000823,1,1,13,1160.0,,15.0
simu5g_00000823,1,1,14,1160.0,,15.0
simu5g_00000823,1,1,15,1160.0,,15.0
simu5g_00000823,1,1,16,1160.0,,15.0
simu5g_00000823,1,1,17,1160.0,,15.0
simu5g_00000823,1,1,18,1160.0,,15.0
simu5g_00000823,1,1,19,1160.0,,15.0
simu5g_00000823,1,1,20,1160.0,,15.0
simu5g_00000823,1,1,21,1160.0,,15.0
simu5g_00000823,1,1,22,1160.0,,15.0
simu5g_00000823,1,1,23,1160.0,,15.0
simu5g_00000823,1,1,24,1160.0,,15.0
simu5g_00000823,15,2,0,1160.0,,15.0
simu5g_00000823,15,2,1,1160.0,,15.0
simu5g_00000823,15,2,2,1160.0,,15.0
simu5g_00000823,15,2,3,1160.0,,15.0
simu5g_00000823,15,2,4,1128.0,,14.0
simu5g_00000823,15,2,5,984.0,,13.0
simu5g_00000823,15,2,6,1160.0,,15.0
simu5g_00000823,15,2,7,1160.0,,15.0
simu5g_00000823,15,2,8,1160.0,,15.0
simu5g_00000823,15,2,9,1160.0,,15.0
simu5g_00000823,15,2,10,1160.0,,15.0
simu5g_00000823,15,2,11,1160.0,,15.0
simu5g_00000823,15,2,12,1128.0,,14.0
simu5g_00000823,15,2,13,1160.0,,15.0
simu5g_00000823,15,2,14,1160.0,,15.0
simu5g_00000823,15,2,15,1160.0,,15.0
simu5g_00000823,15,2,16,1160.0,,15.0
simu5g_00000823,15,2,17,1160.0,,15.0
simu5g_00000823,15,2,18,1160.0,,15.0
simu5g_00000823,15,2,19,1160.0,,15.0
simu5g_00000823,15,2,20,1160.0,,15.0
simu5g_00000823,15,2,21,1160.0,,15.0
simu5g_00000823,15,2,22,1160.0,,15.0
simu5g_00000823,15,2,23,1160.0,,15.0
simu5g_00000823,15,2,24,1160.0,,15.0
simu5g_00000823,2,3,0,1160.0,,15.0
simu5g_00000823,2,3,1,1160.0,,15.0
simu5g_00000823,2,3,2,1160.0,,15.0
simu5g_00000823,2,3,3,1160.0,,15.0
simu5g_00000823,2,3,4,1160.0,,15.0
simu5g_00000823,2,3,5,1160.0,,15.0
simu5g_00000823,2,3,6,1160.0,,15.0
simu5g_00000823,2,3,7,1160.0,,15.0
simu5g_00000823,2,3,8,1160.0,,15.0
simu5g_00000823,2,3,9,1160.0,,15.0
simu5g_00000823,2,3,10,1160.0,,15.0
simu5g_00000823,2,3,11,1160.0,,15.0
simu5g_00000823,2,3,12,1160.0,,15.0
simu5g_00000823,2,3,13,1160.0,,15.0
simu5g_00000823,2,3,14,1160.0,,15.0
simu5g_00000823,2,3,15,1160.0,,15.0
simu5g_00000823,2,3,16,1160.0,,15.0
simu5g_00000823,2,3,17,1160.0,,15.0
simu5g_00000823,2,3,18,1160.0,,15.0
simu5g_00000823,2,3,19,1160.0,,15.0
simu5g_00000823,2,3,20,1160.0,,15.0
simu5g_00000823,2,3,21,1160.0,,15.0
simu5g_00000823,2,3,22,1160.0,,15.0
simu5g_00000823,2,3,23,1160.0,,15.0
simu5g_00000823,2,3,24,1160.0,,15.0
simu5g_00000823,3,4,0,1160.0,,15.0
simu5g_00000823,3,4,1,1160.0,,15.0
simu5g_00000823,3,4,2,1160.0,,15.0
simu5g_00000823,3,4,3,1160.0,,15.0
simu5g_00000823,3,4,4,1160.0,,15.0
simu5g_00000823,3,4,5,1160.0,,15.0
simu5g_00000823,3,4,6,1160.0,,15.0
simu5g_00000823,3,4,7,1160.0,,15.0
simu5g_00000823,3,4,8,1160.0,,15.0
simu5g_00000823,3,4,9,1160.0,,15.0
simu5g_00000823,3,4,10,1160.0,,15.0
simu5g_00000823,3,4,11,1160.0,,15.0
simu5g_00000823,3,4,12,1160.0,,15.0
simu5g_00000823,3,4,13,1160.0,,15.0
simu5g_00000823,3,4,14,1160.0,,15.0
simu5g_00000823,3,4,15,1160.0,,15.0
simu5g_00000823,3,4,16,1160.0,,15.0
simu5g_00000823,3,4,17,1160.0,,15.0
simu5g_00000823,3,4,18,1160.0,,15.0
simu5g_00000823,3,4,19,1160.0,,15.0
simu5g_00000823,3,4,20,1160.0,,15.0
simu5g_00000823,3,4,21,1160.0,,15.0
simu5g_00000823,3,4,22,1160.0,,15.0
simu5g_00000823,3,4,23,1160.0,,15.0
simu5g_00000823,3,4,24,1160.0,,15.0
simu5g_00000823,4,5,0,1160.0,,15.0
simu5g_00000823,4,5,1,1160.0,,15.0
simu5g_00000823,4,5,2,1160.0,,15.0
simu5g_00000823,4,5,3,984.0,,13.0
simu5g_00000823,4,5,4,1160.0,,15.0
simu5g_00000823,4,5,5,1160.0,,15.0
simu5g_00000823,4,5,6,1160.0,,15.0
simu5g_00000823,4,5,7,1128.0,,14.0
simu5g_00000823,4,5,8,1160.0,,15.0
simu5g_00000823,4,5,9,1160.0,,15.0
simu5g_00000823,4,5,10,1160.0,,15.0
simu5g_00000823,4,5,11,1160.0,,15.0
simu5g_00000823,4,5,12,1160.0,,15.0
simu5g_00000823,4,5,13,1160.0,,15.0
simu5g_00000823,4,5,14,1160.0,,15.0
simu5g_00000823,4,5,15,1160.0,,15.0
simu5g_00000823,4,5,16,1160.0,,15.0
simu5g_00000823,4,5,17,1160.0,,15.0
simu5g_00000823,4,5,18,1160.0,,15.0
simu5g_00000823,4,5,19,1160.0,,15.0
simu5g_00000823,4,5,20,1160.0,,15.0
simu5g_00000823,4,5,21,1160.0,,15.0
simu5g_00000823,4,5,22,1160.0,,15.0
simu5g_00000823,4,5,23,1160.0,,15.0
simu5g_00000823,4,5,24,1160.0,,15.0
simu5g_00000823,5,6,0,1160.0,,15.0
simu5g_00000823,5,6,1,1160.0,,15.0
simu5g_00000823,5,6,2,1160.0,,15.0
simu5g_00000823,5,6,3,1160.0,,15.0
simu5g_00000823,5,6,4,1160.0,,15.0
simu5g_00000823,5,6,5,1160.0,,15.0
simu5g_00000823,5,6,6,1160.0,,15.0
simu5g_00000823,5,6,7,1160.0,,15.0
simu5g_00000823,5,6,8,1160.0,,15.0
simu5g_00000823,5,6,9,1160.0,,15.0
simu5g_00000823,5,6,10,1160.0,,15.0
simu5g_00000823,5,6,11,1160.0,,15.0
simu5g_00000823,5,6,12,1160.0,,15.0
simu5g_00000823,5,6,13,1128.0,,14.0
simu5g_00000823,5,6,14,1128.0,,14.0
simu5g_00000823,5,6,15,1160.0,,15.0
simu5g_00000823,5,6,16,808.0,,11.0
simu5g_00000823,5,6,17,1160.0,,15.0
simu5g_00000823,5,6,18,1160.0,,15.0
simu5g_00000823,5,6,19,1160.0,,15.0
simu5g_00000823,5,6,20,1160.0,,15.0
simu5g_00000823,5,6,21,1128.0,,14.0
simu5g_00000823,5,6,22,1160.0,,15.0
simu5g_00000823,5,6,23,1128.0,,14.0
simu5g_00000823,5,6,24,1160.0,,15.0
simu5g_00000824,6,0,0,1160.0,,15.0
simu5g_00000824,6,0,1,1160.0,,15.0
simu5g_00000824,6,0,2,1160.0,,15.0
simu5g_00000824,6,0,3,704.0,,10.0
simu5g_00000824,6,0,4,1128.0,,14.0
simu5g_00000824,6,0,5,1160.0,,15.0
simu5g_00000824,6,0,6,1160.0,,15.0
simu5g_00000824,6,0,7,1128.0,,14.0
simu5g_00000824,6,0,8,1160.0,,15.0
simu5g_00000824,6,0,9,1128.0,,14.0
simu5g_00000824,6,0,10,1128.0,,14.0
simu5g_00000824,6,0,11,1160.0,,15.0
simu5g_00000824,6,0,12,1160.0,,15.0
simu5g_00000824,6,0,13,1128.0,,14.0
simu5g_00000824,6,0,14,1160.0,,15.0
simu5g_00000824,6,0,15,1160.0,,15.0
simu5g_00000824,6,0,16,984.0,,13.0
simu5g_00000824,6,0,17,1160.0,,15.0
simu5g_00000824,6,0,18,1160.0,,15.0
simu5g_00000824,6,0,19,1128.0,,14.0
simu5g_00000824,6,0,20,1160.0,,15.0
simu5g_00000824,6,0,21,1160.0,,15.0
simu5g_00000824,6,0,22,1160.0,,15.0
simu5g_00000824,6,0,23,1160.0,,15.0
simu5g_00000824,6,0,24,1160.0,,15.0
simu5g_00000824,7,1,0,984.0,,13.0
simu5g_00000824,7,1,1,1128.0,,14.0
simu5g_00000824,7,1,2,984.0,,13.0
simu5g_00000824,7,1,3,368.0,,6.0
simu5g_00000824,7,1,4,608.0,,9.0
simu5g_00000824,7,1,5,1128.0,,14.0
simu5g_00000824,7,1,6,808.0,,11.0
simu5g_00000824,7,1,7,1128.0,,14.0
simu5g_00000824,7,1,8,1128.0,,14.0
simu5g_00000824,7,1,9,984.0,,13.0
simu5g_00000824,7,1,10,984.0,,13.0
simu5g_00000824,7,1,11,984.0,,13.0
simu5g_00000824,7,1,12,1128.0,,14.0
simu5g_00000824,7,1,13,1160.0,,15.0
simu5g_00000824,7,1,14,888.0,,12.0
simu5g_00000824,7,1,15,1128.0,,14.0
simu5g_00000824,7,1,16,984.0,,13.0
simu5g_00000824,7,1,17,368.0,,6.0
simu5g_00000824,7,1,18,1128.0,,14.0
simu5g_00000824,7,1,19,888.0,,12.0
simu5g_00000824,7,1,20,808.0,,11.0
simu5g_00000824,7,1,21,984.0,,13.0
simu5g_00000824,7,1,22,1128.0,,14.0
simu5g_00000824,7,1,23,1128.0,,14.0
simu5g_00000824,7,1,24,1128.0,,14.0
simu5g_00000825,0,0,0,1160.0,,15.0
simu5g_00000825,0,0,1,1160.0,,15.0
simu5g_00000825,0,0,2,1160.0,,15.0
simu5g_00000825,0,0,3,1160.0,,15.0
simu5g_00000825,0,0,4,1160.0,,15.0
simu5g_00000825,0,0,5,1160.0,,15.0
simu5g_00000825,0,0,6,1160.0,,15.0
simu5g_00000825,0,0,7,1160.0,,15.0
simu5g_00000825,0,0,8,1160.0,,15.0
simu5g_00000825,0,0,9,1160.0,,15.0
simu5g_00000825,0,0,10,1160.0,,15.0
simu5g_00000825,0,0,11,1160.0,,15.0
simu5g_00000825,0,0,12,1160.0,,15.0
simu5g_00000825,0,0,13,1160.0,,15.0
simu5g_00000825,0,0,14,1160.0,,15.0
simu5g_00000825,0,0,15,1160.0,,15.0
simu5g_00000825,0,0,16,1160.0,,15.0
simu5g_00000825,0,0,17,1160.0,,15.0
simu5g_00000825,0,0,18,1160.0,,15.0
simu5g_00000825,0,0,19,1160.0,,15.0
simu5g_00000825,0,0,20,1160.0,,15.0
simu5g_00000825,0,0,21,1160.0,,15.0
simu5g_00000825,0,0,22,1160.0,,15.0
simu5g_00000825,0,0,23,1160.0,,15.0
simu5g_00000825,0,0,24,1160.0,,15.0
simu5g_00000825,1,1,0,1160.0,,15.0
simu5g_00000825,1,1,1,1160.0,,15.0
simu5g_00000825,1,1,2,1160.0,,15.0
simu5g_00000825,1,1,3,1160.0,,15.0
simu5g_00000825,1,1,4,1160.0,,15.0
simu5g_00000825,1,1,5,1160.0,,15.0
simu5g_00000825,1,1,6,1160.0,,15.0
simu5g_00000825,1,1,7,1160.0,,15.0
simu5g_00000825,1,1,8,1160.0,,15.0
simu5g_00000825,1,1,9,1160.0,,15.0
simu5g_00000825,1,1,10,1160.0,,15.0
simu5g_00000825,1,1,11,1160.0,,15.0
simu5g_00000825,1,1,12,1160.0,,15.0
simu5g_00000825,1,1,13,1160.0,,15.0
simu5g_00000825,1,1,14,1160.0,,15.0
simu5g_00000825,1,1,15,1160.0,,15.0
simu5g_00000825,1,1,16,1160.0,,15.0
simu5g_00000825,1,1,17,1160.0,,15.0
simu5g_00000825,1,1,18,1160.0,,15.0
simu5g_00000825,1,1,19,1160.0,,15.0
simu5g_00000825,1,1,20,1160.0,,15.0
simu5g_00000825,1,1,21,1160.0,,15.0
simu5g_00000825,1,1,22,1160.0,,15.0
simu5g_00000825,1,1,23,1160.0,,15.0
simu5g_00000825,1,1,24,1160.0,,15.0
simu5g_00000825,15,2,0,1160.0,,15.0
simu5g_00000825,15,2,1,1160.0,,15.0
simu5g_00000825,15,2,2,1160.0,,15.0
simu5g_00000825,15,2,3,1160.0,,15.0
simu5g_00000825,15,2,4,1128.0,,14.0
simu5g_00000825,15,2,5,984.0,,13.0
simu5g_00000825,15,2,6,1160.0,,15.0
simu5g_00000825,15,2,7,1160.0,,15.0
simu5g_00000825,15,2,8,1160.0,,15.0
simu5g_00000825,15,2,9,1160.0,,15.0
simu5g_00000825,15,2,10,1160.0,,15.0
simu5g_00000825,15,2,11,1160.0,,15.0
simu5g_00000825,15,2,12,1128.0,,14.0
simu5g_00000825,15,2,13,1160.0,,15.0
simu5g_00000825,15,2,14,1160.0,,15.0
simu5g_00000825,15,2,15,1160.0,,15.0
simu5g_00000825,15,2,16,1160.0,,15.0
simu5g_00000825,15,2,17,1160.0,,15.0
simu5g_00000825,15,2,18,1160.0,,15.0
simu5g_00000825,15,2,19,1160.0,,15.0
simu5g_00000825,15,2,20,1160.0,,15.0
simu5g_00000825,15,2,21,1160.0,,15.0
simu5g_00000825,15,2,22,1160.0,,15.0
simu5g_00000825,15,2,23,1160.0,,15.0
simu5g_00000825,15,2,24,1160.0,,15.0
simu5g_00000825,2,3,0,1160.0,,15.0
simu5g_00000825,2,3,1,1160.0,,15.0
simu5g_00000825,2,3,2,1160.0,,15.0
simu5g_00000825,2,3,3,1160.0,,15.0
simu5g_00000825,2,3,4,1160.0,,15.0
simu5g_00000825,2,3,5,1160.0,,15.0
simu5g_00000825,2,3,6,1160.0,,15.0
simu5g_00000825,2,3,7,1160.0,,15.0
simu5g_00000825,2,3,8,1160.0,,15.0
simu5g_00000825,2,3,9,1160.0,,15.0
simu5g_00000825,2,3,10,1160.0,,15.0
simu5g_00000825,2,3,11,1160.0,,15.0
simu5g_00000825,2,3,12,1160.0,,15.0
simu5g_00000825,2,3,13,1160.0,,15.0
simu5g_00000825,2,3,14,1160.0,,15.0
simu5g_00000825,2,3,15,1160.0,,15.0
simu5g_00000825,2,3,16,1160.0,,15.0
simu5g_00000825,2,3,17,1160.0,,15.0
simu5g_00000825,2,3,18,1160.0,,15.0
simu5g_00000825,2,3,19,1160.0,,15.0
simu5g_00000825,2,3,20,1160.0,,15.0
simu5g_00000825,2,3,21,1160.0,,15.0
simu5g_00000825,2,3,22,1160.0,,15.0
simu5g_00000825,2,3,23,1160.0,,15.0
simu5g_00000825,2,3,24,1160.0,,15.0
simu5g_00000825,3,4,0,1160.0,,15.0
simu5g_00000825,3,4,1,1160.0,,15.0
simu5g_00000825,3,4,2,1160.0,,15.0
simu5g_00000825,3,4,3,1160.0,,15.0
simu5g_00000825,3,4,4,1160.0,,15.0
simu5g_00000825,3,4,5,1160.0,,15.0
simu5g_00000825,3,4,6,1160.0,,15.0
simu5g_00000825,3,4,7,1160.0,,15.0
simu5g_00000825,3,4,8,1160.0,,15.0
simu5g_00000825,3,4,9,1160.0,,15.0
simu5g_00000825,3,4,10,1160.0,,15.0
simu5g_00000825,3,4,11,1160.0,,15.0
simu5g_00000825,3,4,12,1160.0,,15.0
simu5g_00000825,3,4,13,1160.0,,15.0
simu5g_00000825,3,4,14,1160.0,,15.0
simu5g_00000825,3,4,15,1160.0,,15.0
simu5g_00000825,3,4,16,1160.0,,15.0
simu5g_00000825,3,4,17,1160.0,,15.0
simu5g_00000825,3,4,18,1160.0,,15.0
simu5g_00000825,3,4,19,1160.0,,15.0
simu5g_00000825,3,4,20,1160.0,,15.0
simu5g_00000825,3,4,21,1160.0,,15.0
simu5g_00000825,3,4,22,1160.0,,15.0
simu5g_00000825,3,4,23,1160.0,,15.0
simu5g_00000825,3,4,24,1160.0,,15.0
simu5g_00000825,4,5,0,1160.0,,15.0
simu5g_00000825,4,5,1,1160.0,,15.0
simu5g_00000825,4,5,2,1160.0,,15.0
simu5g_00000825,4,5,3,984.0,,13.0
simu5g_00000825,4,5,4,1160.0,,15.0
simu5g_00000825,4,5,5,1160.0,,15.0
simu5g_00000825,4,5,6,1160.0,,15.0
simu5g_00000825,4,5,7,1128.0,,14.0
simu5g_00000825,4,5,8,1160.0,,15.0
simu5g_00000825,4,5,9,1160.0,,15.0
simu5g_00000825,4,5,10,1160.0,,15.0
simu5g_00000825,4,5,11,1160.0,,15.0
simu5g_00000825,4,5,12,1160.0,,15.0
simu5g_00000825,4,5,13,1160.0,,15.0
simu5g_00000825,4,5,14,1160.0,,15.0
simu5g_00000825,4,5,15,1160.0,,15.0
simu5g_00000825,4,5,16,1160.0,,15.0
simu5g_00000825,4,5,17,1160.0,,15.0
simu5g_00000825,4,5,18,1160.0,,15.0
simu5g_00000825,4,5,19,1160.0,,15.0
simu5g_00000825,4,5,20,1160.0,,15.0
simu5g_00000825,4,5,21,1160.0,,15.0
simu5g_00000825,4,5,22,1160.0,,15.0
simu5g_00000825,4,5,23,1160.0,,15.0
simu5g_00000825,4,5,24,1160.0,,15.0
simu5g_00000825,5,6,0,1160.0,,15.0
simu5g_00000825,5,6,1,1128.0,,14.0
simu5g_00000825,5,6,2,1160.0,,15.0
simu5g_00000825,5,6,3,1128.0,,14.0
simu5g_00000825,5,6,4,1160.0,,15.0
simu5g_00000825,5,6,5,1160.0,,15.0
simu5g_00000825,5,6,6,1160.0,,15.0
simu5g_00000825,5,6,7,1160.0,,15.0
simu5g_00000825,5,6,8,1160.0,,15.0
simu5g_00000825,5,6,9,1160.0,,15.0
simu5g_00000825,5,6,10,1160.0,,15.0
simu5g_00000825,5,6,11,1160.0,,15.0
simu5g_00000825,5,6,12,1160.0,,15.0
simu5g_00000825,5,6,13,1128.0,,14.0
simu5g_00000825,5,6,14,1128.0,,14.0
simu5g_00000825,5,6,15,1128.0,,14.0
simu5g_00000825,5,6,16,704.0,,10.0
simu5g_00000825,5,6,17,1160.0,,15.0
simu5g_00000825,5,6,18,1160.0,,15.0
simu5g_00000825,5,6,19,1160.0,,15.0
simu5g_00000825,5,6,20,1128.0,,14.0
simu5g_00000825,5,6,21,984.0,,13.0
simu5g_00000825,5,6,22,1160.0,,15.0
simu5g_00000825,5,6,23,1128.0,,14.0
simu5g_00000825,5,6,24,1160.0,,15.0
simu5g_00000826,6,0,0,1160.0,,15.0
simu5g_00000826,6,0,1,1160.0,,15.0
simu5g_00000826,6,0,2,1160.0,,15.0
simu5g_00000826,6,0,3,704.0,,10.0
simu5g_00000826,6,0,4,1128.0,,14.0
simu5g_00000826,6,0,5,1160.0,,15.0
simu5g_00000826,6,0,6,1160.0,,15.0
simu5g_00000826,6,0,7,1128.0,,14.0
simu5g_00000826,6,0,8,1160.0,,15.0
simu5g_00000826,6,0,9,1128.0,,14.0
simu5g_00000826,6,0,10,1128.0,,14.0
simu5g_00000826,6,0,11,1160.0,,15.0
simu5g_00000826,6,0,12,1160.0,,15.0
simu5g_00000826,6,0,13,1128.0,,14.0
simu5g_00000826,6,0,14,1160.0,,15.0
simu5g_00000826,6,0,15,1160.0,,15.0
simu5g_00000826,6,0,16,984.0,,13.0
simu5g_00000826,6,0,17,1160.0,,15.0
simu5g_00000826,6,0,18,1160.0,,15.0
simu5g_00000826,6,0,19,1128.0,,14.0
simu5g_00000826,6,0,20,1160.0,,15.0
simu5g_00000826,6,0,21,1160.0,,15.0
simu5g_00000826,6,0,22,1160.0,,15.0
simu5g_00000826,6,0,23,1160.0,,15.0
simu5g_00000826,6,0,24,1160.0,,15.0
simu5g_00000826,7,1,0,1128.0,,14.0
simu5g_00000826,7,1,1,1160.0,,15.0
simu5g_00000826,7,1,2,1128.0,,14.0
simu5g_00000826,7,1,3,608.0,,9.0
simu5g_00000826,7,1,4,888.0,,12.0
simu5g_00000826,7,1,5,1160.0,,15.0
simu5g_00000826,7,1,6,984.0,,13.0
simu5g_00000826,7,1,7,1160.0,,15.0
simu5g_00000826,7,1,8,1160.0,,15.0
simu5g_00000826,7,1,9,1128.0,,14.0
simu5g_00000826,7,1,10,1128.0,,14.0
simu5g_00000826,7,1,11,1128.0,,14.0
simu5g_00000826,7,1,12,1160.0,,15.0
simu5g_00000826,7,1,13,1160.0,,15.0
simu5g_00000826,7,1,14,1128.0,,14.0
simu5g_00000826,7,1,15,1128.0,,14.0
simu5g_00000826,7,1,16,1128.0,,14.0
simu5g_00000826,7,1,17,608.0,,9.0
simu5g_00000826,7,1,18,1160.0,,15.0
simu5g_00000826,7,1,19,1128.0,,14.0
simu5g_00000826,7,1,20,984.0,,13.0
simu5g_00000826,7,1,21,1128.0,,14.0
simu5g_00000826,7,1,22,1160.0,,15.0
simu5g_00000826,7,1,23,1160.0,,15.0
simu5g_00000826,7,1,24,1160.0,,15.0
simu5g_00000827,0,0,0,1160.0,,15.0
simu5g_00000827,0,0,1,1160.0,,15.0
simu5g_00000827,0,0,2,1160.0,,15.0
simu5g_00000827,0,0,3,1160.0,,15.0
simu5g_00000827,0,0,4,1160.0,,15.0
simu5g_00000827,0,0,5,1160.0,,15.0
simu5g_00000827,0,0,6,1160.0,,15.0
simu5g_00000827,0,0,7,1160.0,,15.0
simu5g_00000827,0,0,8,1160.0,,15.0
simu5g_00000827,0,0,9,1160.0,,15.0
simu5g_00000827,0,0,10,1160.0,,15.0
simu5g_00000827,0,0,11,1160.0,,15.0
simu5g_00000827,0,0,12,1160.0,,15.0
simu5g_00000827,0,0,13,1160.0,,15.0
simu5g_00000827,0,0,14,1160.0,,15.0
simu5g_00000827,0,0,15,1160.0,,15.0
simu5g_00000827,0,0,16,1160.0,,15.0
simu5g_00000827,0,0,17,1160.0,,15.0
simu5g_00000827,0,0,18,1160.0,,15.0
simu5g_00000827,0,0,19,1160.0,,15.0
simu5g_00000827,0,0,20,1160.0,,15.0
simu5g_00000827,0,0,21,1160.0,,15.0
simu5g_00000827,0,0,22,1160.0,,15.0
simu5g_00000827,0,0,23,1160.0,,15.0
simu5g_00000827,0,0,24,1160.0,,15.0
simu5g_00000827,1,1,0,1160.0,,15.0
simu5g_00000827,1,1,1,1160.0,,15.0
simu5g_00000827,1,1,2,1160.0,,15.0
simu5g_00000827,1,1,3,1160.0,,15.0
simu5g_00000827,1,1,4,1160.0,,15.0
simu5g_00000827,1,1,5,1160.0,,15.0
simu5g_00000827,1,1,6,1160.0,,15.0
simu5g_00000827,1,1,7,1160.0,,15.0
simu5g_00000827,1,1,8,1160.0,,15.0
simu5g_00000827,1,1,9,1160.0,,15.0
simu5g_00000827,1,1,10,1160.0,,15.0
simu5g_00000827,1,1,11,1160.0,,15.0
simu5g_00000827,1,1,12,1160.0,,15.0
simu5g_00000827,1,1,13,1160.0,,15.0
simu5g_00000827,1,1,14,1160.0,,15.0
simu5g_00000827,1,1,15,1160.0,,15.0
simu5g_00000827,1,1,16,1160.0,,15.0
simu5g_00000827,1,1,17,1160.0,,15.0
simu5g_00000827,1,1,18,1160.0,,15.0
simu5g_00000827,1,1,19,1160.0,,15.0
simu5g_00000827,1,1,20,1160.0,,15.0
simu5g_00000827,1,1,21,1160.0,,15.0
simu5g_00000827,1,1,22,1160.0,,15.0
simu5g_00000827,1,1,23,1160.0,,15.0
simu5g_00000827,1,1,24,1160.0,,15.0
simu5g_00000827,15,2,0,1160.0,,15.0
simu5g_00000827,15,2,1,1160.0,,15.0
simu5g_00000827,15,2,2,1160.0,,15.0
simu5g_00000827,15,2,3,1160.0,,15.0
simu5g_00000827,15,2,4,1128.0,,14.0
simu5g_00000827,15,2,5,984.0,,13.0
simu5g_00000827,15,2,6,1160.0,,15.0
simu5g_00000827,15,2,7,1160.0,,15.0
simu5g_00000827,15,2,8,1160.0,,15.0
simu5g_00000827,15,2,9,1160.0,,15.0
simu5g_00000827,15,2,10,1160.0,,15.0
simu5g_00000827,15,2,11,1160.0,,15.0
simu5g_00000827,15,2,12,1128.0,,14.0
simu5g_00000827,15,2,13,1160.0,,15.0
simu5g_00000827,15,2,14,1160.0,,15.0
simu5g_00000827,15,2,15,1160.0,,15.0
simu5g_00000827,15,2,16,1160.0,,15.0
simu5g_00000827,15,2,17,1160.0,,15.0
simu5g_00000827,15,2,18,1160.0,,15.0
simu5g_00000827,15,2,19,1160.0,,15.0
simu5g_00000827,15,2,20,1160.0,,15.0
simu5g_00000827,15,2,21,1160.0,,15.0
simu5g_00000827,15,2,22,1160.0,,15.0
simu5g_00000827,15,2,23,1160.0,,15.0
simu5g_00000827,15,2,24,1160.0,,15.0
simu5g_00000827,2,3,0,1160.0,,15.0
simu5g_00000827,2,3,1,1160.0,,15.0
simu5g_00000827,2,3,2,1160.0,,15.0
simu5g_00000827,2,3,3,1160.0,,15.0
simu5g_00000827,2,3,4,1160.0,,15.0
simu5g_00000827,2,3,5,1160.0,,15.0
simu5g_00000827,2,3,6,1160.0,,15.0
simu5g_00000827,2,3,7,1160.0,,15.0
simu5g_00000827,2,3,8,1160.0,,15.0
simu5g_00000827,2,3,9,1160.0,,15.0
simu5g_00000827,2,3,10,1160.0,,15.0
simu5g_00000827,2,3,11,1160.0,,15.0
simu5g_00000827,2,3,12,1160.0,,15.0
simu5g_00000827,2,3,13,1160.0,,15.0
simu5g_00000827,2,3,14,1160.0,,15.0
simu5g_00000827,2,3,15,1160.0,,15.0
simu5g_00000827,2,3,16,1160.0,,15.0
simu5g_00000827,2,3,17,1160.0,,15.0
simu5g_00000827,2,3,18,1160.0,,15.0
simu5g_00000827,2,3,19,1160.0,,15.0
simu5g_00000827,2,3,20,1160.0,,15.0
simu5g_00000827,2,3,21,1160.0,,15.0
simu5g_00000827,2,3,22,1160.0,,15.0
simu5g_00000827,2,3,23,1160.0,,15.0
simu5g_00000827,2,3,24,1160.0,,15.0
simu5g_00000827,3,4,0,1160.0,,15.0
simu5g_00000827,3,4,1,1160.0,,15.0
simu5g_00000827,3,4,2,1160.0,,15.0
simu5g_00000827,3,4,3,1160.0,,15.0
simu5g_00000827,3,4,4,1160.0,,15.0
simu5g_00000827,3,4,5,1160.0,,15.0
simu5g_00000827,3,4,6,1160.0,,15.0
simu5g_00000827,3,4,7,1160.0,,15.0
simu5g_00000827,3,4,8,1160.0,,15.0
simu5g_00000827,3,4,9,1160.0,,15.0
simu5g_00000827,3,4,10,1160.0,,15.0
simu5g_00000827,3,4,11,1160.0,,15.0
simu5g_00000827,3,4,12,1160.0,,15.0
simu5g_00000827,3,4,13,1160.0,,15.0
simu5g_00000827,3,4,14,1160.0,,15.0
simu5g_00000827,3,4,15,1160.0,,15.0
simu5g_00000827,3,4,16,1160.0,,15.0
simu5g_00000827,3,4,17,1160.0,,15.0
simu5g_00000827,3,4,18,1160.0,,15.0
simu5g_00000827,3,4,19,1160.0,,15.0
simu5g_00000827,3,4,20,1160.0,,15.0
simu5g_00000827,3,4,21,1160.0,,15.0
simu5g_00000827,3,4,22,1160.0,,15.0
simu5g_00000827,3,4,23,1160.0,,15.0
simu5g_00000827,3,4,24,1160.0,,15.0
simu5g_00000827,4,5,0,1160.0,,15.0
simu5g_00000827,4,5,1,1160.0,,15.0
simu5g_00000827,4,5,2,1160.0,,15.0
simu5g_00000827,4,5,3,984.0,,13.0
simu5g_00000827,4,5,4,1160.0,,15.0
simu5g_00000827,4,5,5,1160.0,,15.0
simu5g_00000827,4,5,6,1160.0,,15.0
simu5g_00000827,4,5,7,1128.0,,14.0
simu5g_00000827,4,5,8,1160.0,,15.0
simu5g_00000827,4,5,9,1160.0,,15.0
simu5g_00000827,4,5,10,1160.0,,15.0
simu5g_00000827,4,5,11,1160.0,,15.0
simu5g_00000827,4,5,12,1160.0,,15.0
simu5g_00000827,4,5,13,1160.0,,15.0
simu5g_00000827,4,5,14,1160.0,,15.0
simu5g_00000827,4,5,15,1160.0,,15.0
simu5g_00000827,4,5,16,1160.0,,15.0
simu5g_00000827,4,5,17,1160.0,,15.0
simu5g_00000827,4,5,18,1160.0,,15.0
simu5g_00000827,4,5,19,1160.0,,15.0
simu5g_00000827,4,5,20,1160.0,,15.0
simu5g_00000827,4,5,21,1160.0,,15.0
simu5g_00000827,4,5,22,1160.0,,15.0
simu5g_00000827,4,5,23,1160.0,,15.0
simu5g_00000827,4,5,24,1160.0,,15.0
simu5g_00000827,5,6,0,1160.0,,15.0
simu5g_00000827,5,6,1,1128.0,,14.0
simu5g_00000827,5,6,2,1160.0,,15.0
simu5g_00000827,5,6,3,1128.0,,14.0
simu5g_00000827,5,6,4,1160.0,,15.0
simu5g_00000827,5,6,5,1160.0,,15.0
simu5g_00000827,5,6,6,1160.0,,15.0
simu5g_00000827,5,6,7,1160.0,,15.0
simu5g_00000827,5,6,8,1160.0,,15.0
simu5g_00000827,5,6,9,1160.0,,15.0
simu5g_00000827,5,6,10,1160.0,,15.0
simu5g_00000827,5,6,11,1160.0,,15.0
simu5g_00000827,5,6,12,1160.0,,15.0
simu5g_00000827,5,6,13,1128.0,,14.0
simu5g_00000827,5,6,14,1128.0,,14.0
simu5g_00000827,5,6,15,1128.0,,14.0
simu5g_00000827,5,6,16,704.0,,10.0
simu5g_00000827,5,6,17,1160.0,,15.0
simu5g_00000827,5,6,18,1160.0,,15.0
simu5g_00000827,5,6,19,1160.0,,15.0
simu5g_00000827,5,6,20,1128.0,,14.0
simu5g_00000827,5,6,21,984.0,,13.0
simu5g_00000827,5,6,22,1160.0,,15.0
simu5g_00000827,5,6,23,1128.0,,14.0
simu5g_00000827,5,6,24,1160.0,,15.0
simu5g_00000828,6,0,0,1160.0,,15.0
simu5g_00000828,6,0,1,1160.0,,15.0
simu5g_00000828,6,0,2,1160.0,,15.0
simu5g_00000828,6,0,3,704.0,,10.0
simu5g_00000828,6,0,4,1128.0,,14.0
simu5g_00000828,6,0,5,1160.0,,15.0
simu5g_00000828,6,0,6,1160.0,,15.0
simu5g_00000828,6,0,7,1128.0,,14.0
simu5g_00000828,6,0,8,1160.0,,15.0
simu5g_00000828,6,0,9,1128.0,,14.0
simu5g_00000828,6,0,10,1128.0,,14.0
simu5g_00000828,6,0,11,1160.0,,15.0
simu5g_00000828,6,0,12,1160.0,,15.0
simu5g_00000828,6,0,13,1128.0,,14.0
simu5g_00000828,6,0,14,1160.0,,15.0
simu5g_00000828,6,0,15,1160.0,,15.0
simu5g_00000828,6,0,16,984.0,,13.0
simu5g_00000828,6,0,17,1160.0,,15.0
simu5g_00000828,6,0,18,1160.0,,15.0
simu5g_00000828,6,0,19,1128.0,,14.0
simu5g_00000828,6,0,20,1160.0,,15.0
simu5g_00000828,6,0,21,1160.0,,15.0
simu5g_00000828,6,0,22,1160.0,,15.0
simu5g_00000828,6,0,23,1160.0,,15.0
simu5g_00000828,6,0,24,1160.0,,15.0
simu5g_00000828,7,1,0,1128.0,,14.0
simu5g_00000828,7,1,1,1160.0,,15.0
simu5g_00000828,7,1,2,1128.0,,14.0
simu5g_00000828,7,1,3,608.0,,9.0
simu5g_00000828,7,1,4,888.0,,12.0
simu5g_00000828,7,1,5,1160.0,,15.0
simu5g_00000828,7,1,6,984.0,,13.0
simu5g_00000828,7,1,7,1160.0,,15.0
simu5g_00000828,7,1,8,1160.0,,15.0
simu5g_00000828,7,1,9,1128.0,,14.0
simu5g_00000828,7,1,10,1128.0,,14.0
simu5g_00000828,7,1,11,1128.0,,14.0
simu5g_00000828,7,1,12,1160.0,,15.0
simu5g_00000828,7,1,13,1160.0,,15.0
simu5g_00000828,7,1,14,1128.0,,14.0
simu5g_00000828,7,1,15,1128.0,,14.0
simu5g_00000828,7,1,16,1128.0,,14.0
simu5g_00000828,7,1,17,608.0,,9.0
simu5g_00000828,7,1,18,1160.0,,15.0
simu5g_00000828,7,1,19,1128.0,,14.0
simu5g_00000828,7,1,20,984.0,,13.0
simu5g_00000828,7,1,21,1128.0,,14.0
simu5g_00000828,7,1,22,1160.0,,15.0
simu5g_00000828,7,1,23,1160.0,,15.0
simu5g_00000828,7,1,24,1160.0,,15.0
simu5g_00000829,0,0,0,1160.0,,15.0
simu5g_00000829,0,0,1,984.0,,13.0
simu5g_00000829,0,0,2,1160.0,,15.0
simu5g_00000829,0,0,3,1160.0,,15.0
simu5g_00000829,0,0,4,1160.0,,15.0
simu5g_00000829,0,0,5,1160.0,,15.0
simu5g_00000829,0,0,6,1160.0,,15.0
simu5g_00000829,0,0,7,1160.0,,15.0
simu5g_00000829,0,0,8,1128.0,,14.0
simu5g_00000829,0,0,9,1160.0,,15.0
simu5g_00000829,0,0,10,1160.0,,15.0
simu5g_00000829,0,0,11,1160.0,,15.0
simu5g_00000829,0,0,12,1160.0,,15.0
simu5g_00000829,0,0,13,1160.0,,15.0
simu5g_00000829,0,0,14,1160.0,,15.0
simu5g_00000829,0,0,15,1160.0,,15.0
simu5g_00000829,0,0,16,1160.0,,15.0
simu5g_00000829,0,0,17,1160.0,,15.0
simu5g_00000829,0,0,18,1160.0,,15.0
simu5g_00000829,0,0,19,1160.0,,15.0
simu5g_00000829,0,0,20,1160.0,,15.0
simu5g_00000829,0,0,21,1160.0,,15.0
simu5g_00000829,0,0,22,1160.0,,15.0
simu5g_00000829,0,0,23,1160.0,,15.0
simu5g_00000829,0,0,24,1160.0,,15.0
simu5g_00000829,1,1,0,1160.0,,15.0
simu5g_00000829,1,1,1,1160.0,,15.0
simu5g_00000829,1,1,2,1160.0,,15.0
simu5g_00000829,1,1,3,1160.0,,15.0
simu5g_00000829,1,1,4,1160.0,,15.0
simu5g_00000829,1,1,5,1160.0,,15.0
simu5g_00000829,1,1,6,1160.0,,15.0
simu5g_00000829,1,1,7,1160.0,,15.0
simu5g_00000829,1,1,8,1160.0,,15.0
simu5g_00000829,1,1,9,1160.0,,15.0
simu5g_00000829,1,1,10,1160.0,,15.0
simu5g_00000829,1,1,11,1160.0,,15.0
simu5g_00000829,1,1,12,1160.0,,15.0
simu5g_00000829,1,1,13,1160.0,,15.0
simu5g_00000829,1,1,14,1160.0,,15.0
simu5g_00000829,1,1,15,1160.0,,15.0
simu5g_00000829,1,1,16,1160.0,,15.0
simu5g_00000829,1,1,17,1160.0,,15.0
simu5g_00000829,1,1,18,1160.0,,15.0
simu5g_00000829,1,1,19,1160.0,,15.0
simu5g_00000829,1,1,20,1160.0,,15.0
simu5g_00000829,1,1,21,1160.0,,15.0
simu5g_00000829,1,1,22,1160.0,,15.0
simu5g_00000829,1,1,23,1160.0,,15.0
simu5g_00000829,1,1,24,1160.0,,15.0
simu5g_00000829,15,2,0,1160.0,,15.0
simu5g_00000829,15,2,1,1160.0,,15.0
simu5g_00000829,15,2,2,1160.0,,15.0
simu5g_00000829,15,2,3,1160.0,,15.0
simu5g_00000829,15,2,4,1128.0,,14.0
simu5g_00000829,15,2,5,888.0,,12.0
simu5g_00000829,15,2,6,1160.0,,15.0
simu5g_00000829,15,2,7,1160.0,,15.0
simu5g_00000829,15,2,8,1160.0,,15.0
simu5g_00000829,15,2,9,1160.0,,15.0
simu5g_00000829,15,2,10,1160.0,,15.0
simu5g_00000829,15,2,11,1160.0,,15.0
simu5g_00000829,15,2,12,1128.0,,14.0
simu5g_00000829,15,2,13,1160.0,,15.0
simu5g_00000829,15,2,14,1160.0,,15.0
simu5g_00000829,15,2,15,1128.0,,14.0
simu5g_00000829,15,2,16,1160.0,,15.0
simu5g_00000829,15,2,17,1160.0,,15.0
simu5g_00000829,15,2,18,1160.0,,15.0
simu5g_00000829,15,2,19,1160.0,,15.0
simu5g_00000829,15,2,20,1160.0,,15.0
simu5g_00000829,15,2,21,1160.0,,15.0
simu5g_00000829,15,2,22,1160.0,,15.0
simu5g_00000829,15,2,23,1160.0,,15.0
simu5g_00000829,15,2,24,1160.0,,15.0
simu5g_00000829,2,3,0,1160.0,,15.0
simu5g_00000829,2,3,1,1160.0,,15.0
simu5g_00000829,2,3,2,1160.0,,15.0
simu5g_00000829,2,3,3,1160.0,,15.0
simu5g_00000829,2,3,4,1160.0,,15.0
simu5g_00000829,2,3,5,1160.0,,15.0
simu5g_00000829,2,3,6,1160.0,,15.0
simu5g_00000829,2,3,7,1160.0,,15.0
simu5g_00000829,2,3,8,1160.0,,15.0
simu5g_00000829,2,3,9,1160.0,,15.0
simu5g_00000829,2,3,10,1160.0,,15.0
simu5g_00000829,2,3,11,1160.0,,15.0
simu5g_00000829,2,3,12,1160.0,,15.0
simu5g_00000829,2,3,13,1160.0,,15.0
simu5g_00000829,2,3,14,1160.0,,15.0
simu5g_00000829,2,3,15,1160.0,,15.0
simu5g_00000829,2,3,16,1160.0,,15.0
simu5g_00000829,2,3,17,1160.0,,15.0
simu5g_00000829,2,3,18,1160.0,,15.0
simu5g_00000829,2,3,19,1160.0,,15.0
simu5g_00000829,2,3,20,1160.0,,15.0
simu5g_00000829,2,3,21,1160.0,,15.0
simu5g_00000829,2,3,22,1160.0,,15.0
simu5g_00000829,2,3,23,1160.0,,15.0
simu5g_00000829,2,3,24,1160.0,,15.0
simu5g_00000829,3,4,0,1160.0,,15.0
simu5g_00000829,3,4,1,1160.0,,15.0
simu5g_00000829,3,4,2,1160.0,,15.0
simu5g_00000829,3,4,3,1160.0,,15.0
simu5g_00000829,3,4,4,1160.0,,15.0
simu5g_00000829,3,4,5,1160.0,,15.0
simu5g_00000829,3,4,6,1160.0,,15.0
simu5g_00000829,3,4,7,1160.0,,15.0
simu5g_00000829,3,4,8,1160.0,,15.0
simu5g_00000829,3,4,9,1160.0,,15.0
simu5g_00000829,3,4,10,1160.0,,15.0
simu5g_00000829,3,4,11,1160.0,,15.0
simu5g_00000829,3,4,12,1160.0,,15.0
simu5g_00000829,3,4,13,1160.0,,15.0
simu5g_00000829,3,4,14,1160.0,,15.0
simu5g_00000829,3,4,15,1160.0,,15.0
simu5g_00000829,3,4,16,1160.0,,15.0
simu5g_00000829,3,4,17,1160.0,,15.0
simu5g_00000829,3,4,18,1160.0,,15.0
simu5g_00000829,3,4,19,1160.0,,15.0
simu5g_00000829,3,4,20,1160.0,,15.0
simu5g_00000829,3,4,21,1160.0,,15.0
simu5g_00000829,3,4,22,1160.0,,15.0
simu5g_00000829,3,4,23,1160.0,,15.0
simu5g_00000829,3,4,24,1160.0,,15.0
simu5g_00000829,4,5,0,1160.0,,15.0
simu5g_00000829,4,5,1,1160.0,,15.0
simu5g_00000829,4,5,2,1160.0,,15.0
simu5g_00000829,4,5,3,984.0,,13.0
simu5g_00000829,4,5,4,1160.0,,15.0
simu5g_00000829,4,5,5,1160.0,,15.0
simu5g_00000829,4,5,6,1160.0,,15.0
simu5g_00000829,4,5,7,1128.0,,14.0
simu5g_00000829,4,5,8,1160.0,,15.0
simu5g_00000829,4,5,9,1160.0,,15.0
simu5g_00000829,4,5,10,1160.0,,15.0
simu5g_00000829,4,5,11,1160.0,,15.0
simu5g_00000829,4,5,12,1160.0,,15.0
simu5g_00000829,4,5,13,1160.0,,15.0
simu5g_00000829,4,5,14,1160.0,,15.0
simu5g_00000829,4,5,15,1160.0,,15.0
simu5g_00000829,4,5,16,1160.0,,15.0
simu5g_00000829,4,5,17,1160.0,,15.0
simu5g_00000829,4,5,18,1160.0,,15.0
simu5g_00000829,4,5,19,1160.0,,15.0
simu5g_00000829,4,5,20,1160.0,,15.0
simu5g_00000829,4,5,21,1160.0,,15.0
simu5g_00000829,4,5,22,1160.0,,15.0
simu5g_00000829,4,5,23,1160.0,,15.0
simu5g_00000829,4,5,24,1160.0,,15.0
simu5g_00000829,5,6,0,1160.0,,15.0
simu5g_00000829,5,6,1,1128.0,,14.0
simu5g_00000829,5,6,2,1160.0,,15.0
simu5g_00000829,5,6,3,1128.0,,14.0
simu5g_00000829,5,6,4,1160.0,,15.0
simu5g_00000829,5,6,5,1160.0,,15.0
simu5g_00000829,5,6,6,1160.0,,15.0
simu5g_00000829,5,6,7,1160.0,,15.0
simu5g_00000829,5,6,8,1160.0,,15.0
simu5g_00000829,5,6,9,1160.0,,15.0
simu5g_00000829,5,6,10,1160.0,,15.0
simu5g_00000829,5,6,11,1160.0,,15.0
simu5g_00000829,5,6,12,1160.0,,15.0
simu5g_00000829,5,6,13,1128.0,,14.0
simu5g_00000829,5,6,14,1128.0,,14.0
simu5g_00000829,5,6,15,1128.0,,14.0
simu5g_00000829,5,6,16,704.0,,10.0
simu5g_00000829,5,6,17,1160.0,,15.0
simu5g_00000829,5,6,18,1160.0,,15.0
simu5g_00000829,5,6,19,1160.0,,15.0
simu5g_00000829,5,6,20,1128.0,,14.0
simu5g_00000829,5,6,21,984.0,,13.0
simu5g_00000829,5,6,22,1160.0,,15.0
simu5g_00000829,5,6,23,1128.0,,14.0
simu5g_00000829,5,6,24,1160.0,,15.0
simu5g_00000830,6,0,0,1160.0,,15.0
simu5g_00000830,6,0,1,1160.0,,15.0
simu5g_00000830,6,0,2,1160.0,,15.0
simu5g_00000830,6,0,3,704.0,,10.0
simu5g_00000830,6,0,4,1128.0,,14.0
simu5g_00000830,6,0,5,1160.0,,15.0
simu5g_00000830,6,0,6,1160.0,,15.0
simu5g_00000830,6,0,7,1128.0,,14.0
simu5g_00000830,6,0,8,1160.0,,15.0
simu5g_00000830,6,0,9,1128.0,,14.0
simu5g_00000830,6,0,10,1128.0,,14.0
simu5g_00000830,6,0,11,1160.0,,15.0
simu5g_00000830,6,0,12,1160.0,,15.0
simu5g_00000830,6,0,13,1128.0,,14.0
simu5g_00000830,6,0,14,1160.0,,15.0
simu5g_00000830,6,0,15,1160.0,,15.0
simu5g_00000830,6,0,16,984.0,,13.0
simu5g_00000830,6,0,17,1160.0,,15.0
simu5g_00000830,6,0,18,1160.0,,15.0
simu5g_00000830,6,0,19,1128.0,,14.0
simu5g_00000830,6,0,20,1160.0,,15.0
simu5g_00000830,6,0,21,1160.0,,15.0
simu5g_00000830,6,0,22,1160.0,,15.0
simu5g_00000830,6,0,23,1160.0,,15.0
simu5g_00000830,6,0,24,1160.0,,15.0
simu5g_00000830,7,1,0,1128.0,,14.0
simu5g_00000830,7,1,1,1160.0,,15.0
simu5g_00000830,7,1,2,1128.0,,14.0
simu5g_00000830,7,1,3,608.0,,9.0
simu5g_00000830,7,1,4,888.0,,12.0
simu5g_00000830,7,1,5,1160.0,,15.0
simu5g_00000830,7,1,6,984.0,,13.0
simu5g_00000830,7,1,7,1160.0,,15.0
simu5g_00000830,7,1,8,1160.0,,15.0
simu5g_00000830,7,1,9,1128.0,,14.0
simu5g_00000830,7,1,10,1128.0,,14.0
simu5g_00000830,7,1,11,1128.0,,14.0
simu5g_00000830,7,1,12,1160.0,,15.0
simu5g_00000830,7,1,13,1160.0,,15.0
simu5g_00000830,7,1,14,1128.0,,14.0
simu5g_00000830,7,1,15,1128.0,,14.0
simu5g_00000830,7,1,16,1128.0,,14.0
simu5g_00000830,7,1,17,608.0,,9.0
simu5g_00000830,7,1,18,1160.0,,15.0
simu5g_00000830,7,1,19,1128.0,,14.0
simu5g_00000830,7,1,20,984.0,,13.0
simu5g_00000830,7,1,21,1128.0,,14.0
simu5g_00000830,7,1,22,1160.0,,15.0
simu5g_00000830,7,1,23,1160.0,,15.0
simu5g_00000830,7,1,24,1160.0,,15.0
simu5g_00000831,0,0,0,1160.0,,15.0
simu5g_00000831,0,0,1,984.0,,13.0
simu5g_00000831,0,0,2,1160.0,,15.0
simu5g_00000831,0,0,3,1160.0,,15.0
simu5g_00000831,0,0,4,1160.0,,15.0
simu5g_00000831,0,0,5,1160.0,,15.0
simu5g_00000831,0,0,6,1160.0,,15.0
simu5g_00000831,0,0,7,1160.0,,15.0
simu5g_00000831,0,0,8,1128.0,,14.0
simu5g_00000831,0,0,9,1160.0,,15.0
simu5g_00000831,0,0,10,1160.0,,15.0
simu5g_00000831,0,0,11,1160.0,,15.0
simu5g_00000831,0,0,12,1160.0,,15.0
simu5g_00000831,0,0,13,1160.0,,15.0
simu5g_00000831,0,0,14,1160.0,,15.0
simu5g_00000831,0,0,15,1160.0,,15.0
simu5g_00000831,0,0,16,1160.0,,15.0
simu5g_00000831,0,0,17,1160.0,,15.0
simu5g_00000831,0,0,18,1160.0,,15.0
simu5g_00000831,0,0,19,1160.0,,15.0
simu5g_00000831,0,0,20,1160.0,,15.0
simu5g_00000831,0,0,21,1160.0,,15.0
simu5g_00000831,0,0,22,1160.0,,15.0
simu5g_00000831,0,0,23,1160.0,,15.0
simu5g_00000831,0,0,24,1160.0,,15.0
simu5g_00000831,1,1,0,1160.0,,15.0
simu5g_00000831,1,1,1,1160.0,,15.0
simu5g_00000831,1,1,2,1160.0,,15.0
simu5g_00000831,1,1,3,1160.0,,15.0
simu5g_00000831,1,1,4,1160.0,,15.0
simu5g_00000831,1,1,5,1160.0,,15.0
simu5g_00000831,1,1,6,1160.0,,15.0
simu5g_00000831,1,1,7,1160.0,,15.0
simu5g_00000831,1,1,8,1160.0,,15.0
simu5g_00000831,1,1,9,1160.0,,15.0
simu5g_00000831,1,1,10,1160.0,,15.0
simu5g_00000831,1,1,11,1160.0,,15.0
simu5g_00000831,1,1,12,1160.0,,15.0
simu5g_00000831,1,1,13,1160.0,,15.0
simu5g_00000831,1,1,14,1160.0,,15.0
simu5g_00000831,1,1,15,1160.0,,15.0
simu5g_00000831,1,1,16,1160.0,,15.0
simu5g_00000831,1,1,17,1160.0,,15.0
simu5g_00000831,1,1,18,1160.0,,15.0
simu5g_00000831,1,1,19,1160.0,,15.0
simu5g_00000831,1,1,20,1160.0,,15.0
simu5g_00000831,1,1,21,1160.0,,15.0
simu5g_00000831,1,1,22,1160.0,,15.0
simu5g_00000831,1,1,23,1160.0,,15.0
simu5g_00000831,1,1,24,1160.0,,15.0
simu5g_00000831,15,2,0,1160.0,,15.0
simu5g_00000831,15,2,1,1160.0,,15.0
simu5g_00000831,15,2,2,1160.0,,15.0
simu5g_00000831,15,2,3,1160.0,,15.0
simu5g_00000831,15,2,4,1128.0,,14.0
simu5g_00000831,15,2,5,888.0,,12.0
simu5g_00000831,15,2,6,1160.0,,15.0
simu5g_00000831,15,2,7,1160.0,,15.0
simu5g_00000831,15,2,8,1160.0,,15.0
simu5g_00000831,15,2,9,1160.0,,15.0
simu5g_00000831,15,2,10,1160.0,,15.0
simu5g_00000831,15,2,11,1160.0,,15.0
simu5g_00000831,15,2,12,1128.0,,14.0
simu5g_00000831,15,2,13,1160.0,,15.0
simu5g_00000831,15,2,14,1160.0,,15.0
simu5g_00000831,15,2,15,1128.0,,14.0
simu5g_00000831,15,2,16,1160.0,,15.0
simu5g_00000831,15,2,17,1160.0,,15.0
simu5g_00000831,15,2,18,1160.0,,15.0
simu5g_00000831,15,2,19,1160.0,,15.0
simu5g_00000831,15,2,20,1160.0,,15.0
simu5g_00000831,15,2,21,1160.0,,15.0
simu5g_00000831,15,2,22,1160.0,,15.0
simu5g_00000831,15,2,23,1160.0,,15.0
simu5g_00000831,15,2,24,1160.0,,15.0
simu5g_00000831,2,3,0,1160.0,,15.0
simu5g_00000831,2,3,1,1160.0,,15.0
simu5g_00000831,2,3,2,1160.0,,15.0
simu5g_00000831,2,3,3,1160.0,,15.0
simu5g_00000831,2,3,4,1160.0,,15.0
simu5g_00000831,2,3,5,1160.0,,15.0
simu5g_00000831,2,3,6,1160.0,,15.0
simu5g_00000831,2,3,7,1160.0,,15.0
simu5g_00000831,2,3,8,1160.0,,15.0
simu5g_00000831,2,3,9,1160.0,,15.0
simu5g_00000831,2,3,10,1160.0,,15.0
simu5g_00000831,2,3,11,1160.0,,15.0
simu5g_00000831,2,3,12,1160.0,,15.0
simu5g_00000831,2,3,13,1160.0,,15.0
simu5g_00000831,2,3,14,1160.0,,15.0
simu5g_00000831,2,3,15,1160.0,,15.0
simu5g_00000831,2,3,16,1160.0,,15.0
simu5g_00000831,2,3,17,1160.0,,15.0
simu5g_00000831,2,3,18,1160.0,,15.0
simu5g_00000831,2,3,19,1160.0,,15.0
simu5g_00000831,2,3,20,1160.0,,15.0
simu5g_00000831,2,3,21,1160.0,,15.0
simu5g_00000831,2,3,22,1160.0,,15.0
simu5g_00000831,2,3,23,1160.0,,15.0
simu5g_00000831,2,3,24,1160.0,,15.0
simu5g_00000831,3,4,0,1160.0,,15.0
simu5g_00000831,3,4,1,1160.0,,15.0
simu5g_00000831,3,4,2,1160.0,,15.0
simu5g_00000831,3,4,3,1160.0,,15.0
simu5g_00000831,3,4,4,1160.0,,15.0
simu5g_00000831,3,4,5,1160.0,,15.0
simu5g_00000831,3,4,6,1160.0,,15.0
simu5g_00000831,3,4,7,1160.0,,15.0
simu5g_00000831,3,4,8,1160.0,,15.0
simu5g_00000831,3,4,9,1160.0,,15.0
simu5g_00000831,3,4,10,1160.0,,15.0
simu5g_00000831,3,4,11,1160.0,,15.0
simu5g_00000831,3,4,12,1160.0,,15.0
simu5g_00000831,3,4,13,1160.0,,15.0
simu5g_00000831,3,4,14,1160.0,,15.0
simu5g_00000831,3,4,15,1160.0,,15.0
simu5g_00000831,3,4,16,1160.0,,15.0
simu5g_00000831,3,4,17,1160.0,,15.0
simu5g_00000831,3,4,18,1160.0,,15.0
simu5g_00000831,3,4,19,1160.0,,15.0
simu5g_00000831,3,4,20,1160.0,,15.0
simu5g_00000831,3,4,21,1160.0,,15.0
simu5g_00000831,3,4,22,1160.0,,15.0
simu5g_00000831,3,4,23,1160.0,,15.0
simu5g_00000831,3,4,24,1160.0,,15.0
simu5g_00000831,4,5,0,1160.0,,15.0
simu5g_00000831,4,5,1,1160.0,,15.0
simu5g_00000831,4,5,2,1160.0,,15.0
simu5g_00000831,4,5,3,984.0,,13.0
simu5g_00000831,4,5,4,1160.0,,15.0
simu5g_00000831,4,5,5,1160.0,,15.0
simu5g_00000831,4,5,6,1160.0,,15.0
simu5g_00000831,4,5,7,1128.0,,14.0
simu5g_00000831,4,5,8,1160.0,,15.0
simu5g_00000831,4,5,9,1160.0,,15.0
simu5g_00000831,4,5,10,1160.0,,15.0
simu5g_00000831,4,5,11,1160.0,,15.0
simu5g_00000831,4,5,12,1160.0,,15.0
simu5g_00000831,4,5,13,1160.0,,15.0
simu5g_00000831,4,5,14,1160.0,,15.0
simu5g_00000831,4,5,15,1160.0,,15.0
simu5g_00000831,4,5,16,1160.0,,15.0
simu5g_00000831,4,5,17,1160.0,,15.0
simu5g_00000831,4,5,18,1160.0,,15.0
simu5g_00000831,4,5,19,1160.0,,15.0
simu5g_00000831,4,5,20,1160.0,,15.0
simu5g_00000831,4,5,21,1160.0,,15.0
simu5g_00000831,4,5,22,1160.0,,15.0
simu5g_00000831,4,5,23,1160.0,,15.0
simu5g_00000831,4,5,24,1160.0,,15.0
simu5g_00000831,5,6,0,1160.0,,15.0
simu5g_00000831,5,6,1,1128.0,,14.0
simu5g_00000831,5,6,2,1160.0,,15.0
simu5g_00000831,5,6,3,1128.0,,14.0
simu5g_00000831,5,6,4,1160.0,,15.0
simu5g_00000831,5,6,5,1160.0,,15.0
simu5g_00000831,5,6,6,1160.0,,15.0
simu5g_00000831,5,6,7,1160.0,,15.0
simu5g_00000831,5,6,8,1160.0,,15.0
simu5g_00000831,5,6,9,1160.0,,15.0
simu5g_00000831,5,6,10,1160.0,,15.0
simu5g_00000831,5,6,11,1160.0,,15.0
simu5g_00000831,5,6,12,1160.0,,15.0
simu5g_00000831,5,6,13,1128.0,,14.0
simu5g_00000831,5,6,14,1128.0,,14.0
simu5g_00000831,5,6,15,1128.0,,14.0
simu5g_00000831,5,6,16,704.0,,10.0
simu5g_00000831,5,6,17,1160.0,,15.0
simu5g_00000831,5,6,18,1160.0,,15.0
simu5g_00000831,5,6,19,1160.0,,15.0
simu5g_00000831,5,6,20,1128.0,,14.0
simu5g_00000831,5,6,21,984.0,,13.0
simu5g_00000831,5,6,22,1160.0,,15.0
simu5g_00000831,5,6,23,1128.0,,14.0
simu5g_00000831,5,6,24,1128.0,,14.0
simu5g_00000832,6,0,0,1160.0,,15.0
simu5g_00000832,6,0,1,1128.0,,14.0
simu5g_00000832,6,0,2,1160.0,,15.0
simu5g_00000832,6,0,3,608.0,,9.0
simu5g_00000832,6,0,4,1128.0,,14.0
simu5g_00000832,6,0,5,1128.0,,14.0
simu5g_00000832,6,0,6,1160.0,,15.0
simu5g_00000832,6,0,7,1128.0,,14.0
simu5g_00000832,6,0,8,1160.0,,15.0
simu5g_00000832,6,0,9,984.0,,13.0
simu5g_00000832,6,0,10,984.0,,13.0
simu5g_00000832,6,0,11,1128.0,,14.0
simu5g_00000832,6,0,12,1160.0,,15.0
simu5g_00000832,6,0,13,1128.0,,14.0
simu5g_00000832,6,0,14,1160.0,,15.0
simu5g_00000832,6,0,15,1160.0,,15.0
simu5g_00000832,6,0,16,888.0,,12.0
simu5g_00000832,6,0,17,1160.0,,15.0
simu5g_00000832,6,0,18,1160.0,,15.0
simu5g_00000832,6,0,19,1128.0,,14.0
simu5g_00000832,6,0,20,1160.0,,15.0
simu5g_00000832,6,0,21,1128.0,,14.0
simu5g_00000832,6,0,22,1160.0,,15.0
simu5g_00000832,6,0,23,1160.0,,15.0
simu5g_00000832,6,0,24,1160.0,,15.0
simu5g_00000832,7,1,0,1128.0,,14.0
simu5g_00000832,7,1,1,1160.0,,15.0
simu5g_00000832,7,1,2,1128.0,,14.0
simu5g_00000832,7,1,3,608.0,,9.0
simu5g_00000832,7,1,4,888.0,,12.0
simu5g_00000832,7,1,5,1160.0,,15.0
simu5g_00000832,7,1,6,984.0,,13.0
simu5g_00000832,7,1,7,1160.0,,15.0
simu5g_00000832,7,1,8,1160.0,,15.0
simu5g_00000832,7,1,9,1128.0,,14.0
simu5g_00000832,7,1,10,1128.0,,14.0
simu5g_00000832,7,1,11,1128.0,,14.0
simu5g_00000832,7,1,12,1160.0,,15.0
simu5g_00000832,7,1,13,1160.0,,15.0
simu5g_00000832,7,1,14,1128.0,,14.0
simu5g_00000832,7,1,15,1128.0,,14.0
simu5g_00000832,7,1,16,1128.0,,14.0
simu5g_00000832,7,1,17,608.0,,9.0
simu5g_00000832,7,1,18,1160.0,,15.0
simu5g_00000832,7,1,19,1128.0,,14.0
simu5g_00000832,7,1,20,984.0,,13.0
simu5g_00000832,7,1,21,1128.0,,14.0
simu5g_00000832,7,1,22,1160.0,,15.0
simu5g_00000832,7,1,23,1160.0,,15.0
simu5g_00000832,7,1,24,1160.0,,15.0
simu5g_00000833,0,0,0,1160.0,,15.0
simu5g_00000833,0,0,1,984.0,,13.0
simu5g_00000833,0,0,2,1160.0,,15.0
simu5g_00000833,0,0,3,1160.0,,15.0
simu5g_00000833,0,0,4,1160.0,,15.0
simu5g_00000833,0,0,5,1160.0,,15.0
simu5g_00000833,0,0,6,1160.0,,15.0
simu5g_00000833,0,0,7,1160.0,,15.0
simu5g_00000833,0,0,8,1128.0,,14.0
simu5g_00000833,0,0,9,1160.0,,15.0
simu5g_00000833,0,0,10,1160.0,,15.0
simu5g_00000833,0,0,11,1160.0,,15.0
simu5g_00000833,0,0,12,1160.0,,15.0
simu5g_00000833,0,0,13,1160.0,,15.0
simu5g_00000833,0,0,14,1160.0,,15.0
simu5g_00000833,0,0,15,1160.0,,15.0
simu5g_00000833,0,0,16,1160.0,,15.0
simu5g_00000833,0,0,17,1160.0,,15.0
simu5g_00000833,0,0,18,1160.0,,15.0
simu5g_00000833,0,0,19,1160.0,,15.0
simu5g_00000833,0,0,20,1160.0,,15.0
simu5g_00000833,0,0,21,1160.0,,15.0
simu5g_00000833,0,0,22,1160.0,,15.0
simu5g_00000833,0,0,23,1160.0,,15.0
simu5g_00000833,0,0,24,1160.0,,15.0
simu5g_00000833,1,1,0,1160.0,,15.0
simu5g_00000833,1,1,1,1160.0,,15.0
simu5g_00000833,1,1,2,1160.0,,15.0
simu5g_00000833,1,1,3,1160.0,,15.0
simu5g_00000833,1,1,4,1160.0,,15.0
simu5g_00000833,1,1,5,1160.0,,15.0
simu5g_00000833,1,1,6,1160.0,,15.0
simu5g_00000833,1,1,7,1160.0,,15.0
simu5g_00000833,1,1,8,1160.0,,15.0
simu5g_00000833,1,1,9,1160.0,,15.0
simu5g_00000833,1,1,10,1160.0,,15.0
simu5g_00000833,1,1,11,1160.0,,15.0
simu5g_00000833,1,1,12,1160.0,,15.0
simu5g_00000833,1,1,13,1160.0,,15.0
simu5g_00000833,1,1,14,1160.0,,15.0
simu5g_00000833,1,1,15,1160.0,,15.0
simu5g_00000833,1,1,16,1160.0,,15.0
simu5g_00000833,1,1,17,1160.0,,15.0
simu5g_00000833,1,1,18,1160.0,,15.0
simu5g_00000833,1,1,19,1160.0,,15.0
simu5g_00000833,1,1,20,1160.0,,15.0
simu5g_00000833,1,1,21,1160.0,,15.0
simu5g_00000833,1,1,22,1160.0,,15.0
simu5g_00000833,1,1,23,1160.0,,15.0
simu5g_00000833,1,1,24,1160.0,,15.0
simu5g_00000833,15,2,0,1160.0,,15.0
simu5g_00000833,15,2,1,1160.0,,15.0
simu5g_00000833,15,2,2,1160.0,,15.0
simu5g_00000833,15,2,3,1160.0,,15.0
simu5g_00000833,15,2,4,1128.0,,14.0
simu5g_00000833,15,2,5,888.0,,12.0
simu5g_00000833,15,2,6,1160.0,,15.0
simu5g_00000833,15,2,7,1160.0,,15.0
simu5g_00000833,15,2,8,1160.0,,15.0
simu5g_00000833,15,2,9,1160.0,,15.0
simu5g_00000833,15,2,10,1160.0,,15.0
simu5g_00000833,15,2,11,1160.0,,15.0
simu5g_00000833,15,2,12,1128.0,,14.0
simu5g_00000833,15,2,13,1160.0,,15.0
simu5g_00000833,15,2,14,1160.0,,15.0
simu5g_00000833,15,2,15,1128.0,,14.0
simu5g_00000833,15,2,16,1160.0,,15.0
simu5g_00000833,15,2,17,1160.0,,15.0
simu5g_00000833,15,2,18,1160.0,,15.0
simu5g_00000833,15,2,19,1160.0,,15.0
simu5g_00000833,15,2,20,1160.0,,15.0
simu5g_00000833,15,2,21,1160.0,,15.0
simu5g_00000833,15,2,22,1160.0,,15.0
simu5g_00000833,15,2,23,1160.0,,15.0
simu5g_00000833,15,2,24,1160.0,,15.0
simu5g_00000833,2,3,0,1160.0,,15.0
simu5g_00000833,2,3,1,1160.0,,15.0
simu5g_00000833,2,3,2,1160.0,,15.0
simu5g_00000833,2,3,3,1160.0,,15.0
simu5g_00000833,2,3,4,1160.0,,15.0
simu5g_00000833,2,3,5,1160.0,,15.0
simu5g_00000833,2,3,6,1160.0,,15.0
simu5g_00000833,2,3,7,1128.0,,14.0
simu5g_00000833,2,3,8,1160.0,,15.0
simu5g_00000833,2,3,9,1160.0,,15.0
simu5g_00000833,2,3,10,1160.0,,15.0
simu5g_00000833,2,3,11,1160.0,,15.0
simu5g_00000833,2,3,12,1160.0,,15.0
simu5g_00000833,2,3,13,1160.0,,15.0
simu5g_00000833,2,3,14,1160.0,,15.0
simu5g_00000833,2,3,15,1160.0,,15.0
simu5g_00000833,2,3,16,1160.0,,15.0
simu5g_00000833,2,3,17,1160.0,,15.0
simu5g_00000833,2,3,18,1160.0,,15.0
simu5g_00000833,2,3,19,1160.0,,15.0
simu5g_00000833,2,3,20,1160.0,,15.0
simu5g_00000833,2,3,21,1160.0,,15.0
simu5g_00000833,2,3,22,1160.0,,15.0
simu5g_00000833,2,3,23,1160.0,,15.0
simu5g_00000833,2,3,24,1160.0,,15.0
simu5g_00000833,3,4,0,1160.0,,15.0
simu5g_00000833,3,4,1,1160.0,,15.0
simu5g_00000833,3,4,2,1160.0,,15.0
simu5g_00000833,3,4,3,1160.0,,15.0
simu5g_00000833,3,4,4,1160.0,,15.0
simu5g_00000833,3,4,5,1160.0,,15.0
simu5g_00000833,3,4,6,1160.0,,15.0
simu5g_00000833,3,4,7,1160.0,,15.0
simu5g_00000833,3,4,8,1160.0,,15.0
simu5g_00000833,3,4,9,1160.0,,15.0
simu5g_00000833,3,4,10,1160.0,,15.0
simu5g_00000833,3,4,11,1160.0,,15.0
simu5g_00000833,3,4,12,1160.0,,15.0
simu5g_00000833,3,4,13,1160.0,,15.0
simu5g_00000833,3,4,14,1160.0,,15.0
simu5g_00000833,3,4,15,1160.0,,15.0
simu5g_00000833,3,4,16,1160.0,,15.0
simu5g_00000833,3,4,17,1160.0,,15.0
simu5g_00000833,3,4,18,1160.0,,15.0
simu5g_00000833,3,4,19,1160.0,,15.0
simu5g_00000833,3,4,20,1160.0,,15.0
simu5g_00000833,3,4,21,1160.0,,15.0
simu5g_00000833,3,4,22,1160.0,,15.0
simu5g_00000833,3,4,23,1160.0,,15.0
simu5g_00000833,3,4,24,1160.0,,15.0
simu5g_00000833,4,5,0,1160.0,,15.0
simu5g_00000833,4,5,1,1160.0,,15.0
simu5g_00000833,4,5,2,1160.0,,15.0
simu5g_00000833,4,5,3,984.0,,13.0
simu5g_00000833,4,5,4,1160.0,,15.0
simu5g_00000833,4,5,5,1160.0,,15.0
simu5g_00000833,4,5,6,1160.0,,15.0
simu5g_00000833,4,5,7,1128.0,,14.0
simu5g_00000833,4,5,8,1160.0,,15.0
simu5g_00000833,4,5,9,1160.0,,15.0
simu5g_00000833,4,5,10,1160.0,,15.0
simu5g_00000833,4,5,11,1160.0,,15.0
simu5g_00000833,4,5,12,1160.0,,15.0
simu5g_00000833,4,5,13,1160.0,,15.0
simu5g_00000833,4,5,14,1160.0,,15.0
simu5g_00000833,4,5,15,1160.0,,15.0
simu5g_00000833,4,5,16,1160.0,,15.0
simu5g_00000833,4,5,17,1160.0,,15.0
simu5g_00000833,4,5,18,1160.0,,15.0
simu5g_00000833,4,5,19,1160.0,,15.0
simu5g_00000833,4,5,20,1160.0,,15.0
simu5g_00000833,4,5,21,1160.0,,15.0
simu5g_00000833,4,5,22,1160.0,,15.0
simu5g_00000833,4,5,23,1160.0,,15.0
simu5g_00000833,4,5,24,1160.0,,15.0
simu5g_00000833,5,6,0,1160.0,,15.0
simu5g_00000833,5,6,1,1128.0,,14.0
simu5g_00000833,5,6,2,1160.0,,15.0
simu5g_00000833,5,6,3,1128.0,,14.0
simu5g_00000833,5,6,4,1160.0,,15.0
simu5g_00000833,5,6,5,1160.0,,15.0
simu5g_00000833,5,6,6,1160.0,,15.0
simu5g_00000833,5,6,7,1160.0,,15.0
simu5g_00000833,5,6,8,1160.0,,15.0
simu5g_00000833,5,6,9,1160.0,,15.0
simu5g_00000833,5,6,10,1160.0,,15.0
simu5g_00000833,5,6,11,1160.0,,15.0
simu5g_00000833,5,6,12,1160.0,,15.0
simu5g_00000833,5,6,13,1128.0,,14.0
simu5g_00000833,5,6,14,1128.0,,14.0
simu5g_00000833,5,6,15,1128.0,,14.0
simu5g_00000833,5,6,16,704.0,,10.0
simu5g_00000833,5,6,17,1160.0,,15.0
simu5g_00000833,5,6,18,1160.0,,15.0
simu5g_00000833,5,6,19,1160.0,,15.0
simu5g_00000833,5,6,20,1128.0,,14.0
simu5g_00000833,5,6,21,984.0,,13.0
simu5g_00000833,5,6,22,1160.0,,15.0
simu5g_00000833,5,6,23,1128.0,,14.0
simu5g_00000833,5,6,24,1128.0,,14.0
simu5g_00000834,6,0,0,1160.0,,15.0
simu5g_00000834,6,0,1,1128.0,,14.0
simu5g_00000834,6,0,2,1160.0,,15.0
simu5g_00000834,6,0,3,608.0,,9.0
simu5g_00000834,6,0,4,1128.0,,14.0
simu5g_00000834,6,0,5,1128.0,,14.0
simu5g_00000834,6,0,6,1160.0,,15.0
simu5g_00000834,6,0,7,1128.0,,14.0
simu5g_00000834,6,0,8,1160.0,,15.0
simu5g_00000834,6,0,9,984.0,,13.0
simu5g_00000834,6,0,10,984.0,,13.0
simu5g_00000834,6,0,11,1128.0,,14.0
simu5g_00000834,6,0,12,1160.0,,15.0
simu5g_00000834,6,0,13,1128.0,,14.0
simu5g_00000834,6,0,14,1160.0,,15.0
simu5g_00000834,6,0,15,1160.0,,15.0
simu5g_00000834,6,0,16,888.0,,12.0
simu5g_00000834,6,0,17,1160.0,,15.0
simu5g_00000834,6,0,18,1160.0,,15.0
simu5g_00000834,6,0,19,1128.0,,14.0
simu5g_00000834,6,0,20,1160.0,,15.0
simu5g_00000834,6,0,21,1128.0,,14.0
simu5g_00000834,6,0,22,1160.0,,15.0
simu5g_00000834,6,0,23,1160.0,,15.0
simu5g_00000834,6,0,24,1160.0,,15.0
simu5g_00000834,7,1,0,1128.0,,14.0
simu5g_00000834,7,1,1,1160.0,,15.0
simu5g_00000834,7,1,2,1128.0,,14.0
simu5g_00000834,7,1,3,528.0,,8.0
simu5g_00000834,7,1,4,808.0,,11.0
simu5g_00000834,7,1,5,1160.0,,15.0
simu5g_00000834,7,1,6,888.0,,12.0
simu5g_00000834,7,1,7,1160.0,,15.0
simu5g_00000834,7,1,8,1160.0,,15.0
simu5g_00000834,7,1,9,984.0,,13.0
simu5g_00000834,7,1,10,984.0,,13.0
simu5g_00000834,7,1,11,984.0,,13.0
simu5g_00000834,7,1,12,1160.0,,15.0
simu5g_00000834,7,1,13,1160.0,,15.0
simu5g_00000834,7,1,14,984.0,,13.0
simu5g_00000834,7,1,15,1128.0,,14.0
simu5g_00000834,7,1,16,984.0,,13.0
simu5g_00000834,7,1,17,528.0,,8.0
simu5g_00000834,7,1,18,1160.0,,15.0
simu5g_00000834,7,1,19,984.0,,13.0
simu5g_00000834,7,1,20,984.0,,13.0
simu5g_00000834,7,1,21,1128.0,,14.0
simu5g_00000834,7,1,22,1160.0,,15.0
simu5g_00000834,7,1,23,1160.0,,15.0
simu5g_00000834,7,1,24,1128.0,,14.0
simu5g_00000835,0,0,0,1160.0,,15.0
simu5g_00000835,0,0,1,984.0,,13.0
simu5g_00000835,0,0,2,1160.0,,15.0
simu5g_00000835,0,0,3,1160.0,,15.0
simu5g_00000835,0,0,4,1160.0,,15.0
simu5g_00000835,0,0,5,1160.0,,15.0
simu5g_00000835,0,0,6,1160.0,,15.0
simu5g_00000835,0,0,7,1160.0,,15.0
simu5g_00000835,0,0,8,1128.0,,14.0
simu5g_00000835,0,0,9,1160.0,,15.0
simu5g_00000835,0,0,10,1160.0,,15.0
simu5g_00000835,0,0,11,1160.0,,15.0
simu5g_00000835,0,0,12,1160.0,,15.0
simu5g_00000835,0,0,13,1160.0,,15.0
simu5g_00000835,0,0,14,1160.0,,15.0
simu5g_00000835,0,0,15,1160.0,,15.0
simu5g_00000835,0,0,16,1160.0,,15.0
simu5g_00000835,0,0,17,1160.0,,15.0
simu5g_00000835,0,0,18,1160.0,,15.0
simu5g_00000835,0,0,19,1160.0,,15.0
simu5g_00000835,0,0,20,1160.0,,15.0
simu5g_00000835,0,0,21,1160.0,,15.0
simu5g_00000835,0,0,22,1160.0,,15.0
simu5g_00000835,0,0,23,1160.0,,15.0
simu5g_00000835,0,0,24,1160.0,,15.0
simu5g_00000835,1,1,0,1160.0,,15.0
simu5g_00000835,1,1,1,1160.0,,15.0
simu5g_00000835,1,1,2,1160.0,,15.0
simu5g_00000835,1,1,3,1160.0,,15.0
simu5g_00000835,1,1,4,1160.0,,15.0
simu5g_00000835,1,1,5,1160.0,,15.0
simu5g_00000835,1,1,6,1160.0,,15.0
simu5g_00000835,1,1,7,1160.0,,15.0
simu5g_00000835,1,1,8,1160.0,,15.0
simu5g_00000835,1,1,9,1160.0,,15.0
simu5g_00000835,1,1,10,1160.0,,15.0
simu5g_00000835,1,1,11,1160.0,,15.0
simu5g_00000835,1,1,12,1160.0,,15.0
simu5g_00000835,1,1,13,1160.0,,15.0
simu5g_00000835,1,1,14,1160.0,,15.0
simu5g_00000835,1,1,15,1160.0,,15.0
simu5g_00000835,1,1,16,1160.0,,15.0
simu5g_00000835,1,1,17,1160.0,,15.0
simu5g_00000835,1,1,18,1160.0,,15.0
simu5g_00000835,1,1,19,1160.0,,15.0
simu5g_00000835,1,1,20,1160.0,,15.0
simu5g_00000835,1,1,21,1160.0,,15.0
simu5g_00000835,1,1,22,1160.0,,15.0
simu5g_00000835,1,1,23,1160.0,,15.0
simu5g_00000835,1,1,24,1160.0,,15.0
simu5g_00000835,15,2,0,1160.0,,15.0
simu5g_00000835,15,2,1,1160.0,,15.0
simu5g_00000835,15,2,2,1160.0,,15.0
simu5g_00000835,15,2,3,1160.0,,15.0
simu5g_00000835,15,2,4,1128.0,,14.0
simu5g_00000835,15,2,5,888.0,,12.0
simu5g_00000835,15,2,6,1160.0,,15.0
simu5g_00000835,15,2,7,1160.0,,15.0
simu5g_00000835,15,2,8,1160.0,,15.0
simu5g_00000835,15,2,9,1160.0,,15.0
simu5g_00000835,15,2,10,1160.0,,15.0
simu5g_00000835,15,2,11,1160.0,,15.0
simu5g_00000835,15,2,12,1128.0,,14.0
simu5g_00000835,15,2,13,1160.0,,15.0
simu5g_00000835,15,2,14,1160.0,,15.0
simu5g_00000835,15,2,15,1128.0,,14.0
simu5g_00000835,15,2,16,1160.0,,15.0
simu5g_00000835,15,2,17,1160.0,,15.0
simu5g_00000835,15,2,18,1160.0,,15.0
simu5g_00000835,15,2,19,1160.0,,15.0
simu5g_00000835,15,2,20,1160.0,,15.0
simu5g_00000835,15,2,21,1160.0,,15.0
simu5g_00000835,15,2,22,1160.0,,15.0
simu5g_00000835,15,2,23,1160.0,,15.0
simu5g_00000835,15,2,24,1160.0,,15.0
simu5g_00000835,2,3,0,1160.0,,15.0
simu5g_00000835,2,3,1,1160.0,,15.0
simu5g_00000835,2,3,2,1160.0,,15.0
simu5g_00000835,2,3,3,1160.0,,15.0
simu5g_00000835,2,3,4,1160.0,,15.0
simu5g_00000835,2,3,5,1160.0,,15.0
simu5g_00000835,2,3,6,1160.0,,15.0
simu5g_00000835,2,3,7,1128.0,,14.0
simu5g_00000835,2,3,8,1160.0,,15.0
simu5g_00000835,2,3,9,1160.0,,15.0
simu5g_00000835,2,3,10,1160.0,,15.0
simu5g_00000835,2,3,11,1160.0,,15.0
simu5g_00000835,2,3,12,1160.0,,15.0
simu5g_00000835,2,3,13,1160.0,,15.0
simu5g_00000835,2,3,14,1160.0,,15.0
simu5g_00000835,2,3,15,1160.0,,15.0
simu5g_00000835,2,3,16,1160.0,,15.0
simu5g_00000835,2,3,17,1160.0,,15.0
simu5g_00000835,2,3,18,1160.0,,15.0
simu5g_00000835,2,3,19,1160.0,,15.0
simu5g_00000835,2,3,20,1160.0,,15.0
simu5g_00000835,2,3,21,1160.0,,15.0
simu5g_00000835,2,3,22,1160.0,,15.0
simu5g_00000835,2,3,23,1160.0,,15.0
simu5g_00000835,2,3,24,1160.0,,15.0
simu5g_00000835,3,4,0,1160.0,,15.0
simu5g_00000835,3,4,1,1160.0,,15.0
simu5g_00000835,3,4,2,1160.0,,15.0
simu5g_00000835,3,4,3,1160.0,,15.0
simu5g_00000835,3,4,4,1160.0,,15.0
simu5g_00000835,3,4,5,1160.0,,15.0
simu5g_00000835,3,4,6,1160.0,,15.0
simu5g_00000835,3,4,7,1160.0,,15.0
simu5g_00000835,3,4,8,1160.0,,15.0
simu5g_00000835,3,4,9,1160.0,,15.0
simu5g_00000835,3,4,10,1160.0,,15.0
simu5g_00000835,3,4,11,1160.0,,15.0
simu5g_00000835,3,4,12,1160.0,,15.0
simu5g_00000835,3,4,13,1160.0,,15.0
simu5g_00000835,3,4,14,1160.0,,15.0
simu5g_00000835,3,4,15,1160.0,,15.0
simu5g_00000835,3,4,16,1160.0,,15.0
simu5g_00000835,3,4,17,1160.0,,15.0
simu5g_00000835,3,4,18,1160.0,,15.0
simu5g_00000835,3,4,19,1160.0,,15.0
simu5g_00000835,3,4,20,1160.0,,15.0
simu5g_00000835,3,4,21,1160.0,,15.0
simu5g_00000835,3,4,22,1160.0,,15.0
simu5g_00000835,3,4,23,1160.0,,15.0
simu5g_00000835,3,4,24,1160.0,,15.0
simu5g_00000835,4,5,0,1128.0,,14.0
simu5g_00000835,4,5,1,984.0,,13.0
simu5g_00000835,4,5,2,1160.0,,15.0
simu5g_00000835,4,5,3,528.0,,8.0
simu5g_00000835,4,5,4,1128.0,,14.0
simu5g_00000835,4,5,5,1160.0,,15.0
simu5g_00000835,4,5,6,1160.0,,15.0
simu5g_00000835,4,5,7,608.0,,9.0
simu5g_00000835,4,5,8,888.0,,12.0
simu5g_00000835,4,5,9,1128.0,,14.0
simu5g_00000835,4,5,10,1128.0,,14.0
simu5g_00000835,4,5,11,1128.0,,14.0
simu5g_00000835,4,5,12,1160.0,,15.0
simu5g_00000835,4,5,13,1128.0,,14.0
simu5g_00000835,4,5,14,1160.0,,15.0
simu5g_00000835,4,5,15,984.0,,13.0
simu5g_00000835,4,5,16,984.0,,13.0
simu5g_00000835,4,5,17,984.0,,13.0
simu5g_00000835,4,5,18,1160.0,,15.0
simu5g_00000835,4,5,19,1128.0,,14.0
simu5g_00000835,4,5,20,1128.0,,14.0
simu5g_00000835,4,5,21,984.0,,13.0
simu5g_00000835,4,5,22,1160.0,,15.0
simu5g_00000835,4,5,23,1128.0,,14.0
simu5g_00000835,4,5,24,984.0,,13.0
simu5g_00000835,5,6,0,1160.0,,15.0
simu5g_00000835,5,6,1,1128.0,,14.0
simu5g_00000835,5,6,2,1160.0,,15.0
simu5g_00000835,5,6,3,1128.0,,14.0
simu5g_00000835,5,6,4,1160.0,,15.0
simu5g_00000835,5,6,5,1160.0,,15.0
simu5g_00000835,5,6,6,1160.0,,15.0
simu5g_00000835,5,6,7,1160.0,,15.0
simu5g_00000835,5,6,8,1160.0,,15.0
simu5g_00000835,5,6,9,1160.0,,15.0
simu5g_00000835,5,6,10,1160.0,,15.0
simu5g_00000835,5,6,11,1160.0,,15.0
simu5g_00000835,5,6,12,1160.0,,15.0
simu5g_00000835,5,6,13,1128.0,,14.0
simu5g_00000835,5,6,14,1128.0,,14.0
simu5g_00000835,5,6,15,1128.0,,14.0
simu5g_00000835,5,6,16,704.0,,10.0
simu5g_00000835,5,6,17,1160.0,,15.0
simu5g_00000835,5,6,18,1160.0,,15.0
simu5g_00000835,5,6,19,1160.0,,15.0
simu5g_00000835,5,6,20,1128.0,,14.0
simu5g_00000835,5,6,21,984.0,,13.0
simu5g_00000835,5,6,22,1160.0,,15.0
simu5g_00000835,5,6,23,1128.0,,14.0
simu5g_00000835,5,6,24,1160.0,,15.0
simu5g_00000836,6,0,0,1160.0,,15.0
simu5g_00000836,6,0,1,1128.0,,14.0
simu5g_00000836,6,0,2,1160.0,,15.0
simu5g_00000836,6,0,3,608.0,,9.0
simu5g_00000836,6,0,4,1128.0,,14.0
simu5g_00000836,6,0,5,1128.0,,14.0
simu5g_00000836,6,0,6,1160.0,,15.0
simu5g_00000836,6,0,7,1128.0,,14.0
simu5g_00000836,6,0,8,1160.0,,15.0
simu5g_00000836,6,0,9,984.0,,13.0
simu5g_00000836,6,0,10,984.0,,13.0
simu5g_00000836,6,0,11,1128.0,,14.0
simu5g_00000836,6,0,12,1160.0,,15.0
simu5g_00000836,6,0,13,1128.0,,14.0
simu5g_00000836,6,0,14,1160.0,,15.0
simu5g_00000836,6,0,15,1160.0,,15.0
simu5g_00000836,6,0,16,888.0,,12.0
simu5g_00000836,6,0,17,1160.0,,15.0
simu5g_00000836,6,0,18,1160.0,,15.0
simu5g_00000836,6,0,19,1128.0,,14.0
simu5g_00000836,6,0,20,1160.0,,15.0
simu5g_00000836,6,0,21,1128.0,,14.0
simu5g_00000836,6,0,22,1160.0,,15.0
simu5g_00000836,6,0,23,1160.0,,15.0
simu5g_00000836,6,0,24,1160.0,,15.0
simu5g_00000836,7,1,0,1128.0,,14.0
simu5g_00000836,7,1,1,1160.0,,15.0
simu5g_00000836,7,1,2,1128.0,,14.0
simu5g_00000836,7,1,3,528.0,,8.0
simu5g_00000836,7,1,4,808.0,,11.0
simu5g_00000836,7,1,5,1160.0,,15.0
simu5g_00000836,7,1,6,888.0,,12.0
simu5g_00000836,7,1,7,1160.0,,15.0
simu5g_00000836,7,1,8,1160.0,,15.0
simu5g_00000836,7,1,9,984.0,,13.0
simu5g_00000836,7,1,10,984.0,,13.0
simu5g_00000836,7,1,11,984.0,,13.0
simu5g_00000836,7,1,12,1160.0,,15.0
simu5g_00000836,7,1,13,1160.0,,15.0
simu5g_00000836,7,1,14,984.0,,13.0
simu5g_00000836,7,1,15,1128.0,,14.0
simu5g_00000836,7,1,16,984.0,,13.0
simu5g_00000836,7,1,17,528.0,,8.0
simu5g_00000836,7,1,18,1160.0,,15.0
simu5g_00000836,7,1,19,984.0,,13.0
simu5g_00000836,7,1,20,984.0,,13.0
simu5g_00000836,7,1,21,1128.0,,14.0
simu5g_00000836,7,1,22,1160.0,,15.0
simu5g_00000836,7,1,23,1160.0,,15.0
simu5g_00000836,7,1,24,1128.0,,14.0
simu5g_00000837,0,0,0,1160.0,,15.0
simu5g_00000837,0,0,1,1160.0,,15.0
simu5g_00000837,0,0,2,1160.0,,15.0
simu5g_00000837,0,0,3,1160.0,,15.0
simu5g_00000837,0,0,4,1160.0,,15.0
simu5g_00000837,0,0,5,1160.0,,15.0
simu5g_00000837,0,0,6,1160.0,,15.0
simu5g_00000837,0,0,7,1160.0,,15.0
simu5g_00000837,0,0,8,1160.0,,15.0
simu5g_00000837,0,0,9,1160.0,,15.0
simu5g_00000837,0,0,10,1160.0,,15.0
simu5g_00000837,0,0,11,1160.0,,15.0
simu5g_00000837,0,0,12,1160.0,,15.0
simu5g_00000837,0,0,13,1160.0,,15.0
simu5g_00000837,0,0,14,1160.0,,15.0
simu5g_00000837,0,0,15,1160.0,,15.0
simu5g_00000837,0,0,16,1160.0,,15.0
simu5g_00000837,0,0,17,1160.0,,15.0
simu5g_00000837,0,0,18,1160.0,,15.0
simu5g_00000837,0,0,19,1160.0,,15.0
simu5g_00000837,0,0,20,1160.0,,15.0
simu5g_00000837,0,0,21,1160.0,,15.0
simu5g_00000837,0,0,22,1160.0,,15.0
simu5g_00000837,0,0,23,1160.0,,15.0
simu5g_00000837,0,0,24,1160.0,,15.0
simu5g_00000837,1,1,0,1160.0,,15.0
simu5g_00000837,1,1,1,1160.0,,15.0
simu5g_00000837,1,1,2,1160.0,,15.0
simu5g_00000837,1,1,3,1160.0,,15.0
simu5g_00000837,1,1,4,1160.0,,15.0
simu5g_00000837,1,1,5,1160.0,,15.0
simu5g_00000837,1,1,6,1160.0,,15.0
simu5g_00000837,1,1,7,1160.0,,15.0
simu5g_00000837,1,1,8,1160.0,,15.0
simu5g_00000837,1,1,9,1160.0,,15.0
simu5g_00000837,1,1,10,1160.0,,15.0
simu5g_00000837,1,1,11,1160.0,,15.0
simu5g_00000837,1,1,12,1160.0,,15.0
simu5g_00000837,1,1,13,1160.0,,15.0
simu5g_00000837,1,1,14,1160.0,,15.0
simu5g_00000837,1,1,15,1160.0,,15.0
simu5g_00000837,1,1,16,1160.0,,15.0
simu5g_00000837,1,1,17,1160.0,,15.0
simu5g_00000837,1,1,18,1160.0,,15.0
simu5g_00000837,1,1,19,1160.0,,15.0
simu5g_00000837,1,1,20,1160.0,,15.0
simu5g_00000837,1,1,21,1160.0,,15.0
simu5g_00000837,1,1,22,1160.0,,15.0
simu5g_00000837,1,1,23,1160.0,,15.0
simu5g_00000837,1,1,24,1160.0,,15.0
simu5g_00000837,15,2,0,1160.0,,15.0
simu5g_00000837,15,2,1,1160.0,,15.0
simu5g_00000837,15,2,2,1160.0,,15.0
simu5g_00000837,15,2,3,1160.0,,15.0
simu5g_00000837,15,2,4,1128.0,,14.0
simu5g_00000837,15,2,5,888.0,,12.0
simu5g_00000837,15,2,6,1160.0,,15.0
simu5g_00000837,15,2,7,1160.0,,15.0
simu5g_00000837,15,2,8,1160.0,,15.0
simu5g_00000837,15,2,9,1160.0,,15.0
simu5g_00000837,15,2,10,1160.0,,15.0
simu5g_00000837,15,2,11,1160.0,,15.0
simu5g_00000837,15,2,12,1128.0,,14.0
simu5g_00000837,15,2,13,1160.0,,15.0
simu5g_00000837,15,2,14,1160.0,,15.0
simu5g_00000837,15,2,15,1128.0,,14.0
simu5g_00000837,15,2,16,1160.0,,15.0
simu5g_00000837,15,2,17,1160.0,,15.0
simu5g_00000837,15,2,18,1160.0,,15.0
simu5g_00000837,15,2,19,1160.0,,15.0
simu5g_00000837,15,2,20,1160.0,,15.0
simu5g_00000837,15,2,21,1160.0,,15.0
simu5g_00000837,15,2,22,1160.0,,15.0
simu5g_00000837,15,2,23,1160.0,,15.0
simu5g_00000837,15,2,24,1160.0,,15.0
simu5g_00000837,2,3,0,1160.0,,15.0
simu5g_00000837,2,3,1,1160.0,,15.0
simu5g_00000837,2,3,2,1160.0,,15.0
simu5g_00000837,2,3,3,1160.0,,15.0
simu5g_00000837,2,3,4,1160.0,,15.0
simu5g_00000837,2,3,5,1160.0,,15.0
simu5g_00000837,2,3,6,1160.0,,15.0
simu5g_00000837,2,3,7,1128.0,,14.0
simu5g_00000837,2,3,8,1160.0,,15.0
simu5g_00000837,2,3,9,1160.0,,15.0
simu5g_00000837,2,3,10,1160.0,,15.0
simu5g_00000837,2,3,11,1160.0,,15.0
simu5g_00000837,2,3,12,1160.0,,15.0
simu5g_00000837,2,3,13,1160.0,,15.0
simu5g_00000837,2,3,14,1160.0,,15.0
simu5g_00000837,2,3,15,1160.0,,15.0
simu5g_00000837,2,3,16,1160.0,,15.0
simu5g_00000837,2,3,17,1160.0,,15.0
simu5g_00000837,2,3,18,1160.0,,15.0
simu5g_00000837,2,3,19,1160.0,,15.0
simu5g_00000837,2,3,20,1160.0,,15.0
simu5g_00000837,2,3,21,1160.0,,15.0
simu5g_00000837,2,3,22,1160.0,,15.0
simu5g_00000837,2,3,23,1160.0,,15.0
simu5g_00000837,2,3,24,1160.0,,15.0
simu5g_00000837,3,4,0,1160.0,,15.0
simu5g_00000837,3,4,1,1160.0,,15.0
simu5g_00000837,3,4,2,1160.0,,15.0
simu5g_00000837,3,4,3,1160.0,,15.0
simu5g_00000837,3,4,4,1160.0,,15.0
simu5g_00000837,3,4,5,1160.0,,15.0
simu5g_00000837,3,4,6,1160.0,,15.0
simu5g_00000837,3,4,7,1160.0,,15.0
simu5g_00000837,3,4,8,1160.0,,15.0
simu5g_00000837,3,4,9,1160.0,,15.0
simu5g_00000837,3,4,10,1160.0,,15.0
simu5g_00000837,3,4,11,1160.0,,15.0
simu5g_00000837,3,4,12,1160.0,,15.0
simu5g_00000837,3,4,13,1160.0,,15.0
simu5g_00000837,3,4,14,1160.0,,15.0
simu5g_00000837,3,4,15,1160.0,,15.0
simu5g_00000837,3,4,16,1160.0,,15.0
simu5g_00000837,3,4,17,1160.0,,15.0
simu5g_00000837,3,4,18,1160.0,,15.0
simu5g_00000837,3,4,19,1160.0,,15.0
simu5g_00000837,3,4,20,1160.0,,15.0
simu5g_00000837,3,4,21,1160.0,,15.0
simu5g_00000837,3,4,22,1160.0,,15.0
simu5g_00000837,3,4,23,1160.0,,15.0
simu5g_00000837,3,4,24,1160.0,,15.0
simu5g_00000837,4,5,0,1128.0,,14.0
simu5g_00000837,4,5,1,984.0,,13.0
simu5g_00000837,4,5,2,1160.0,,15.0
simu5g_00000837,4,5,3,528.0,,8.0
simu5g_00000837,4,5,4,1128.0,,14.0
simu5g_00000837,4,5,5,1160.0,,15.0
simu5g_00000837,4,5,6,1160.0,,15.0
simu5g_00000837,4,5,7,608.0,,9.0
simu5g_00000837,4,5,8,984.0,,13.0
simu5g_00000837,4,5,9,1128.0,,14.0
simu5g_00000837,4,5,10,1128.0,,14.0
simu5g_00000837,4,5,11,1128.0,,14.0
simu5g_00000837,4,5,12,1160.0,,15.0
simu5g_00000837,4,5,13,1128.0,,14.0
simu5g_00000837,4,5,14,1160.0,,15.0
simu5g_00000837,4,5,15,984.0,,13.0
simu5g_00000837,4,5,16,984.0,,13.0
simu5g_00000837,4,5,17,1128.0,,14.0
simu5g_00000837,4,5,18,1160.0,,15.0
simu5g_00000837,4,5,19,1128.0,,14.0
simu5g_00000837,4,5,20,1128.0,,14.0
simu5g_00000837,4,5,21,984.0,,13.0
simu5g_00000837,4,5,22,1160.0,,15.0
simu5g_00000837,4,5,23,1128.0,,14.0
simu5g_00000837,4,5,24,984.0,,13.0
simu5g_00000837,5,6,0,1160.0,,15.0
simu5g_00000837,5,6,1,1160.0,,15.0
simu5g_00000837,5,6,2,1160.0,,15.0
simu5g_00000837,5,6,3,1160.0,,15.0
simu5g_00000837,5,6,4,1160.0,,15.0
simu5g_00000837,5,6,5,1160.0,,15.0
simu5g_00000837,5,6,6,1160.0,,15.0
simu5g_00000837,5,6,7,1160.0,,15.0
simu5g_00000837,5,6,8,1160.0,,15.0
simu5g_00000837,5,6,9,1160.0,,15.0
simu5g_00000837,5,6,10,1160.0,,15.0
simu5g_00000837,5,6,11,1160.0,,15.0
simu5g_00000837,5,6,12,1160.0,,15.0
simu5g_00000837,5,6,13,1160.0,,15.0
simu5g_00000837,5,6,14,1160.0,,15.0
simu5g_00000837,5,6,15,1160.0,,15.0
simu5g_00000837,5,6,16,984.0,,13.0
simu5g_00000837,5,6,17,1160.0,,15.0
simu5g_00000837,5,6,18,1160.0,,15.0
simu5g_00000837,5,6,19,1160.0,,15.0
simu5g_00000837,5,6,20,1160.0,,15.0
simu5g_00000837,5,6,21,1160.0,,15.0
simu5g_00000837,5,6,22,1160.0,,15.0
simu5g_00000837,5,6,23,1160.0,,15.0
simu5g_00000837,5,6,24,1160.0,,15.0
simu5g_00000838,6,0,0,1160.0,,15.0
simu5g_00000838,6,0,1,1128.0,,14.0
simu5g_00000838,6,0,2,1160.0,,15.0
simu5g_00000838,6,0,3,608.0,,9.0
simu5g_00000838,6,0,4,1128.0,,14.0
simu5g_00000838,6,0,5,1128.0,,14.0
simu5g_00000838,6,0,6,1160.0,,15.0
simu5g_00000838,6,0,7,1128.0,,14.0
simu5g_00000838,6,0,8,1160.0,,15.0
simu5g_00000838,6,0,9,984.0,,13.0
simu5g_00000838,6,0,10,984.0,,13.0
simu5g_00000838,6,0,11,1128.0,,14.0
simu5g_00000838,6,0,12,1160.0,,15.0
simu5g_00000838,6,0,13,1128.0,,14.0
simu5g_00000838,6,0,14,1160.0,,15.0
simu5g_00000838,6,0,15,1160.0,,15.0
simu5g_00000838,6,0,16,888.0,,12.0
simu5g_00000838,6,0,17,1160.0,,15.0
simu5g_00000838,6,0,18,1160.0,,15.0
simu5g_00000838,6,0,19,1128.0,,14.0
simu5g_00000838,6,0,20,1160.0,,15.0
simu5g_00000838,6,0,21,1128.0,,14.0
simu5g_00000838,6,0,22,1160.0,,15.0
simu5g_00000838,6,0,23,1160.0,,15.0
simu5g_00000838,6,0,24,1160.0,,15.0
simu5g_00000838,7,1,0,1128.0,,14.0
simu5g_00000838,7,1,1,1160.0,,15.0
simu5g_00000838,7,1,2,1128.0,,14.0
simu5g_00000838,7,1,3,528.0,,8.0
simu5g_00000838,7,1,4,808.0,,11.0
simu5g_00000838,7,1,5,1160.0,,15.0
simu5g_00000838,7,1,6,888.0,,12.0
simu5g_00000838,7,1,7,1160.0,,15.0
simu5g_00000838,7,1,8,1160.0,,15.0
simu5g_00000838,7,1,9,984.0,,13.0
simu5g_00000838,7,1,10,984.0,,13.0
simu5g_00000838,7,1,11,984.0,,13.0
simu5g_00000838,7,1,12,1160.0,,15.0
simu5g_00000838,7,1,13,1160.0,,15.0
simu5g_00000838,7,1,14,984.0,,13.0
simu5g_00000838,7,1,15,1128.0,,14.0
simu5g_00000838,7,1,16,984.0,,13.0
simu5g_00000838,7,1,17,528.0,,8.0
simu5g_00000838,7,1,18,1160.0,,15.0
simu5g_00000838,7,1,19,984.0,,13.0
simu5g_00000838,7,1,20,984.0,,13.0
simu5g_00000838,7,1,21,1128.0,,14.0
simu5g_00000838,7,1,22,1160.0,,15.0
simu5g_00000838,7,1,23,1160.0,,15.0
simu5g_00000838,7,1,24,1128.0,,14.0
simu5g_00000839,0,0,0,1160.0,,15.0
simu5g_00000839,0,0,1,1160.0,,15.0
simu5g_00000839,0,0,2,1160.0,,15.0
simu5g_00000839,0,0,3,1160.0,,15.0
simu5g_00000839,0,0,4,1160.0,,15.0
simu5g_00000839,0,0,5,1160.0,,15.0
simu5g_00000839,0,0,6,1160.0,,15.0
simu5g_00000839,0,0,7,1160.0,,15.0
simu5g_00000839,0,0,8,1160.0,,15.0
simu5g_00000839,0,0,9,1160.0,,15.0
simu5g_00000839,0,0,10,1160.0,,15.0
simu5g_00000839,0,0,11,1160.0,,15.0
simu5g_00000839,0,0,12,1160.0,,15.0
simu5g_00000839,0,0,13,1160.0,,15.0
simu5g_00000839,0,0,14,1160.0,,15.0
simu5g_00000839,0,0,15,1160.0,,15.0
simu5g_00000839,0,0,16,1160.0,,15.0
simu5g_00000839,0,0,17,1160.0,,15.0
simu5g_00000839,0,0,18,1160.0,,15.0
simu5g_00000839,0,0,19,1160.0,,15.0
simu5g_00000839,0,0,20,1160.0,,15.0
simu5g_00000839,0,0,21,1160.0,,15.0
simu5g_00000839,0,0,22,1160.0,,15.0
simu5g_00000839,0,0,23,1160.0,,15.0
simu5g_00000839,0,0,24,1160.0,,15.0
simu5g_00000839,1,1,0,1160.0,,15.0
simu5g_00000839,1,1,1,1160.0,,15.0
simu5g_00000839,1,1,2,1160.0,,15.0
simu5g_00000839,1,1,3,1160.0,,15.0
simu5g_00000839,1,1,4,1160.0,,15.0
simu5g_00000839,1,1,5,1160.0,,15.0
simu5g_00000839,1,1,6,1160.0,,15.0
simu5g_00000839,1,1,7,1160.0,,15.0
simu5g_00000839,1,1,8,1160.0,,15.0
simu5g_00000839,1,1,9,1160.0,,15.0
simu5g_00000839,1,1,10,1160.0,,15.0
simu5g_00000839,1,1,11,1160.0,,15.0
simu5g_00000839,1,1,12,1160.0,,15.0
simu5g_00000839,1,1,13,1160.0,,15.0
simu5g_00000839,1,1,14,1160.0,,15.0
simu5g_00000839,1,1,15,1160.0,,15.0
simu5g_00000839,1,1,16,1160.0,,15.0
simu5g_00000839,1,1,17,1160.0,,15.0
simu5g_00000839,1,1,18,1160.0,,15.0
simu5g_00000839,1,1,19,1160.0,,15.0
simu5g_00000839,1,1,20,1160.0,,15.0
simu5g_00000839,1,1,21,1160.0,,15.0
simu5g_00000839,1,1,22,1160.0,,15.0
simu5g_00000839,1,1,23,1160.0,,15.0
simu5g_00000839,1,1,24,1160.0,,15.0
simu5g_00000839,15,2,0,1160.0,,15.0
simu5g_00000839,15,2,1,1160.0,,15.0
simu5g_00000839,15,2,2,1160.0,,15.0
simu5g_00000839,15,2,3,1160.0,,15.0
simu5g_00000839,15,2,4,1128.0,,14.0
simu5g_00000839,15,2,5,888.0,,12.0
simu5g_00000839,15,2,6,1160.0,,15.0
simu5g_00000839,15,2,7,1160.0,,15.0
simu5g_00000839,15,2,8,1160.0,,15.0
simu5g_00000839,15,2,9,1160.0,,15.0
simu5g_00000839,15,2,10,1160.0,,15.0
simu5g_00000839,15,2,11,1160.0,,15.0
simu5g_00000839,15,2,12,1128.0,,14.0
simu5g_00000839,15,2,13,1160.0,,15.0
simu5g_00000839,15,2,14,1160.0,,15.0
simu5g_00000839,15,2,15,1128.0,,14.0
simu5g_00000839,15,2,16,1160.0,,15.0
simu5g_00000839,15,2,17,1160.0,,15.0
simu5g_00000839,15,2,18,1160.0,,15.0
simu5g_00000839,15,2,19,1160.0,,15.0
simu5g_00000839,15,2,20,1160.0,,15.0
simu5g_00000839,15,2,21,1160.0,,15.0
simu5g_00000839,15,2,22,1160.0,,15.0
simu5g_00000839,15,2,23,1160.0,,15.0
simu5g_00000839,15,2,24,1160.0,,15.0
simu5g_00000839,2,3,0,1160.0,,15.0
simu5g_00000839,2,3,1,1160.0,,15.0
simu5g_00000839,2,3,2,1160.0,,15.0
simu5g_00000839,2,3,3,1160.0,,15.0
simu5g_00000839,2,3,4,1160.0,,15.0
simu5g_00000839,2,3,5,1160.0,,15.0
simu5g_00000839,2,3,6,1160.0,,15.0
simu5g_00000839,2,3,7,1128.0,,14.0
simu5g_00000839,2,3,8,1160.0,,15.0
simu5g_00000839,2,3,9,1160.0,,15.0
simu5g_00000839,2,3,10,1160.0,,15.0
simu5g_00000839,2,3,11,1160.0,,15.0
simu5g_00000839,2,3,12,1160.0,,15.0
simu5g_00000839,2,3,13,1160.0,,15.0
simu5g_00000839,2,3,14,1160.0,,15.0
simu5g_00000839,2,3,15,1160.0,,15.0
simu5g_00000839,2,3,16,1160.0,,15.0
simu5g_00000839,2,3,17,1160.0,,15.0
simu5g_00000839,2,3,18,1160.0,,15.0
simu5g_00000839,2,3,19,1160.0,,15.0
simu5g_00000839,2,3,20,1160.0,,15.0
simu5g_00000839,2,3,21,1160.0,,15.0
simu5g_00000839,2,3,22,1160.0,,15.0
simu5g_00000839,2,3,23,1160.0,,15.0
simu5g_00000839,2,3,24,1160.0,,15.0
simu5g_00000839,3,4,0,1160.0,,15.0
simu5g_00000839,3,4,1,1160.0,,15.0
simu5g_00000839,3,4,2,1160.0,,15.0
simu5g_00000839,3,4,3,1160.0,,15.0
simu5g_00000839,3,4,4,1160.0,,15.0
simu5g_00000839,3,4,5,1160.0,,15.0
simu5g_00000839,3,4,6,1160.0,,15.0
simu5g_00000839,3,4,7,1160.0,,15.0
simu5g_00000839,3,4,8,1160.0,,15.0
simu5g_00000839,3,4,9,1160.0,,15.0
simu5g_00000839,3,4,10,1160.0,,15.0
simu5g_00000839,3,4,11,1160.0,,15.0
simu5g_00000839,3,4,12,1160.0,,15.0
simu5g_00000839,3,4,13,1160.0,,15.0
simu5g_00000839,3,4,14,1160.0,,15.0
simu5g_00000839,3,4,15,1160.0,,15.0
simu5g_00000839,3,4,16,1160.0,,15.0
simu5g_00000839,3,4,17,1160.0,,15.0
simu5g_00000839,3,4,18,1160.0,,15.0
simu5g_00000839,3,4,19,1160.0,,15.0
simu5g_00000839,3,4,20,1160.0,,15.0
simu5g_00000839,3,4,21,1160.0,,15.0
simu5g_00000839,3,4,22,1160.0,,15.0
simu5g_00000839,3,4,23,1160.0,,15.0
simu5g_00000839,3,4,24,1160.0,,15.0
simu5g_00000839,4,5,0,1128.0,,14.0
simu5g_00000839,4,5,1,984.0,,13.0
simu5g_00000839,4,5,2,1160.0,,15.0
simu5g_00000839,4,5,3,528.0,,8.0
simu5g_00000839,4,5,4,1128.0,,14.0
simu5g_00000839,4,5,5,1160.0,,15.0
simu5g_00000839,4,5,6,1160.0,,15.0
simu5g_00000839,4,5,7,608.0,,9.0
simu5g_00000839,4,5,8,984.0,,13.0
simu5g_00000839,4,5,9,1128.0,,14.0
simu5g_00000839,4,5,10,1128.0,,14.0
simu5g_00000839,4,5,11,1128.0,,14.0
simu5g_00000839,4,5,12,1160.0,,15.0
simu5g_00000839,4,5,13,1128.0,,14.0
simu5g_00000839,4,5,14,1160.0,,15.0
simu5g_00000839,4,5,15,984.0,,13.0
simu5g_00000839,4,5,16,984.0,,13.0
simu5g_00000839,4,5,17,1128.0,,14.0
simu5g_00000839,4,5,18,1160.0,,15.0
simu5g_00000839,4,5,19,1160.0,,15.0
simu5g_00000839,4,5,20,1128.0,,14.0
simu5g_00000839,4,5,21,984.0,,13.0
simu5g_00000839,4,5,22,1160.0,,15.0
simu5g_00000839,4,5,23,1128.0,,14.0
simu5g_00000839,4,5,24,984.0,,13.0
simu5g_00000839,5,6,0,1160.0,,15.0
simu5g_00000839,5,6,1,1160.0,,15.0
simu5g_00000839,5,6,2,1160.0,,15.0
simu5g_00000839,5,6,3,1160.0,,15.0
simu5g_00000839,5,6,4,1160.0,,15.0
simu5g_00000839,5,6,5,1160.0,,15.0
simu5g_00000839,5,6,6,1160.0,,15.0
simu5g_00000839,5,6,7,1160.0,,15.0
simu5g_00000839,5,6,8,1160.0,,15.0
simu5g_00000839,5,6,9,1160.0,,15.0
simu5g_00000839,5,6,10,1160.0,,15.0
simu5g_00000839,5,6,11,1160.0,,15.0
simu5g_00000839,5,6,12,1160.0,,15.0
simu5g_00000839,5,6,13,1160.0,,15.0
simu5g_00000839,5,6,14,1160.0,,15.0
simu5g_00000839,5,6,15,1160.0,,15.0
simu5g_00000839,5,6,16,984.0,,13.0
simu5g_00000839,5,6,17,1160.0,,15.0
simu5g_00000839,5,6,18,1160.0,,15.0
simu5g_00000839,5,6,19,1160.0,,15.0
simu5g_00000839,5,6,20,1160.0,,15.0
simu5g_00000839,5,6,21,1160.0,,15.0
simu5g_00000839,5,6,22,1160.0,,15.0
simu5g_00000839,5,6,23,1160.0,,15.0
simu5g_00000839,5,6,24,1160.0,,15.0
simu5g_00000840,6,0,0,1160.0,,15.0
simu5g_00000840,6,0,1,1160.0,,15.0
simu5g_00000840,6,0,2,1160.0,,15.0
simu5g_00000840,6,0,3,704.0,,10.0
simu5g_00000840,6,0,4,1128.0,,14.0
simu5g_00000840,6,0,5,1160.0,,15.0
simu5g_00000840,6,0,6,1160.0,,15.0
simu5g_00000840,6,0,7,1128.0,,14.0
simu5g_00000840,6,0,8,1160.0,,15.0
simu5g_00000840,6,0,9,1128.0,,14.0
simu5g_00000840,6,0,10,1128.0,,14.0
simu5g_00000840,6,0,11,1160.0,,15.0
simu5g_00000840,6,0,12,1160.0,,15.0
simu5g_00000840,6,0,13,1128.0,,14.0
simu5g_00000840,6,0,14,1160.0,,15.0
simu5g_00000840,6,0,15,1160.0,,15.0
simu5g_00000840,6,0,16,984.0,,13.0
simu5g_00000840,6,0,17,1160.0,,15.0
simu5g_00000840,6,0,18,1160.0,,15.0
simu5g_00000840,6,0,19,1160.0,,15.0
simu5g_00000840,6,0,20,1160.0,,15.0
simu5g_00000840,6,0,21,1160.0,,15.0
simu5g_00000840,6,0,22,1160.0,,15.0
simu5g_00000840,6,0,23,1160.0,,15.0
simu5g_00000840,6,0,24,1160.0,,15.0
simu5g_00000840,7,1,0,1128.0,,14.0
simu5g_00000840,7,1,1,1160.0,,15.0
simu5g_00000840,7,1,2,1128.0,,14.0
simu5g_00000840,7,1,3,528.0,,8.0
simu5g_00000840,7,1,4,808.0,,11.0
simu5g_00000840,7,1,5,1160.0,,15.0
simu5g_00000840,7,1,6,888.0,,12.0
simu5g_00000840,7,1,7,1160.0,,15.0
simu5g_00000840,7,1,8,1160.0,,15.0
simu5g_00000840,7,1,9,984.0,,13.0
simu5g_00000840,7,1,10,984.0,,13.0
simu5g_00000840,7,1,11,984.0,,13.0
simu5g_00000840,7,1,12,1160.0,,15.0
simu5g_00000840,7,1,13,1160.0,,15.0
simu5g_00000840,7,1,14,984.0,,13.0
simu5g_00000840,7,1,15,1128.0,,14.0
simu5g_00000840,7,1,16,984.0,,13.0
simu5g_00000840,7,1,17,528.0,,8.0
simu5g_00000840,7,1,18,1160.0,,15.0
simu5g_00000840,7,1,19,984.0,,13.0
simu5g_00000840,7,1,20,984.0,,13.0
simu5g_00000840,7,1,21,1128.0,,14.0
simu5g_00000840,7,1,22,1160.0,,15.0
simu5g_00000840,7,1,23,1160.0,,15.0
simu5g_00000840,7,1,24,1128.0,,14.0
simu5g_00000841,0,0,0,1160.0,,15.0
simu5g_00000841,0,0,1,1160.0,,15.0
simu5g_00000841,0,0,2,1160.0,,15.0
simu5g_00000841,0,0,3,1160.0,,15.0
simu5g_00000841,0,0,4,1160.0,,15.0
simu5g_00000841,0,0,5,1160.0,,15.0
simu5g_00000841,0,0,6,1160.0,,15.0
simu5g_00000841,0,0,7,1160.0,,15.0
simu5g_00000841,0,0,8,1160.0,,15.0
simu5g_00000841,0,0,9,1160.0,,15.0
simu5g_00000841,0,0,10,1160.0,,15.0
simu5g_00000841,0,0,11,1160.0,,15.0
simu5g_00000841,0,0,12,1160.0,,15.0
simu5g_00000841,0,0,13,1160.0,,15.0
simu5g_00000841,0,0,14,1160.0,,15.0
simu5g_00000841,0,0,15,1160.0,,15.0
simu5g_00000841,0,0,16,1160.0,,15.0
simu5g_00000841,0,0,17,1160.0,,15.0
simu5g_00000841,0,0,18,1160.0,,15.0
simu5g_00000841,0,0,19,1160.0,,15.0
simu5g_00000841,0,0,20,1160.0,,15.0
simu5g_00000841,0,0,21,1160.0,,15.0
simu5g_00000841,0,0,22,1160.0,,15.0
simu5g_00000841,0,0,23,1160.0,,15.0
simu5g_00000841,0,0,24,1160.0,,15.0
simu5g_00000841,1,1,0,1160.0,,15.0
simu5g_00000841,1,1,1,1160.0,,15.0
simu5g_00000841,1,1,2,1160.0,,15.0
simu5g_00000841,1,1,3,1160.0,,15.0
simu5g_00000841,1,1,4,1160.0,,15.0
simu5g_00000841,1,1,5,1160.0,,15.0
simu5g_00000841,1,1,6,1160.0,,15.0
simu5g_00000841,1,1,7,1160.0,,15.0
simu5g_00000841,1,1,8,1160.0,,15.0
simu5g_00000841,1,1,9,1160.0,,15.0
simu5g_00000841,1,1,10,1160.0,,15.0
simu5g_00000841,1,1,11,1160.0,,15.0
simu5g_00000841,1,1,12,1160.0,,15.0
simu5g_00000841,1,1,13,1160.0,,15.0
simu5g_00000841,1,1,14,1160.0,,15.0
simu5g_00000841,1,1,15,1160.0,,15.0
simu5g_00000841,1,1,16,1160.0,,15.0
simu5g_00000841,1,1,17,1160.0,,15.0
simu5g_00000841,1,1,18,1160.0,,15.0
simu5g_00000841,1,1,19,1160.0,,15.0
simu5g_00000841,1,1,20,1160.0,,15.0
simu5g_00000841,1,1,21,1160.0,,15.0
simu5g_00000841,1,1,22,1160.0,,15.0
simu5g_00000841,1,1,23,1160.0,,15.0
simu5g_00000841,1,1,24,1160.0,,15.0
simu5g_00000841,15,2,0,608.0,,9.0
simu5g_00000841,15,2,1,808.0,,11.0
simu5g_00000841,15,2,2,984.0,,13.0
simu5g_00000841,15,2,3,984.0,,13.0
simu5g_00000841,15,2,4,528.0,,8.0
simu5g_00000841,15,2,5,304.0,,5.0
simu5g_00000841,15,2,6,1128.0,,14.0
simu5g_00000841,15,2,7,608.0,,9.0
simu5g_00000841,15,2,8,984.0,,13.0
simu5g_00000841,15,2,9,888.0,,12.0
simu5g_00000841,15,2,10,984.0,,13.0
simu5g_00000841,15,2,11,1128.0,,14.0
simu5g_00000841,15,2,12,432.0,,7.0
simu5g_00000841,15,2,13,984.0,,13.0
simu5g_00000841,15,2,14,808.0,,11.0
simu5g_00000841,15,2,15,608.0,,9.0
simu5g_00000841,15,2,16,1128.0,,14.0
simu5g_00000841,15,2,17,984.0,,13.0
simu5g_00000841,15,2,18,984.0,,13.0
simu5g_00000841,15,2,19,888.0,,12.0
simu5g_00000841,15,2,20,1128.0,,14.0
simu5g_00000841,15,2,21,808.0,,11.0
simu5g_00000841,15,2,22,984.0,,13.0
simu5g_00000841,15,2,23,984.0,,13.0
simu5g_00000841,15,2,24,888.0,,12.0
simu5g_00000841,2,3,0,1160.0,,15.0
simu5g_00000841,2,3,1,1160.0,,15.0
simu5g_00000841,2,3,2,1160.0,,15.0
simu5g_00000841,2,3,3,1160.0,,15.0
simu5g_00000841,2,3,4,1160.0,,15.0
simu5g_00000841,2,3,5,1160.0,,15.0
simu5g_00000841,2,3,6,1160.0,,15.0
simu5g_00000841,2,3,7,1160.0,,15.0
simu5g_00000841,2,3,8,1160.0,,15.0
simu5g_00000841,2,3,9,1160.0,,15.0
simu5g_00000841,2,3,10,1160.0,,15.0
simu5g_00000841,2,3,11,1160.0,,15.0
simu5g_00000841,2,3,12,1160.0,,15.0
simu5g_00000841,2,3,13,1160.0,,15.0
simu5g_00000841,2,3,14,1160.0,,15.0
simu5g_00000841,2,3,15,1160.0,,15.0
simu5g_00000841,2,3,16,1160.0,,15.0
simu5g_00000841,2,3,17,1160.0,,15.0
simu5g_00000841,2,3,18,1160.0,,15.0
simu5g_00000841,2,3,19,1160.0,,15.0
simu5g_00000841,2,3,20,1160.0,,15.0
simu5g_00000841,2,3,21,1160.0,,15.0
simu5g_00000841,2,3,22,1160.0,,15.0
simu5g_00000841,2,3,23,1160.0,,15.0
simu5g_00000841,2,3,24,1160.0,,15.0
simu5g_00000841,3,4,0,1160.0,,15.0
simu5g_00000841,3,4,1,1160.0,,15.0
simu5g_00000841,3,4,2,1160.0,,15.0
simu5g_00000841,3,4,3,1160.0,,15.0
simu5g_00000841,3,4,4,1160.0,,15.0
simu5g_00000841,3,4,5,1160.0,,15.0
simu5g_00000841,3,4,6,1160.0,,15.0
simu5g_00000841,3,4,7,1160.0,,15.0
simu5g_00000841,3,4,8,1160.0,,15.0
simu5g_00000841,3,4,9,1160.0,,15.0
simu5g_00000841,3,4,10,1160.0,,15.0
simu5g_00000841,3,4,11,1160.0,,15.0
simu5g_00000841,3,4,12,1160.0,,15.0
simu5g_00000841,3,4,13,1160.0,,15.0
simu5g_00000841,3,4,14,1160.0,,15.0
simu5g_00000841,3,4,15,1160.0,,15.0
simu5g_00000841,3,4,16,1160.0,,15.0
simu5g_00000841,3,4,17,1160.0,,15.0
simu5g_00000841,3,4,18,1160.0,,15.0
simu5g_00000841,3,4,19,1160.0,,15.0
simu5g_00000841,3,4,20,1160.0,,15.0
simu5g_00000841,3,4,21,1160.0,,15.0
simu5g_00000841,3,4,22,1160.0,,15.0
simu5g_00000841,3,4,23,1160.0,,15.0
simu5g_00000841,3,4,24,1160.0,,15.0
simu5g_00000841,4,5,0,1128.0,,14.0
simu5g_00000841,4,5,1,984.0,,13.0
simu5g_00000841,4,5,2,1160.0,,15.0
simu5g_00000841,4,5,3,528.0,,8.0
simu5g_00000841,4,5,4,1128.0,,14.0
simu5g_00000841,4,5,5,1160.0,,15.0
simu5g_00000841,4,5,6,1160.0,,15.0
simu5g_00000841,4,5,7,608.0,,9.0
simu5g_00000841,4,5,8,984.0,,13.0
simu5g_00000841,4,5,9,1128.0,,14.0
simu5g_00000841,4,5,10,1128.0,,14.0
simu5g_00000841,4,5,11,1128.0,,14.0
simu5g_00000841,4,5,12,1160.0,,15.0
simu5g_00000841,4,5,13,1128.0,,14.0
simu5g_00000841,4,5,14,1160.0,,15.0
simu5g_00000841,4,5,15,984.0,,13.0
simu5g_00000841,4,5,16,984.0,,13.0
simu5g_00000841,4,5,17,1128.0,,14.0
simu5g_00000841,4,5,18,1160.0,,15.0
simu5g_00000841,4,5,19,1160.0,,15.0
simu5g_00000841,4,5,20,1128.0,,14.0
simu5g_00000841,4,5,21,984.0,,13.0
simu5g_00000841,4,5,22,1160.0,,15.0
simu5g_00000841,4,5,23,1128.0,,14.0
simu5g_00000841,4,5,24,984.0,,13.0
simu5g_00000841,5,6,0,1160.0,,15.0
simu5g_00000841,5,6,1,1160.0,,15.0
simu5g_00000841,5,6,2,1160.0,,15.0
simu5g_00000841,5,6,3,1160.0,,15.0
simu5g_00000841,5,6,4,1160.0,,15.0
simu5g_00000841,5,6,5,1160.0,,15.0
simu5g_00000841,5,6,6,1160.0,,15.0
simu5g_00000841,5,6,7,1160.0,,15.0
simu5g_00000841,5,6,8,1160.0,,15.0
simu5g_00000841,5,6,9,1160.0,,15.0
simu5g_00000841,5,6,10,1160.0,,15.0
simu5g_00000841,5,6,11,1160.0,,15.0
simu5g_00000841,5,6,12,1160.0,,15.0
simu5g_00000841,5,6,13,1160.0,,15.0
simu5g_00000841,5,6,14,1160.0,,15.0
simu5g_00000841,5,6,15,1160.0,,15.0
simu5g_00000841,5,6,16,984.0,,13.0
simu5g_00000841,5,6,17,1160.0,,15.0
simu5g_00000841,5,6,18,1160.0,,15.0
simu5g_00000841,5,6,19,1160.0,,15.0
simu5g_00000841,5,6,20,1160.0,,15.0
simu5g_00000841,5,6,21,1160.0,,15.0
simu5g_00000841,5,6,22,1160.0,,15.0
simu5g_00000841,5,6,23,1160.0,,15.0
simu5g_00000841,5,6,24,1160.0,,15.0
simu5g_00000842,6,0,0,1160.0,,15.0
simu5g_00000842,6,0,1,1160.0,,15.0
simu5g_00000842,6,0,2,1160.0,,15.0
simu5g_00000842,6,0,3,704.0,,10.0
simu5g_00000842,6,0,4,1128.0,,14.0
simu5g_00000842,6,0,5,1160.0,,15.0
simu5g_00000842,6,0,6,1160.0,,15.0
simu5g_00000842,6,0,7,1128.0,,14.0
simu5g_00000842,6,0,8,1160.0,,15.0
simu5g_00000842,6,0,9,1128.0,,14.0
simu5g_00000842,6,0,10,1128.0,,14.0
simu5g_00000842,6,0,11,1160.0,,15.0
simu5g_00000842,6,0,12,1160.0,,15.0
simu5g_00000842,6,0,13,1128.0,,14.0
simu5g_00000842,6,0,14,1160.0,,15.0
simu5g_00000842,6,0,15,1160.0,,15.0
simu5g_00000842,6,0,16,984.0,,13.0
simu5g_00000842,6,0,17,1160.0,,15.0
simu5g_00000842,6,0,18,1160.0,,15.0
simu5g_00000842,6,0,19,1160.0,,15.0
simu5g_00000842,6,0,20,1160.0,,15.0
simu5g_00000842,6,0,21,1160.0,,15.0
simu5g_00000842,6,0,22,1160.0,,15.0
simu5g_00000842,6,0,23,1160.0,,15.0
simu5g_00000842,6,0,24,1160.0,,15.0
simu5g_00000842,7,1,0,984.0,,13.0
simu5g_00000842,7,1,1,1128.0,,14.0
simu5g_00000842,7,1,2,984.0,,13.0
simu5g_00000842,7,1,3,368.0,,6.0
simu5g_00000842,7,1,4,608.0,,9.0
simu5g_00000842,7,1,5,1128.0,,14.0
simu5g_00000842,7,1,6,808.0,,11.0
simu5g_00000842,7,1,7,1128.0,,14.0
simu5g_00000842,7,1,8,1128.0,,14.0
simu5g_00000842,7,1,9,888.0,,12.0
simu5g_00000842,7,1,10,984.0,,13.0
simu5g_00000842,7,1,11,888.0,,12.0
simu5g_00000842,7,1,12,1128.0,,14.0
simu5g_00000842,7,1,13,1128.0,,14.0
simu5g_00000842,7,1,14,888.0,,12.0
simu5g_00000842,7,1,15,984.0,,13.0
simu5g_00000842,7,1,16,888.0,,12.0
simu5g_00000842,7,1,17,368.0,,6.0
simu5g_00000842,7,1,18,1128.0,,14.0
simu5g_00000842,7,1,19,888.0,,12.0
simu5g_00000842,7,1,20,808.0,,11.0
simu5g_00000842,7,1,21,984.0,,13.0
simu5g_00000842,7,1,22,1128.0,,14.0
simu5g_00000842,7,1,23,1128.0,,14.0
simu5g_00000842,7,1,24,1128.0,,14.0
simu5g_00000843,0,0,0,1160.0,,15.0
simu5g_00000843,0,0,1,1160.0,,15.0
simu5g_00000843,0,0,2,1160.0,,15.0
simu5g_00000843,0,0,3,1160.0,,15.0
simu5g_00000843,0,0,4,1160.0,,15.0
simu5g_00000843,0,0,5,1160.0,,15.0
simu5g_00000843,0,0,6,1160.0,,15.0
simu5g_00000843,0,0,7,1160.0,,15.0
simu5g_00000843,0,0,8,1160.0,,15.0
simu5g_00000843,0,0,9,1160.0,,15.0
simu5g_00000843,0,0,10,1160.0,,15.0
simu5g_00000843,0,0,11,1160.0,,15.0
simu5g_00000843,0,0,12,1160.0,,15.0
simu5g_00000843,0,0,13,1160.0,,15.0
simu5g_00000843,0,0,14,1160.0,,15.0
simu5g_00000843,0,0,15,1160.0,,15.0
simu5g_00000843,0,0,16,1160.0,,15.0
simu5g_00000843,0,0,17,1160.0,,15.0
simu5g_00000843,0,0,18,1160.0,,15.0
simu5g_00000843,0,0,19,1160.0,,15.0
simu5g_00000843,0,0,20,1160.0,,15.0
simu5g_00000843,0,0,21,1160.0,,15.0
simu5g_00000843,0,0,22,1160.0,,15.0
simu5g_00000843,0,0,23,1160.0,,15.0
simu5g_00000843,0,0,24,1160.0,,15.0
simu5g_00000843,1,1,0,1160.0,,15.0
simu5g_00000843,1,1,1,1160.0,,15.0
simu5g_00000843,1,1,2,1160.0,,15.0
simu5g_00000843,1,1,3,1160.0,,15.0
simu5g_00000843,1,1,4,1160.0,,15.0
simu5g_00000843,1,1,5,1160.0,,15.0
simu5g_00000843,1,1,6,1160.0,,15.0
simu5g_00000843,1,1,7,1160.0,,15.0
simu5g_00000843,1,1,8,1160.0,,15.0
simu5g_00000843,1,1,9,1160.0,,15.0
simu5g_00000843,1,1,10,1160.0,,15.0
simu5g_00000843,1,1,11,1160.0,,15.0
simu5g_00000843,1,1,12,1160.0,,15.0
simu5g_00000843,1,1,13,1160.0,,15.0
simu5g_00000843,1,1,14,1160.0,,15.0
simu5g_00000843,1,1,15,1160.0,,15.0
simu5g_00000843,1,1,16,1160.0,,15.0
simu5g_00000843,1,1,17,1160.0,,15.0
simu5g_00000843,1,1,18,1160.0,,15.0
simu5g_00000843,1,1,19,1160.0,,15.0
simu5g_00000843,1,1,20,1160.0,,15.0
simu5g_00000843,1,1,21,1160.0,,15.0
simu5g_00000843,1,1,22,1160.0,,15.0
simu5g_00000843,1,1,23,1160.0,,15.0
simu5g_00000843,1,1,24,1160.0,,15.0
simu5g_00000843,15,2,0,608.0,,9.0
simu5g_00000843,15,2,1,808.0,,11.0
simu5g_00000843,15,2,2,984.0,,13.0
simu5g_00000843,15,2,3,984.0,,13.0
simu5g_00000843,15,2,4,528.0,,8.0
simu5g_00000843,15,2,5,304.0,,5.0
simu5g_00000843,15,2,6,1128.0,,14.0
simu5g_00000843,15,2,7,608.0,,9.0
simu5g_00000843,15,2,8,984.0,,13.0
simu5g_00000843,15,2,9,888.0,,12.0
simu5g_00000843,15,2,10,984.0,,13.0
simu5g_00000843,15,2,11,1128.0,,14.0
simu5g_00000843,15,2,12,432.0,,7.0
simu5g_00000843,15,2,13,984.0,,13.0
simu5g_00000843,15,2,14,808.0,,11.0
simu5g_00000843,15,2,15,608.0,,9.0
simu5g_00000843,15,2,16,1128.0,,14.0
simu5g_00000843,15,2,17,984.0,,13.0
simu5g_00000843,15,2,18,984.0,,13.0
simu5g_00000843,15,2,19,888.0,,12.0
simu5g_00000843,15,2,20,1128.0,,14.0
simu5g_00000843,15,2,21,808.0,,11.0
simu5g_00000843,15,2,22,984.0,,13.0
simu5g_00000843,15,2,23,984.0,,13.0
simu5g_00000843,15,2,24,888.0,,12.0
simu5g_00000843,2,3,0,1160.0,,15.0
simu5g_00000843,2,3,1,1160.0,,15.0
simu5g_00000843,2,3,2,1160.0,,15.0
simu5g_00000843,2,3,3,1160.0,,15.0
simu5g_00000843,2,3,4,1160.0,,15.0
simu5g_00000843,2,3,5,1160.0,,15.0
simu5g_00000843,2,3,6,1160.0,,15.0
simu5g_00000843,2,3,7,1160.0,,15.0
simu5g_00000843,2,3,8,1160.0,,15.0
simu5g_00000843,2,3,9,1160.0,,15.0
simu5g_00000843,2,3,10,1160.0,,15.0
simu5g_00000843,2,3,11,1160.0,,15.0
simu5g_00000843,2,3,12,1160.0,,15.0
simu5g_00000843,2,3,13,1160.0,,15.0
simu5g_00000843,2,3,14,1160.0,,15.0
simu5g_00000843,2,3,15,1160.0,,15.0
simu5g_00000843,2,3,16,1160.0,,15.0
simu5g_00000843,2,3,17,1160.0,,15.0
simu5g_00000843,2,3,18,1160.0,,15.0
simu5g_00000843,2,3,19,1160.0,,15.0
simu5g_00000843,2,3,20,1160.0,,15.0
simu5g_00000843,2,3,21,1160.0,,15.0
simu5g_00000843,2,3,22,1160.0,,15.0
simu5g_00000843,2,3,23,1160.0,,15.0
simu5g_00000843,2,3,24,1160.0,,15.0
simu5g_00000843,3,4,0,1160.0,,15.0
simu5g_00000843,3,4,1,1160.0,,15.0
simu5g_00000843,3,4,2,1160.0,,15.0
simu5g_00000843,3,4,3,1160.0,,15.0
simu5g_00000843,3,4,4,1160.0,,15.0
simu5g_00000843,3,4,5,1160.0,,15.0
simu5g_00000843,3,4,6,1160.0,,15.0
simu5g_00000843,3,4,7,1160.0,,15.0
simu5g_00000843,3,4,8,1160.0,,15.0
simu5g_00000843,3,4,9,1160.0,,15.0
simu5g_00000843,3,4,10,1160.0,,15.0
simu5g_00000843,3,4,11,1160.0,,15.0
simu5g_00000843,3,4,12,1160.0,,15.0
simu5g_00000843,3,4,13,1160.0,,15.0
simu5g_00000843,3,4,14,1160.0,,15.0
simu5g_00000843,3,4,15,1160.0,,15.0
simu5g_00000843,3,4,16,1160.0,,15.0
simu5g_00000843,3,4,17,1160.0,,15.0
simu5g_00000843,3,4,18,1160.0,,15.0
simu5g_00000843,3,4,19,1160.0,,15.0
simu5g_00000843,3,4,20,1160.0,,15.0
simu5g_00000843,3,4,21,1160.0,,15.0
simu5g_00000843,3,4,22,1160.0,,15.0
simu5g_00000843,3,4,23,1160.0,,15.0
simu5g_00000843,3,4,24,1160.0,,15.0
simu5g_00000843,4,5,0,1160.0,,15.0
simu5g_00000843,4,5,1,1160.0,,15.0
simu5g_00000843,4,5,2,1160.0,,15.0
simu5g_00000843,4,5,3,984.0,,13.0
simu5g_00000843,4,5,4,1160.0,,15.0
simu5g_00000843,4,5,5,1160.0,,15.0
simu5g_00000843,4,5,6,1160.0,,15.0
simu5g_00000843,4,5,7,1128.0,,14.0
simu5g_00000843,4,5,8,1160.0,,15.0
simu5g_00000843,4,5,9,1160.0,,15.0
simu5g_00000843,4,5,10,1160.0,,15.0
simu5g_00000843,4,5,11,1160.0,,15.0
simu5g_00000843,4,5,12,1160.0,,15.0
simu5g_00000843,4,5,13,1160.0,,15.0
simu5g_00000843,4,5,14,1160.0,,15.0
simu5g_00000843,4,5,15,1160.0,,15.0
simu5g_00000843,4,5,16,1160.0,,15.0
simu5g_00000843,4,5,17,1160.0,,15.0
simu5g_00000843,4,5,18,1160.0,,15.0
simu5g_00000843,4,5,19,1160.0,,15.0
simu5g_00000843,4,5,20,1160.0,,15.0
simu5g_00000843,4,5,21,1160.0,,15.0
simu5g_00000843,4,5,22,1160.0,,15.0
simu5g_00000843,4,5,23,1160.0,,15.0
simu5g_00000843,4,5,24,1160.0,,15.0
simu5g_00000843,5,6,0,1160.0,,15.0
simu5g_00000843,5,6,1,1160.0,,15.0
simu5g_00000843,5,6,2,1160.0,,15.0
simu5g_00000843,5,6,3,1160.0,,15.0
simu5g_00000843,5,6,4,1160.0,,15.0
simu5g_00000843,5,6,5,1160.0,,15.0
simu5g_00000843,5,6,6,1160.0,,15.0
simu5g_00000843,5,6,7,1160.0,,15.0
simu5g_00000843,5,6,8,1160.0,,15.0
simu5g_00000843,5,6,9,1160.0,,15.0
simu5g_00000843,5,6,10,1160.0,,15.0
simu5g_00000843,5,6,11,1160.0,,15.0
simu5g_00000843,5,6,12,1160.0,,15.0
simu5g_00000843,5,6,13,1160.0,,15.0
simu5g_00000843,5,6,14,1160.0,,15.0
simu5g_00000843,5,6,15,1160.0,,15.0
simu5g_00000843,5,6,16,984.0,,13.0
simu5g_00000843,5,6,17,1160.0,,15.0
simu5g_00000843,5,6,18,1160.0,,15.0
simu5g_00000843,5,6,19,1160.0,,15.0
simu5g_00000843,5,6,20,1160.0,,15.0
simu5g_00000843,5,6,21,1160.0,,15.0
simu5g_00000843,5,6,22,1160.0,,15.0
simu5g_00000843,5,6,23,1160.0,,15.0
simu5g_00000843,5,6,24,1160.0,,15.0
simu5g_00000844,6,0,0,1160.0,,15.0
simu5g_00000844,6,0,1,1160.0,,15.0
simu5g_00000844,6,0,2,1160.0,,15.0
simu5g_00000844,6,0,3,704.0,,10.0
simu5g_00000844,6,0,4,1128.0,,14.0
simu5g_00000844,6,0,5,1160.0,,15.0
simu5g_00000844,6,0,6,1160.0,,15.0
simu5g_00000844,6,0,7,1128.0,,14.0
simu5g_00000844,6,0,8,1160.0,,15.0
simu5g_00000844,6,0,9,1128.0,,14.0
simu5g_00000844,6,0,10,1128.0,,14.0
simu5g_00000844,6,0,11,1160.0,,15.0
simu5g_00000844,6,0,12,1160.0,,15.0
simu5g_00000844,6,0,13,1128.0,,14.0
simu5g_00000844,6,0,14,1160.0,,15.0
simu5g_00000844,6,0,15,1160.0,,15.0
simu5g_00000844,6,0,16,984.0,,13.0
simu5g_00000844,6,0,17,1160.0,,15.0
simu5g_00000844,6,0,18,1160.0,,15.0
simu5g_00000844,6,0,19,1160.0,,15.0
simu5g_00000844,6,0,20,1160.0,,15.0
simu5g_00000844,6,0,21,1160.0,,15.0
simu5g_00000844,6,0,22,1160.0,,15.0
simu5g_00000844,6,0,23,1160.0,,15.0
simu5g_00000844,6,0,24,1160.0,,15.0
simu5g_00000844,7,1,0,984.0,,13.0
simu5g_00000844,7,1,1,1128.0,,14.0
simu5g_00000844,7,1,2,984.0,,13.0
simu5g_00000844,7,1,3,368.0,,6.0
simu5g_00000844,7,1,4,608.0,,9.0
simu5g_00000844,7,1,5,1128.0,,14.0
simu5g_00000844,7,1,6,808.0,,11.0
simu5g_00000844,7,1,7,1128.0,,14.0
simu5g_00000844,7,1,8,1128.0,,14.0
simu5g_00000844,7,1,9,888.0,,12.0
simu5g_00000844,7,1,10,984.0,,13.0
simu5g_00000844,7,1,11,888.0,,12.0
simu5g_00000844,7,1,12,1128.0,,14.0
simu5g_00000844,7,1,13,1128.0,,14.0
simu5g_00000844,7,1,14,888.0,,12.0
simu5g_00000844,7,1,15,984.0,,13.0
simu5g_00000844,7,1,16,888.0,,12.0
simu5g_00000844,7,1,17,368.0,,6.0
simu5g_00000844,7,1,18,1128.0,,14.0
simu5g_00000844,7,1,19,888.0,,12.0
simu5g_00000844,7,1,20,808.0,,11.0
simu5g_00000844,7,1,21,984.0,,13.0
simu5g_00000844,7,1,22,1128.0,,14.0
simu5g_00000844,7,1,23,1128.0,,14.0
simu5g_00000844,7,1,24,1128.0,,14.0
simu5g_00000845,0,0,0,1160.0,,15.0
simu5g_00000845,0,0,1,888.0,,12.0
simu5g_00000845,0,0,2,1160.0,,15.0
simu5g_00000845,0,0,3,1160.0,,15.0
simu5g_00000845,0,0,4,1160.0,,15.0
simu5g_00000845,0,0,5,1160.0,,15.0
simu5g_00000845,0,0,6,1160.0,,15.0
simu5g_00000845,0,0,7,1160.0,,15.0
simu5g_00000845,0,0,8,1128.0,,14.0
simu5g_00000845,0,0,9,1160.0,,15.0
simu5g_00000845,0,0,10,1160.0,,15.0
simu5g_00000845,0,0,11,1160.0,,15.0
simu5g_00000845,0,0,12,1160.0,,15.0
simu5g_00000845,0,0,13,1160.0,,15.0
simu5g_00000845,0,0,14,1160.0,,15.0
simu5g_00000845,0,0,15,1160.0,,15.0
simu5g_00000845,0,0,16,1160.0,,15.0
simu5g_00000845,0,0,17,1160.0,,15.0
simu5g_00000845,0,0,18,1160.0,,15.0
simu5g_00000845,0,0,19,1160.0,,15.0
simu5g_00000845,0,0,20,1160.0,,15.0
simu5g_00000845,0,0,21,1128.0,,14.0
simu5g_00000845,0,0,22,1160.0,,15.0
simu5g_00000845,0,0,23,1160.0,,15.0
simu5g_00000845,0,0,24,1160.0,,15.0
simu5g_00000845,1,1,0,1160.0,,15.0
simu5g_00000845,1,1,1,1160.0,,15.0
simu5g_00000845,1,1,2,1160.0,,15.0
simu5g_00000845,1,1,3,1160.0,,15.0
simu5g_00000845,1,1,4,1160.0,,15.0
simu5g_00000845,1,1,5,1160.0,,15.0
simu5g_00000845,1,1,6,1160.0,,15.0
simu5g_00000845,1,1,7,1160.0,,15.0
simu5g_00000845,1,1,8,1160.0,,15.0
simu5g_00000845,1,1,9,1160.0,,15.0
simu5g_00000845,1,1,10,1160.0,,15.0
simu5g_00000845,1,1,11,1160.0,,15.0
simu5g_00000845,1,1,12,1160.0,,15.0
simu5g_00000845,1,1,13,1160.0,,15.0
simu5g_00000845,1,1,14,1160.0,,15.0
simu5g_00000845,1,1,15,1160.0,,15.0
simu5g_00000845,1,1,16,1160.0,,15.0
simu5g_00000845,1,1,17,1160.0,,15.0
simu5g_00000845,1,1,18,1160.0,,15.0
simu5g_00000845,1,1,19,1160.0,,15.0
simu5g_00000845,1,1,20,1160.0,,15.0
simu5g_00000845,1,1,21,1160.0,,15.0
simu5g_00000845,1,1,22,1160.0,,15.0
simu5g_00000845,1,1,23,1160.0,,15.0
simu5g_00000845,1,1,24,1160.0,,15.0
simu5g_00000845,15,2,0,608.0,,9.0
simu5g_00000845,15,2,1,808.0,,11.0
simu5g_00000845,15,2,2,984.0,,13.0
simu5g_00000845,15,2,3,984.0,,13.0
simu5g_00000845,15,2,4,528.0,,8.0
simu5g_00000845,15,2,5,304.0,,5.0
simu5g_00000845,15,2,6,1128.0,,14.0
simu5g_00000845,15,2,7,608.0,,9.0
simu5g_00000845,15,2,8,984.0,,13.0
simu5g_00000845,15,2,9,888.0,,12.0
simu5g_00000845,15,2,10,984.0,,13.0
simu5g_00000845,15,2,11,1128.0,,14.0
simu5g_00000845,15,2,12,432.0,,7.0
simu5g_00000845,15,2,13,984.0,,13.0
simu5g_00000845,15,2,14,808.0,,11.0
simu5g_00000845,15,2,15,608.0,,9.0
simu5g_00000845,15,2,16,1128.0,,14.0
simu5g_00000845,15,2,17,888.0,,12.0
simu5g_00000845,15,2,18,984.0,,13.0
simu5g_00000845,15,2,19,888.0,,12.0
simu5g_00000845,15,2,20,1128.0,,14.0
simu5g_00000845,15,2,21,808.0,,11.0
simu5g_00000845,15,2,22,984.0,,13.0
simu5g_00000845,15,2,23,984.0,,13.0
simu5g_00000845,15,2,24,888.0,,12.0
simu5g_00000845,2,3,0,1160.0,,15.0
simu5g_00000845,2,3,1,1160.0,,15.0
simu5g_00000845,2,3,2,1160.0,,15.0
simu5g_00000845,2,3,3,1160.0,,15.0
simu5g_00000845,2,3,4,1160.0,,15.0
simu5g_00000845,2,3,5,1160.0,,15.0
simu5g_00000845,2,3,6,1160.0,,15.0
simu5g_00000845,2,3,7,1160.0,,15.0
simu5g_00000845,2,3,8,1160.0,,15.0
simu5g_00000845,2,3,9,1160.0,,15.0
simu5g_00000845,2,3,10,1160.0,,15.0
simu5g_00000845,2,3,11,1160.0,,15.0
simu5g_00000845,2,3,12,1160.0,,15.0
simu5g_00000845,2,3,13,1160.0,,15.0
simu5g_00000845,2,3,14,1160.0,,15.0
simu5g_00000845,2,3,15,1160.0,,15.0
simu5g_00000845,2,3,16,1160.0,,15.0
simu5g_00000845,2,3,17,1160.0,,15.0
simu5g_00000845,2,3,18,1160.0,,15.0
simu5g_00000845,2,3,19,1160.0,,15.0
simu5g_00000845,2,3,20,1160.0,,15.0
simu5g_00000845,2,3,21,1160.0,,15.0
simu5g_00000845,2,3,22,1160.0,,15.0
simu5g_00000845,2,3,23,1160.0,,15.0
simu5g_00000845,2,3,24,1160.0,,15.0
simu5g_00000845,3,4,0,1160.0,,15.0
simu5g_00000845,3,4,1,1160.0,,15.0
simu5g_00000845,3,4,2,1160.0,,15.0
simu5g_00000845,3,4,3,1160.0,,15.0
simu5g_00000845,3,4,4,1160.0,,15.0
simu5g_00000845,3,4,5,1160.0,,15.0
simu5g_00000845,3,4,6,1160.0,,15.0
simu5g_00000845,3,4,7,1160.0,,15.0
simu5g_00000845,3,4,8,1160.0,,15.0
simu5g_00000845,3,4,9,1160.0,,15.0
simu5g_00000845,3,4,10,1160.0,,15.0
simu5g_00000845,3,4,11,1160.0,,15.0
simu5g_00000845,3,4,12,1160.0,,15.0
simu5g_00000845,3,4,13,1160.0,,15.0
simu5g_00000845,3,4,14,1160.0,,15.0
simu5g_00000845,3,4,15,1160.0,,15.0
simu5g_00000845,3,4,16,1160.0,,15.0
simu5g_00000845,3,4,17,1160.0,,15.0
simu5g_00000845,3,4,18,1160.0,,15.0
simu5g_00000845,3,4,19,1160.0,,15.0
simu5g_00000845,3,4,20,1160.0,,15.0
simu5g_00000845,3,4,21,1160.0,,15.0
simu5g_00000845,3,4,22,1160.0,,15.0
simu5g_00000845,3,4,23,1160.0,,15.0
simu5g_00000845,3,4,24,1160.0,,15.0
simu5g_00000845,4,5,0,1160.0,,15.0
simu5g_00000845,4,5,1,1160.0,,15.0
simu5g_00000845,4,5,2,1160.0,,15.0
simu5g_00000845,4,5,3,984.0,,13.0
simu5g_00000845,4,5,4,1160.0,,15.0
simu5g_00000845,4,5,5,1160.0,,15.0
simu5g_00000845,4,5,6,1160.0,,15.0
simu5g_00000845,4,5,7,1128.0,,14.0
simu5g_00000845,4,5,8,1160.0,,15.0
simu5g_00000845,4,5,9,1160.0,,15.0
simu5g_00000845,4,5,10,1160.0,,15.0
simu5g_00000845,4,5,11,1160.0,,15.0
simu5g_00000845,4,5,12,1160.0,,15.0
simu5g_00000845,4,5,13,1160.0,,15.0
simu5g_00000845,4,5,14,1160.0,,15.0
simu5g_00000845,4,5,15,1160.0,,15.0
simu5g_00000845,4,5,16,1160.0,,15.0
simu5g_00000845,4,5,17,1160.0,,15.0
simu5g_00000845,4,5,18,1160.0,,15.0
simu5g_00000845,4,5,19,1160.0,,15.0
simu5g_00000845,4,5,20,1160.0,,15.0
simu5g_00000845,4,5,21,1160.0,,15.0
simu5g_00000845,4,5,22,1160.0,,15.0
simu5g_00000845,4,5,23,1160.0,,15.0
simu5g_00000845,4,5,24,1160.0,,15.0
simu5g_00000845,5,6,0,1160.0,,15.0
simu5g_00000845,5,6,1,1160.0,,15.0
simu5g_00000845,5,6,2,1160.0,,15.0
simu5g_00000845,5,6,3,1160.0,,15.0
simu5g_00000845,5,6,4,1160.0,,15.0
simu5g_00000845,5,6,5,1160.0,,15.0
simu5g_00000845,5,6,6,1160.0,,15.0
simu5g_00000845,5,6,7,1160.0,,15.0
simu5g_00000845,5,6,8,1160.0,,15.0
simu5g_00000845,5,6,9,1160.0,,15.0
simu5g_00000845,5,6,10,1160.0,,15.0
simu5g_00000845,5,6,11,1160.0,,15.0
simu5g_00000845,5,6,12,1160.0,,15.0
simu5g_00000845,5,6,13,1160.0,,15.0
simu5g_00000845,5,6,14,1160.0,,15.0
simu5g_00000845,5,6,15,1160.0,,15.0
simu5g_00000845,5,6,16,984.0,,13.0
simu5g_00000845,5,6,17,1160.0,,15.0
simu5g_00000845,5,6,18,1160.0,,15.0
simu5g_00000845,5,6,19,1160.0,,15.0
simu5g_00000845,5,6,20,1160.0,,15.0
simu5g_00000845,5,6,21,1160.0,,15.0
simu5g_00000845,5,6,22,1160.0,,15.0
simu5g_00000845,5,6,23,1160.0,,15.0
simu5g_00000845,5,6,24,1160.0,,15.0
simu5g_00000846,6,0,0,1160.0,,15.0
simu5g_00000846,6,0,1,1160.0,,15.0
simu5g_00000846,6,0,2,1160.0,,15.0
simu5g_00000846,6,0,3,704.0,,10.0
simu5g_00000846,6,0,4,1128.0,,14.0
simu5g_00000846,6,0,5,1160.0,,15.0
simu5g_00000846,6,0,6,1160.0,,15.0
simu5g_00000846,6,0,7,1128.0,,14.0
simu5g_00000846,6,0,8,1160.0,,15.0
simu5g_00000846,6,0,9,1128.0,,14.0
simu5g_00000846,6,0,10,1128.0,,14.0
simu5g_00000846,6,0,11,1160.0,,15.0
simu5g_00000846,6,0,12,1160.0,,15.0
simu5g_00000846,6,0,13,1128.0,,14.0
simu5g_00000846,6,0,14,1160.0,,15.0
simu5g_00000846,6,0,15,1160.0,,15.0
simu5g_00000846,6,0,16,984.0,,13.0
simu5g_00000846,6,0,17,1160.0,,15.0
simu5g_00000846,6,0,18,1160.0,,15.0
simu5g_00000846,6,0,19,1160.0,,15.0
simu5g_00000846,6,0,20,1160.0,,15.0
simu5g_00000846,6,0,21,1160.0,,15.0
simu5g_00000846,6,0,22,1160.0,,15.0
simu5g_00000846,6,0,23,1160.0,,15.0
simu5g_00000846,6,0,24,1160.0,,15.0
simu5g_00000846,7,1,0,984.0,,13.0
simu5g_00000846,7,1,1,1128.0,,14.0
simu5g_00000846,7,1,2,984.0,,13.0
simu5g_00000846,7,1,3,368.0,,6.0
simu5g_00000846,7,1,4,608.0,,9.0
simu5g_00000846,7,1,5,1128.0,,14.0
simu5g_00000846,7,1,6,808.0,,11.0
simu5g_00000846,7,1,7,1128.0,,14.0
simu5g_00000846,7,1,8,1128.0,,14.0
simu5g_00000846,7,1,9,888.0,,12.0
simu5g_00000846,7,1,10,984.0,,13.0
simu5g_00000846,7,1,11,888.0,,12.0
simu5g_00000846,7,1,12,1128.0,,14.0
simu5g_00000846,7,1,13,1128.0,,14.0
simu5g_00000846,7,1,14,888.0,,12.0
simu5g_00000846,7,1,15,984.0,,13.0
simu5g_00000846,7,1,16,888.0,,12.0
simu5g_00000846,7,1,17,368.0,,6.0
simu5g_00000846,7,1,18,1128.0,,14.0
simu5g_00000846,7,1,19,888.0,,12.0
simu5g_00000846,7,1,20,808.0,,11.0
simu5g_00000846,7,1,21,984.0,,13.0
simu5g_00000846,7,1,22,1128.0,,14.0
simu5g_00000846,7,1,23,1128.0,,14.0
simu5g_00000846,7,1,24,1128.0,,14.0
simu5g_00000847,0,0,0,1160.0,,15.0
simu5g_00000847,0,0,1,888.0,,12.0
simu5g_00000847,0,0,2,1160.0,,15.0
simu5g_00000847,0,0,3,1128.0,,14.0
simu5g_00000847,0,0,4,1160.0,,15.0
simu5g_00000847,0,0,5,1128.0,,14.0
simu5g_00000847,0,0,6,1160.0,,15.0
simu5g_00000847,0,0,7,1160.0,,15.0
simu5g_00000847,0,0,8,1128.0,,14.0
simu5g_00000847,0,0,9,1160.0,,15.0
simu5g_00000847,0,0,10,1160.0,,15.0
simu5g_00000847,0,0,11,1160.0,,15.0
simu5g_00000847,0,0,12,1160.0,,15.0
simu5g_00000847,0,0,13,1160.0,,15.0
simu5g_00000847,0,0,14,1160.0,,15.0
simu5g_00000847,0,0,15,1160.0,,15.0
simu5g_00000847,0,0,16,1160.0,,15.0
simu5g_00000847,0,0,17,1160.0,,15.0
simu5g_00000847,0,0,18,1160.0,,15.0
simu5g_00000847,0,0,19,1160.0,,15.0
simu5g_00000847,0,0,20,1160.0,,15.0
simu5g_00000847,0,0,21,1128.0,,14.0
simu5g_00000847,0,0,22,1160.0,,15.0
simu5g_00000847,0,0,23,1160.0,,15.0
simu5g_00000847,0,0,24,1160.0,,15.0
simu5g_00000847,1,1,0,1160.0,,15.0
simu5g_00000847,1,1,1,1160.0,,15.0
simu5g_00000847,1,1,2,1160.0,,15.0
simu5g_00000847,1,1,3,1160.0,,15.0
simu5g_00000847,1,1,4,1160.0,,15.0
simu5g_00000847,1,1,5,1160.0,,15.0
simu5g_00000847,1,1,6,1160.0,,15.0
simu5g_00000847,1,1,7,1160.0,,15.0
simu5g_00000847,1,1,8,1160.0,,15.0
simu5g_00000847,1,1,9,1160.0,,15.0
simu5g_00000847,1,1,10,1160.0,,15.0
simu5g_00000847,1,1,11,1160.0,,15.0
simu5g_00000847,1,1,12,1160.0,,15.0
simu5g_00000847,1,1,13,1160.0,,15.0
simu5g_00000847,1,1,14,1160.0,,15.0
simu5g_00000847,1,1,15,1160.0,,15.0
simu5g_00000847,1,1,16,1160.0,,15.0
simu5g_00000847,1,1,17,1160.0,,15.0
simu5g_00000847,1,1,18,1160.0,,15.0
simu5g_00000847,1,1,19,1160.0,,15.0
simu5g_00000847,1,1,20,1160.0,,15.0
simu5g_00000847,1,1,21,1160.0,,15.0
simu5g_00000847,1,1,22,1160.0,,15.0
simu5g_00000847,1,1,23,1160.0,,15.0
simu5g_00000847,1,1,24,1160.0,,15.0
simu5g_00000847,15,2,0,304.0,,5.0
simu5g_00000847,15,2,1,368.0,,6.0
simu5g_00000847,15,2,2,528.0,,8.0
simu5g_00000847,15,2,3,528.0,,8.0
simu5g_00000847,15,2,4,224.0,,4.0
simu5g_00000847,15,2,5,56.0,,2.0
simu5g_00000847,15,2,6,704.0,,10.0
simu5g_00000847,15,2,7,304.0,,5.0
simu5g_00000847,15,2,8,608.0,,9.0
simu5g_00000847,15,2,9,368.0,,6.0
simu5g_00000847,15,2,10,528.0,,8.0
simu5g_00000847,15,2,11,808.0,,11.0
simu5g_00000847,15,2,12,136.0,,3.0
simu5g_00000847,15,2,13,528.0,,8.0
simu5g_00000847,15,2,14,368.0,,6.0
simu5g_00000847,15,2,15,304.0,,5.0
simu5g_00000847,15,2,16,608.0,,9.0
simu5g_00000847,15,2,17,432.0,,7.0
simu5g_00000847,15,2,18,528.0,,8.0
simu5g_00000847,15,2,19,368.0,,6.0
simu5g_00000847,15,2,20,704.0,,10.0
simu5g_00000847,15,2,21,368.0,,6.0
simu5g_00000847,15,2,22,528.0,,8.0
simu5g_00000847,15,2,23,528.0,,8.0
simu5g_00000847,15,2,24,368.0,,6.0
simu5g_00000847,2,3,0,1160.0,,15.0
simu5g_00000847,2,3,1,1160.0,,15.0
simu5g_00000847,2,3,2,1160.0,,15.0
simu5g_00000847,2,3,3,1160.0,,15.0
simu5g_00000847,2,3,4,1160.0,,15.0
simu5g_00000847,2,3,5,1160.0,,15.0
simu5g_00000847,2,3,6,1160.0,,15.0
simu5g_00000847,2,3,7,1160.0,,15.0
simu5g_00000847,2,3,8,1160.0,,15.0
simu5g_00000847,2,3,9,1160.0,,15.0
simu5g_00000847,2,3,10,1160.0,,15.0
simu5g_00000847,2,3,11,1160.0,,15.0
simu5g_00000847,2,3,12,1160.0,,15.0
simu5g_00000847,2,3,13,1160.0,,15.0
simu5g_00000847,2,3,14,1160.0,,15.0
simu5g_00000847,2,3,15,1160.0,,15.0
simu5g_00000847,2,3,16,1160.0,,15.0
simu5g_00000847,2,3,17,1160.0,,15.0
simu5g_00000847,2,3,18,1160.0,,15.0
simu5g_00000847,2,3,19,1160.0,,15.0
simu5g_00000847,2,3,20,1160.0,,15.0
simu5g_00000847,2,3,21,1160.0,,15.0
simu5g_00000847,2,3,22,1160.0,,15.0
simu5g_00000847,2,3,23,1160.0,,15.0
simu5g_00000847,2,3,24,1160.0,,15.0
simu5g_00000847,3,4,0,1160.0,,15.0
simu5g_00000847,3,4,1,1160.0,,15.0
simu5g_00000847,3,4,2,1160.0,,15.0
simu5g_00000847,3,4,3,1160.0,,15.0
simu5g_00000847,3,4,4,1160.0,,15.0
simu5g_00000847,3,4,5,1160.0,,15.0
simu5g_00000847,3,4,6,1160.0,,15.0
simu5g_00000847,3,4,7,1160.0,,15.0
simu5g_00000847,3,4,8,1160.0,,15.0
simu5g_00000847,3,4,9,1160.0,,15.0
simu5g_00000847,3,4,10,1160.0,,15.0
simu5g_00000847,3,4,11,1160.0,,15.0
simu5g_00000847,3,4,12,1160.0,,15.0
simu5g_00000847,3,4,13,1160.0,,15.0
simu5g_00000847,3,4,14,1160.0,,15.0
simu5g_00000847,3,4,15,1160.0,,15.0
simu5g_00000847,3,4,16,1160.0,,15.0
simu5g_00000847,3,4,17,1160.0,,15.0
simu5g_00000847,3,4,18,1160.0,,15.0
simu5g_00000847,3,4,19,1160.0,,15.0
simu5g_00000847,3,4,20,1160.0,,15.0
simu5g_00000847,3,4,21,1160.0,,15.0
simu5g_00000847,3,4,22,1160.0,,15.0
simu5g_00000847,3,4,23,1160.0,,15.0
simu5g_00000847,3,4,24,1160.0,,15.0
simu5g_00000847,4,5,0,1160.0,,15.0
simu5g_00000847,4,5,1,1160.0,,15.0
simu5g_00000847,4,5,2,1160.0,,15.0
simu5g_00000847,4,5,3,984.0,,13.0
simu5g_00000847,4,5,4,1160.0,,15.0
simu5g_00000847,4,5,5,1160.0,,15.0
simu5g_00000847,4,5,6,1160.0,,15.0
simu5g_00000847,4,5,7,1128.0,,14.0
simu5g_00000847,4,5,8,1160.0,,15.0
simu5g_00000847,4,5,9,1160.0,,15.0
simu5g_00000847,4,5,10,1160.0,,15.0
simu5g_00000847,4,5,11,1160.0,,15.0
simu5g_00000847,4,5,12,1160.0,,15.0
simu5g_00000847,4,5,13,1160.0,,15.0
simu5g_00000847,4,5,14,1160.0,,15.0
simu5g_00000847,4,5,15,1160.0,,15.0
simu5g_00000847,4,5,16,1160.0,,15.0
simu5g_00000847,4,5,17,1160.0,,15.0
simu5g_00000847,4,5,18,1160.0,,15.0
simu5g_00000847,4,5,19,1160.0,,15.0
simu5g_00000847,4,5,20,1160.0,,15.0
simu5g_00000847,4,5,21,1160.0,,15.0
simu5g_00000847,4,5,22,1160.0,,15.0
simu5g_00000847,4,5,23,1160.0,,15.0
simu5g_00000847,4,5,24,1160.0,,15.0
simu5g_00000847,5,6,0,1160.0,,15.0
simu5g_00000847,5,6,1,1160.0,,15.0
simu5g_00000847,5,6,2,1160.0,,15.0
simu5g_00000847,5,6,3,1160.0,,15.0
simu5g_00000847,5,6,4,1160.0,,15.0
simu5g_00000847,5,6,5,1160.0,,15.0
simu5g_00000847,5,6,6,1160.0,,15.0
simu5g_00000847,5,6,7,1160.0,,15.0
simu5g_00000847,5,6,8,1160.0,,15.0
simu5g_00000847,5,6,9,1160.0,,15.0
simu5g_00000847,5,6,10,1160.0,,15.0
simu5g_00000847,5,6,11,1160.0,,15.0
simu5g_00000847,5,6,12,1160.0,,15.0
simu5g_00000847,5,6,13,1160.0,,15.0
simu5g_00000847,5,6,14,1160.0,,15.0
simu5g_00000847,5,6,15,1160.0,,15.0
simu5g_00000847,5,6,16,984.0,,13.0
simu5g_00000847,5,6,17,1160.0,,15.0
simu5g_00000847,5,6,18,1160.0,,15.0
simu5g_00000847,5,6,19,1160.0,,15.0
simu5g_00000847,5,6,20,1160.0,,15.0
simu5g_00000847,5,6,21,1160.0,,15.0
simu5g_00000847,5,6,22,1160.0,,15.0
simu5g_00000847,5,6,23,1160.0,,15.0
simu5g_00000847,5,6,24,1160.0,,15.0
simu5g_00000848,6,0,0,1160.0,,15.0
simu5g_00000848,6,0,1,1160.0,,15.0
simu5g_00000848,6,0,2,1160.0,,15.0
simu5g_00000848,6,0,3,808.0,,11.0
simu5g_00000848,6,0,4,1128.0,,14.0
simu5g_00000848,6,0,5,1160.0,,15.0
simu5g_00000848,6,0,6,1160.0,,15.0
simu5g_00000848,6,0,7,1160.0,,15.0
simu5g_00000848,6,0,8,1160.0,,15.0
simu5g_00000848,6,0,9,1128.0,,14.0
simu5g_00000848,6,0,10,1128.0,,14.0
simu5g_00000848,6,0,11,1160.0,,15.0
simu5g_00000848,6,0,12,1160.0,,15.0
simu5g_00000848,6,0,13,1128.0,,14.0
simu5g_00000848,6,0,14,1160.0,,15.0
simu5g_00000848,6,0,15,1160.0,,15.0
simu5g_00000848,6,0,16,984.0,,13.0
simu5g_00000848,6,0,17,1160.0,,15.0
simu5g_00000848,6,0,18,1160.0,,15.0
simu5g_00000848,6,0,19,1160.0,,15.0
simu5g_00000848,6,0,20,1160.0,,15.0
simu5g_00000848,6,0,21,1160.0,,15.0
simu5g_00000848,6,0,22,1160.0,,15.0
simu5g_00000848,6,0,23,1160.0,,15.0
simu5g_00000848,6,0,24,1160.0,,15.0
simu5g_00000848,7,1,0,984.0,,13.0
simu5g_00000848,7,1,1,1128.0,,14.0
simu5g_00000848,7,1,2,984.0,,13.0
simu5g_00000848,7,1,3,368.0,,6.0
simu5g_00000848,7,1,4,608.0,,9.0
simu5g_00000848,7,1,5,1128.0,,14.0
simu5g_00000848,7,1,6,808.0,,11.0
simu5g_00000848,7,1,7,1128.0,,14.0
simu5g_00000848,7,1,8,1128.0,,14.0
simu5g_00000848,7,1,9,888.0,,12.0
simu5g_00000848,7,1,10,984.0,,13.0
simu5g_00000848,7,1,11,888.0,,12.0
simu5g_00000848,7,1,12,1128.0,,14.0
simu5g_00000848,7,1,13,1128.0,,14.0
simu5g_00000848,7,1,14,888.0,,12.0
simu5g_00000848,7,1,15,984.0,,13.0
simu5g_00000848,7,1,16,984.0,,13.0
simu5g_00000848,7,1,17,368.0,,6.0
simu5g_00000848,7,1,18,1128.0,,14.0
simu5g_00000848,7,1,19,888.0,,12.0
simu5g_00000848,7,1,20,808.0,,11.0
simu5g_00000848,7,1,21,984.0,,13.0
simu5g_00000848,7,1,22,1128.0,,14.0
simu5g_00000848,7,1,23,1128.0,,14.0
simu5g_00000848,7,1,24,1128.0,,14.0
simu5g_00000849,0,0,0,1160.0,,15.0
simu5g_00000849,0,0,1,888.0,,12.0
simu5g_00000849,0,0,2,1160.0,,15.0
simu5g_00000849,0,0,3,1128.0,,14.0
simu5g_00000849,0,0,4,1160.0,,15.0
simu5g_00000849,0,0,5,1128.0,,14.0
simu5g_00000849,0,0,6,1160.0,,15.0
simu5g_00000849,0,0,7,1160.0,,15.0
simu5g_00000849,0,0,8,1128.0,,14.0
simu5g_00000849,0,0,9,1160.0,,15.0
simu5g_00000849,0,0,10,1160.0,,15.0
simu5g_00000849,0,0,11,1160.0,,15.0
simu5g_00000849,0,0,12,1160.0,,15.0
simu5g_00000849,0,0,13,1160.0,,15.0
simu5g_00000849,0,0,14,1160.0,,15.0
simu5g_00000849,0,0,15,1160.0,,15.0
simu5g_00000849,0,0,16,1160.0,,15.0
simu5g_00000849,0,0,17,1160.0,,15.0
simu5g_00000849,0,0,18,1160.0,,15.0
simu5g_00000849,0,0,19,1160.0,,15.0
simu5g_00000849,0,0,20,1160.0,,15.0
simu5g_00000849,0,0,21,1128.0,,14.0
simu5g_00000849,0,0,22,1160.0,,15.0
simu5g_00000849,0,0,23,1160.0,,15.0
simu5g_00000849,0,0,24,1160.0,,15.0
simu5g_00000849,1,1,0,1160.0,,15.0
simu5g_00000849,1,1,1,1160.0,,15.0
simu5g_00000849,1,1,2,1160.0,,15.0
simu5g_00000849,1,1,3,1160.0,,15.0
simu5g_00000849,1,1,4,1160.0,,15.0
simu5g_00000849,1,1,5,1160.0,,15.0
simu5g_00000849,1,1,6,1160.0,,15.0
simu5g_00000849,1,1,7,1160.0,,15.0
simu5g_00000849,1,1,8,1160.0,,15.0
simu5g_00000849,1,1,9,1160.0,,15.0
simu5g_00000849,1,1,10,1160.0,,15.0
simu5g_00000849,1,1,11,1160.0,,15.0
simu5g_00000849,1,1,12,1160.0,,15.0
simu5g_00000849,1,1,13,1160.0,,15.0
simu5g_00000849,1,1,14,1160.0,,15.0
simu5g_00000849,1,1,15,1160.0,,15.0
simu5g_00000849,1,1,16,1160.0,,15.0
simu5g_00000849,1,1,17,1160.0,,15.0
simu5g_00000849,1,1,18,1160.0,,15.0
simu5g_00000849,1,1,19,1160.0,,15.0
simu5g_00000849,1,1,20,1160.0,,15.0
simu5g_00000849,1,1,21,1160.0,,15.0
simu5g_00000849,1,1,22,1160.0,,15.0
simu5g_00000849,1,1,23,1160.0,,15.0
simu5g_00000849,1,1,24,1160.0,,15.0
simu5g_00000849,15,2,0,304.0,,5.0
simu5g_00000849,15,2,1,368.0,,6.0
simu5g_00000849,15,2,2,528.0,,8.0
simu5g_00000849,15,2,3,528.0,,8.0
simu5g_00000849,15,2,4,224.0,,4.0
simu5g_00000849,15,2,5,56.0,,2.0
simu5g_00000849,15,2,6,704.0,,10.0
simu5g_00000849,15,2,7,304.0,,5.0
simu5g_00000849,15,2,8,608.0,,9.0
simu5g_00000849,15,2,9,368.0,,6.0
simu5g_00000849,15,2,10,528.0,,8.0
simu5g_00000849,15,2,11,808.0,,11.0
simu5g_00000849,15,2,12,136.0,,3.0
simu5g_00000849,15,2,13,528.0,,8.0
simu5g_00000849,15,2,14,368.0,,6.0
simu5g_00000849,15,2,15,304.0,,5.0
simu5g_00000849,15,2,16,608.0,,9.0
simu5g_00000849,15,2,17,432.0,,7.0
simu5g_00000849,15,2,18,528.0,,8.0
simu5g_00000849,15,2,19,368.0,,6.0
simu5g_00000849,15,2,20,704.0,,10.0
simu5g_00000849,15,2,21,368.0,,6.0
simu5g_00000849,15,2,22,528.0,,8.0
simu5g_00000849,15,2,23,528.0,,8.0
simu5g_00000849,15,2,24,368.0,,6.0
simu5g_00000849,2,3,0,1160.0,,15.0
simu5g_00000849,2,3,1,1160.0,,15.0
simu5g_00000849,2,3,2,1160.0,,15.0
simu5g_00000849,2,3,3,1160.0,,15.0
simu5g_00000849,2,3,4,1160.0,,15.0
simu5g_00000849,2,3,5,1160.0,,15.0
simu5g_00000849,2,3,6,1160.0,,15.0
simu5g_00000849,2,3,7,1160.0,,15.0
simu5g_00000849,2,3,8,1160.0,,15.0
simu5g_00000849,2,3,9,1160.0,,15.0
simu5g_00000849,2,3,10,1160.0,,15.0
simu5g_00000849,2,3,11,1160.0,,15.0
simu5g_00000849,2,3,12,1160.0,,15.0
simu5g_00000849,2,3,13,1160.0,,15.0
simu5g_00000849,2,3,14,1160.0,,15.0
simu5g_00000849,2,3,15,1160.0,,15.0
simu5g_00000849,2,3,16,1160.0,,15.0
simu5g_00000849,2,3,17,1160.0,,15.0
simu5g_00000849,2,3,18,1160.0,,15.0
simu5g_00000849,2,3,19,1160.0,,15.0
simu5g_00000849,2,3,20,1160.0,,15.0
simu5g_00000849,2,3,21,1160.0,,15.0
simu5g_00000849,2,3,22,1160.0,,15.0
simu5g_00000849,2,3,23,1160.0,,15.0
simu5g_00000849,2,3,24,1160.0,,15.0
simu5g_00000849,3,4,0,1160.0,,15.0
simu5g_00000849,3,4,1,1160.0,,15.0
simu5g_00000849,3,4,2,1160.0,,15.0
simu5g_00000849,3,4,3,1160.0,,15.0
simu5g_00000849,3,4,4,1160.0,,15.0
simu5g_00000849,3,4,5,1160.0,,15.0
simu5g_00000849,3,4,6,1160.0,,15.0
simu5g_00000849,3,4,7,1160.0,,15.0
simu5g_00000849,3,4,8,1160.0,,15.0
simu5g_00000849,3,4,9,1160.0,,15.0
simu5g_00000849,3,4,10,1160.0,,15.0
simu5g_00000849,3,4,11,1160.0,,15.0
simu5g_00000849,3,4,12,1160.0,,15.0
simu5g_00000849,3,4,13,1160.0,,15.0
simu5g_00000849,3,4,14,1160.0,,15.0
simu5g_00000849,3,4,15,1160.0,,15.0
simu5g_00000849,3,4,16,1160.0,,15.0
simu5g_00000849,3,4,17,1160.0,,15.0
simu5g_00000849,3,4,18,1160.0,,15.0
simu5g_00000849,3,4,19,1160.0,,15.0
simu5g_00000849,3,4,20,1160.0,,15.0
simu5g_00000849,3,4,21,1160.0,,15.0
simu5g_00000849,3,4,22,1160.0,,15.0
simu5g_00000849,3,4,23,1160.0,,15.0
simu5g_00000849,3,4,24,1160.0,,15.0
simu5g_00000849,4,5,0,1160.0,,15.0
simu5g_00000849,4,5,1,1160.0,,15.0
simu5g_00000849,4,5,2,1160.0,,15.0
simu5g_00000849,4,5,3,984.0,,13.0
simu5g_00000849,4,5,4,1160.0,,15.0
simu5g_00000849,4,5,5,1160.0,,15.0
simu5g_00000849,4,5,6,1160.0,,15.0
simu5g_00000849,4,5,7,1128.0,,14.0
simu5g_00000849,4,5,8,1160.0,,15.0
simu5g_00000849,4,5,9,1160.0,,15.0
simu5g_00000849,4,5,10,1160.0,,15.0
simu5g_00000849,4,5,11,1160.0,,15.0
simu5g_00000849,4,5,12,1160.0,,15.0
simu5g_00000849,4,5,13,1160.0,,15.0
simu5g_00000849,4,5,14,1160.0,,15.0
simu5g_00000849,4,5,15,1160.0,,15.0
simu5g_00000849,4,5,16,1160.0,,15.0
simu5g_00000849,4,5,17,1160.0,,15.0
simu5g_00000849,4,5,18,1160.0,,15.0
simu5g_00000849,4,5,19,1160.0,,15.0
simu5g_00000849,4,5,20,1160.0,,15.0
simu5g_00000849,4,5,21,1160.0,,15.0
simu5g_00000849,4,5,22,1160.0,,15.0
simu5g_00000849,4,5,23,1160.0,,15.0
simu5g_00000849,4,5,24,1160.0,,15.0
simu5g_00000849,5,6,0,1160.0,,15.0
simu5g_00000849,5,6,1,1160.0,,15.0
simu5g_00000849,5,6,2,1160.0,,15.0
simu5g_00000849,5,6,3,1160.0,,15.0
simu5g_00000849,5,6,4,1160.0,,15.0
simu5g_00000849,5,6,5,1160.0,,15.0
simu5g_00000849,5,6,6,1160.0,,15.0
simu5g_00000849,5,6,7,1160.0,,15.0
simu5g_00000849,5,6,8,1160.0,,15.0
simu5g_00000849,5,6,9,1160.0,,15.0
simu5g_00000849,5,6,10,1160.0,,15.0
simu5g_00000849,5,6,11,1160.0,,15.0
simu5g_00000849,5,6,12,1160.0,,15.0
simu5g_00000849,5,6,13,1160.0,,15.0
simu5g_00000849,5,6,14,1160.0,,15.0
simu5g_00000849,5,6,15,1160.0,,15.0
simu5g_00000849,5,6,16,984.0,,13.0
simu5g_00000849,5,6,17,1160.0,,15.0
simu5g_00000849,5,6,18,1160.0,,15.0
simu5g_00000849,5,6,19,1160.0,,15.0
simu5g_00000849,5,6,20,1160.0,,15.0
simu5g_00000849,5,6,21,1160.0,,15.0
simu5g_00000849,5,6,22,1160.0,,15.0
simu5g_00000849,5,6,23,1160.0,,15.0
simu5g_00000849,5,6,24,1160.0,,15.0
simu5g_00000850,6,0,0,1160.0,,15.0
simu5g_00000850,6,0,1,1160.0,,15.0
simu5g_00000850,6,0,2,1160.0,,15.0
simu5g_00000850,6,0,3,808.0,,11.0
simu5g_00000850,6,0,4,1128.0,,14.0
simu5g_00000850,6,0,5,1160.0,,15.0
simu5g_00000850,6,0,6,1160.0,,15.0
simu5g_00000850,6,0,7,1160.0,,15.0
simu5g_00000850,6,0,8,1160.0,,15.0
simu5g_00000850,6,0,9,1128.0,,14.0
simu5g_00000850,6,0,10,1128.0,,14.0
simu5g_00000850,6,0,11,1160.0,,15.0
simu5g_00000850,6,0,12,1160.0,,15.0
simu5g_00000850,6,0,13,1128.0,,14.0
simu5g_00000850,6,0,14,1160.0,,15.0
simu5g_00000850,6,0,15,1160.0,,15.0
simu5g_00000850,6,0,16,984.0,,13.0
simu5g_00000850,6,0,17,1160.0,,15.0
simu5g_00000850,6,0,18,1160.0,,15.0
simu5g_00000850,6,0,19,1160.0,,15.0
simu5g_00000850,6,0,20,1160.0,,15.0
simu5g_00000850,6,0,21,1160.0,,15.0
simu5g_00000850,6,0,22,1160.0,,15.0
simu5g_00000850,6,0,23,1160.0,,15.0
simu5g_00000850,6,0,24,1160.0,,15.0
simu5g_00000850,7,1,0,704.0,,10.0
simu5g_00000850,7,1,1,984.0,,13.0
simu5g_00000850,7,1,2,704.0,,10.0
simu5g_00000850,7,1,3,224.0,,4.0
simu5g_00000850,7,1,4,368.0,,6.0
simu5g_00000850,7,1,5,984.0,,13.0
simu5g_00000850,7,1,6,432.0,,7.0
simu5g_00000850,7,1,7,888.0,,12.0
simu5g_00000850,7,1,8,984.0,,13.0
simu5g_00000850,7,1,9,608.0,,9.0
simu5g_00000850,7,1,10,608.0,,9.0
simu5g_00000850,7,1,11,608.0,,9.0
simu5g_00000850,7,1,12,888.0,,12.0
simu5g_00000850,7,1,13,984.0,,13.0
simu5g_00000850,7,1,14,608.0,,9.0
simu5g_00000850,7,1,15,808.0,,11.0
simu5g_00000850,7,1,16,608.0,,9.0
simu5g_00000850,7,1,17,224.0,,4.0
simu5g_00000850,7,1,18,984.0,,13.0
simu5g_00000850,7,1,19,608.0,,9.0
simu5g_00000850,7,1,20,528.0,,8.0
simu5g_00000850,7,1,21,608.0,,9.0
simu5g_00000850,7,1,22,888.0,,12.0
simu5g_00000850,7,1,23,984.0,,13.0
simu5g_00000850,7,1,24,888.0,,12.0
simu5g_00000851,0,0,0,1160.0,,15.0
simu5g_00000851,0,0,1,888.0,,12.0
simu5g_00000851,0,0,2,1160.0,,15.0
simu5g_00000851,0,0,3,1128.0,,14.0
simu5g_00000851,0,0,4,1160.0,,15.0
simu5g_00000851,0,0,5,1128.0,,14.0
simu5g_00000851,0,0,6,1160.0,,15.0
simu5g_00000851,0,0,7,1160.0,,15.0
simu5g_00000851,0,0,8,1128.0,,14.0
simu5g_00000851,0,0,9,1160.0,,15.0
simu5g_00000851,0,0,10,1160.0,,15.0
simu5g_00000851,0,0,11,1160.0,,15.0
simu5g_00000851,0,0,12,1160.0,,15.0
simu5g_00000851,0,0,13,1160.0,,15.0
simu5g_00000851,0,0,14,1160.0,,15.0
simu5g_00000851,0,0,15,1160.0,,15.0
simu5g_00000851,0,0,16,1160.0,,15.0
simu5g_00000851,0,0,17,1160.0,,15.0
simu5g_00000851,0,0,18,1160.0,,15.0
simu5g_00000851,0,0,19,1160.0,,15.0
simu5g_00000851,0,0,20,1160.0,,15.0
simu5g_00000851,0,0,21,1128.0,,14.0
simu5g_00000851,0,0,22,1160.0,,15.0
simu5g_00000851,0,0,23,1160.0,,15.0
simu5g_00000851,0,0,24,1160.0,,15.0
simu5g_00000851,1,1,0,1160.0,,15.0
simu5g_00000851,1,1,1,1160.0,,15.0
simu5g_00000851,1,1,2,1160.0,,15.0
simu5g_00000851,1,1,3,1160.0,,15.0
simu5g_00000851,1,1,4,1160.0,,15.0
simu5g_00000851,1,1,5,1160.0,,15.0
simu5g_00000851,1,1,6,1160.0,,15.0
simu5g_00000851,1,1,7,1160.0,,15.0
simu5g_00000851,1,1,8,1160.0,,15.0
simu5g_00000851,1,1,9,1160.0,,15.0
simu5g_00000851,1,1,10,1160.0,,15.0
simu5g_00000851,1,1,11,1160.0,,15.0
simu5g_00000851,1,1,12,1160.0,,15.0
simu5g_00000851,1,1,13,1160.0,,15.0
simu5g_00000851,1,1,14,1160.0,,15.0
simu5g_00000851,1,1,15,1160.0,,15.0
simu5g_00000851,1,1,16,1160.0,,15.0
simu5g_00000851,1,1,17,1160.0,,15.0
simu5g_00000851,1,1,18,1160.0,,15.0
simu5g_00000851,1,1,19,1160.0,,15.0
simu5g_00000851,1,1,20,1160.0,,15.0
simu5g_00000851,1,1,21,1160.0,,15.0
simu5g_00000851,1,1,22,1160.0,,15.0
simu5g_00000851,1,1,23,1160.0,,15.0
simu5g_00000851,1,1,24,1160.0,,15.0
simu5g_00000851,15,2,0,304.0,,5.0
simu5g_00000851,15,2,1,368.0,,6.0
simu5g_00000851,15,2,2,432.0,,7.0
simu5g_00000851,15,2,3,528.0,,8.0
simu5g_00000851,15,2,4,224.0,,4.0
simu5g_00000851,15,2,5,56.0,,2.0
simu5g_00000851,15,2,6,704.0,,10.0
simu5g_00000851,15,2,7,304.0,,5.0
simu5g_00000851,15,2,8,608.0,,9.0
simu5g_00000851,15,2,9,368.0,,6.0
simu5g_00000851,15,2,10,528.0,,8.0
simu5g_00000851,15,2,11,808.0,,11.0
simu5g_00000851,15,2,12,136.0,,3.0
simu5g_00000851,15,2,13,528.0,,8.0
simu5g_00000851,15,2,14,368.0,,6.0
simu5g_00000851,15,2,15,224.0,,4.0
simu5g_00000851,15,2,16,608.0,,9.0
simu5g_00000851,15,2,17,432.0,,7.0
simu5g_00000851,15,2,18,432.0,,7.0
simu5g_00000851,15,2,19,368.0,,6.0
simu5g_00000851,15,2,20,704.0,,10.0
simu5g_00000851,15,2,21,368.0,,6.0
simu5g_00000851,15,2,22,528.0,,8.0
simu5g_00000851,15,2,23,528.0,,8.0
simu5g_00000851,15,2,24,368.0,,6.0
simu5g_00000851,2,3,0,1160.0,,15.0
simu5g_00000851,2,3,1,1160.0,,15.0
simu5g_00000851,2,3,2,1160.0,,15.0
simu5g_00000851,2,3,3,1160.0,,15.0
simu5g_00000851,2,3,4,1160.0,,15.0
simu5g_00000851,2,3,5,1160.0,,15.0
simu5g_00000851,2,3,6,1160.0,,15.0
simu5g_00000851,2,3,7,1160.0,,15.0
simu5g_00000851,2,3,8,1160.0,,15.0
simu5g_00000851,2,3,9,1160.0,,15.0
simu5g_00000851,2,3,10,1160.0,,15.0
simu5g_00000851,2,3,11,1160.0,,15.0
simu5g_00000851,2,3,12,1160.0,,15.0
simu5g_00000851,2,3,13,1160.0,,15.0
simu5g_00000851,2,3,14,1160.0,,15.0
simu5g_00000851,2,3,15,1160.0,,15.0
simu5g_00000851,2,3,16,1160.0,,15.0
simu5g_00000851,2,3,17,1160.0,,15.0
simu5g_00000851,2,3,18,1160.0,,15.0
simu5g_00000851,2,3,19,1160.0,,15.0
simu5g_00000851,2,3,20,1160.0,,15.0
simu5g_00000851,2,3,21,1160.0,,15.0
simu5g_00000851,2,3,22,1160.0,,15.0
simu5g_00000851,2,3,23,1160.0,,15.0
simu5g_00000851,2,3,24,1160.0,,15.0
simu5g_00000851,3,4,0,1160.0,,15.0
simu5g_00000851,3,4,1,1160.0,,15.0
simu5g_00000851,3,4,2,1160.0,,15.0
simu5g_00000851,3,4,3,1160.0,,15.0
simu5g_00000851,3,4,4,1160.0,,15.0
simu5g_00000851,3,4,5,1160.0,,15.0
simu5g_00000851,3,4,6,1160.0,,15.0
simu5g_00000851,3,4,7,1160.0,,15.0
simu5g_00000851,3,4,8,1160.0,,15.0
simu5g_00000851,3,4,9,1160.0,,15.0
simu5g_00000851,3,4,10,1160.0,,15.0
simu5g_00000851,3,4,11,1160.0,,15.0
simu5g_00000851,3,4,12,1160.0,,15.0
simu5g_00000851,3,4,13,1160.0,,15.0
simu5g_00000851,3,4,14,1160.0,,15.0
simu5g_00000851,3,4,15,1160.0,,15.0
simu5g_00000851,3,4,16,1160.0,,15.0
simu5g_00000851,3,4,17,1160.0,,15.0
simu5g_00000851,3,4,18,1160.0,,15.0
simu5g_00000851,3,4,19,1160.0,,15.0
simu5g_00000851,3,4,20,1160.0,,15.0
simu5g_00000851,3,4,21,1160.0,,15.0
simu5g_00000851,3,4,22,1160.0,,15.0
simu5g_00000851,3,4,23,1160.0,,15.0
simu5g_00000851,3,4,24,1160.0,,15.0
simu5g_00000851,4,5,0,1160.0,,15.0
simu5g_00000851,4,5,1,1128.0,,14.0
simu5g_00000851,4,5,2,1160.0,,15.0
simu5g_00000851,4,5,3,808.0,,11.0
simu5g_00000851,4,5,4,1160.0,,15.0
simu5g_00000851,4,5,5,1160.0,,15.0
simu5g_00000851,4,5,6,1160.0,,15.0
simu5g_00000851,4,5,7,984.0,,13.0
simu5g_00000851,4,5,8,1128.0,,14.0
simu5g_00000851,4,5,9,1160.0,,15.0
simu5g_00000851,4,5,10,1160.0,,15.0
simu5g_00000851,4,5,11,1160.0,,15.0
simu5g_00000851,4,5,12,1160.0,,15.0
simu5g_00000851,4,5,13,1160.0,,15.0
simu5g_00000851,4,5,14,1160.0,,15.0
simu5g_00000851,4,5,15,1128.0,,14.0
simu5g_00000851,4,5,16,1160.0,,15.0
simu5g_00000851,4,5,17,1160.0,,15.0
simu5g_00000851,4,5,18,1160.0,,15.0
simu5g_00000851,4,5,19,1160.0,,15.0
simu5g_00000851,4,5,20,1160.0,,15.0
simu5g_00000851,4,5,21,1128.0,,14.0
simu5g_00000851,4,5,22,1160.0,,15.0
simu5g_00000851,4,5,23,1160.0,,15.0
simu5g_00000851,4,5,24,1160.0,,15.0
simu5g_00000851,5,6,0,1160.0,,15.0
simu5g_00000851,5,6,1,1160.0,,15.0
simu5g_00000851,5,6,2,1160.0,,15.0
simu5g_00000851,5,6,3,1160.0,,15.0
simu5g_00000851,5,6,4,1160.0,,15.0
simu5g_00000851,5,6,5,1160.0,,15.0
simu5g_00000851,5,6,6,1160.0,,15.0
simu5g_00000851,5,6,7,1160.0,,15.0
simu5g_00000851,5,6,8,1160.0,,15.0
simu5g_00000851,5,6,9,1160.0,,15.0
simu5g_00000851,5,6,10,1160.0,,15.0
simu5g_00000851,5,6,11,1160.0,,15.0
simu5g_00000851,5,6,12,1160.0,,15.0
simu5g_00000851,5,6,13,1160.0,,15.0
simu5g_00000851,5,6,14,1160.0,,15.0
simu5g_00000851,5,6,15,1160.0,,15.0
simu5g_00000851,5,6,16,984.0,,13.0
simu5g_00000851,5,6,17,1160.0,,15.0
simu5g_00000851,5,6,18,1160.0,,15.0
simu5g_00000851,5,6,19,1160.0,,15.0
simu5g_00000851,5,6,20,1160.0,,15.0
simu5g_00000851,5,6,21,1160.0,,15.0
simu5g_00000851,5,6,22,1160.0,,15.0
simu5g_00000851,5,6,23,1160.0,,15.0
simu5g_00000851,5,6,24,1160.0,,15.0
simu5g_00000852,6,0,0,1160.0,,15.0
simu5g_00000852,6,0,1,1160.0,,15.0
simu5g_00000852,6,0,2,1160.0,,15.0
simu5g_00000852,6,0,3,808.0,,11.0
simu5g_00000852,6,0,4,1128.0,,14.0
simu5g_00000852,6,0,5,1160.0,,15.0
simu5g_00000852,6,0,6,1160.0,,15.0
simu5g_00000852,6,0,7,1160.0,,15.0
simu5g_00000852,6,0,8,1160.0,,15.0
simu5g_00000852,6,0,9,1128.0,,14.0
simu5g_00000852,6,0,10,1128.0,,14.0
simu5g_00000852,6,0,11,1160.0,,15.0
simu5g_00000852,6,0,12,1160.0,,15.0
simu5g_00000852,6,0,13,1128.0,,14.0
simu5g_00000852,6,0,14,1160.0,,15.0
simu5g_00000852,6,0,15,1160.0,,15.0
simu5g_00000852,6,0,16,984.0,,13.0
simu5g_00000852,6,0,17,1160.0,,15.0
simu5g_00000852,6,0,18,1160.0,,15.0
simu5g_00000852,6,0,19,1160.0,,15.0
simu5g_00000852,6,0,20,1160.0,,15.0
simu5g_00000852,6,0,21,1160.0,,15.0
simu5g_00000852,6,0,22,1160.0,,15.0
simu5g_00000852,6,0,23,1160.0,,15.0
simu5g_00000852,6,0,24,1160.0,,15.0
simu5g_00000852,7,1,0,704.0,,10.0
simu5g_00000852,7,1,1,984.0,,13.0
simu5g_00000852,7,1,2,704.0,,10.0
simu5g_00000852,7,1,3,224.0,,4.0
simu5g_00000852,7,1,4,368.0,,6.0
simu5g_00000852,7,1,5,984.0,,13.0
simu5g_00000852,7,1,6,528.0,,8.0
simu5g_00000852,7,1,7,888.0,,12.0
simu5g_00000852,7,1,8,984.0,,13.0
simu5g_00000852,7,1,9,608.0,,9.0
simu5g_00000852,7,1,10,608.0,,9.0
simu5g_00000852,7,1,11,608.0,,9.0
simu5g_00000852,7,1,12,888.0,,12.0
simu5g_00000852,7,1,13,984.0,,13.0
simu5g_00000852,7,1,14,608.0,,9.0
simu5g_00000852,7,1,15,808.0,,11.0
simu5g_00000852,7,1,16,608.0,,9.0
simu5g_00000852,7,1,17,224.0,,4.0
simu5g_00000852,7,1,18,984.0,,13.0
simu5g_00000852,7,1,19,608.0,,9.0
simu5g_00000852,7,1,20,528.0,,8.0
simu5g_00000852,7,1,21,608.0,,9.0
simu5g_00000852,7,1,22,888.0,,12.0
simu5g_00000852,7,1,23,984.0,,13.0
simu5g_00000852,7,1,24,888.0,,12.0
simu5g_00000853,0,0,0,1160.0,,15.0
simu5g_00000853,0,0,1,1128.0,,14.0
simu5g_00000853,0,0,2,1160.0,,15.0
simu5g_00000853,0,0,3,1160.0,,15.0
simu5g_00000853,0,0,4,1160.0,,15.0
simu5g_00000853,0,0,5,1160.0,,15.0
simu5g_00000853,0,0,6,1160.0,,15.0
simu5g_00000853,0,0,7,1160.0,,15.0
simu5g_00000853,0,0,8,1160.0,,15.0
simu5g_00000853,0,0,9,1160.0,,15.0
simu5g_00000853,0,0,10,1160.0,,15.0
simu5g_00000853,0,0,11,1160.0,,15.0
simu5g_00000853,0,0,12,1160.0,,15.0
simu5g_00000853,0,0,13,1160.0,,15.0
simu5g_00000853,0,0,14,1160.0,,15.0
simu5g_00000853,0,0,15,1160.0,,15.0
simu5g_00000853,0,0,16,1160.0,,15.0
simu5g_00000853,0,0,17,1160.0,,15.0
simu5g_00000853,0,0,18,1160.0,,15.0
simu5g_00000853,0,0,19,1160.0,,15.0
simu5g_00000853,0,0,20,1160.0,,15.0
simu5g_00000853,0,0,21,1160.0,,15.0
simu5g_00000853,0,0,22,1160.0,,15.0
simu5g_00000853,0,0,23,1160.0,,15.0
simu5g_00000853,0,0,24,1160.0,,15.0
simu5g_00000853,1,1,0,1160.0,,15.0
simu5g_00000853,1,1,1,1160.0,,15.0
simu5g_00000853,1,1,2,1160.0,,15.0
simu5g_00000853,1,1,3,1160.0,,15.0
simu5g_00000853,1,1,4,1160.0,,15.0
simu5g_00000853,1,1,5,1160.0,,15.0
simu5g_00000853,1,1,6,1160.0,,15.0
simu5g_00000853,1,1,7,1160.0,,15.0
simu5g_00000853,1,1,8,1160.0,,15.0
simu5g_00000853,1,1,9,1160.0,,15.0
simu5g_00000853,1,1,10,1160.0,,15.0
simu5g_00000853,1,1,11,1160.0,,15.0
simu5g_00000853,1,1,12,1160.0,,15.0
simu5g_00000853,1,1,13,1160.0,,15.0
simu5g_00000853,1,1,14,1160.0,,15.0
simu5g_00000853,1,1,15,1160.0,,15.0
simu5g_00000853,1,1,16,1160.0,,15.0
simu5g_00000853,1,1,17,1160.0,,15.0
simu5g_00000853,1,1,18,1160.0,,15.0
simu5g_00000853,1,1,19,1160.0,,15.0
simu5g_00000853,1,1,20,1160.0,,15.0
simu5g_00000853,1,1,21,1160.0,,15.0
simu5g_00000853,1,1,22,1160.0,,15.0
simu5g_00000853,1,1,23,1160.0,,15.0
simu5g_00000853,1,1,24,1160.0,,15.0
simu5g_00000853,2,2,0,1160.0,,15.0
simu5g_00000853,2,2,1,1160.0,,15.0
simu5g_00000853,2,2,2,1160.0,,15.0
simu5g_00000853,2,2,3,1160.0,,15.0
simu5g_00000853,2,2,4,1160.0,,15.0
simu5g_00000853,2,2,5,1160.0,,15.0
simu5g_00000853,2,2,6,1160.0,,15.0
simu5g_00000853,2,2,7,1160.0,,15.0
simu5g_00000853,2,2,8,1160.0,,15.0
simu5g_00000853,2,2,9,1160.0,,15.0
simu5g_00000853,2,2,10,1160.0,,15.0
simu5g_00000853,2,2,11,1160.0,,15.0
simu5g_00000853,2,2,12,1160.0,,15.0
simu5g_00000853,2,2,13,1160.0,,15.0
simu5g_00000853,2,2,14,1160.0,,15.0
simu5g_00000853,2,2,15,1160.0,,15.0
simu5g_00000853,2,2,16,1160.0,,15.0
simu5g_00000853,2,2,17,1160.0,,15.0
simu5g_00000853,2,2,18,1160.0,,15.0
simu5g_00000853,2,2,19,1160.0,,15.0
simu5g_00000853,2,2,20,1160.0,,15.0
simu5g_00000853,2,2,21,1160.0,,15.0
simu5g_00000853,2,2,22,1160.0,,15.0
simu5g_00000853,2,2,23,1160.0,,15.0
simu5g_00000853,2,2,24,1160.0,,15.0
simu5g_00000853,3,3,0,1160.0,,15.0
simu5g_00000853,3,3,1,1160.0,,15.0
simu5g_00000853,3,3,2,1160.0,,15.0
simu5g_00000853,3,3,3,1160.0,,15.0
simu5g_00000853,3,3,4,1160.0,,15.0
simu5g_00000853,3,3,5,1160.0,,15.0
simu5g_00000853,3,3,6,1160.0,,15.0
simu5g_00000853,3,3,7,1160.0,,15.0
simu5g_00000853,3,3,8,1160.0,,15.0
simu5g_00000853,3,3,9,1160.0,,15.0
simu5g_00000853,3,3,10,1160.0,,15.0
simu5g_00000853,3,3,11,1160.0,,15.0
simu5g_00000853,3,3,12,1160.0,,15.0
simu5g_00000853,3,3,13,1160.0,,15.0
simu5g_00000853,3,3,14,1160.0,,15.0
simu5g_00000853,3,3,15,1160.0,,15.0
simu5g_00000853,3,3,16,1160.0,,15.0
simu5g_00000853,3,3,17,1160.0,,15.0
simu5g_00000853,3,3,18,1160.0,,15.0
simu5g_00000853,3,3,19,1160.0,,15.0
simu5g_00000853,3,3,20,1160.0,,15.0
simu5g_00000853,3,3,21,1160.0,,15.0
simu5g_00000853,3,3,22,1160.0,,15.0
simu5g_00000853,3,3,23,1160.0,,15.0
simu5g_00000853,3,3,24,1160.0,,15.0
simu5g_00000853,4,4,0,1160.0,,15.0
simu5g_00000853,4,4,1,1128.0,,14.0
simu5g_00000853,4,4,2,1160.0,,15.0
simu5g_00000853,4,4,3,808.0,,11.0
simu5g_00000853,4,4,4,1160.0,,15.0
simu5g_00000853,4,4,5,1160.0,,15.0
simu5g_00000853,4,4,6,1160.0,,15.0
simu5g_00000853,4,4,7,984.0,,13.0
simu5g_00000853,4,4,8,1128.0,,14.0
simu5g_00000853,4,4,9,1160.0,,15.0
simu5g_00000853,4,4,10,1160.0,,15.0
simu5g_00000853,4,4,11,1160.0,,15.0
simu5g_00000853,4,4,12,1160.0,,15.0
simu5g_00000853,4,4,13,1160.0,,15.0
simu5g_00000853,4,4,14,1160.0,,15.0
simu5g_00000853,4,4,15,1128.0,,14.0
simu5g_00000853,4,4,16,1160.0,,15.0
simu5g_00000853,4,4,17,1160.0,,15.0
simu5g_00000853,4,4,18,1160.0,,15.0
simu5g_00000853,4,4,19,1160.0,,15.0
simu5g_00000853,4,4,20,1160.0,,15.0
simu5g_00000853,4,4,21,1128.0,,14.0
simu5g_00000853,4,4,22,1160.0,,15.0
simu5g_00000853,4,4,23,1160.0,,15.0
simu5g_00000853,4,4,24,1160.0,,15.0
simu5g_00000853,5,5,0,1160.0,,15.0
simu5g_00000853,5,5,1,1128.0,,14.0
simu5g_00000853,5,5,2,1160.0,,15.0
simu5g_00000853,5,5,3,1128.0,,14.0
simu5g_00000853,5,5,4,1160.0,,15.0
simu5g_00000853,5,5,5,1128.0,,14.0
simu5g_00000853,5,5,6,1160.0,,15.0
simu5g_00000853,5,5,7,1160.0,,15.0
simu5g_00000853,5,5,8,1160.0,,15.0
simu5g_00000853,5,5,9,1160.0,,15.0
simu5g_00000853,5,5,10,1160.0,,15.0
simu5g_00000853,5,5,11,1160.0,,15.0
simu5g_00000853,5,5,12,1160.0,,15.0
simu5g_00000853,5,5,13,1128.0,,14.0
simu5g_00000853,5,5,14,984.0,,13.0
simu5g_00000853,5,5,15,1128.0,,14.0
simu5g_00000853,5,5,16,704.0,,10.0
simu5g_00000853,5,5,17,1160.0,,15.0
simu5g_00000853,5,5,18,1160.0,,15.0
simu5g_00000853,5,5,19,1160.0,,15.0
simu5g_00000853,5,5,20,1128.0,,14.0
simu5g_00000853,5,5,21,984.0,,13.0
simu5g_00000853,5,5,22,1160.0,,15.0
simu5g_00000853,5,5,23,1128.0,,14.0
simu5g_00000853,5,5,24,1128.0,,14.0
simu5g_00000854,15,0,0,808.0,,11.0
simu5g_00000854,15,0,1,888.0,,12.0
simu5g_00000854,15,0,2,984.0,,13.0
simu5g_00000854,15,0,3,1128.0,,14.0
simu5g_00000854,15,0,4,704.0,,10.0
simu5g_00000854,15,0,5,368.0,,6.0
simu5g_00000854,15,0,6,1128.0,,14.0
simu5g_00000854,15,0,7,888.0,,12.0
simu5g_00000854,15,0,8,1128.0,,14.0
simu5g_00000854,15,0,9,984.0,,13.0
simu5g_00000854,15,0,10,1128.0,,14.0
simu5g_00000854,15,0,11,1160.0,,15.0
simu5g_00000854,15,0,12,608.0,,9.0
simu5g_00000854,15,0,13,1128.0,,14.0
simu5g_00000854,15,0,14,888.0,,12.0
simu5g_00000854,15,0,15,808.0,,11.0
simu5g_00000854,15,0,16,1128.0,,14.0
simu5g_00000854,15,0,17,984.0,,13.0
simu5g_00000854,15,0,18,984.0,,13.0
simu5g_00000854,15,0,19,984.0,,13.0
simu5g_00000854,15,0,20,1160.0,,15.0
simu5g_00000854,15,0,21,984.0,,13.0
simu5g_00000854,15,0,22,1128.0,,14.0
simu5g_00000854,15,0,23,984.0,,13.0
simu5g_00000854,15,0,24,984.0,,13.0
simu5g_00000854,6,1,0,1160.0,,15.0
simu5g_00000854,6,1,1,1160.0,,15.0
simu5g_00000854,6,1,2,1160.0,,15.0
simu5g_00000854,6,1,3,808.0,,11.0
simu5g_00000854,6,1,4,1128.0,,14.0
simu5g_00000854,6,1,5,1160.0,,15.0
simu5g_00000854,6,1,6,1160.0,,15.0
simu5g_00000854,6,1,7,1160.0,,15.0
simu5g_00000854,6,1,8,1160.0,,15.0
simu5g_00000854,6,1,9,1128.0,,14.0
simu5g_00000854,6,1,10,1128.0,,14.0
simu5g_00000854,6,1,11,1160.0,,15.0
simu5g_00000854,6,1,12,1160.0,,15.0
simu5g_00000854,6,1,13,1128.0,,14.0
simu5g_00000854,6,1,14,1160.0,,15.0
simu5g_00000854,6,1,15,1160.0,,15.0
simu5g_00000854,6,1,16,984.0,,13.0
simu5g_00000854,6,1,17,1160.0,,15.0
simu5g_00000854,6,1,18,1160.0,,15.0
simu5g_00000854,6,1,19,1160.0,,15.0
simu5g_00000854,6,1,20,1160.0,,15.0
simu5g_00000854,6,1,21,1160.0,,15.0
simu5g_00000854,6,1,22,1160.0,,15.0
simu5g_00000854,6,1,23,1160.0,,15.0
simu5g_00000854,6,1,24,1160.0,,15.0
simu5g_00000854,7,2,0,704.0,,10.0
simu5g_00000854,7,2,1,984.0,,13.0
simu5g_00000854,7,2,2,704.0,,10.0
simu5g_00000854,7,2,3,224.0,,4.0
simu5g_00000854,7,2,4,368.0,,6.0
simu5g_00000854,7,2,5,984.0,,13.0
simu5g_00000854,7,2,6,528.0,,8.0
simu5g_00000854,7,2,7,888.0,,12.0
simu5g_00000854,7,2,8,984.0,,13.0
simu5g_00000854,7,2,9,608.0,,9.0
simu5g_00000854,7,2,10,608.0,,9.0
simu5g_00000854,7,2,11,608.0,,9.0
simu5g_00000854,7,2,12,888.0,,12.0
simu5g_00000854,7,2,13,984.0,,13.0
simu5g_00000854,7,2,14,608.0,,9.0
simu5g_00000854,7,2,15,808.0,,11.0
simu5g_00000854,7,2,16,608.0,,9.0
simu5g_00000854,7,2,17,224.0,,4.0
simu5g_00000854,7,2,18,984.0,,13.0
simu5g_00000854,7,2,19,608.0,,9.0
simu5g_00000854,7,2,20,528.0,,8.0
simu5g_00000854,7,2,21,608.0,,9.0
simu5g_00000854,7,2,22,888.0,,12.0
simu5g_00000854,7,2,23,984.0,,13.0
simu5g_00000854,7,2,24,888.0,,12.0
simu5g_00000855,0,0,0,1160.0,,15.0
simu5g_00000855,0,0,1,1128.0,,14.0
simu5g_00000855,0,0,2,1160.0,,15.0
simu5g_00000855,0,0,3,1160.0,,15.0
simu5g_00000855,0,0,4,1160.0,,15.0
simu5g_00000855,0,0,5,1160.0,,15.0
simu5g_00000855,0,0,6,1160.0,,15.0
simu5g_00000855,0,0,7,1160.0,,15.0
simu5g_00000855,0,0,8,1160.0,,15.0
simu5g_00000855,0,0,9,1160.0,,15.0
simu5g_00000855,0,0,10,1160.0,,15.0
simu5g_00000855,0,0,11,1160.0,,15.0
simu5g_00000855,0,0,12,1160.0,,15.0
simu5g_00000855,0,0,13,1160.0,,15.0
simu5g_00000855,0,0,14,1160.0,,15.0
simu5g_00000855,0,0,15,1160.0,,15.0
simu5g_00000855,0,0,16,1160.0,,15.0
simu5g_00000855,0,0,17,1160.0,,15.0
simu5g_00000855,0,0,18,1160.0,,15.0
simu5g_00000855,0,0,19,1160.0,,15.0
simu5g_00000855,0,0,20,1160.0,,15.0
simu5g_00000855,0,0,21,1160.0,,15.0
simu5g_00000855,0,0,22,1160.0,,15.0
simu5g_00000855,0,0,23,1160.0,,15.0
simu5g_00000855,0,0,24,1160.0,,15.0
simu5g_00000855,1,1,0,1160.0,,15.0
simu5g_00000855,1,1,1,1160.0,,15.0
simu5g_00000855,1,1,2,1160.0,,15.0
simu5g_00000855,1,1,3,1160.0,,15.0
simu5g_00000855,1,1,4,1160.0,,15.0
simu5g_00000855,1,1,5,1160.0,,15.0
simu5g_00000855,1,1,6,1160.0,,15.0
simu5g_00000855,1,1,7,1160.0,,15.0
simu5g_00000855,1,1,8,1160.0,,15.0
simu5g_00000855,1,1,9,1160.0,,15.0
simu5g_00000855,1,1,10,1160.0,,15.0
simu5g_00000855,1,1,11,1160.0,,15.0
simu5g_00000855,1,1,12,1160.0,,15.0
simu5g_00000855,1,1,13,1160.0,,15.0
simu5g_00000855,1,1,14,1160.0,,15.0
simu5g_00000855,1,1,15,1160.0,,15.0
simu5g_00000855,1,1,16,1160.0,,15.0
simu5g_00000855,1,1,17,1160.0,,15.0
simu5g_00000855,1,1,18,1160.0,,15.0
simu5g_00000855,1,1,19,1160.0,,15.0
simu5g_00000855,1,1,20,1160.0,,15.0
simu5g_00000855,1,1,21,1160.0,,15.0
simu5g_00000855,1,1,22,1160.0,,15.0
simu5g_00000855,1,1,23,1160.0,,15.0
simu5g_00000855,1,1,24,1160.0,,15.0
simu5g_00000855,2,2,0,1160.0,,15.0
simu5g_00000855,2,2,1,1160.0,,15.0
simu5g_00000855,2,2,2,1160.0,,15.0
simu5g_00000855,2,2,3,1160.0,,15.0
simu5g_00000855,2,2,4,1160.0,,15.0
simu5g_00000855,2,2,5,1160.0,,15.0
simu5g_00000855,2,2,6,1160.0,,15.0
simu5g_00000855,2,2,7,1160.0,,15.0
simu5g_00000855,2,2,8,1160.0,,15.0
simu5g_00000855,2,2,9,1160.0,,15.0
simu5g_00000855,2,2,10,1160.0,,15.0
simu5g_00000855,2,2,11,1160.0,,15.0
simu5g_00000855,2,2,12,1160.0,,15.0
simu5g_00000855,2,2,13,1160.0,,15.0
simu5g_00000855,2,2,14,1160.0,,15.0
simu5g_00000855,2,2,15,1160.0,,15.0
simu5g_00000855,2,2,16,1160.0,,15.0
simu5g_00000855,2,2,17,1160.0,,15.0
simu5g_00000855,2,2,18,1160.0,,15.0
simu5g_00000855,2,2,19,1160.0,,15.0
simu5g_00000855,2,2,20,1160.0,,15.0
simu5g_00000855,2,2,21,1160.0,,15.0
simu5g_00000855,2,2,22,1160.0,,15.0
simu5g_00000855,2,2,23,1160.0,,15.0
simu5g_00000855,2,2,24,1160.0,,15.0
simu5g_00000855,3,3,0,1160.0,,15.0
simu5g_00000855,3,3,1,1160.0,,15.0
simu5g_00000855,3,3,2,1160.0,,15.0
simu5g_00000855,3,3,3,1160.0,,15.0
simu5g_00000855,3,3,4,1160.0,,15.0
simu5g_00000855,3,3,5,1160.0,,15.0
simu5g_00000855,3,3,6,1160.0,,15.0
simu5g_00000855,3,3,7,1160.0,,15.0
simu5g_00000855,3,3,8,1160.0,,15.0
simu5g_00000855,3,3,9,1160.0,,15.0
simu5g_00000855,3,3,10,1160.0,,15.0
simu5g_00000855,3,3,11,1160.0,,15.0
simu5g_00000855,3,3,12,1160.0,,15.0
simu5g_00000855,3,3,13,1160.0,,15.0
simu5g_00000855,3,3,14,1160.0,,15.0
simu5g_00000855,3,3,15,1160.0,,15.0
simu5g_00000855,3,3,16,1160.0,,15.0
simu5g_00000855,3,3,17,1160.0,,15.0
simu5g_00000855,3,3,18,1160.0,,15.0
simu5g_00000855,3,3,19,1160.0,,15.0
simu5g_00000855,3,3,20,1160.0,,15.0
simu5g_00000855,3,3,21,1160.0,,15.0
simu5g_00000855,3,3,22,1160.0,,15.0
simu5g_00000855,3,3,23,1160.0,,15.0
simu5g_00000855,3,3,24,1160.0,,15.0
simu5g_00000855,4,4,0,1160.0,,15.0
simu5g_00000855,4,4,1,1128.0,,14.0
simu5g_00000855,4,4,2,1160.0,,15.0
simu5g_00000855,4,4,3,808.0,,11.0
simu5g_00000855,4,4,4,1160.0,,15.0
simu5g_00000855,4,4,5,1160.0,,15.0
simu5g_00000855,4,4,6,1160.0,,15.0
simu5g_00000855,4,4,7,984.0,,13.0
simu5g_00000855,4,4,8,1128.0,,14.0
simu5g_00000855,4,4,9,1160.0,,15.0
simu5g_00000855,4,4,10,1160.0,,15.0
simu5g_00000855,4,4,11,1160.0,,15.0
simu5g_00000855,4,4,12,1160.0,,15.0
simu5g_00000855,4,4,13,1160.0,,15.0
simu5g_00000855,4,4,14,1160.0,,15.0
simu5g_00000855,4,4,15,1128.0,,14.0
simu5g_00000855,4,4,16,1160.0,,15.0
simu5g_00000855,4,4,17,1160.0,,15.0
simu5g_00000855,4,4,18,1160.0,,15.0
simu5g_00000855,4,4,19,1160.0,,15.0
simu5g_00000855,4,4,20,1160.0,,15.0
simu5g_00000855,4,4,21,1128.0,,14.0
simu5g_00000855,4,4,22,1160.0,,15.0
simu5g_00000855,4,4,23,1160.0,,15.0
simu5g_00000855,4,4,24,1160.0,,15.0
simu5g_00000855,5,5,0,1160.0,,15.0
simu5g_00000855,5,5,1,1128.0,,14.0
simu5g_00000855,5,5,2,1160.0,,15.0
simu5g_00000855,5,5,3,1128.0,,14.0
simu5g_00000855,5,5,4,1160.0,,15.0
simu5g_00000855,5,5,5,1128.0,,14.0
simu5g_00000855,5,5,6,1160.0,,15.0
simu5g_00000855,5,5,7,1160.0,,15.0
simu5g_00000855,5,5,8,1160.0,,15.0
simu5g_00000855,5,5,9,1160.0,,15.0
simu5g_00000855,5,5,10,1160.0,,15.0
simu5g_00000855,5,5,11,1160.0,,15.0
simu5g_00000855,5,5,12,1160.0,,15.0
simu5g_00000855,5,5,13,1128.0,,14.0
simu5g_00000855,5,5,14,1128.0,,14.0
simu5g_00000855,5,5,15,1128.0,,14.0
simu5g_00000855,5,5,16,704.0,,10.0
simu5g_00000855,5,5,17,1160.0,,15.0
simu5g_00000855,5,5,18,1160.0,,15.0
simu5g_00000855,5,5,19,1160.0,,15.0
simu5g_00000855,5,5,20,1128.0,,14.0
simu5g_00000855,5,5,21,984.0,,13.0
simu5g_00000855,5,5,22,1160.0,,15.0
simu5g_00000855,5,5,23,1128.0,,14.0
simu5g_00000855,5,5,24,1128.0,,14.0
simu5g_00000856,15,0,0,808.0,,11.0
simu5g_00000856,15,0,1,888.0,,12.0
simu5g_00000856,15,0,2,984.0,,13.0
simu5g_00000856,15,0,3,1128.0,,14.0
simu5g_00000856,15,0,4,704.0,,10.0
simu5g_00000856,15,0,5,368.0,,6.0
simu5g_00000856,15,0,6,1128.0,,14.0
simu5g_00000856,15,0,7,888.0,,12.0
simu5g_00000856,15,0,8,1128.0,,14.0
simu5g_00000856,15,0,9,984.0,,13.0
simu5g_00000856,15,0,10,1128.0,,14.0
simu5g_00000856,15,0,11,1160.0,,15.0
simu5g_00000856,15,0,12,608.0,,9.0
simu5g_00000856,15,0,13,1128.0,,14.0
simu5g_00000856,15,0,14,888.0,,12.0
simu5g_00000856,15,0,15,808.0,,11.0
simu5g_00000856,15,0,16,1128.0,,14.0
simu5g_00000856,15,0,17,984.0,,13.0
simu5g_00000856,15,0,18,984.0,,13.0
simu5g_00000856,15,0,19,984.0,,13.0
simu5g_00000856,15,0,20,1160.0,,15.0
simu5g_00000856,15,0,21,984.0,,13.0
simu5g_00000856,15,0,22,1128.0,,14.0
simu5g_00000856,15,0,23,984.0,,13.0
simu5g_00000856,15,0,24,984.0,,13.0
simu5g_00000856,6,1,0,1160.0,,15.0
simu5g_00000856,6,1,1,1128.0,,14.0
simu5g_00000856,6,1,2,1160.0,,15.0
simu5g_00000856,6,1,3,608.0,,9.0
simu5g_00000856,6,1,4,1128.0,,14.0
simu5g_00000856,6,1,5,1128.0,,14.0
simu5g_00000856,6,1,6,1160.0,,15.0
simu5g_00000856,6,1,7,1128.0,,14.0
simu5g_00000856,6,1,8,1160.0,,15.0
simu5g_00000856,6,1,9,984.0,,13.0
simu5g_00000856,6,1,10,984.0,,13.0
simu5g_00000856,6,1,11,1128.0,,14.0
simu5g_00000856,6,1,12,1160.0,,15.0
simu5g_00000856,6,1,13,1128.0,,14.0
simu5g_00000856,6,1,14,1160.0,,15.0
simu5g_00000856,6,1,15,1160.0,,15.0
simu5g_00000856,6,1,16,888.0,,12.0
simu5g_00000856,6,1,17,1160.0,,15.0
simu5g_00000856,6,1,18,1160.0,,15.0
simu5g_00000856,6,1,19,1128.0,,14.0
simu5g_00000856,6,1,20,1160.0,,15.0
simu5g_00000856,6,1,21,1128.0,,14.0
simu5g_00000856,6,1,22,1160.0,,15.0
simu5g_00000856,6,1,23,1160.0,,15.0
simu5g_00000856,6,1,24,1160.0,,15.0
simu5g_00000856,7,2,0,704.0,,10.0
simu5g_00000856,7,2,1,984.0,,13.0
simu5g_00000856,7,2,2,704.0,,10.0
simu5g_00000856,7,2,3,224.0,,4.0
simu5g_00000856,7,2,4,368.0,,6.0
simu5g_00000856,7,2,5,984.0,,13.0
simu5g_00000856,7,2,6,528.0,,8.0
simu5g_00000856,7,2,7,888.0,,12.0
simu5g_00000856,7,2,8,984.0,,13.0
simu5g_00000856,7,2,9,608.0,,9.0
simu5g_00000856,7,2,10,608.0,,9.0
simu5g_00000856,7,2,11,608.0,,9.0
simu5g_00000856,7,2,12,888.0,,12.0
simu5g_00000856,7,2,13,984.0,,13.0
simu5g_00000856,7,2,14,608.0,,9.0
simu5g_00000856,7,2,15,808.0,,11.0
simu5g_00000856,7,2,16,608.0,,9.0
simu5g_00000856,7,2,17,224.0,,4.0
simu5g_00000856,7,2,18,984.0,,13.0
simu5g_00000856,7,2,19,608.0,,9.0
simu5g_00000856,7,2,20,528.0,,8.0
simu5g_00000856,7,2,21,608.0,,9.0
simu5g_00000856,7,2,22,888.0,,12.0
simu5g_00000856,7,2,23,984.0,,13.0
simu5g_00000856,7,2,24,888.0,,12.0
simu5g_00000857,0,0,0,1160.0,,15.0
simu5g_00000857,0,0,1,1128.0,,14.0
simu5g_00000857,0,0,2,1160.0,,15.0
simu5g_00000857,0,0,3,1160.0,,15.0
simu5g_00000857,0,0,4,1160.0,,15.0
simu5g_00000857,0,0,5,1160.0,,15.0
simu5g_00000857,0,0,6,1160.0,,15.0
simu5g_00000857,0,0,7,1160.0,,15.0
simu5g_00000857,0,0,8,1160.0,,15.0
simu5g_00000857,0,0,9,1160.0,,15.0
simu5g_00000857,0,0,10,1160.0,,15.0
simu5g_00000857,0,0,11,1160.0,,15.0
simu5g_00000857,0,0,12,1160.0,,15.0
simu5g_00000857,0,0,13,1160.0,,15.0
simu5g_00000857,0,0,14,1160.0,,15.0
simu5g_00000857,0,0,15,1160.0,,15.0
simu5g_00000857,0,0,16,1160.0,,15.0
simu5g_00000857,0,0,17,1160.0,,15.0
simu5g_00000857,0,0,18,1160.0,,15.0
simu5g_00000857,0,0,19,1160.0,,15.0
simu5g_00000857,0,0,20,1160.0,,15.0
simu5g_00000857,0,0,21,1160.0,,15.0
simu5g_00000857,0,0,22,1160.0,,15.0
simu5g_00000857,0,0,23,1160.0,,15.0
simu5g_00000857,0,0,24,1160.0,,15.0
simu5g_00000857,1,1,0,1160.0,,15.0
simu5g_00000857,1,1,1,1160.0,,15.0
simu5g_00000857,1,1,2,1160.0,,15.0
simu5g_00000857,1,1,3,1160.0,,15.0
simu5g_00000857,1,1,4,1160.0,,15.0
simu5g_00000857,1,1,5,1160.0,,15.0
simu5g_00000857,1,1,6,1160.0,,15.0
simu5g_00000857,1,1,7,1160.0,,15.0
simu5g_00000857,1,1,8,1160.0,,15.0
simu5g_00000857,1,1,9,1160.0,,15.0
simu5g_00000857,1,1,10,1160.0,,15.0
simu5g_00000857,1,1,11,1160.0,,15.0
simu5g_00000857,1,1,12,1160.0,,15.0
simu5g_00000857,1,1,13,1160.0,,15.0
simu5g_00000857,1,1,14,1160.0,,15.0
simu5g_00000857,1,1,15,1160.0,,15.0
simu5g_00000857,1,1,16,1160.0,,15.0
simu5g_00000857,1,1,17,1160.0,,15.0
simu5g_00000857,1,1,18,1160.0,,15.0
simu5g_00000857,1,1,19,1160.0,,15.0
simu5g_00000857,1,1,20,1160.0,,15.0
simu5g_00000857,1,1,21,1160.0,,15.0
simu5g_00000857,1,1,22,1160.0,,15.0
simu5g_00000857,1,1,23,1160.0,,15.0
simu5g_00000857,1,1,24,1160.0,,15.0
simu5g_00000857,2,2,0,1160.0,,15.0
simu5g_00000857,2,2,1,1160.0,,15.0
simu5g_00000857,2,2,2,1160.0,,15.0
simu5g_00000857,2,2,3,1160.0,,15.0
simu5g_00000857,2,2,4,1160.0,,15.0
simu5g_00000857,2,2,5,1160.0,,15.0
simu5g_00000857,2,2,6,1160.0,,15.0
simu5g_00000857,2,2,7,1160.0,,15.0
simu5g_00000857,2,2,8,1160.0,,15.0
simu5g_00000857,2,2,9,1160.0,,15.0
simu5g_00000857,2,2,10,1160.0,,15.0
simu5g_00000857,2,2,11,1160.0,,15.0
simu5g_00000857,2,2,12,1160.0,,15.0
simu5g_00000857,2,2,13,1160.0,,15.0
simu5g_00000857,2,2,14,1160.0,,15.0
simu5g_00000857,2,2,15,1160.0,,15.0
simu5g_00000857,2,2,16,1160.0,,15.0
simu5g_00000857,2,2,17,1160.0,,15.0
simu5g_00000857,2,2,18,1160.0,,15.0
simu5g_00000857,2,2,19,1160.0,,15.0
simu5g_00000857,2,2,20,1160.0,,15.0
simu5g_00000857,2,2,21,1160.0,,15.0
simu5g_00000857,2,2,22,1160.0,,15.0
simu5g_00000857,2,2,23,1160.0,,15.0
simu5g_00000857,2,2,24,1160.0,,15.0
simu5g_00000857,3,3,0,1160.0,,15.0
simu5g_00000857,3,3,1,1160.0,,15.0
simu5g_00000857,3,3,2,1160.0,,15.0
simu5g_00000857,3,3,3,1160.0,,15.0
simu5g_00000857,3,3,4,1160.0,,15.0
simu5g_00000857,3,3,5,1160.0,,15.0
simu5g_00000857,3,3,6,1160.0,,15.0
simu5g_00000857,3,3,7,1160.0,,15.0
simu5g_00000857,3,3,8,1160.0,,15.0
simu5g_00000857,3,3,9,1160.0,,15.0
simu5g_00000857,3,3,10,1160.0,,15.0
simu5g_00000857,3,3,11,1160.0,,15.0
simu5g_00000857,3,3,12,1160.0,,15.0
simu5g_00000857,3,3,13,1160.0,,15.0
simu5g_00000857,3,3,14,1160.0,,15.0
simu5g_00000857,3,3,15,1160.0,,15.0
simu5g_00000857,3,3,16,1160.0,,15.0
simu5g_00000857,3,3,17,1160.0,,15.0
simu5g_00000857,3,3,18,1160.0,,15.0
simu5g_00000857,3,3,19,1160.0,,15.0
simu5g_00000857,3,3,20,1160.0,,15.0
simu5g_00000857,3,3,21,1160.0,,15.0
simu5g_00000857,3,3,22,1160.0,,15.0
simu5g_00000857,3,3,23,1160.0,,15.0
simu5g_00000857,3,3,24,1160.0,,15.0
simu5g_00000857,4,4,0,1160.0,,15.0
simu5g_00000857,4,4,1,1128.0,,14.0
simu5g_00000857,4,4,2,1160.0,,15.0
simu5g_00000857,4,4,3,808.0,,11.0
simu5g_00000857,4,4,4,1160.0,,15.0
simu5g_00000857,4,4,5,1160.0,,15.0
simu5g_00000857,4,4,6,1160.0,,15.0
simu5g_00000857,4,4,7,984.0,,13.0
simu5g_00000857,4,4,8,1128.0,,14.0
simu5g_00000857,4,4,9,1160.0,,15.0
simu5g_00000857,4,4,10,1160.0,,15.0
simu5g_00000857,4,4,11,1160.0,,15.0
simu5g_00000857,4,4,12,1160.0,,15.0
simu5g_00000857,4,4,13,1160.0,,15.0
simu5g_00000857,4,4,14,1160.0,,15.0
simu5g_00000857,4,4,15,1128.0,,14.0
simu5g_00000857,4,4,16,1160.0,,15.0
simu5g_00000857,4,4,17,1160.0,,15.0
simu5g_00000857,4,4,18,1160.0,,15.0
simu5g_00000857,4,4,19,1160.0,,15.0
simu5g_00000857,4,4,20,1160.0,,15.0
simu5g_00000857,4,4,21,1128.0,,14.0
simu5g_00000857,4,4,22,1160.0,,15.0
simu5g_00000857,4,4,23,1160.0,,15.0
simu5g_00000857,4,4,24,1160.0,,15.0
simu5g_00000857,5,5,0,1160.0,,15.0
simu5g_00000857,5,5,1,1128.0,,14.0
simu5g_00000857,5,5,2,1160.0,,15.0
simu5g_00000857,5,5,3,1128.0,,14.0
simu5g_00000857,5,5,4,1160.0,,15.0
simu5g_00000857,5,5,5,1160.0,,15.0
simu5g_00000857,5,5,6,1160.0,,15.0
simu5g_00000857,5,5,7,1160.0,,15.0
simu5g_00000857,5,5,8,1160.0,,15.0
simu5g_00000857,5,5,9,1160.0,,15.0
simu5g_00000857,5,5,10,1160.0,,15.0
simu5g_00000857,5,5,11,1160.0,,15.0
simu5g_00000857,5,5,12,1160.0,,15.0
simu5g_00000857,5,5,13,1128.0,,14.0
simu5g_00000857,5,5,14,1128.0,,14.0
simu5g_00000857,5,5,15,1128.0,,14.0
simu5g_00000857,5,5,16,704.0,,10.0
simu5g_00000857,5,5,17,1160.0,,15.0
simu5g_00000857,5,5,18,1160.0,,15.0
simu5g_00000857,5,5,19,1160.0,,15.0
simu5g_00000857,5,5,20,1128.0,,14.0
simu5g_00000857,5,5,21,984.0,,13.0
simu5g_00000857,5,5,22,1160.0,,15.0
simu5g_00000857,5,5,23,1128.0,,14.0
simu5g_00000857,5,5,24,1128.0,,14.0
simu5g_00000858,15,0,0,808.0,,11.0
simu5g_00000858,15,0,1,888.0,,12.0
simu5g_00000858,15,0,2,984.0,,13.0
simu5g_00000858,15,0,3,1128.0,,14.0
simu5g_00000858,15,0,4,704.0,,10.0
simu5g_00000858,15,0,5,368.0,,6.0
simu5g_00000858,15,0,6,1128.0,,14.0
simu5g_00000858,15,0,7,888.0,,12.0
simu5g_00000858,15,0,8,1128.0,,14.0
simu5g_00000858,15,0,9,984.0,,13.0
simu5g_00000858,15,0,10,1128.0,,14.0
simu5g_00000858,15,0,11,1160.0,,15.0
simu5g_00000858,15,0,12,608.0,,9.0
simu5g_00000858,15,0,13,1128.0,,14.0
simu5g_00000858,15,0,14,888.0,,12.0
simu5g_00000858,15,0,15,808.0,,11.0
simu5g_00000858,15,0,16,1128.0,,14.0
simu5g_00000858,15,0,17,984.0,,13.0
simu5g_00000858,15,0,18,984.0,,13.0
simu5g_00000858,15,0,19,984.0,,13.0
simu5g_00000858,15,0,20,1160.0,,15.0
simu5g_00000858,15,0,21,984.0,,13.0
simu5g_00000858,15,0,22,1128.0,,14.0
simu5g_00000858,15,0,23,984.0,,13.0
simu5g_00000858,15,0,24,984.0,,13.0
simu5g_00000858,6,1,0,1160.0,,15.0
simu5g_00000858,6,1,1,1128.0,,14.0
simu5g_00000858,6,1,2,1160.0,,15.0
simu5g_00000858,6,1,3,608.0,,9.0
simu5g_00000858,6,1,4,1128.0,,14.0
simu5g_00000858,6,1,5,1128.0,,14.0
simu5g_00000858,6,1,6,1160.0,,15.0
simu5g_00000858,6,1,7,1128.0,,14.0
simu5g_00000858,6,1,8,1160.0,,15.0
simu5g_00000858,6,1,9,984.0,,13.0
simu5g_00000858,6,1,10,984.0,,13.0
simu5g_00000858,6,1,11,1128.0,,14.0
simu5g_00000858,6,1,12,1160.0,,15.0
simu5g_00000858,6,1,13,1128.0,,14.0
simu5g_00000858,6,1,14,1160.0,,15.0
simu5g_00000858,6,1,15,1160.0,,15.0
simu5g_00000858,6,1,16,888.0,,12.0
simu5g_00000858,6,1,17,1160.0,,15.0
simu5g_00000858,6,1,18,1160.0,,15.0
simu5g_00000858,6,1,19,1128.0,,14.0
simu5g_00000858,6,1,20,1160.0,,15.0
simu5g_00000858,6,1,21,1128.0,,14.0
simu5g_00000858,6,1,22,1160.0,,15.0
simu5g_00000858,6,1,23,1160.0,,15.0
simu5g_00000858,6,1,24,1160.0,,15.0
simu5g_00000858,7,2,0,704.0,,10.0
simu5g_00000858,7,2,1,984.0,,13.0
simu5g_00000858,7,2,2,704.0,,10.0
simu5g_00000858,7,2,3,224.0,,4.0
simu5g_00000858,7,2,4,368.0,,6.0
simu5g_00000858,7,2,5,984.0,,13.0
simu5g_00000858,7,2,6,528.0,,8.0
simu5g_00000858,7,2,7,984.0,,13.0
simu5g_00000858,7,2,8,984.0,,13.0
simu5g_00000858,7,2,9,608.0,,9.0
simu5g_00000858,7,2,10,608.0,,9.0
simu5g_00000858,7,2,11,608.0,,9.0
simu5g_00000858,7,2,12,984.0,,13.0
simu5g_00000858,7,2,13,984.0,,13.0
simu5g_00000858,7,2,14,608.0,,9.0
simu5g_00000858,7,2,15,808.0,,11.0
simu5g_00000858,7,2,16,608.0,,9.0
simu5g_00000858,7,2,17,224.0,,4.0
simu5g_00000858,7,2,18,984.0,,13.0
simu5g_00000858,7,2,19,608.0,,9.0
simu5g_00000858,7,2,20,528.0,,8.0
simu5g_00000858,7,2,21,608.0,,9.0
simu5g_00000858,7,2,22,984.0,,13.0
simu5g_00000858,7,2,23,984.0,,13.0
simu5g_00000858,7,2,24,888.0,,12.0
simu5g_00000859,0,0,0,1160.0,,15.0
simu5g_00000859,0,0,1,1128.0,,14.0
simu5g_00000859,0,0,2,1160.0,,15.0
simu5g_00000859,0,0,3,1160.0,,15.0
simu5g_00000859,0,0,4,1160.0,,15.0
simu5g_00000859,0,0,5,1160.0,,15.0
simu5g_00000859,0,0,6,1160.0,,15.0
simu5g_00000859,0,0,7,1160.0,,15.0
simu5g_00000859,0,0,8,1160.0,,15.0
simu5g_00000859,0,0,9,1160.0,,15.0
simu5g_00000859,0,0,10,1160.0,,15.0
simu5g_00000859,0,0,11,1160.0,,15.0
simu5g_00000859,0,0,12,1160.0,,15.0
simu5g_00000859,0,0,13,1160.0,,15.0
simu5g_00000859,0,0,14,1160.0,,15.0
simu5g_00000859,0,0,15,1160.0,,15.0
simu5g_00000859,0,0,16,1160.0,,15.0
simu5g_00000859,0,0,17,1160.0,,15.0
simu5g_00000859,0,0,18,1160.0,,15.0
simu5g_00000859,0,0,19,1160.0,,15.0
simu5g_00000859,0,0,20,1160.0,,15.0
simu5g_00000859,0,0,21,1160.0,,15.0
simu5g_00000859,0,0,22,1160.0,,15.0
simu5g_00000859,0,0,23,1160.0,,15.0
simu5g_00000859,0,0,24,1160.0,,15.0
simu5g_00000859,1,1,0,1160.0,,15.0
simu5g_00000859,1,1,1,1160.0,,15.0
simu5g_00000859,1,1,2,1160.0,,15.0
simu5g_00000859,1,1,3,1160.0,,15.0
simu5g_00000859,1,1,4,1160.0,,15.0
simu5g_00000859,1,1,5,1160.0,,15.0
simu5g_00000859,1,1,6,1160.0,,15.0
simu5g_00000859,1,1,7,1160.0,,15.0
simu5g_00000859,1,1,8,1160.0,,15.0
simu5g_00000859,1,1,9,1160.0,,15.0
simu5g_00000859,1,1,10,1160.0,,15.0
simu5g_00000859,1,1,11,1160.0,,15.0
simu5g_00000859,1,1,12,1160.0,,15.0
simu5g_00000859,1,1,13,1160.0,,15.0
simu5g_00000859,1,1,14,1160.0,,15.0
simu5g_00000859,1,1,15,1160.0,,15.0
simu5g_00000859,1,1,16,1160.0,,15.0
simu5g_00000859,1,1,17,1160.0,,15.0
simu5g_00000859,1,1,18,1160.0,,15.0
simu5g_00000859,1,1,19,1160.0,,15.0
simu5g_00000859,1,1,20,1160.0,,15.0
simu5g_00000859,1,1,21,1160.0,,15.0
simu5g_00000859,1,1,22,1160.0,,15.0
simu5g_00000859,1,1,23,1160.0,,15.0
simu5g_00000859,1,1,24,1160.0,,15.0
simu5g_00000859,2,2,0,1160.0,,15.0
simu5g_00000859,2,2,1,1160.0,,15.0
simu5g_00000859,2,2,2,1160.0,,15.0
simu5g_00000859,2,2,3,1160.0,,15.0
simu5g_00000859,2,2,4,1160.0,,15.0
simu5g_00000859,2,2,5,1160.0,,15.0
simu5g_00000859,2,2,6,1160.0,,15.0
simu5g_00000859,2,2,7,1160.0,,15.0
simu5g_00000859,2,2,8,1160.0,,15.0
simu5g_00000859,2,2,9,1160.0,,15.0
simu5g_00000859,2,2,10,1160.0,,15.0
simu5g_00000859,2,2,11,1160.0,,15.0
simu5g_00000859,2,2,12,1160.0,,15.0
simu5g_00000859,2,2,13,1160.0,,15.0
simu5g_00000859,2,2,14,1160.0,,15.0
simu5g_00000859,2,2,15,1160.0,,15.0
simu5g_00000859,2,2,16,1160.0,,15.0
simu5g_00000859,2,2,17,1160.0,,15.0
simu5g_00000859,2,2,18,1160.0,,15.0
simu5g_00000859,2,2,19,1160.0,,15.0
simu5g_00000859,2,2,20,1160.0,,15.0
simu5g_00000859,2,2,21,1160.0,,15.0
simu5g_00000859,2,2,22,1160.0,,15.0
simu5g_00000859,2,2,23,1160.0,,15.0
simu5g_00000859,2,2,24,1160.0,,15.0
simu5g_00000859,3,3,0,1160.0,,15.0
simu5g_00000859,3,3,1,1160.0,,15.0
simu5g_00000859,3,3,2,1160.0,,15.0
simu5g_00000859,3,3,3,1160.0,,15.0
simu5g_00000859,3,3,4,1160.0,,15.0
simu5g_00000859,3,3,5,1160.0,,15.0
simu5g_00000859,3,3,6,1160.0,,15.0
simu5g_00000859,3,3,7,1160.0,,15.0
simu5g_00000859,3,3,8,1160.0,,15.0
simu5g_00000859,3,3,9,1160.0,,15.0
simu5g_00000859,3,3,10,1160.0,,15.0
simu5g_00000859,3,3,11,1160.0,,15.0
simu5g_00000859,3,3,12,1160.0,,15.0
simu5g_00000859,3,3,13,1160.0,,15.0
simu5g_00000859,3,3,14,1160.0,,15.0
simu5g_00000859,3,3,15,1160.0,,15.0
simu5g_00000859,3,3,16,1160.0,,15.0
simu5g_00000859,3,3,17,1160.0,,15.0
simu5g_00000859,3,3,18,1160.0,,15.0
simu5g_00000859,3,3,19,1160.0,,15.0
simu5g_00000859,3,3,20,1160.0,,15.0
simu5g_00000859,3,3,21,1160.0,,15.0
simu5g_00000859,3,3,22,1160.0,,15.0
simu5g_00000859,3,3,23,1160.0,,15.0
simu5g_00000859,3,3,24,1160.0,,15.0
simu5g_00000859,4,4,0,1160.0,,15.0
simu5g_00000859,4,4,1,1160.0,,15.0
simu5g_00000859,4,4,2,1160.0,,15.0
simu5g_00000859,4,4,3,1128.0,,14.0
simu5g_00000859,4,4,4,1160.0,,15.0
simu5g_00000859,4,4,5,1160.0,,15.0
simu5g_00000859,4,4,6,1160.0,,15.0
simu5g_00000859,4,4,7,1128.0,,14.0
simu5g_00000859,4,4,8,1160.0,,15.0
simu5g_00000859,4,4,9,1160.0,,15.0
simu5g_00000859,4,4,10,1160.0,,15.0
simu5g_00000859,4,4,11,1160.0,,15.0
simu5g_00000859,4,4,12,1160.0,,15.0
simu5g_00000859,4,4,13,1160.0,,15.0
simu5g_00000859,4,4,14,1160.0,,15.0
simu5g_00000859,4,4,15,1160.0,,15.0
simu5g_00000859,4,4,16,1160.0,,15.0
simu5g_00000859,4,4,17,1160.0,,15.0
simu5g_00000859,4,4,18,1160.0,,15.0
simu5g_00000859,4,4,19,1160.0,,15.0
simu5g_00000859,4,4,20,1160.0,,15.0
simu5g_00000859,4,4,21,1160.0,,15.0
simu5g_00000859,4,4,22,1160.0,,15.0
simu5g_00000859,4,4,23,1160.0,,15.0
simu5g_00000859,4,4,24,1160.0,,15.0
simu5g_00000859,5,5,0,1128.0,,14.0
simu5g_00000859,5,5,1,984.0,,13.0
simu5g_00000859,5,5,2,984.0,,13.0
simu5g_00000859,5,5,3,888.0,,12.0
simu5g_00000859,5,5,4,1160.0,,15.0
simu5g_00000859,5,5,5,984.0,,13.0
simu5g_00000859,5,5,6,984.0,,13.0
simu5g_00000859,5,5,7,984.0,,13.0
simu5g_00000859,5,5,8,984.0,,13.0
simu5g_00000859,5,5,9,1160.0,,15.0
simu5g_00000859,5,5,10,1128.0,,14.0
simu5g_00000859,5,5,11,1128.0,,14.0
simu5g_00000859,5,5,12,984.0,,13.0
simu5g_00000859,5,5,13,888.0,,12.0
simu5g_00000859,5,5,14,808.0,,11.0
simu5g_00000859,5,5,15,888.0,,12.0
simu5g_00000859,5,5,16,368.0,,6.0
simu5g_00000859,5,5,17,1160.0,,15.0
simu5g_00000859,5,5,18,1128.0,,14.0
simu5g_00000859,5,5,19,984.0,,13.0
simu5g_00000859,5,5,20,984.0,,13.0
simu5g_00000859,5,5,21,608.0,,9.0
simu5g_00000859,5,5,22,1128.0,,14.0
simu5g_00000859,5,5,23,888.0,,12.0
simu5g_00000859,5,5,24,984.0,,13.0
simu5g_00000860,15,0,0,984.0,,13.0
simu5g_00000860,15,0,1,1128.0,,14.0
simu5g_00000860,15,0,2,1160.0,,15.0
simu5g_00000860,15,0,3,1160.0,,15.0
simu5g_00000860,15,0,4,984.0,,13.0
simu5g_00000860,15,0,5,608.0,,9.0
simu5g_00000860,15,0,6,1160.0,,15.0
simu5g_00000860,15,0,7,984.0,,13.0
simu5g_00000860,15,0,8,1160.0,,15.0
simu5g_00000860,15,0,9,1128.0,,14.0
simu5g_00000860,15,0,10,1160.0,,15.0
simu5g_00000860,15,0,11,1160.0,,15.0
simu5g_00000860,15,0,12,808.0,,11.0
simu5g_00000860,15,0,13,1160.0,,15.0
simu5g_00000860,15,0,14,1128.0,,14.0
simu5g_00000860,15,0,15,984.0,,13.0
simu5g_00000860,15,0,16,1160.0,,15.0
simu5g_00000860,15,0,17,1128.0,,14.0
simu5g_00000860,15,0,18,1160.0,,15.0
simu5g_00000860,15,0,19,1128.0,,14.0
simu5g_00000860,15,0,20,1160.0,,15.0
simu5g_00000860,15,0,21,1128.0,,14.0
simu5g_00000860,15,0,22,1160.0,,15.0
simu5g_00000860,15,0,23,1160.0,,15.0
simu5g_00000860,15,0,24,1128.0,,14.0
simu5g_00000860,6,1,0,1160.0,,15.0
simu5g_00000860,6,1,1,1128.0,,14.0
simu5g_00000860,6,1,2,1160.0,,15.0
simu5g_00000860,6,1,3,608.0,,9.0
simu5g_00000860,6,1,4,1128.0,,14.0
simu5g_00000860,6,1,5,1128.0,,14.0
simu5g_00000860,6,1,6,1160.0,,15.0
simu5g_00000860,6,1,7,1128.0,,14.0
simu5g_00000860,6,1,8,1160.0,,15.0
simu5g_00000860,6,1,9,984.0,,13.0
simu5g_00000860,6,1,10,984.0,,13.0
simu5g_00000860,6,1,11,1128.0,,14.0
simu5g_00000860,6,1,12,1160.0,,15.0
simu5g_00000860,6,1,13,1128.0,,14.0
simu5g_00000860,6,1,14,1160.0,,15.0
simu5g_00000860,6,1,15,1160.0,,15.0
simu5g_00000860,6,1,16,888.0,,12.0
simu5g_00000860,6,1,17,1160.0,,15.0
simu5g_00000860,6,1,18,1160.0,,15.0
simu5g_00000860,6,1,19,1128.0,,14.0
simu5g_00000860,6,1,20,1160.0,,15.0
simu5g_00000860,6,1,21,1128.0,,14.0
simu5g_00000860,6,1,22,1160.0,,15.0
simu5g_00000860,6,1,23,1160.0,,15.0
simu5g_00000860,6,1,24,1160.0,,15.0
simu5g_00000860,7,2,0,704.0,,10.0
simu5g_00000860,7,2,1,984.0,,13.0
simu5g_00000860,7,2,2,704.0,,10.0
simu5g_00000860,7,2,3,224.0,,4.0
simu5g_00000860,7,2,4,368.0,,6.0
simu5g_00000860,7,2,5,984.0,,13.0
simu5g_00000860,7,2,6,528.0,,8.0
simu5g_00000860,7,2,7,984.0,,13.0
simu5g_00000860,7,2,8,984.0,,13.0
simu5g_00000860,7,2,9,608.0,,9.0
simu5g_00000860,7,2,10,608.0,,9.0
simu5g_00000860,7,2,11,608.0,,9.0
simu5g_00000860,7,2,12,984.0,,13.0
simu5g_00000860,7,2,13,984.0,,13.0
simu5g_00000860,7,2,14,608.0,,9.0
simu5g_00000860,7,2,15,808.0,,11.0
simu5g_00000860,7,2,16,608.0,,9.0
simu5g_00000860,7,2,17,224.0,,4.0
simu5g_00000860,7,2,18,984.0,,13.0
simu5g_00000860,7,2,19,608.0,,9.0
simu5g_00000860,7,2,20,528.0,,8.0
simu5g_00000860,7,2,21,608.0,,9.0
simu5g_00000860,7,2,22,984.0,,13.0
simu5g_00000860,7,2,23,984.0,,13.0
simu5g_00000860,7,2,24,888.0,,12.0
simu5g_00000861,0,0,0,1160.0,,15.0
simu5g_00000861,0,0,1,888.0,,12.0
simu5g_00000861,0,0,2,1160.0,,15.0
simu5g_00000861,0,0,3,1160.0,,15.0
simu5g_00000861,0,0,4,1160.0,,15.0
simu5g_00000861,0,0,5,1160.0,,15.0
simu5g_00000861,0,0,6,1160.0,,15.0
simu5g_00000861,0,0,7,1160.0,,15.0
simu5g_00000861,0,0,8,1128.0,,14.0
simu5g_00000861,0,0,9,1160.0,,15.0
simu5g_00000861,0,0,10,1160.0,,15.0
simu5g_00000861,0,0,11,1160.0,,15.0
simu5g_00000861,0,0,12,1160.0,,15.0
simu5g_00000861,0,0,13,1160.0,,15.0
simu5g_00000861,0,0,14,1160.0,,15.0
simu5g_00000861,0,0,15,1160.0,,15.0
simu5g_00000861,0,0,16,1160.0,,15.0
simu5g_00000861,0,0,17,1160.0,,15.0
simu5g_00000861,0,0,18,1160.0,,15.0
simu5g_00000861,0,0,19,1160.0,,15.0
simu5g_00000861,0,0,20,1160.0,,15.0
simu5g_00000861,0,0,21,1128.0,,14.0
simu5g_00000861,0,0,22,1160.0,,15.0
simu5g_00000861,0,0,23,1160.0,,15.0
simu5g_00000861,0,0,24,1160.0,,15.0
simu5g_00000861,1,1,0,1160.0,,15.0
simu5g_00000861,1,1,1,1160.0,,15.0
simu5g_00000861,1,1,2,1160.0,,15.0
simu5g_00000861,1,1,3,1160.0,,15.0
simu5g_00000861,1,1,4,1160.0,,15.0
simu5g_00000861,1,1,5,1160.0,,15.0
simu5g_00000861,1,1,6,1160.0,,15.0
simu5g_00000861,1,1,7,1160.0,,15.0
simu5g_00000861,1,1,8,1128.0,,14.0
simu5g_00000861,1,1,9,1160.0,,15.0
simu5g_00000861,1,1,10,1160.0,,15.0
simu5g_00000861,1,1,11,1160.0,,15.0
simu5g_00000861,1,1,12,1160.0,,15.0
simu5g_00000861,1,1,13,1160.0,,15.0
simu5g_00000861,1,1,14,1160.0,,15.0
simu5g_00000861,1,1,15,1160.0,,15.0
simu5g_00000861,1,1,16,1160.0,,15.0
simu5g_00000861,1,1,17,1160.0,,15.0
simu5g_00000861,1,1,18,1160.0,,15.0
simu5g_00000861,1,1,19,1160.0,,15.0
simu5g_00000861,1,1,20,1160.0,,15.0
simu5g_00000861,1,1,21,1128.0,,14.0
simu5g_00000861,1,1,22,1160.0,,15.0
simu5g_00000861,1,1,23,1160.0,,15.0
simu5g_00000861,1,1,24,1160.0,,15.0
simu5g_00000861,2,2,0,1160.0,,15.0
simu5g_00000861,2,2,1,1160.0,,15.0
simu5g_00000861,2,2,2,1160.0,,15.0
simu5g_00000861,2,2,3,1160.0,,15.0
simu5g_00000861,2,2,4,1160.0,,15.0
simu5g_00000861,2,2,5,1160.0,,15.0
simu5g_00000861,2,2,6,1160.0,,15.0
simu5g_00000861,2,2,7,1160.0,,15.0
simu5g_00000861,2,2,8,1160.0,,15.0
simu5g_00000861,2,2,9,1160.0,,15.0
simu5g_00000861,2,2,10,1160.0,,15.0
simu5g_00000861,2,2,11,1160.0,,15.0
simu5g_00000861,2,2,12,1160.0,,15.0
simu5g_00000861,2,2,13,1160.0,,15.0
simu5g_00000861,2,2,14,1160.0,,15.0
simu5g_00000861,2,2,15,1160.0,,15.0
simu5g_00000861,2,2,16,1160.0,,15.0
simu5g_00000861,2,2,17,1160.0,,15.0
simu5g_00000861,2,2,18,1160.0,,15.0
simu5g_00000861,2,2,19,1160.0,,15.0
simu5g_00000861,2,2,20,1160.0,,15.0
simu5g_00000861,2,2,21,1160.0,,15.0
simu5g_00000861,2,2,22,1160.0,,15.0
simu5g_00000861,2,2,23,1160.0,,15.0
simu5g_00000861,2,2,24,1160.0,,15.0
simu5g_00000861,3,3,0,1160.0,,15.0
simu5g_00000861,3,3,1,1160.0,,15.0
simu5g_00000861,3,3,2,1160.0,,15.0
simu5g_00000861,3,3,3,1160.0,,15.0
simu5g_00000861,3,3,4,1160.0,,15.0
simu5g_00000861,3,3,5,1160.0,,15.0
simu5g_00000861,3,3,6,1160.0,,15.0
simu5g_00000861,3,3,7,1160.0,,15.0
simu5g_00000861,3,3,8,1160.0,,15.0
simu5g_00000861,3,3,9,1160.0,,15.0
simu5g_00000861,3,3,10,1160.0,,15.0
simu5g_00000861,3,3,11,1160.0,,15.0
simu5g_00000861,3,3,12,1160.0,,15.0
simu5g_00000861,3,3,13,1160.0,,15.0
simu5g_00000861,3,3,14,1160.0,,15.0
simu5g_00000861,3,3,15,1160.0,,15.0
simu5g_00000861,3,3,16,1160.0,,15.0
simu5g_00000861,3,3,17,1160.0,,15.0
simu5g_00000861,3,3,18,1160.0,,15.0
simu5g_00000861,3,3,19,1160.0,,15.0
simu5g_00000861,3,3,20,1160.0,,15.0
simu5g_00000861,3,3,21,1160.0,,15.0
simu5g_00000861,3,3,22,1160.0,,15.0
simu5g_00000861,3,3,23,1160.0,,15.0
simu5g_00000861,3,3,24,1160.0,,15.0
simu5g_00000861,4,4,0,1160.0,,15.0
simu5g_00000861,4,4,1,1160.0,,15.0
simu5g_00000861,4,4,2,1160.0,,15.0
simu5g_00000861,4,4,3,1128.0,,14.0
simu5g_00000861,4,4,4,1160.0,,15.0
simu5g_00000861,4,4,5,1160.0,,15.0
simu5g_00000861,4,4,6,1160.0,,15.0
simu5g_00000861,4,4,7,1128.0,,14.0
simu5g_00000861,4,4,8,1160.0,,15.0
simu5g_00000861,4,4,9,1160.0,,15.0
simu5g_00000861,4,4,10,1160.0,,15.0
simu5g_00000861,4,4,11,1160.0,,15.0
simu5g_00000861,4,4,12,1160.0,,15.0
simu5g_00000861,4,4,13,1160.0,,15.0
simu5g_00000861,4,4,14,1160.0,,15.0
simu5g_00000861,4,4,15,1160.0,,15.0
simu5g_00000861,4,4,16,1160.0,,15.0
simu5g_00000861,4,4,17,1160.0,,15.0
simu5g_00000861,4,4,18,1160.0,,15.0
simu5g_00000861,4,4,19,1160.0,,15.0
simu5g_00000861,4,4,20,1160.0,,15.0
simu5g_00000861,4,4,21,1160.0,,15.0
simu5g_00000861,4,4,22,1160.0,,15.0
simu5g_00000861,4,4,23,1160.0,,15.0
simu5g_00000861,4,4,24,1160.0,,15.0
simu5g_00000861,5,5,0,1128.0,,14.0
simu5g_00000861,5,5,1,984.0,,13.0
simu5g_00000861,5,5,2,984.0,,13.0
simu5g_00000861,5,5,3,888.0,,12.0
simu5g_00000861,5,5,4,1160.0,,15.0
simu5g_00000861,5,5,5,984.0,,13.0
simu5g_00000861,5,5,6,984.0,,13.0
simu5g_00000861,5,5,7,984.0,,13.0
simu5g_00000861,5,5,8,984.0,,13.0
simu5g_00000861,5,5,9,1160.0,,15.0
simu5g_00000861,5,5,10,1128.0,,14.0
simu5g_00000861,5,5,11,1128.0,,14.0
simu5g_00000861,5,5,12,984.0,,13.0
simu5g_00000861,5,5,13,888.0,,12.0
simu5g_00000861,5,5,14,808.0,,11.0
simu5g_00000861,5,5,15,888.0,,12.0
simu5g_00000861,5,5,16,368.0,,6.0
simu5g_00000861,5,5,17,1160.0,,15.0
simu5g_00000861,5,5,18,1128.0,,14.0
simu5g_00000861,5,5,19,1128.0,,14.0
simu5g_00000861,5,5,20,984.0,,13.0
simu5g_00000861,5,5,21,608.0,,9.0
simu5g_00000861,5,5,22,1128.0,,14.0
simu5g_00000861,5,5,23,888.0,,12.0
simu5g_00000861,5,5,24,984.0,,13.0
simu5g_00000862,15,0,0,984.0,,13.0
simu5g_00000862,15,0,1,1128.0,,14.0
simu5g_00000862,15,0,2,1160.0,,15.0
simu5g_00000862,15,0,3,1160.0,,15.0
simu5g_00000862,15,0,4,984.0,,13.0
simu5g_00000862,15,0,5,608.0,,9.0
simu5g_00000862,15,0,6,1160.0,,15.0
simu5g_00000862,15,0,7,984.0,,13.0
simu5g_00000862,15,0,8,1160.0,,15.0
simu5g_00000862,15,0,9,1128.0,,14.0
simu5g_00000862,15,0,10,1160.0,,15.0
simu5g_00000862,15,0,11,1160.0,,15.0
simu5g_00000862,15,0,12,808.0,,11.0
simu5g_00000862,15,0,13,1160.0,,15.0
simu5g_00000862,15,0,14,1128.0,,14.0
simu5g_00000862,15,0,15,984.0,,13.0
simu5g_00000862,15,0,16,1160.0,,15.0
simu5g_00000862,15,0,17,1128.0,,14.0
simu5g_00000862,15,0,18,1160.0,,15.0
simu5g_00000862,15,0,19,1128.0,,14.0
simu5g_00000862,15,0,20,1160.0,,15.0
simu5g_00000862,15,0,21,1128.0,,14.0
simu5g_00000862,15,0,22,1160.0,,15.0
simu5g_00000862,15,0,23,1160.0,,15.0
simu5g_00000862,15,0,24,1128.0,,14.0
simu5g_00000862,6,1,0,1160.0,,15.0
simu5g_00000862,6,1,1,1128.0,,14.0
simu5g_00000862,6,1,2,1160.0,,15.0
simu5g_00000862,6,1,3,608.0,,9.0
simu5g_00000862,6,1,4,1128.0,,14.0
simu5g_00000862,6,1,5,1128.0,,14.0
simu5g_00000862,6,1,6,1160.0,,15.0
simu5g_00000862,6,1,7,1128.0,,14.0
simu5g_00000862,6,1,8,1160.0,,15.0
simu5g_00000862,6,1,9,984.0,,13.0
simu5g_00000862,6,1,10,984.0,,13.0
simu5g_00000862,6,1,11,1128.0,,14.0
simu5g_00000862,6,1,12,1160.0,,15.0
simu5g_00000862,6,1,13,1128.0,,14.0
simu5g_00000862,6,1,14,1160.0,,15.0
simu5g_00000862,6,1,15,1160.0,,15.0
simu5g_00000862,6,1,16,888.0,,12.0
simu5g_00000862,6,1,17,1160.0,,15.0
simu5g_00000862,6,1,18,1160.0,,15.0
simu5g_00000862,6,1,19,1128.0,,14.0
simu5g_00000862,6,1,20,1160.0,,15.0
simu5g_00000862,6,1,21,1128.0,,14.0
simu5g_00000862,6,1,22,1160.0,,15.0
simu5g_00000862,6,1,23,1160.0,,15.0
simu5g_00000862,6,1,24,1160.0,,15.0
simu5g_00000862,7,2,0,704.0,,10.0
simu5g_00000862,7,2,1,984.0,,13.0
simu5g_00000862,7,2,2,704.0,,10.0
simu5g_00000862,7,2,3,224.0,,4.0
simu5g_00000862,7,2,4,368.0,,6.0
simu5g_00000862,7,2,5,984.0,,13.0
simu5g_00000862,7,2,6,528.0,,8.0
simu5g_00000862,7,2,7,984.0,,13.0
simu5g_00000862,7,2,8,984.0,,13.0
simu5g_00000862,7,2,9,608.0,,9.0
simu5g_00000862,7,2,10,608.0,,9.0
simu5g_00000862,7,2,11,608.0,,9.0
simu5g_00000862,7,2,12,984.0,,13.0
simu5g_00000862,7,2,13,984.0,,13.0
simu5g_00000862,7,2,14,608.0,,9.0
simu5g_00000862,7,2,15,808.0,,11.0
simu5g_00000862,7,2,16,608.0,,9.0
simu5g_00000862,7,2,17,224.0,,4.0
simu5g_00000862,7,2,18,984.0,,13.0
simu5g_00000862,7,2,19,608.0,,9.0
simu5g_00000862,7,2,20,528.0,,8.0
simu5g_00000862,7,2,21,608.0,,9.0
simu5g_00000862,7,2,22,984.0,,13.0
simu5g_00000862,7,2,23,984.0,,13.0
simu5g_00000862,7,2,24,888.0,,12.0
simu5g_00000863,0,0,0,1160.0,,15.0
simu5g_00000863,0,0,1,888.0,,12.0
simu5g_00000863,0,0,2,1160.0,,15.0
simu5g_00000863,0,0,3,1160.0,,15.0
simu5g_00000863,0,0,4,1160.0,,15.0
simu5g_00000863,0,0,5,1160.0,,15.0
simu5g_00000863,0,0,6,1160.0,,15.0
simu5g_00000863,0,0,7,1160.0,,15.0
simu5g_00000863,0,0,8,1128.0,,14.0
simu5g_00000863,0,0,9,1160.0,,15.0
simu5g_00000863,0,0,10,1160.0,,15.0
simu5g_00000863,0,0,11,1160.0,,15.0
simu5g_00000863,0,0,12,1160.0,,15.0
simu5g_00000863,0,0,13,1160.0,,15.0
simu5g_00000863,0,0,14,1160.0,,15.0
simu5g_00000863,0,0,15,1160.0,,15.0
simu5g_00000863,0,0,16,1160.0,,15.0
simu5g_00000863,0,0,17,1160.0,,15.0
simu5g_00000863,0,0,18,1160.0,,15.0
simu5g_00000863,0,0,19,1160.0,,15.0
simu5g_00000863,0,0,20,1160.0,,15.0
simu5g_00000863,0,0,21,1128.0,,14.0
simu5g_00000863,0,0,22,1160.0,,15.0
simu5g_00000863,0,0,23,1160.0,,15.0
simu5g_00000863,0,0,24,1160.0,,15.0
simu5g_00000863,1,1,0,1160.0,,15.0
simu5g_00000863,1,1,1,1160.0,,15.0
simu5g_00000863,1,1,2,1160.0,,15.0
simu5g_00000863,1,1,3,1160.0,,15.0
simu5g_00000863,1,1,4,1160.0,,15.0
simu5g_00000863,1,1,5,1160.0,,15.0
simu5g_00000863,1,1,6,1160.0,,15.0
simu5g_00000863,1,1,7,1160.0,,15.0
simu5g_00000863,1,1,8,1128.0,,14.0
simu5g_00000863,1,1,9,1160.0,,15.0
simu5g_00000863,1,1,10,1160.0,,15.0
simu5g_00000863,1,1,11,1160.0,,15.0
simu5g_00000863,1,1,12,1160.0,,15.0
simu5g_00000863,1,1,13,1160.0,,15.0
simu5g_00000863,1,1,14,1160.0,,15.0
simu5g_00000863,1,1,15,1160.0,,15.0
simu5g_00000863,1,1,16,1160.0,,15.0
simu5g_00000863,1,1,17,1160.0,,15.0
simu5g_00000863,1,1,18,1160.0,,15.0
simu5g_00000863,1,1,19,1160.0,,15.0
simu5g_00000863,1,1,20,1160.0,,15.0
simu5g_00000863,1,1,21,1128.0,,14.0
simu5g_00000863,1,1,22,1160.0,,15.0
simu5g_00000863,1,1,23,1160.0,,15.0
simu5g_00000863,1,1,24,1160.0,,15.0
simu5g_00000863,2,2,0,1160.0,,15.0
simu5g_00000863,2,2,1,1160.0,,15.0
simu5g_00000863,2,2,2,1160.0,,15.0
simu5g_00000863,2,2,3,1160.0,,15.0
simu5g_00000863,2,2,4,1160.0,,15.0
simu5g_00000863,2,2,5,1160.0,,15.0
simu5g_00000863,2,2,6,1160.0,,15.0
simu5g_00000863,2,2,7,1160.0,,15.0
simu5g_00000863,2,2,8,1160.0,,15.0
simu5g_00000863,2,2,9,1160.0,,15.0
simu5g_00000863,2,2,10,1160.0,,15.0
simu5g_00000863,2,2,11,1160.0,,15.0
simu5g_00000863,2,2,12,1160.0,,15.0
simu5g_00000863,2,2,13,1160.0,,15.0
simu5g_00000863,2,2,14,1160.0,,15.0
simu5g_00000863,2,2,15,1160.0,,15.0
simu5g_00000863,2,2,16,1160.0,,15.0
simu5g_00000863,2,2,17,1160.0,,15.0
simu5g_00000863,2,2,18,1160.0,,15.0
simu5g_00000863,2,2,19,1160.0,,15.0
simu5g_00000863,2,2,20,1160.0,,15.0
simu5g_00000863,2,2,21,1160.0,,15.0
simu5g_00000863,2,2,22,1160.0,,15.0
simu5g_00000863,2,2,23,1160.0,,15.0
simu5g_00000863,2,2,24,1160.0,,15.0
simu5g_00000863,3,3,0,1160.0,,15.0
simu5g_00000863,3,3,1,1160.0,,15.0
simu5g_00000863,3,3,2,1160.0,,15.0
simu5g_00000863,3,3,3,1160.0,,15.0
simu5g_00000863,3,3,4,1160.0,,15.0
simu5g_00000863,3,3,5,1160.0,,15.0
simu5g_00000863,3,3,6,1160.0,,15.0
simu5g_00000863,3,3,7,1160.0,,15.0
simu5g_00000863,3,3,8,1160.0,,15.0
simu5g_00000863,3,3,9,1160.0,,15.0
simu5g_00000863,3,3,10,1160.0,,15.0
simu5g_00000863,3,3,11,1160.0,,15.0
simu5g_00000863,3,3,12,1160.0,,15.0
simu5g_00000863,3,3,13,1160.0,,15.0
simu5g_00000863,3,3,14,1160.0,,15.0
simu5g_00000863,3,3,15,1160.0,,15.0
simu5g_00000863,3,3,16,1160.0,,15.0
simu5g_00000863,3,3,17,1160.0,,15.0
simu5g_00000863,3,3,18,1160.0,,15.0
simu5g_00000863,3,3,19,1160.0,,15.0
simu5g_00000863,3,3,20,1160.0,,15.0
simu5g_00000863,3,3,21,1160.0,,15.0
simu5g_00000863,3,3,22,1160.0,,15.0
simu5g_00000863,3,3,23,1160.0,,15.0
simu5g_00000863,3,3,24,1160.0,,15.0
simu5g_00000863,4,4,0,1160.0,,15.0
simu5g_00000863,4,4,1,1160.0,,15.0
simu5g_00000863,4,4,2,1160.0,,15.0
simu5g_00000863,4,4,3,1128.0,,14.0
simu5g_00000863,4,4,4,1160.0,,15.0
simu5g_00000863,4,4,5,1160.0,,15.0
simu5g_00000863,4,4,6,1160.0,,15.0
simu5g_00000863,4,4,7,1128.0,,14.0
simu5g_00000863,4,4,8,1160.0,,15.0
simu5g_00000863,4,4,9,1160.0,,15.0
simu5g_00000863,4,4,10,1160.0,,15.0
simu5g_00000863,4,4,11,1160.0,,15.0
simu5g_00000863,4,4,12,1160.0,,15.0
simu5g_00000863,4,4,13,1160.0,,15.0
simu5g_00000863,4,4,14,1160.0,,15.0
simu5g_00000863,4,4,15,1160.0,,15.0
simu5g_00000863,4,4,16,1160.0,,15.0
simu5g_00000863,4,4,17,1160.0,,15.0
simu5g_00000863,4,4,18,1160.0,,15.0
simu5g_00000863,4,4,19,1160.0,,15.0
simu5g_00000863,4,4,20,1160.0,,15.0
simu5g_00000863,4,4,21,1160.0,,15.0
simu5g_00000863,4,4,22,1160.0,,15.0
simu5g_00000863,4,4,23,1160.0,,15.0
simu5g_00000863,4,4,24,1160.0,,15.0
simu5g_00000863,5,5,0,1128.0,,14.0
simu5g_00000863,5,5,1,984.0,,13.0
simu5g_00000863,5,5,2,984.0,,13.0
simu5g_00000863,5,5,3,888.0,,12.0
simu5g_00000863,5,5,4,1160.0,,15.0
simu5g_00000863,5,5,5,984.0,,13.0
simu5g_00000863,5,5,6,984.0,,13.0
simu5g_00000863,5,5,7,984.0,,13.0
simu5g_00000863,5,5,8,984.0,,13.0
simu5g_00000863,5,5,9,1160.0,,15.0
simu5g_00000863,5,5,10,1128.0,,14.0
simu5g_00000863,5,5,11,1128.0,,14.0
simu5g_00000863,5,5,12,984.0,,13.0
simu5g_00000863,5,5,13,888.0,,12.0
simu5g_00000863,5,5,14,808.0,,11.0
simu5g_00000863,5,5,15,888.0,,12.0
simu5g_00000863,5,5,16,368.0,,6.0
simu5g_00000863,5,5,17,1160.0,,15.0
simu5g_00000863,5,5,18,1128.0,,14.0
simu5g_00000863,5,5,19,1128.0,,14.0
simu5g_00000863,5,5,20,984.0,,13.0
simu5g_00000863,5,5,21,608.0,,9.0
simu5g_00000863,5,5,22,1128.0,,14.0
simu5g_00000863,5,5,23,888.0,,12.0
simu5g_00000863,5,5,24,984.0,,13.0
simu5g_00000864,15,0,0,984.0,,13.0
simu5g_00000864,15,0,1,1128.0,,14.0
simu5g_00000864,15,0,2,1160.0,,15.0
simu5g_00000864,15,0,3,1160.0,,15.0
simu5g_00000864,15,0,4,984.0,,13.0
simu5g_00000864,15,0,5,608.0,,9.0
simu5g_00000864,15,0,6,1160.0,,15.0
simu5g_00000864,15,0,7,984.0,,13.0
simu5g_00000864,15,0,8,1160.0,,15.0
simu5g_00000864,15,0,9,1128.0,,14.0
simu5g_00000864,15,0,10,1160.0,,15.0
simu5g_00000864,15,0,11,1160.0,,15.0
simu5g_00000864,15,0,12,808.0,,11.0
simu5g_00000864,15,0,13,1160.0,,15.0
simu5g_00000864,15,0,14,1128.0,,14.0
simu5g_00000864,15,0,15,984.0,,13.0
simu5g_00000864,15,0,16,1160.0,,15.0
simu5g_00000864,15,0,17,1128.0,,14.0
simu5g_00000864,15,0,18,1160.0,,15.0
simu5g_00000864,15,0,19,1128.0,,14.0
simu5g_00000864,15,0,20,1160.0,,15.0
simu5g_00000864,15,0,21,1128.0,,14.0
simu5g_00000864,15,0,22,1160.0,,15.0
simu5g_00000864,15,0,23,1160.0,,15.0
simu5g_00000864,15,0,24,1128.0,,14.0
simu5g_00000864,6,1,0,1160.0,,15.0
simu5g_00000864,6,1,1,1160.0,,15.0
simu5g_00000864,6,1,2,1160.0,,15.0
simu5g_00000864,6,1,3,984.0,,13.0
simu5g_00000864,6,1,4,1160.0,,15.0
simu5g_00000864,6,1,5,1160.0,,15.0
simu5g_00000864,6,1,6,1160.0,,15.0
simu5g_00000864,6,1,7,1160.0,,15.0
simu5g_00000864,6,1,8,1160.0,,15.0
simu5g_00000864,6,1,9,1160.0,,15.0
simu5g_00000864,6,1,10,1160.0,,15.0
simu5g_00000864,6,1,11,1160.0,,15.0
simu5g_00000864,6,1,12,1160.0,,15.0
simu5g_00000864,6,1,13,1160.0,,15.0
simu5g_00000864,6,1,14,1160.0,,15.0
simu5g_00000864,6,1,15,1160.0,,15.0
simu5g_00000864,6,1,16,1128.0,,14.0
simu5g_00000864,6,1,17,1160.0,,15.0
simu5g_00000864,6,1,18,1160.0,,15.0
simu5g_00000864,6,1,19,1160.0,,15.0
simu5g_00000864,6,1,20,1160.0,,15.0
simu5g_00000864,6,1,21,1160.0,,15.0
simu5g_00000864,6,1,22,1160.0,,15.0
simu5g_00000864,6,1,23,1160.0,,15.0
simu5g_00000864,6,1,24,1160.0,,15.0
simu5g_00000864,7,2,0,704.0,,10.0
simu5g_00000864,7,2,1,984.0,,13.0
simu5g_00000864,7,2,2,704.0,,10.0
simu5g_00000864,7,2,3,224.0,,4.0
simu5g_00000864,7,2,4,368.0,,6.0
simu5g_00000864,7,2,5,984.0,,13.0
simu5g_00000864,7,2,6,528.0,,8.0
simu5g_00000864,7,2,7,984.0,,13.0
simu5g_00000864,7,2,8,984.0,,13.0
simu5g_00000864,7,2,9,608.0,,9.0
simu5g_00000864,7,2,10,608.0,,9.0
simu5g_00000864,7,2,11,608.0,,9.0
simu5g_00000864,7,2,12,984.0,,13.0
simu5g_00000864,7,2,13,984.0,,13.0
simu5g_00000864,7,2,14,608.0,,9.0
simu5g_00000864,7,2,15,808.0,,11.0
simu5g_00000864,7,2,16,608.0,,9.0
simu5g_00000864,7,2,17,224.0,,4.0
simu5g_00000864,7,2,18,984.0,,13.0
simu5g_00000864,7,2,19,608.0,,9.0
simu5g_00000864,7,2,20,528.0,,8.0
simu5g_00000864,7,2,21,608.0,,9.0
simu5g_00000864,7,2,22,984.0,,13.0
simu5g_00000864,7,2,23,984.0,,13.0
simu5g_00000864,7,2,24,888.0,,12.0
simu5g_00000865,0,0,0,1160.0,,15.0
simu5g_00000865,0,0,1,888.0,,12.0
simu5g_00000865,0,0,2,1160.0,,15.0
simu5g_00000865,0,0,3,1160.0,,15.0
simu5g_00000865,0,0,4,1160.0,,15.0
simu5g_00000865,0,0,5,1160.0,,15.0
simu5g_00000865,0,0,6,1160.0,,15.0
simu5g_00000865,0,0,7,1160.0,,15.0
simu5g_00000865,0,0,8,1128.0,,14.0
simu5g_00000865,0,0,9,1160.0,,15.0
simu5g_00000865,0,0,10,1160.0,,15.0
simu5g_00000865,0,0,11,1160.0,,15.0
simu5g_00000865,0,0,12,1160.0,,15.0
simu5g_00000865,0,0,13,1160.0,,15.0
simu5g_00000865,0,0,14,1160.0,,15.0
simu5g_00000865,0,0,15,1160.0,,15.0
simu5g_00000865,0,0,16,1160.0,,15.0
simu5g_00000865,0,0,17,1160.0,,15.0
simu5g_00000865,0,0,18,1160.0,,15.0
simu5g_00000865,0,0,19,1160.0,,15.0
simu5g_00000865,0,0,20,1160.0,,15.0
simu5g_00000865,0,0,21,1128.0,,14.0
simu5g_00000865,0,0,22,1160.0,,15.0
simu5g_00000865,0,0,23,1160.0,,15.0
simu5g_00000865,0,0,24,1160.0,,15.0
simu5g_00000865,1,1,0,1160.0,,15.0
simu5g_00000865,1,1,1,1160.0,,15.0
simu5g_00000865,1,1,2,1160.0,,15.0
simu5g_00000865,1,1,3,1160.0,,15.0
simu5g_00000865,1,1,4,1160.0,,15.0
simu5g_00000865,1,1,5,1160.0,,15.0
simu5g_00000865,1,1,6,1160.0,,15.0
simu5g_00000865,1,1,7,1160.0,,15.0
simu5g_00000865,1,1,8,1128.0,,14.0
simu5g_00000865,1,1,9,1160.0,,15.0
simu5g_00000865,1,1,10,1160.0,,15.0
simu5g_00000865,1,1,11,1160.0,,15.0
simu5g_00000865,1,1,12,1160.0,,15.0
simu5g_00000865,1,1,13,1160.0,,15.0
simu5g_00000865,1,1,14,1160.0,,15.0
simu5g_00000865,1,1,15,1160.0,,15.0
simu5g_00000865,1,1,16,1160.0,,15.0
simu5g_00000865,1,1,17,1160.0,,15.0
simu5g_00000865,1,1,18,1160.0,,15.0
simu5g_00000865,1,1,19,1160.0,,15.0
simu5g_00000865,1,1,20,1160.0,,15.0
simu5g_00000865,1,1,21,1128.0,,14.0
simu5g_00000865,1,1,22,1160.0,,15.0
simu5g_00000865,1,1,23,1160.0,,15.0
simu5g_00000865,1,1,24,1160.0,,15.0
simu5g_00000865,2,2,0,1160.0,,15.0
simu5g_00000865,2,2,1,1160.0,,15.0
simu5g_00000865,2,2,2,1160.0,,15.0
simu5g_00000865,2,2,3,1160.0,,15.0
simu5g_00000865,2,2,4,1160.0,,15.0
simu5g_00000865,2,2,5,1160.0,,15.0
simu5g_00000865,2,2,6,1160.0,,15.0
simu5g_00000865,2,2,7,1160.0,,15.0
simu5g_00000865,2,2,8,1160.0,,15.0
simu5g_00000865,2,2,9,1160.0,,15.0
simu5g_00000865,2,2,10,1160.0,,15.0
simu5g_00000865,2,2,11,1160.0,,15.0
simu5g_00000865,2,2,12,1160.0,,15.0
simu5g_00000865,2,2,13,1160.0,,15.0
simu5g_00000865,2,2,14,1160.0,,15.0
simu5g_00000865,2,2,15,1160.0,,15.0
simu5g_00000865,2,2,16,1160.0,,15.0
simu5g_00000865,2,2,17,1160.0,,15.0
simu5g_00000865,2,2,18,1160.0,,15.0
simu5g_00000865,2,2,19,1160.0,,15.0
simu5g_00000865,2,2,20,1160.0,,15.0
simu5g_00000865,2,2,21,1160.0,,15.0
simu5g_00000865,2,2,22,1160.0,,15.0
simu5g_00000865,2,2,23,1160.0,,15.0
simu5g_00000865,2,2,24,1160.0,,15.0
simu5g_00000865,3,3,0,1160.0,,15.0
simu5g_00000865,3,3,1,1160.0,,15.0
simu5g_00000865,3,3,2,1160.0,,15.0
simu5g_00000865,3,3,3,1160.0,,15.0
simu5g_00000865,3,3,4,1160.0,,15.0
simu5g_00000865,3,3,5,1160.0,,15.0
simu5g_00000865,3,3,6,1160.0,,15.0
simu5g_00000865,3,3,7,1160.0,,15.0
simu5g_00000865,3,3,8,1160.0,,15.0
simu5g_00000865,3,3,9,1160.0,,15.0
simu5g_00000865,3,3,10,1160.0,,15.0
simu5g_00000865,3,3,11,1160.0,,15.0
simu5g_00000865,3,3,12,1160.0,,15.0
simu5g_00000865,3,3,13,1160.0,,15.0
simu5g_00000865,3,3,14,1160.0,,15.0
simu5g_00000865,3,3,15,1160.0,,15.0
simu5g_00000865,3,3,16,1160.0,,15.0
simu5g_00000865,3,3,17,1160.0,,15.0
simu5g_00000865,3,3,18,1160.0,,15.0
simu5g_00000865,3,3,19,1160.0,,15.0
simu5g_00000865,3,3,20,1160.0,,15.0
simu5g_00000865,3,3,21,1160.0,,15.0
simu5g_00000865,3,3,22,1160.0,,15.0
simu5g_00000865,3,3,23,1160.0,,15.0
simu5g_00000865,3,3,24,1160.0,,15.0
simu5g_00000865,4,4,0,1160.0,,15.0
simu5g_00000865,4,4,1,1160.0,,15.0
simu5g_00000865,4,4,2,1160.0,,15.0
simu5g_00000865,4,4,3,1128.0,,14.0
simu5g_00000865,4,4,4,1160.0,,15.0
simu5g_00000865,4,4,5,1160.0,,15.0
simu5g_00000865,4,4,6,1160.0,,15.0
simu5g_00000865,4,4,7,1128.0,,14.0
simu5g_00000865,4,4,8,1160.0,,15.0
simu5g_00000865,4,4,9,1160.0,,15.0
simu5g_00000865,4,4,10,1160.0,,15.0
simu5g_00000865,4,4,11,1160.0,,15.0
simu5g_00000865,4,4,12,1160.0,,15.0
simu5g_00000865,4,4,13,1160.0,,15.0
simu5g_00000865,4,4,14,1160.0,,15.0
simu5g_00000865,4,4,15,1160.0,,15.0
simu5g_00000865,4,4,16,1160.0,,15.0
simu5g_00000865,4,4,17,1160.0,,15.0
simu5g_00000865,4,4,18,1160.0,,15.0
simu5g_00000865,4,4,19,1160.0,,15.0
simu5g_00000865,4,4,20,1160.0,,15.0
simu5g_00000865,4,4,21,1160.0,,15.0
simu5g_00000865,4,4,22,1160.0,,15.0
simu5g_00000865,4,4,23,1160.0,,15.0
simu5g_00000865,4,4,24,1160.0,,15.0
simu5g_00000865,5,5,0,1128.0,,14.0
simu5g_00000865,5,5,1,984.0,,13.0
simu5g_00000865,5,5,2,984.0,,13.0
simu5g_00000865,5,5,3,888.0,,12.0
simu5g_00000865,5,5,4,1160.0,,15.0
simu5g_00000865,5,5,5,984.0,,13.0
simu5g_00000865,5,5,6,984.0,,13.0
simu5g_00000865,5,5,7,984.0,,13.0
simu5g_00000865,5,5,8,984.0,,13.0
simu5g_00000865,5,5,9,1160.0,,15.0
simu5g_00000865,5,5,10,1128.0,,14.0
simu5g_00000865,5,5,11,1128.0,,14.0
simu5g_00000865,5,5,12,984.0,,13.0
simu5g_00000865,5,5,13,888.0,,12.0
simu5g_00000865,5,5,14,808.0,,11.0
simu5g_00000865,5,5,15,984.0,,13.0
simu5g_00000865,5,5,16,368.0,,6.0
simu5g_00000865,5,5,17,1160.0,,15.0
simu5g_00000865,5,5,18,1128.0,,14.0
simu5g_00000865,5,5,19,1128.0,,14.0
simu5g_00000865,5,5,20,984.0,,13.0
simu5g_00000865,5,5,21,608.0,,9.0
simu5g_00000865,5,5,22,1160.0,,15.0
simu5g_00000865,5,5,23,888.0,,12.0
simu5g_00000865,5,5,24,984.0,,13.0
simu5g_00000866,15,0,0,984.0,,13.0
simu5g_00000866,15,0,1,1128.0,,14.0
simu5g_00000866,15,0,2,1160.0,,15.0
simu5g_00000866,15,0,3,1160.0,,15.0
simu5g_00000866,15,0,4,984.0,,13.0
simu5g_00000866,15,0,5,608.0,,9.0
simu5g_00000866,15,0,6,1160.0,,15.0
simu5g_00000866,15,0,7,984.0,,13.0
simu5g_00000866,15,0,8,1160.0,,15.0
simu5g_00000866,15,0,9,1128.0,,14.0
simu5g_00000866,15,0,10,1160.0,,15.0
simu5g_00000866,15,0,11,1160.0,,15.0
simu5g_00000866,15,0,12,888.0,,12.0
simu5g_00000866,15,0,13,1160.0,,15.0
simu5g_00000866,15,0,14,1128.0,,14.0
simu5g_00000866,15,0,15,984.0,,13.0
simu5g_00000866,15,0,16,1160.0,,15.0
simu5g_00000866,15,0,17,1128.0,,14.0
simu5g_00000866,15,0,18,1160.0,,15.0
simu5g_00000866,15,0,19,1128.0,,14.0
simu5g_00000866,15,0,20,1160.0,,15.0
simu5g_00000866,15,0,21,1128.0,,14.0
simu5g_00000866,15,0,22,1160.0,,15.0
simu5g_00000866,15,0,23,1160.0,,15.0
simu5g_00000866,15,0,24,1128.0,,14.0
simu5g_00000866,6,1,0,1160.0,,15.0
simu5g_00000866,6,1,1,1160.0,,15.0
simu5g_00000866,6,1,2,1160.0,,15.0
simu5g_00000866,6,1,3,984.0,,13.0
simu5g_00000866,6,1,4,1160.0,,15.0
simu5g_00000866,6,1,5,1160.0,,15.0
simu5g_00000866,6,1,6,1160.0,,15.0
simu5g_00000866,6,1,7,1160.0,,15.0
simu5g_00000866,6,1,8,1160.0,,15.0
simu5g_00000866,6,1,9,1160.0,,15.0
simu5g_00000866,6,1,10,1160.0,,15.0
simu5g_00000866,6,1,11,1160.0,,15.0
simu5g_00000866,6,1,12,1160.0,,15.0
simu5g_00000866,6,1,13,1160.0,,15.0
simu5g_00000866,6,1,14,1160.0,,15.0
simu5g_00000866,6,1,15,1160.0,,15.0
simu5g_00000866,6,1,16,1128.0,,14.0
simu5g_00000866,6,1,17,1160.0,,15.0
simu5g_00000866,6,1,18,1160.0,,15.0
simu5g_00000866,6,1,19,1160.0,,15.0
simu5g_00000866,6,1,20,1160.0,,15.0
simu5g_00000866,6,1,21,1160.0,,15.0
simu5g_00000866,6,1,22,1160.0,,15.0
simu5g_00000866,6,1,23,1160.0,,15.0
simu5g_00000866,6,1,24,1160.0,,15.0
simu5g_00000866,7,2,0,808.0,,11.0
simu5g_00000866,7,2,1,984.0,,13.0
simu5g_00000866,7,2,2,808.0,,11.0
simu5g_00000866,7,2,3,224.0,,4.0
simu5g_00000866,7,2,4,368.0,,6.0
simu5g_00000866,7,2,5,984.0,,13.0
simu5g_00000866,7,2,6,528.0,,8.0
simu5g_00000866,7,2,7,984.0,,13.0
simu5g_00000866,7,2,8,984.0,,13.0
simu5g_00000866,7,2,9,608.0,,9.0
simu5g_00000866,7,2,10,704.0,,10.0
simu5g_00000866,7,2,11,608.0,,9.0
simu5g_00000866,7,2,12,984.0,,13.0
simu5g_00000866,7,2,13,984.0,,13.0
simu5g_00000866,7,2,14,608.0,,9.0
simu5g_00000866,7,2,15,888.0,,12.0
simu5g_00000866,7,2,16,704.0,,10.0
simu5g_00000866,7,2,17,224.0,,4.0
simu5g_00000866,7,2,18,984.0,,13.0
simu5g_00000866,7,2,19,608.0,,9.0
simu5g_00000866,7,2,20,608.0,,9.0
simu5g_00000866,7,2,21,704.0,,10.0
simu5g_00000866,7,2,22,984.0,,13.0
simu5g_00000866,7,2,23,984.0,,13.0
simu5g_00000866,7,2,24,888.0,,12.0
simu5g_00000867,0,0,0,1160.0,,15.0
simu5g_00000867,0,0,1,888.0,,12.0
simu5g_00000867,0,0,2,1160.0,,15.0
simu5g_00000867,0,0,3,1160.0,,15.0
simu5g_00000867,0,0,4,1160.0,,15.0
simu5g_00000867,0,0,5,1160.0,,15.0
simu5g_00000867,0,0,6,1160.0,,15.0
simu5g_00000867,0,0,7,1160.0,,15.0
simu5g_00000867,0,0,8,1128.0,,14.0
simu5g_00000867,0,0,9,1160.0,,15.0
simu5g_00000867,0,0,10,1160.0,,15.0
simu5g_00000867,0,0,11,1160.0,,15.0
simu5g_00000867,0,0,12,1160.0,,15.0
simu5g_00000867,0,0,13,1160.0,,15.0
simu5g_00000867,0,0,14,1160.0,,15.0
simu5g_00000867,0,0,15,1160.0,,15.0
simu5g_00000867,0,0,16,1160.0,,15.0
simu5g_00000867,0,0,17,1160.0,,15.0
simu5g_00000867,0,0,18,1160.0,,15.0
simu5g_00000867,0,0,19,1160.0,,15.0
simu5g_00000867,0,0,20,1160.0,,15.0
simu5g_00000867,0,0,21,1128.0,,14.0
simu5g_00000867,0,0,22,1160.0,,15.0
simu5g_00000867,0,0,23,1160.0,,15.0
simu5g_00000867,0,0,24,1160.0,,15.0
simu5g_00000867,1,1,0,1160.0,,15.0
simu5g_00000867,1,1,1,1160.0,,15.0
simu5g_00000867,1,1,2,1160.0,,15.0
simu5g_00000867,1,1,3,1160.0,,15.0
simu5g_00000867,1,1,4,1160.0,,15.0
simu5g_00000867,1,1,5,1160.0,,15.0
simu5g_00000867,1,1,6,1160.0,,15.0
simu5g_00000867,1,1,7,1160.0,,15.0
simu5g_00000867,1,1,8,1128.0,,14.0
simu5g_00000867,1,1,9,1160.0,,15.0
simu5g_00000867,1,1,10,1160.0,,15.0
simu5g_00000867,1,1,11,1160.0,,15.0
simu5g_00000867,1,1,12,1160.0,,15.0
simu5g_00000867,1,1,13,1160.0,,15.0
simu5g_00000867,1,1,14,1160.0,,15.0
simu5g_00000867,1,1,15,1160.0,,15.0
simu5g_00000867,1,1,16,1160.0,,15.0
simu5g_00000867,1,1,17,1160.0,,15.0
simu5g_00000867,1,1,18,1160.0,,15.0
simu5g_00000867,1,1,19,1160.0,,15.0
simu5g_00000867,1,1,20,1160.0,,15.0
simu5g_00000867,1,1,21,1128.0,,14.0
simu5g_00000867,1,1,22,1160.0,,15.0
simu5g_00000867,1,1,23,1160.0,,15.0
simu5g_00000867,1,1,24,1160.0,,15.0
simu5g_00000867,2,2,0,1160.0,,15.0
simu5g_00000867,2,2,1,1160.0,,15.0
simu5g_00000867,2,2,2,1160.0,,15.0
simu5g_00000867,2,2,3,1160.0,,15.0
simu5g_00000867,2,2,4,1160.0,,15.0
simu5g_00000867,2,2,5,1160.0,,15.0
simu5g_00000867,2,2,6,1160.0,,15.0
simu5g_00000867,2,2,7,1160.0,,15.0
simu5g_00000867,2,2,8,1160.0,,15.0
simu5g_00000867,2,2,9,1160.0,,15.0
simu5g_00000867,2,2,10,1160.0,,15.0
simu5g_00000867,2,2,11,1160.0,,15.0
simu5g_00000867,2,2,12,1160.0,,15.0
simu5g_00000867,2,2,13,1160.0,,15.0
simu5g_00000867,2,2,14,1160.0,,15.0
simu5g_00000867,2,2,15,1160.0,,15.0
simu5g_00000867,2,2,16,1160.0,,15.0
simu5g_00000867,2,2,17,1160.0,,15.0
simu5g_00000867,2,2,18,1160.0,,15.0
simu5g_00000867,2,2,19,1160.0,,15.0
simu5g_00000867,2,2,20,1160.0,,15.0
simu5g_00000867,2,2,21,1160.0,,15.0
simu5g_00000867,2,2,22,1160.0,,15.0
simu5g_00000867,2,2,23,1160.0,,15.0
simu5g_00000867,2,2,24,1160.0,,15.0
simu5g_00000867,3,3,0,1160.0,,15.0
simu5g_00000867,3,3,1,1160.0,,15.0
simu5g_00000867,3,3,2,1160.0,,15.0
simu5g_00000867,3,3,3,1160.0,,15.0
simu5g_00000867,3,3,4,1160.0,,15.0
simu5g_00000867,3,3,5,1160.0,,15.0
simu5g_00000867,3,3,6,1160.0,,15.0
simu5g_00000867,3,3,7,1160.0,,15.0
simu5g_00000867,3,3,8,1160.0,,15.0
simu5g_00000867,3,3,9,1160.0,,15.0
simu5g_00000867,3,3,10,1160.0,,15.0
simu5g_00000867,3,3,11,1160.0,,15.0
simu5g_00000867,3,3,12,1160.0,,15.0
simu5g_00000867,3,3,13,1160.0,,15.0
simu5g_00000867,3,3,14,1160.0,,15.0
simu5g_00000867,3,3,15,1160.0,,15.0
simu5g_00000867,3,3,16,1160.0,,15.0
simu5g_00000867,3,3,17,1160.0,,15.0
simu5g_00000867,3,3,18,1160.0,,15.0
simu5g_00000867,3,3,19,1160.0,,15.0
simu5g_00000867,3,3,20,1160.0,,15.0
simu5g_00000867,3,3,21,1160.0,,15.0
simu5g_00000867,3,3,22,1160.0,,15.0
simu5g_00000867,3,3,23,1160.0,,15.0
simu5g_00000867,3,3,24,1160.0,,15.0
simu5g_00000867,4,4,0,1160.0,,15.0
simu5g_00000867,4,4,1,1160.0,,15.0
simu5g_00000867,4,4,2,1160.0,,15.0
simu5g_00000867,4,4,3,984.0,,13.0
simu5g_00000867,4,4,4,1160.0,,15.0
simu5g_00000867,4,4,5,1160.0,,15.0
simu5g_00000867,4,4,6,1160.0,,15.0
simu5g_00000867,4,4,7,1128.0,,14.0
simu5g_00000867,4,4,8,1160.0,,15.0
simu5g_00000867,4,4,9,1160.0,,15.0
simu5g_00000867,4,4,10,1160.0,,15.0
simu5g_00000867,4,4,11,1160.0,,15.0
simu5g_00000867,4,4,12,1160.0,,15.0
simu5g_00000867,4,4,13,1160.0,,15.0
simu5g_00000867,4,4,14,1160.0,,15.0
simu5g_00000867,4,4,15,1160.0,,15.0
simu5g_00000867,4,4,16,1160.0,,15.0
simu5g_00000867,4,4,17,1160.0,,15.0
simu5g_00000867,4,4,18,1160.0,,15.0
simu5g_00000867,4,4,19,1160.0,,15.0
simu5g_00000867,4,4,20,1160.0,,15.0
simu5g_00000867,4,4,21,1160.0,,15.0
simu5g_00000867,4,4,22,1160.0,,15.0
simu5g_00000867,4,4,23,1160.0,,15.0
simu5g_00000867,4,4,24,1160.0,,15.0
simu5g_00000867,5,5,0,1160.0,,15.0
simu5g_00000867,5,5,1,1128.0,,14.0
simu5g_00000867,5,5,2,1160.0,,15.0
simu5g_00000867,5,5,3,1128.0,,14.0
simu5g_00000867,5,5,4,1160.0,,15.0
simu5g_00000867,5,5,5,1160.0,,15.0
simu5g_00000867,5,5,6,1160.0,,15.0
simu5g_00000867,5,5,7,1160.0,,15.0
simu5g_00000867,5,5,8,1160.0,,15.0
simu5g_00000867,5,5,9,1160.0,,15.0
simu5g_00000867,5,5,10,1160.0,,15.0
simu5g_00000867,5,5,11,1160.0,,15.0
simu5g_00000867,5,5,12,1160.0,,15.0
simu5g_00000867,5,5,13,1128.0,,14.0
simu5g_00000867,5,5,14,1128.0,,14.0
simu5g_00000867,5,5,15,1128.0,,14.0
simu5g_00000867,5,5,16,704.0,,10.0
simu5g_00000867,5,5,17,1160.0,,15.0
simu5g_00000867,5,5,18,1160.0,,15.0
simu5g_00000867,5,5,19,1160.0,,15.0
simu5g_00000867,5,5,20,1128.0,,14.0
simu5g_00000867,5,5,21,984.0,,13.0
simu5g_00000867,5,5,22,1160.0,,15.0
simu5g_00000867,5,5,23,1128.0,,14.0
simu5g_00000867,5,5,24,1160.0,,15.0
simu5g_00000868,15,0,0,984.0,,13.0
simu5g_00000868,15,0,1,1128.0,,14.0
simu5g_00000868,15,0,2,1160.0,,15.0
simu5g_00000868,15,0,3,1160.0,,15.0
simu5g_00000868,15,0,4,984.0,,13.0
simu5g_00000868,15,0,5,608.0,,9.0
simu5g_00000868,15,0,6,1160.0,,15.0
simu5g_00000868,15,0,7,984.0,,13.0
simu5g_00000868,15,0,8,1160.0,,15.0
simu5g_00000868,15,0,9,1128.0,,14.0
simu5g_00000868,15,0,10,1160.0,,15.0
simu5g_00000868,15,0,11,1160.0,,15.0
simu5g_00000868,15,0,12,888.0,,12.0
simu5g_00000868,15,0,13,1160.0,,15.0
simu5g_00000868,15,0,14,1128.0,,14.0
simu5g_00000868,15,0,15,984.0,,13.0
simu5g_00000868,15,0,16,1160.0,,15.0
simu5g_00000868,15,0,17,1128.0,,14.0
simu5g_00000868,15,0,18,1160.0,,15.0
simu5g_00000868,15,0,19,1128.0,,14.0
simu5g_00000868,15,0,20,1160.0,,15.0
simu5g_00000868,15,0,21,1128.0,,14.0
simu5g_00000868,15,0,22,1160.0,,15.0
simu5g_00000868,15,0,23,1160.0,,15.0
simu5g_00000868,15,0,24,1128.0,,14.0
simu5g_00000868,6,1,0,1160.0,,15.0
simu5g_00000868,6,1,1,1160.0,,15.0
simu5g_00000868,6,1,2,1160.0,,15.0
simu5g_00000868,6,1,3,984.0,,13.0
simu5g_00000868,6,1,4,1160.0,,15.0
simu5g_00000868,6,1,5,1160.0,,15.0
simu5g_00000868,6,1,6,1160.0,,15.0
simu5g_00000868,6,1,7,1160.0,,15.0
simu5g_00000868,6,1,8,1160.0,,15.0
simu5g_00000868,6,1,9,1160.0,,15.0
simu5g_00000868,6,1,10,1160.0,,15.0
simu5g_00000868,6,1,11,1160.0,,15.0
simu5g_00000868,6,1,12,1160.0,,15.0
simu5g_00000868,6,1,13,1160.0,,15.0
simu5g_00000868,6,1,14,1160.0,,15.0
simu5g_00000868,6,1,15,1160.0,,15.0
simu5g_00000868,6,1,16,1128.0,,14.0
simu5g_00000868,6,1,17,1160.0,,15.0
simu5g_00000868,6,1,18,1160.0,,15.0
simu5g_00000868,6,1,19,1160.0,,15.0
simu5g_00000868,6,1,20,1160.0,,15.0
simu5g_00000868,6,1,21,1160.0,,15.0
simu5g_00000868,6,1,22,1160.0,,15.0
simu5g_00000868,6,1,23,1160.0,,15.0
simu5g_00000868,6,1,24,1160.0,,15.0
simu5g_00000868,7,2,0,808.0,,11.0
simu5g_00000868,7,2,1,984.0,,13.0
simu5g_00000868,7,2,2,808.0,,11.0
simu5g_00000868,7,2,3,224.0,,4.0
simu5g_00000868,7,2,4,368.0,,6.0
simu5g_00000868,7,2,5,984.0,,13.0
simu5g_00000868,7,2,6,528.0,,8.0
simu5g_00000868,7,2,7,984.0,,13.0
simu5g_00000868,7,2,8,984.0,,13.0
simu5g_00000868,7,2,9,608.0,,9.0
simu5g_00000868,7,2,10,704.0,,10.0
simu5g_00000868,7,2,11,608.0,,9.0
simu5g_00000868,7,2,12,984.0,,13.0
simu5g_00000868,7,2,13,984.0,,13.0
simu5g_00000868,7,2,14,608.0,,9.0
simu5g_00000868,7,2,15,888.0,,12.0
simu5g_00000868,7,2,16,704.0,,10.0
simu5g_00000868,7,2,17,224.0,,4.0
simu5g_00000868,7,2,18,984.0,,13.0
simu5g_00000868,7,2,19,608.0,,9.0
simu5g_00000868,7,2,20,608.0,,9.0
simu5g_00000868,7,2,21,704.0,,10.0
simu5g_00000868,7,2,22,984.0,,13.0
simu5g_00000868,7,2,23,984.0,,13.0
simu5g_00000868,7,2,24,984.0,,13.0
simu5g_00000869,0,0,0,1160.0,,15.0
simu5g_00000869,0,0,1,1128.0,,14.0
simu5g_00000869,0,0,2,1160.0,,15.0
simu5g_00000869,0,0,3,1160.0,,15.0
simu5g_00000869,0,0,4,1160.0,,15.0
simu5g_00000869,0,0,5,1160.0,,15.0
simu5g_00000869,0,0,6,1160.0,,15.0
simu5g_00000869,0,0,7,1160.0,,15.0
simu5g_00000869,0,0,8,1160.0,,15.0
simu5g_00000869,0,0,9,1160.0,,15.0
simu5g_00000869,0,0,10,1160.0,,15.0
simu5g_00000869,0,0,11,1160.0,,15.0
simu5g_00000869,0,0,12,1160.0,,15.0
simu5g_00000869,0,0,13,1160.0,,15.0
simu5g_00000869,0,0,14,1160.0,,15.0
simu5g_00000869,0,0,15,1160.0,,15.0
simu5g_00000869,0,0,16,1160.0,,15.0
simu5g_00000869,0,0,17,1160.0,,15.0
simu5g_00000869,0,0,18,1160.0,,15.0
simu5g_00000869,0,0,19,1160.0,,15.0
simu5g_00000869,0,0,20,1160.0,,15.0
simu5g_00000869,0,0,21,1160.0,,15.0
simu5g_00000869,0,0,22,1160.0,,15.0
simu5g_00000869,0,0,23,1160.0,,15.0
simu5g_00000869,0,0,24,1160.0,,15.0
simu5g_00000869,1,1,0,1160.0,,15.0
simu5g_00000869,1,1,1,1160.0,,15.0
simu5g_00000869,1,1,2,1160.0,,15.0
simu5g_00000869,1,1,3,1160.0,,15.0
simu5g_00000869,1,1,4,1160.0,,15.0
simu5g_00000869,1,1,5,1160.0,,15.0
simu5g_00000869,1,1,6,1160.0,,15.0
simu5g_00000869,1,1,7,1128.0,,14.0
simu5g_00000869,1,1,8,1128.0,,14.0
simu5g_00000869,1,1,9,1160.0,,15.0
simu5g_00000869,1,1,10,1160.0,,15.0
simu5g_00000869,1,1,11,1160.0,,15.0
simu5g_00000869,1,1,12,1160.0,,15.0
simu5g_00000869,1,1,13,1160.0,,15.0
simu5g_00000869,1,1,14,1160.0,,15.0
simu5g_00000869,1,1,15,1160.0,,15.0
simu5g_00000869,1,1,16,1160.0,,15.0
simu5g_00000869,1,1,17,1160.0,,15.0
simu5g_00000869,1,1,18,1160.0,,15.0
simu5g_00000869,1,1,19,1160.0,,15.0
simu5g_00000869,1,1,20,1160.0,,15.0
simu5g_00000869,1,1,21,1128.0,,14.0
simu5g_00000869,1,1,22,1160.0,,15.0
simu5g_00000869,1,1,23,1160.0,,15.0
simu5g_00000869,1,1,24,1160.0,,15.0
simu5g_00000869,2,2,0,1160.0,,15.0
simu5g_00000869,2,2,1,1160.0,,15.0
simu5g_00000869,2,2,2,1160.0,,15.0
simu5g_00000869,2,2,3,1160.0,,15.0
simu5g_00000869,2,2,4,1160.0,,15.0
simu5g_00000869,2,2,5,1160.0,,15.0
simu5g_00000869,2,2,6,1160.0,,15.0
simu5g_00000869,2,2,7,1160.0,,15.0
simu5g_00000869,2,2,8,1160.0,,15.0
simu5g_00000869,2,2,9,1160.0,,15.0
simu5g_00000869,2,2,10,1160.0,,15.0
simu5g_00000869,2,2,11,1160.0,,15.0
simu5g_00000869,2,2,12,1160.0,,15.0
simu5g_00000869,2,2,13,1160.0,,15.0
simu5g_00000869,2,2,14,1160.0,,15.0
simu5g_00000869,2,2,15,1160.0,,15.0
simu5g_00000869,2,2,16,1160.0,,15.0
simu5g_00000869,2,2,17,1160.0,,15.0
simu5g_00000869,2,2,18,1160.0,,15.0
simu5g_00000869,2,2,19,1160.0,,15.0
simu5g_00000869,2,2,20,1160.0,,15.0
simu5g_00000869,2,2,21,1160.0,,15.0
simu5g_00000869,2,2,22,1160.0,,15.0
simu5g_00000869,2,2,23,1160.0,,15.0
simu5g_00000869,2,2,24,1160.0,,15.0
simu5g_00000869,3,3,0,1160.0,,15.0
simu5g_00000869,3,3,1,1160.0,,15.0
simu5g_00000869,3,3,2,1160.0,,15.0
simu5g_00000869,3,3,3,1160.0,,15.0
simu5g_00000869,3,3,4,1160.0,,15.0
simu5g_00000869,3,3,5,1160.0,,15.0
simu5g_00000869,3,3,6,1160.0,,15.0
simu5g_00000869,3,3,7,1160.0,,15.0
simu5g_00000869,3,3,8,1160.0,,15.0
simu5g_00000869,3,3,9,1160.0,,15.0
simu5g_00000869,3,3,10,1160.0,,15.0
simu5g_00000869,3,3,11,1160.0,,15.0
simu5g_00000869,3,3,12,1160.0,,15.0
simu5g_00000869,3,3,13,1160.0,,15.0
simu5g_00000869,3,3,14,1160.0,,15.0
simu5g_00000869,3,3,15,1160.0,,15.0
simu5g_00000869,3,3,16,1160.0,,15.0
simu5g_00000869,3,3,17,1160.0,,15.0
simu5g_00000869,3,3,18,1160.0,,15.0
simu5g_00000869,3,3,19,1160.0,,15.0
simu5g_00000869,3,3,20,1160.0,,15.0
simu5g_00000869,3,3,21,1160.0,,15.0
simu5g_00000869,3,3,22,1160.0,,15.0
simu5g_00000869,3,3,23,1160.0,,15.0
simu5g_00000869,3,3,24,1160.0,,15.0
simu5g_00000869,4,4,0,1160.0,,15.0
simu5g_00000869,4,4,1,1160.0,,15.0
simu5g_00000869,4,4,2,1160.0,,15.0
simu5g_00000869,4,4,3,984.0,,13.0
simu5g_00000869,4,4,4,1160.0,,15.0
simu5g_00000869,4,4,5,1160.0,,15.0
simu5g_00000869,4,4,6,1160.0,,15.0
simu5g_00000869,4,4,7,1128.0,,14.0
simu5g_00000869,4,4,8,1160.0,,15.0
simu5g_00000869,4,4,9,1160.0,,15.0
simu5g_00000869,4,4,10,1160.0,,15.0
simu5g_00000869,4,4,11,1160.0,,15.0
simu5g_00000869,4,4,12,1160.0,,15.0
simu5g_00000869,4,4,13,1160.0,,15.0
simu5g_00000869,4,4,14,1160.0,,15.0
simu5g_00000869,4,4,15,1160.0,,15.0
simu5g_00000869,4,4,16,1160.0,,15.0
simu5g_00000869,4,4,17,1160.0,,15.0
simu5g_00000869,4,4,18,1160.0,,15.0
simu5g_00000869,4,4,19,1160.0,,15.0
simu5g_00000869,4,4,20,1160.0,,15.0
simu5g_00000869,4,4,21,1160.0,,15.0
simu5g_00000869,4,4,22,1160.0,,15.0
simu5g_00000869,4,4,23,1160.0,,15.0
simu5g_00000869,4,4,24,1160.0,,15.0
simu5g_00000869,5,5,0,1160.0,,15.0
simu5g_00000869,5,5,1,1128.0,,14.0
simu5g_00000869,5,5,2,1160.0,,15.0
simu5g_00000869,5,5,3,1128.0,,14.0
simu5g_00000869,5,5,4,1160.0,,15.0
simu5g_00000869,5,5,5,1160.0,,15.0
simu5g_00000869,5,5,6,1160.0,,15.0
simu5g_00000869,5,5,7,1160.0,,15.0
simu5g_00000869,5,5,8,1160.0,,15.0
simu5g_00000869,5,5,9,1160.0,,15.0
simu5g_00000869,5,5,10,1160.0,,15.0
simu5g_00000869,5,5,11,1160.0,,15.0
simu5g_00000869,5,5,12,1160.0,,15.0
simu5g_00000869,5,5,13,1128.0,,14.0
simu5g_00000869,5,5,14,1128.0,,14.0
simu5g_00000869,5,5,15,1128.0,,14.0
simu5g_00000869,5,5,16,704.0,,10.0
simu5g_00000869,5,5,17,1160.0,,15.0
simu5g_00000869,5,5,18,1160.0,,15.0
simu5g_00000869,5,5,19,1160.0,,15.0
simu5g_00000869,5,5,20,1128.0,,14.0
simu5g_00000869,5,5,21,984.0,,13.0
simu5g_00000869,5,5,22,1160.0,,15.0
simu5g_00000869,5,5,23,1128.0,,14.0
simu5g_00000869,5,5,24,1160.0,,15.0
simu5g_00000870,15,0,0,984.0,,13.0
simu5g_00000870,15,0,1,1128.0,,14.0
simu5g_00000870,15,0,2,1160.0,,15.0
simu5g_00000870,15,0,3,1160.0,,15.0
simu5g_00000870,15,0,4,984.0,,13.0
simu5g_00000870,15,0,5,608.0,,9.0
simu5g_00000870,15,0,6,1160.0,,15.0
simu5g_00000870,15,0,7,984.0,,13.0
simu5g_00000870,15,0,8,1160.0,,15.0
simu5g_00000870,15,0,9,1128.0,,14.0
simu5g_00000870,15,0,10,1160.0,,15.0
simu5g_00000870,15,0,11,1160.0,,15.0
simu5g_00000870,15,0,12,888.0,,12.0
simu5g_00000870,15,0,13,1160.0,,15.0
simu5g_00000870,15,0,14,1128.0,,14.0
simu5g_00000870,15,0,15,984.0,,13.0
simu5g_00000870,15,0,16,1160.0,,15.0
simu5g_00000870,15,0,17,1128.0,,14.0
simu5g_00000870,15,0,18,1160.0,,15.0
simu5g_00000870,15,0,19,1128.0,,14.0
simu5g_00000870,15,0,20,1160.0,,15.0
simu5g_00000870,15,0,21,1128.0,,14.0
simu5g_00000870,15,0,22,1160.0,,15.0
simu5g_00000870,15,0,23,1160.0,,15.0
simu5g_00000870,15,0,24,1128.0,,14.0
simu5g_00000870,6,1,0,1160.0,,15.0
simu5g_00000870,6,1,1,1160.0,,15.0
simu5g_00000870,6,1,2,1160.0,,15.0
simu5g_00000870,6,1,3,984.0,,13.0
simu5g_00000870,6,1,4,1160.0,,15.0
simu5g_00000870,6,1,5,1160.0,,15.0
simu5g_00000870,6,1,6,1160.0,,15.0
simu5g_00000870,6,1,7,1160.0,,15.0
simu5g_00000870,6,1,8,1160.0,,15.0
simu5g_00000870,6,1,9,1160.0,,15.0
simu5g_00000870,6,1,10,1160.0,,15.0
simu5g_00000870,6,1,11,1160.0,,15.0
simu5g_00000870,6,1,12,1160.0,,15.0
simu5g_00000870,6,1,13,1160.0,,15.0
simu5g_00000870,6,1,14,1160.0,,15.0
simu5g_00000870,6,1,15,1160.0,,15.0
simu5g_00000870,6,1,16,1128.0,,14.0
simu5g_00000870,6,1,17,1160.0,,15.0
simu5g_00000870,6,1,18,1160.0,,15.0
simu5g_00000870,6,1,19,1160.0,,15.0
simu5g_00000870,6,1,20,1160.0,,15.0
simu5g_00000870,6,1,21,1160.0,,15.0
simu5g_00000870,6,1,22,1160.0,,15.0
simu5g_00000870,6,1,23,1160.0,,15.0
simu5g_00000870,6,1,24,1160.0,,15.0
simu5g_00000870,7,2,0,808.0,,11.0
simu5g_00000870,7,2,1,984.0,,13.0
simu5g_00000870,7,2,2,808.0,,11.0
simu5g_00000870,7,2,3,224.0,,4.0
simu5g_00000870,7,2,4,368.0,,6.0
simu5g_00000870,7,2,5,984.0,,13.0
simu5g_00000870,7,2,6,528.0,,8.0
simu5g_00000870,7,2,7,984.0,,13.0
simu5g_00000870,7,2,8,984.0,,13.0
simu5g_00000870,7,2,9,608.0,,9.0
simu5g_00000870,7,2,10,704.0,,10.0
simu5g_00000870,7,2,11,608.0,,9.0
simu5g_00000870,7,2,12,984.0,,13.0
simu5g_00000870,7,2,13,984.0,,13.0
simu5g_00000870,7,2,14,608.0,,9.0
simu5g_00000870,7,2,15,888.0,,12.0
simu5g_00000870,7,2,16,704.0,,10.0
simu5g_00000870,7,2,17,224.0,,4.0
simu5g_00000870,7,2,18,984.0,,13.0
simu5g_00000870,7,2,19,608.0,,9.0
simu5g_00000870,7,2,20,608.0,,9.0
simu5g_00000870,7,2,21,704.0,,10.0
simu5g_00000870,7,2,22,984.0,,13.0
simu5g_00000870,7,2,23,984.0,,13.0
simu5g_00000870,7,2,24,984.0,,13.0
simu5g_00000871,0,0,0,1160.0,,15.0
simu5g_00000871,0,0,1,1128.0,,14.0
simu5g_00000871,0,0,2,1160.0,,15.0
simu5g_00000871,0,0,3,1160.0,,15.0
simu5g_00000871,0,0,4,1160.0,,15.0
simu5g_00000871,0,0,5,1160.0,,15.0
simu5g_00000871,0,0,6,1160.0,,15.0
simu5g_00000871,0,0,7,1160.0,,15.0
simu5g_00000871,0,0,8,1160.0,,15.0
simu5g_00000871,0,0,9,1160.0,,15.0
simu5g_00000871,0,0,10,1160.0,,15.0
simu5g_00000871,0,0,11,1160.0,,15.0
simu5g_00000871,0,0,12,1160.0,,15.0
simu5g_00000871,0,0,13,1160.0,,15.0
simu5g_00000871,0,0,14,1160.0,,15.0
simu5g_00000871,0,0,15,1160.0,,15.0
simu5g_00000871,0,0,16,1160.0,,15.0
simu5g_00000871,0,0,17,1160.0,,15.0
simu5g_00000871,0,0,18,1160.0,,15.0
simu5g_00000871,0,0,19,1160.0,,15.0
simu5g_00000871,0,0,20,1160.0,,15.0
simu5g_00000871,0,0,21,1160.0,,15.0
simu5g_00000871,0,0,22,1160.0,,15.0
simu5g_00000871,0,0,23,1160.0,,15.0
simu5g_00000871,0,0,24,1160.0,,15.0
simu5g_00000871,1,1,0,1160.0,,15.0
simu5g_00000871,1,1,1,1160.0,,15.0
simu5g_00000871,1,1,2,1160.0,,15.0
simu5g_00000871,1,1,3,1160.0,,15.0
simu5g_00000871,1,1,4,1160.0,,15.0
simu5g_00000871,1,1,5,1160.0,,15.0
simu5g_00000871,1,1,6,1160.0,,15.0
simu5g_00000871,1,1,7,1128.0,,14.0
simu5g_00000871,1,1,8,1128.0,,14.0
simu5g_00000871,1,1,9,1160.0,,15.0
simu5g_00000871,1,1,10,1160.0,,15.0
simu5g_00000871,1,1,11,1160.0,,15.0
simu5g_00000871,1,1,12,1160.0,,15.0
simu5g_00000871,1,1,13,1160.0,,15.0
simu5g_00000871,1,1,14,1160.0,,15.0
simu5g_00000871,1,1,15,1160.0,,15.0
simu5g_00000871,1,1,16,1160.0,,15.0
simu5g_00000871,1,1,17,1160.0,,15.0
simu5g_00000871,1,1,18,1160.0,,15.0
simu5g_00000871,1,1,19,1160.0,,15.0
simu5g_00000871,1,1,20,1160.0,,15.0
simu5g_00000871,1,1,21,1128.0,,14.0
simu5g_00000871,1,1,22,1160.0,,15.0
simu5g_00000871,1,1,23,1160.0,,15.0
simu5g_00000871,1,1,24,1160.0,,15.0
simu5g_00000871,2,2,0,1160.0,,15.0
simu5g_00000871,2,2,1,1160.0,,15.0
simu5g_00000871,2,2,2,1160.0,,15.0
simu5g_00000871,2,2,3,1160.0,,15.0
simu5g_00000871,2,2,4,1160.0,,15.0
simu5g_00000871,2,2,5,1160.0,,15.0
simu5g_00000871,2,2,6,1160.0,,15.0
simu5g_00000871,2,2,7,1160.0,,15.0
simu5g_00000871,2,2,8,1160.0,,15.0
simu5g_00000871,2,2,9,1160.0,,15.0
simu5g_00000871,2,2,10,1160.0,,15.0
simu5g_00000871,2,2,11,1160.0,,15.0
simu5g_00000871,2,2,12,1160.0,,15.0
simu5g_00000871,2,2,13,1160.0,,15.0
simu5g_00000871,2,2,14,1160.0,,15.0
simu5g_00000871,2,2,15,1160.0,,15.0
simu5g_00000871,2,2,16,1160.0,,15.0
simu5g_00000871,2,2,17,1160.0,,15.0
simu5g_00000871,2,2,18,1160.0,,15.0
simu5g_00000871,2,2,19,1160.0,,15.0
simu5g_00000871,2,2,20,1160.0,,15.0
simu5g_00000871,2,2,21,1160.0,,15.0
simu5g_00000871,2,2,22,1160.0,,15.0
simu5g_00000871,2,2,23,1160.0,,15.0
simu5g_00000871,2,2,24,1160.0,,15.0
simu5g_00000871,3,3,0,1160.0,,15.0
simu5g_00000871,3,3,1,1160.0,,15.0
simu5g_00000871,3,3,2,1160.0,,15.0
simu5g_00000871,3,3,3,1160.0,,15.0
simu5g_00000871,3,3,4,1160.0,,15.0
simu5g_00000871,3,3,5,1160.0,,15.0
simu5g_00000871,3,3,6,1160.0,,15.0
simu5g_00000871,3,3,7,1160.0,,15.0
simu5g_00000871,3,3,8,1160.0,,15.0
simu5g_00000871,3,3,9,1160.0,,15.0
simu5g_00000871,3,3,10,1160.0,,15.0
simu5g_00000871,3,3,11,1160.0,,15.0
simu5g_00000871,3,3,12,1160.0,,15.0
simu5g_00000871,3,3,13,1160.0,,15.0
simu5g_00000871,3,3,14,1160.0,,15.0
simu5g_00000871,3,3,15,1160.0,,15.0
simu5g_00000871,3,3,16,1160.0,,15.0
simu5g_00000871,3,3,17,1160.0,,15.0
simu5g_00000871,3,3,18,1160.0,,15.0
simu5g_00000871,3,3,19,1160.0,,15.0
simu5g_00000871,3,3,20,1160.0,,15.0
simu5g_00000871,3,3,21,1160.0,,15.0
simu5g_00000871,3,3,22,1160.0,,15.0
simu5g_00000871,3,3,23,1160.0,,15.0
simu5g_00000871,3,3,24,1160.0,,15.0
simu5g_00000871,4,4,0,1160.0,,15.0
simu5g_00000871,4,4,1,1160.0,,15.0
simu5g_00000871,4,4,2,1160.0,,15.0
simu5g_00000871,4,4,3,984.0,,13.0
simu5g_00000871,4,4,4,1160.0,,15.0
simu5g_00000871,4,4,5,1160.0,,15.0
simu5g_00000871,4,4,6,1160.0,,15.0
simu5g_00000871,4,4,7,1128.0,,14.0
simu5g_00000871,4,4,8,1160.0,,15.0
simu5g_00000871,4,4,9,1160.0,,15.0
simu5g_00000871,4,4,10,1160.0,,15.0
simu5g_00000871,4,4,11,1160.0,,15.0
simu5g_00000871,4,4,12,1160.0,,15.0
simu5g_00000871,4,4,13,1160.0,,15.0
simu5g_00000871,4,4,14,1160.0,,15.0
simu5g_00000871,4,4,15,1160.0,,15.0
simu5g_00000871,4,4,16,1160.0,,15.0
simu5g_00000871,4,4,17,1160.0,,15.0
simu5g_00000871,4,4,18,1160.0,,15.0
simu5g_00000871,4,4,19,1160.0,,15.0
simu5g_00000871,4,4,20,1160.0,,15.0
simu5g_00000871,4,4,21,1160.0,,15.0
simu5g_00000871,4,4,22,1160.0,,15.0
simu5g_00000871,4,4,23,1160.0,,15.0
simu5g_00000871,4,4,24,1160.0,,15.0
simu5g_00000871,5,5,0,1160.0,,15.0
simu5g_00000871,5,5,1,1128.0,,14.0
simu5g_00000871,5,5,2,1160.0,,15.0
simu5g_00000871,5,5,3,1128.0,,14.0
simu5g_00000871,5,5,4,1160.0,,15.0
simu5g_00000871,5,5,5,1160.0,,15.0
simu5g_00000871,5,5,6,1160.0,,15.0
simu5g_00000871,5,5,7,1160.0,,15.0
simu5g_00000871,5,5,8,1160.0,,15.0
simu5g_00000871,5,5,9,1160.0,,15.0
simu5g_00000871,5,5,10,1160.0,,15.0
simu5g_00000871,5,5,11,1160.0,,15.0
simu5g_00000871,5,5,12,1160.0,,15.0
simu5g_00000871,5,5,13,1128.0,,14.0
simu5g_00000871,5,5,14,1128.0,,14.0
simu5g_00000871,5,5,15,1128.0,,14.0
simu5g_00000871,5,5,16,808.0,,11.0
simu5g_00000871,5,5,17,1160.0,,15.0
simu5g_00000871,5,5,18,1160.0,,15.0
simu5g_00000871,5,5,19,1160.0,,15.0
simu5g_00000871,5,5,20,1128.0,,14.0
simu5g_00000871,5,5,21,984.0,,13.0
simu5g_00000871,5,5,22,1160.0,,15.0
simu5g_00000871,5,5,23,1128.0,,14.0
simu5g_00000871,5,5,24,1160.0,,15.0
simu5g_00000872,15,0,0,984.0,,13.0
simu5g_00000872,15,0,1,1128.0,,14.0
simu5g_00000872,15,0,2,1128.0,,14.0
simu5g_00000872,15,0,3,1160.0,,15.0
simu5g_00000872,15,0,4,984.0,,13.0
simu5g_00000872,15,0,5,608.0,,9.0
simu5g_00000872,15,0,6,1160.0,,15.0
simu5g_00000872,15,0,7,984.0,,13.0
simu5g_00000872,15,0,8,1160.0,,15.0
simu5g_00000872,15,0,9,1128.0,,14.0
simu5g_00000872,15,0,10,1160.0,,15.0
simu5g_00000872,15,0,11,1160.0,,15.0
simu5g_00000872,15,0,12,808.0,,11.0
simu5g_00000872,15,0,13,1160.0,,15.0
simu5g_00000872,15,0,14,1128.0,,14.0
simu5g_00000872,15,0,15,984.0,,13.0
simu5g_00000872,15,0,16,1160.0,,15.0
simu5g_00000872,15,0,17,1128.0,,14.0
simu5g_00000872,15,0,18,1128.0,,14.0
simu5g_00000872,15,0,19,1128.0,,14.0
simu5g_00000872,15,0,20,1160.0,,15.0
simu5g_00000872,15,0,21,1128.0,,14.0
simu5g_00000872,15,0,22,1160.0,,15.0
simu5g_00000872,15,0,23,1128.0,,14.0
simu5g_00000872,15,0,24,1128.0,,14.0
simu5g_00000872,6,1,0,1160.0,,15.0
simu5g_00000872,6,1,1,1160.0,,15.0
simu5g_00000872,6,1,2,1160.0,,15.0
simu5g_00000872,6,1,3,808.0,,11.0
simu5g_00000872,6,1,4,1128.0,,14.0
simu5g_00000872,6,1,5,1160.0,,15.0
simu5g_00000872,6,1,6,1160.0,,15.0
simu5g_00000872,6,1,7,1160.0,,15.0
simu5g_00000872,6,1,8,1160.0,,15.0
simu5g_00000872,6,1,9,1128.0,,14.0
simu5g_00000872,6,1,10,1128.0,,14.0
simu5g_00000872,6,1,11,1160.0,,15.0
simu5g_00000872,6,1,12,1160.0,,15.0
simu5g_00000872,6,1,13,1128.0,,14.0
simu5g_00000872,6,1,14,1160.0,,15.0
simu5g_00000872,6,1,15,1160.0,,15.0
simu5g_00000872,6,1,16,984.0,,13.0
simu5g_00000872,6,1,17,1160.0,,15.0
simu5g_00000872,6,1,18,1160.0,,15.0
simu5g_00000872,6,1,19,1160.0,,15.0
simu5g_00000872,6,1,20,1160.0,,15.0
simu5g_00000872,6,1,21,1160.0,,15.0
simu5g_00000872,6,1,22,1160.0,,15.0
simu5g_00000872,6,1,23,1160.0,,15.0
simu5g_00000872,6,1,24,1160.0,,15.0
simu5g_00000872,7,2,0,808.0,,11.0
simu5g_00000872,7,2,1,984.0,,13.0
simu5g_00000872,7,2,2,808.0,,11.0
simu5g_00000872,7,2,3,224.0,,4.0
simu5g_00000872,7,2,4,368.0,,6.0
simu5g_00000872,7,2,5,984.0,,13.0
simu5g_00000872,7,2,6,528.0,,8.0
simu5g_00000872,7,2,7,984.0,,13.0
simu5g_00000872,7,2,8,984.0,,13.0
simu5g_00000872,7,2,9,608.0,,9.0
simu5g_00000872,7,2,10,704.0,,10.0
simu5g_00000872,7,2,11,608.0,,9.0
simu5g_00000872,7,2,12,984.0,,13.0
simu5g_00000872,7,2,13,984.0,,13.0
simu5g_00000872,7,2,14,608.0,,9.0
simu5g_00000872,7,2,15,888.0,,12.0
simu5g_00000872,7,2,16,704.0,,10.0
simu5g_00000872,7,2,17,224.0,,4.0
simu5g_00000872,7,2,18,984.0,,13.0
simu5g_00000872,7,2,19,608.0,,9.0
simu5g_00000872,7,2,20,608.0,,9.0
simu5g_00000872,7,2,21,704.0,,10.0
simu5g_00000872,7,2,22,984.0,,13.0
simu5g_00000872,7,2,23,984.0,,13.0
simu5g_00000872,7,2,24,984.0,,13.0
simu5g_00000873,0,0,0,1160.0,,15.0
simu5g_00000873,0,0,1,1128.0,,14.0
simu5g_00000873,0,0,2,1160.0,,15.0
simu5g_00000873,0,0,3,1160.0,,15.0
simu5g_00000873,0,0,4,1160.0,,15.0
simu5g_00000873,0,0,5,1160.0,,15.0
simu5g_00000873,0,0,6,1160.0,,15.0
simu5g_00000873,0,0,7,1160.0,,15.0
simu5g_00000873,0,0,8,1160.0,,15.0
simu5g_00000873,0,0,9,1160.0,,15.0
simu5g_00000873,0,0,10,1160.0,,15.0
simu5g_00000873,0,0,11,1160.0,,15.0
simu5g_00000873,0,0,12,1160.0,,15.0
simu5g_00000873,0,0,13,1160.0,,15.0
simu5g_00000873,0,0,14,1160.0,,15.0
simu5g_00000873,0,0,15,1160.0,,15.0
simu5g_00000873,0,0,16,1160.0,,15.0
simu5g_00000873,0,0,17,1160.0,,15.0
simu5g_00000873,0,0,18,1160.0,,15.0
simu5g_00000873,0,0,19,1160.0,,15.0
simu5g_00000873,0,0,20,1160.0,,15.0
simu5g_00000873,0,0,21,1160.0,,15.0
simu5g_00000873,0,0,22,1160.0,,15.0
simu5g_00000873,0,0,23,1160.0,,15.0
simu5g_00000873,0,0,24,1160.0,,15.0
simu5g_00000873,1,1,0,1160.0,,15.0
simu5g_00000873,1,1,1,1160.0,,15.0
simu5g_00000873,1,1,2,1160.0,,15.0
simu5g_00000873,1,1,3,1160.0,,15.0
simu5g_00000873,1,1,4,1160.0,,15.0
simu5g_00000873,1,1,5,1160.0,,15.0
simu5g_00000873,1,1,6,1160.0,,15.0
simu5g_00000873,1,1,7,1128.0,,14.0
simu5g_00000873,1,1,8,1128.0,,14.0
simu5g_00000873,1,1,9,1160.0,,15.0
simu5g_00000873,1,1,10,1160.0,,15.0
simu5g_00000873,1,1,11,1160.0,,15.0
simu5g_00000873,1,1,12,1160.0,,15.0
simu5g_00000873,1,1,13,1160.0,,15.0
simu5g_00000873,1,1,14,1160.0,,15.0
simu5g_00000873,1,1,15,1160.0,,15.0
simu5g_00000873,1,1,16,1160.0,,15.0
simu5g_00000873,1,1,17,1160.0,,15.0
simu5g_00000873,1,1,18,1160.0,,15.0
simu5g_00000873,1,1,19,1160.0,,15.0
simu5g_00000873,1,1,20,1160.0,,15.0
simu5g_00000873,1,1,21,1128.0,,14.0
simu5g_00000873,1,1,22,1160.0,,15.0
simu5g_00000873,1,1,23,1160.0,,15.0
simu5g_00000873,1,1,24,1160.0,,15.0
simu5g_00000874,15,0,0,984.0,,13.0
simu5g_00000874,15,0,1,1128.0,,14.0
simu5g_00000874,15,0,2,1128.0,,14.0
simu5g_00000874,15,0,3,1160.0,,15.0
simu5g_00000874,15,0,4,984.0,,13.0
simu5g_00000874,15,0,5,608.0,,9.0
simu5g_00000874,15,0,6,1160.0,,15.0
simu5g_00000874,15,0,7,984.0,,13.0
simu5g_00000874,15,0,8,1160.0,,15.0
simu5g_00000874,15,0,9,1128.0,,14.0
simu5g_00000874,15,0,10,1160.0,,15.0
simu5g_00000874,15,0,11,1160.0,,15.0
simu5g_00000874,15,0,12,808.0,,11.0
simu5g_00000874,15,0,13,1160.0,,15.0
simu5g_00000874,15,0,14,1128.0,,14.0
simu5g_00000874,15,0,15,984.0,,13.0
simu5g_00000874,15,0,16,1160.0,,15.0
simu5g_00000874,15,0,17,1128.0,,14.0
simu5g_00000874,15,0,18,1128.0,,14.0
simu5g_00000874,15,0,19,1128.0,,14.0
simu5g_00000874,15,0,20,1160.0,,15.0
simu5g_00000874,15,0,21,1128.0,,14.0
simu5g_00000874,15,0,22,1160.0,,15.0
simu5g_00000874,15,0,23,1128.0,,14.0
simu5g_00000874,15,0,24,1128.0,,14.0
simu5g_00000874,6,1,0,1160.0,,15.0
simu5g_00000874,6,1,1,1160.0,,15.0
simu5g_00000874,6,1,2,1160.0,,15.0
simu5g_00000874,6,1,3,808.0,,11.0
simu5g_00000874,6,1,4,1128.0,,14.0
simu5g_00000874,6,1,5,1160.0,,15.0
simu5g_00000874,6,1,6,1160.0,,15.0
simu5g_00000874,6,1,7,1160.0,,15.0
simu5g_00000874,6,1,8,1160.0,,15.0
simu5g_00000874,6,1,9,1128.0,,14.0
simu5g_00000874,6,1,10,1128.0,,14.0
simu5g_00000874,6,1,11,1160.0,,15.0
simu5g_00000874,6,1,12,1160.0,,15.0
simu5g_00000874,6,1,13,1128.0,,14.0
simu5g_00000874,6,1,14,1160.0,,15.0
simu5g_00000874,6,1,15,1160.0,,15.0
simu5g_00000874,6,1,16,984.0,,13.0
simu5g_00000874,6,1,17,1160.0,,15.0
simu5g_00000874,6,1,18,1160.0,,15.0
simu5g_00000874,6,1,19,1160.0,,15.0
simu5g_00000874,6,1,20,1160.0,,15.0
simu5g_00000874,6,1,21,1160.0,,15.0
simu5g_00000874,6,1,22,1160.0,,15.0
simu5g_00000874,6,1,23,1160.0,,15.0
simu5g_00000874,6,1,24,1160.0,,15.0
